1717337051.2293808 339773374
cloud_controller_tkemenade 7470288478 12243 2361
cloud0_tkemenade 19151686970 5753 916

1717337052.2317662 339773482
cloud_controller_tkemenade 7470288478 12272 2374

1717337052.2323167 339773482
cloud0_tkemenade 19151686970 5756 918

1717337053.2348232 339773626
cloud_controller_tkemenade 7470288478 12311 2400

1717337053.2353582 339773626
cloud0_tkemenade 19151686970 5777 929

1717337054.237606 339773744
cloud_controller_tkemenade 7470288478 12352 2408

1717337054.238183 339773744
cloud0_tkemenade 19151686970 5781 932

1717337055.2408009 339773899
cloud_controller_tkemenade 7470288478 12369 2415

1717337055.2413695 339773902
cloud0_tkemenade 19151686970 5784 934

1717337056.2437818 339773997
cloud_controller_tkemenade 7470288478 12396 2423

1717337056.2443106 339773997
cloud0_tkemenade 19151686970 5787 936

1717337057.2467928 339774090
cloud_controller_tkemenade 7470288478 12418 2430

1717337057.2473307 339774090
cloud0_tkemenade 19151686970 5789 937

1717337058.2496293 339774212
cloud_controller_tkemenade 7470288478 12442 2442

1717337058.2501688 339774212
cloud0_tkemenade 19151686970 5812 944

1717337059.2526052 339774339
cloud_controller_tkemenade 7470288478 12475 2454

1717337059.253127 339774340
cloud0_tkemenade 19151686970 5814 945

1717337060.255637 339774463
cloud_controller_tkemenade 7470288478 12507 2465

1717337060.25599 339774463
cloud0_tkemenade 19151686970 5821 949

1717337061.2583227 339774784
cloud_controller_tkemenade 7470288478 12528 2471

1717337061.258857 339774784
cloud0_tkemenade 19151686970 5825 949

1717337062.2612917 339774876
cloud_controller_tkemenade 7470288478 12554 2481

1717337062.2618287 339774876
cloud0_tkemenade 19151686970 5829 950

1717337063.2645113 339775011
cloud_controller_tkemenade 7470288478 12599 2491

1717337063.265048 339775011
cloud0_tkemenade 19151686970 5846 953

1717337064.2674382 339775112
cloud_controller_tkemenade 7470288478 12631 2500

1717337064.2679873 339775112
cloud0_tkemenade 19151686970 5850 954

1717337065.2702823 339775267
cloud_controller_tkemenade 7470288478 12663 2507

1717337065.2706811 339775267
cloud0_tkemenade 19151686970 5851 956

1717337065.5714176 339775345
cloud_controller_tkemenade 7471592112 12670 2511

1717337065.5718205 339775345
cloud0_tkemenade 19151918626 5852 956

1717337066.5738616 339775450
cloud_controller_tkemenade 7471592112 12697 2520

1717337066.5744083 339775450
cloud0_tkemenade 19151918626 5856 958

1717337067.5770147 339775552
cloud_controller_tkemenade 7471592112 12720 2529

1717337067.5775757 339775552
cloud0_tkemenade 19151918626 5860 961

1717337068.5801346 339775661
cloud_controller_tkemenade 7471592112 12744 2537

1717337068.5806725 339775661
cloud0_tkemenade 19151918626 5876 964

1717337069.5832126 339775793
cloud_controller_tkemenade 7471592112 12795 2546

1717337069.5837379 339775793
cloud0_tkemenade 19151918626 5877 965

1717337070.5861719 339775990
cloud_controller_tkemenade 7471592112 12819 2554

1717337070.5866907 339775990
cloud0_tkemenade 19151918626 5887 968

1717337071.5893033 339776203
cloud_controller_tkemenade 7471592112 12837 2562

1717337071.589833 339776203
cloud0_tkemenade 19151918626 5890 970

1717337072.5924346 339776320
cloud_controller_tkemenade 7471592112 12870 2572

1717337072.5929956 339776320
cloud0_tkemenade 19151918626 5897 977

1717337072.793732 339776364
cloud_controller_tkemenade 7472804364 12881 2573

1717337072.7942715 339776364
cloud0_tkemenade 19152226145 5908 977

1717337073.7967334 339776465
cloud_controller_tkemenade 7472804364 12923 2589

1717337073.797312 339776465
cloud0_tkemenade 19152226145 5914 981

1717337074.7997937 339776578
cloud_controller_tkemenade 7472804364 12957 2598

1717337074.8003383 339776578
cloud0_tkemenade 19152226145 5916 982

1717337075.8028402 339776751
cloud_controller_tkemenade 7472804364 12982 2609

1717337075.8033688 339776751
cloud0_tkemenade 19152226145 5919 984

1717337076.8059032 339776849
cloud_controller_tkemenade 7472804364 13004 2616

1717337076.806444 339776849
cloud0_tkemenade 19152226145 5922 984

1717337077.8088017 339776960
cloud_controller_tkemenade 7472804364 13028 2625

1717337077.8093598 339776960
cloud0_tkemenade 19152226145 5937 987

1717337078.8117476 339777060
cloud_controller_tkemenade 7472804364 13050 2630

1717337078.8122656 339777060
cloud0_tkemenade 19152226145 5941 988

1717337079.8147364 339777226
cloud_controller_tkemenade 7472804364 13114 2644

1717337079.8152428 339777226
cloud0_tkemenade 19152226145 5952 990

1717337079.915694 339777240
cloud_controller_tkemenade 7474169588 13115 2645

1717337079.9162312 339777240
cloud0_tkemenade 19152490237 5958 992

1717337080.9183936 339777490
cloud_controller_tkemenade 7474169588 13134 2655

1717337080.9187937 339777490
cloud0_tkemenade 19152490237 5965 993

1717337081.9213371 339777644
cloud_controller_tkemenade 7474169588 13159 2664

1717337081.9218667 339777644
cloud0_tkemenade 19152490237 5968 996

1717337082.924303 339777778
cloud_controller_tkemenade 7474169588 13192 2672

1717337082.924837 339777778
cloud0_tkemenade 19152490237 6001 1001

1717337083.927294 339777886
cloud_controller_tkemenade 7474169588 13232 2687

1717337083.927836 339777886
cloud0_tkemenade 19152490237 6006 1002

1717337084.9302912 339778010
cloud_controller_tkemenade 7474169588 13268 2695

1717337084.93083 339778010
cloud0_tkemenade 19152490237 6009 1004

1717337085.933341 339778158
cloud_controller_tkemenade 7474169588 13290 2705

1717337085.9338837 339778158
cloud0_tkemenade 19152490237 6017 1008

1717337086.9362903 339778269
cloud_controller_tkemenade 7475411040 13316 2713

1717337086.9367876 339778269
cloud0_tkemenade 19152914704 6020 1009

1717337087.9389234 339778383
cloud_controller_tkemenade 7475411040 13336 2722

1717337087.939466 339778383
cloud0_tkemenade 19152914704 6037 1013

1717337088.9418435 339778478
cloud_controller_tkemenade 7475411040 13358 2730

1717337088.942378 339778478
cloud0_tkemenade 19152914704 6042 1015

1717337089.9448605 339778625
cloud_controller_tkemenade 7475411040 13397 2741

1717337089.9454255 339778627
cloud0_tkemenade 19152914704 6047 1016

1717337090.9476144 339778904
cloud_controller_tkemenade 7475411040 13414 2749

1717337090.9481587 339778904
cloud0_tkemenade 19152914704 6051 1018

1717337091.9506621 339779035
cloud_controller_tkemenade 7475411040 13437 2759

1717337091.9511871 339779035
cloud0_tkemenade 19152914704 6055 1019

1717337092.9536436 339779206
cloud_controller_tkemenade 7475411040 13462 2768

1717337092.9541788 339779206
cloud0_tkemenade 19152914704 6101 1024

1717337093.9563751 339779315
cloud_controller_tkemenade 7475411040 13493 2783

1717337093.9569082 339779315
cloud0_tkemenade 19152914704 6107 1026

1717337094.157609 339779342
cloud_controller_tkemenade 7476552547 13499 2786

1717337094.1581495 339779342
cloud0_tkemenade 19153388452 6108 1026

1717337095.1606266 339779475
cloud_controller_tkemenade 7476552547 13534 2794

1717337095.1611662 339779475
cloud0_tkemenade 19153388452 6109 1028

1717337096.163678 339779632
cloud_controller_tkemenade 7476552547 13560 2802

1717337096.1642582 339779632
cloud0_tkemenade 19153388452 6117 1029

1717337097.1667926 339779738
cloud_controller_tkemenade 7476552547 13582 2810

1717337097.1673234 339779738
cloud0_tkemenade 19153388452 6120 1030

1717337098.1699274 339779864
cloud_controller_tkemenade 7476552547 13608 2823

1717337098.170473 339779864
cloud0_tkemenade 19153388452 6132 1032

1717337099.1730847 339779974
cloud_controller_tkemenade 7476552547 13633 2833

1717337099.1736314 339779974
cloud0_tkemenade 19153388452 6134 1033

1717337100.1762588 339780112
cloud_controller_tkemenade 7476552547 13665 2849

1717337100.1765847 339780112
cloud0_tkemenade 19153388452 6141 1036

1717337101.178575 339780430
cloud_controller_tkemenade 7476552547 13684 2855

1717337101.179091 339780430
cloud0_tkemenade 19153388452 6144 1038

1717337101.2795374 339780446
cloud_controller_tkemenade 7477718578 13686 2856

1717337101.2800825 339780446
cloud0_tkemenade 19153605388 6144 1038

1717337102.282572 339780554
cloud_controller_tkemenade 7477718578 13710 2865

1717337102.283104 339780554
cloud0_tkemenade 19153605388 6148 1038

1717337103.2856314 339780671
cloud_controller_tkemenade 7477718578 13745 2876

1717337103.286173 339780671
cloud0_tkemenade 19153605388 6165 1042

1717337104.2888722 339780785
cloud_controller_tkemenade 7477718578 13770 2888

1717337104.2894292 339780786
cloud0_tkemenade 19153605388 6170 1043

1717337105.2919745 339780916
cloud_controller_tkemenade 7477718578 13806 2894

1717337105.2924874 339780916
cloud0_tkemenade 19153605388 6173 1044

1717337106.2947922 339781026
cloud_controller_tkemenade 7477718578 13830 2901

1717337106.2953482 339781026
cloud0_tkemenade 19153605388 6176 1046

1717337107.2979114 339781170
cloud_controller_tkemenade 7477718578 13850 2908

1717337107.2984505 339781170
cloud0_tkemenade 19153605388 6179 1046

1717337108.3007982 339781294
cloud_controller_tkemenade 7477718578 13875 2916

1717337108.3013394 339781294
cloud0_tkemenade 19153605388 6194 1048

1717337108.501916 339781318
cloud_controller_tkemenade 7478817437 13884 2917

1717337108.502466 339781318
cloud0_tkemenade 19153867225 6195 1048

1717337109.5048661 339781421
cloud_controller_tkemenade 7478817437 13908 2926

1717337109.5054154 339781422
cloud0_tkemenade 19153867225 6197 1048

1717337110.5077705 339781626
cloud_controller_tkemenade 7478817437 13940 2936

1717337110.5083008 339781626
cloud0_tkemenade 19153867225 6202 1052

1717337111.5104346 339781852
cloud_controller_tkemenade 7478817437 13957 2942

1717337111.5109818 339781852
cloud0_tkemenade 19153867225 6206 1053

1717337112.5133388 339781942
cloud_controller_tkemenade 7478817437 13978 2952

1717337112.5138798 339781942
cloud0_tkemenade 19153867225 6209 1053

1717337113.516147 339782061
cloud_controller_tkemenade 7478817437 14006 2968

1717337113.516691 339782061
cloud0_tkemenade 19153867225 6226 1057

1717337114.5188694 339782176
cloud_controller_tkemenade 7478817437 14034 2982

1717337114.5194116 339782176
cloud0_tkemenade 19153867225 6232 1058

1717337115.5216324 339782279
cloud_controller_tkemenade 7478817437 14062 2992

1717337115.5221689 339782279
cloud0_tkemenade 19153867225 6235 1059

1717337115.7228405 339782306
cloud_controller_tkemenade 7479978340 14064 2993

1717337115.7233644 339782306
cloud0_tkemenade 19154094940 6235 1059

1717337116.725684 339782441
cloud_controller_tkemenade 7479978340 14087 3004

1717337116.726236 339782441
cloud0_tkemenade 19154094940 6238 1059

1717337117.7288249 339782564
cloud_controller_tkemenade 7479978340 14109 3011

1717337117.7294214 339782564
cloud0_tkemenade 19154094940 6243 1060

1717337118.731926 339782692
cloud_controller_tkemenade 7479978340 14142 3020

1717337118.7324643 339782692
cloud0_tkemenade 19154094940 6258 1063

1717337119.7349367 339782792
cloud_controller_tkemenade 7479978340 14172 3028

1717337119.735513 339782792
cloud0_tkemenade 19154094940 6259 1064

1717337120.7379568 339783064
cloud_controller_tkemenade 7479978340 14199 3043

1717337120.7384944 339783064
cloud0_tkemenade 19154094940 6269 1067

1717337121.7412565 339783232
cloud_controller_tkemenade 7479978340 14216 3049

1717337121.7418172 339783232
cloud0_tkemenade 19154094940 6272 1067

1717337122.7443984 339783364
cloud_controller_tkemenade 7479978340 14258 3060

1717337122.7449431 339783364
cloud0_tkemenade 19154094940 6278 1070

1717337122.8454006 339783385
cloud_controller_tkemenade 7481145203 14258 3062

1717337122.8459284 339783385
cloud0_tkemenade 19154333616 6278 1070

1717337123.8483465 339783491
cloud_controller_tkemenade 7481145203 14283 3070

1717337123.8488967 339783491
cloud0_tkemenade 19154333616 6292 1072

1717337124.851511 339783626
cloud_controller_tkemenade 7481145203 14324 3084

1717337124.852038 339783626
cloud0_tkemenade 19154333616 6295 1073

1717337125.854428 339783728
cloud_controller_tkemenade 7481145203 14345 3093

1717337125.854955 339783728
cloud0_tkemenade 19154333616 6300 1074

1717337126.857537 339783879
cloud_controller_tkemenade 7481145203 14371 3104

1717337126.8581402 339783879
cloud0_tkemenade 19154333616 6302 1076

1717337127.8608742 339784005
cloud_controller_tkemenade 7481145203 14390 3110

1717337127.861436 339784005
cloud0_tkemenade 19154333616 6308 1078

1717337128.8639064 339784120
cloud_controller_tkemenade 7481145203 14414 3121

1717337128.8644419 339784120
cloud0_tkemenade 19154333616 6322 1079

1717337129.8667843 339784214
cloud_controller_tkemenade 7481145203 14448 3129

1717337129.867306 339784214
cloud0_tkemenade 19154333616 6325 1080

1717337130.0679417 339784259
cloud_controller_tkemenade 7482297479 14458 3132

1717337130.068271 339784259
cloud0_tkemenade 19154583923 6326 1080

1717337131.070357 339784551
cloud_controller_tkemenade 7482297479 14476 3141

1717337131.070907 339784551
cloud0_tkemenade 19154583923 6332 1082

1717337132.0735457 339784693
cloud_controller_tkemenade 7482297479 14493 3151

1717337132.074093 339784693
cloud0_tkemenade 19154583923 6336 1083

1717337133.076575 339784817
cloud_controller_tkemenade 7482297479 14521 3165

1717337133.077125 339784817
cloud0_tkemenade 19154583923 6342 1084

1717337134.0797756 339784938
cloud_controller_tkemenade 7482297479 14557 3177

1717337134.08032 339784938
cloud0_tkemenade 19154583923 6354 1086

1717337135.0830123 339785079
cloud_controller_tkemenade 7482297479 14609 3189

1717337135.0835547 339785079
cloud0_tkemenade 19154583923 6357 1088

1717337136.086066 339785162
cloud_controller_tkemenade 7482297479 14627 3198

1717337136.086615 339785162
cloud0_tkemenade 19154583923 6360 1090

1717337137.0893416 339785313
cloud_controller_tkemenade 7483484691 14646 3208

1717337137.0899022 339785313
cloud0_tkemenade 19154789230 6362 1090

1717337138.092584 339785440
cloud_controller_tkemenade 7483484691 14665 3219

1717337138.0931292 339785442
cloud0_tkemenade 19154789230 6369 1092

1717337139.0955975 339785556
cloud_controller_tkemenade 7483484691 14693 3233

1717337139.096131 339785556
cloud0_tkemenade 19154789230 6383 1093

1717337140.098618 339785676
cloud_controller_tkemenade 7483484691 14726 3241

1717337140.0991507 339785676
cloud0_tkemenade 19154789230 6394 1096

1717337141.1014817 339786005
cloud_controller_tkemenade 7483484691 14742 3251

1717337141.102005 339786005
cloud0_tkemenade 19154789230 6400 1098

1717337142.1044524 339786106
cloud_controller_tkemenade 7483484691 14759 3255

1717337142.1050022 339786106
cloud0_tkemenade 19154789230 6404 1099

1717337143.1079805 339786228
cloud_controller_tkemenade 7483484691 14784 3269

1717337143.1085181 339786228
cloud0_tkemenade 19154789230 6410 1101

1717337144.111012 339786358
cloud_controller_tkemenade 7483484691 14815 3280

1717337144.111534 339786358
cloud0_tkemenade 19154789230 6424 1105

1717337144.2119665 339786370
cloud_controller_tkemenade 7484577207 14817 3281

1717337144.2124774 339786370
cloud0_tkemenade 19155126426 6425 1105

1717337145.214799 339786488
cloud_controller_tkemenade 7484577207 14856 3293

1717337145.2153428 339786488
cloud0_tkemenade 19155126426 6428 1106

1717337146.2178051 339786588
cloud_controller_tkemenade 7484577207 14878 3305

1717337146.2183306 339786588
cloud0_tkemenade 19155126426 6433 1106

1717337147.220801 339786689
cloud_controller_tkemenade 7484577207 14903 3316

1717337147.221348 339786690
cloud0_tkemenade 19155126426 6434 1108

1717337148.2236967 339786845
cloud_controller_tkemenade 7484577207 14926 3321

1717337148.2242415 339786845
cloud0_tkemenade 19155126426 6443 1109

1717337149.2268414 339786974
cloud_controller_tkemenade 7484577207 14952 3331

1717337149.2273822 339786974
cloud0_tkemenade 19155126426 6455 1110

1717337150.229569 339787094
cloud_controller_tkemenade 7484577207 14986 3338

1717337150.2298934 339787094
cloud0_tkemenade 19155126426 6461 1112

1717337151.2320235 339787436
cloud_controller_tkemenade 7484577207 15011 3349

1717337151.2325594 339787436
cloud0_tkemenade 19155126426 6464 1113

1717337151.3330066 339787458
cloud_controller_tkemenade 7485785545 15014 3350

1717337151.3337252 339787458
cloud0_tkemenade 19155352706 6464 1113

1717337152.3362682 339787557
cloud_controller_tkemenade 7485785545 15034 3354

1717337152.336814 339787557
cloud0_tkemenade 19155352706 6467 1114

1717337153.3392897 339787696
cloud_controller_tkemenade 7485785545 15076 3361

1717337153.3399596 339787696
cloud0_tkemenade 19155352706 6477 1117

1717337154.342543 339787838
cloud_controller_tkemenade 7485785545 15114 3366

1717337154.3430467 339787838
cloud0_tkemenade 19155352706 6487 1119

1717337155.345513 339787968
cloud_controller_tkemenade 7485785545 15154 3383

1717337155.3460262 339787968
cloud0_tkemenade 19155352706 6492 1120

1717337156.3485043 339788064
cloud_controller_tkemenade 7485785545 15175 3389

1717337156.3490007 339788064
cloud0_tkemenade 19155352706 6495 1121

1717337157.3514297 339788158
cloud_controller_tkemenade 7485785545 15202 3394

1717337157.351963 339788158
cloud0_tkemenade 19155352706 6497 1122

1717337158.3543746 339788333
cloud_controller_tkemenade 7485785545 15220 3399

1717337158.3549275 339788333
cloud0_tkemenade 19155352706 6503 1124

1717337158.4553812 339788358
cloud_controller_tkemenade 7486909315 15222 3401

1717337158.4559188 339788358
cloud0_tkemenade 19155592269 6510 1124

1717337159.4581842 339788467
cloud_controller_tkemenade 7486909315 15249 3412

1717337159.4587147 339788467
cloud0_tkemenade 19155592269 6514 1128

1717337160.461057 339788610
cloud_controller_tkemenade 7486909315 15275 3422

1717337160.4614305 339788610
cloud0_tkemenade 19155592269 6519 1131

1717337161.463789 339788898
cloud_controller_tkemenade 7486909315 15299 3432

1717337161.4643192 339788898
cloud0_tkemenade 19155592269 6521 1133

1717337162.4667752 339789000
cloud_controller_tkemenade 7486909315 15324 3438

1717337162.4673138 339789000
cloud0_tkemenade 19155592269 6526 1133

1717337163.4700193 339789116
cloud_controller_tkemenade 7486909315 15345 3448

1717337163.4705603 339789116
cloud0_tkemenade 19155592269 6539 1135

1717337164.4732316 339789236
cloud_controller_tkemenade 7486909315 15373 3457

1717337164.4737625 339789236
cloud0_tkemenade 19155592269 6548 1136

1717337165.4764225 339789337
cloud_controller_tkemenade 7486909315 15410 3469

1717337165.4769683 339789337
cloud0_tkemenade 19155592269 6551 1137

1717337165.6776383 339789361
cloud_controller_tkemenade 7488076022 15414 3473

1717337165.678175 339789361
cloud0_tkemenade 19155847623 6552 1138

1717337166.6808958 339789467
cloud_controller_tkemenade 7488076022 15438 3482

1717337166.681458 339789468
cloud0_tkemenade 19155847623 6556 1139

1717337167.6838377 339789569
cloud_controller_tkemenade 7488076022 15463 3488

1717337167.6843657 339789569
cloud0_tkemenade 19155847623 6560 1140

1717337168.6869984 339789758
cloud_controller_tkemenade 7488076022 15487 3496

1717337168.6875296 339789758
cloud0_tkemenade 19155847623 6579 1141

1717337169.690007 339789848
cloud_controller_tkemenade 7488076022 15511 3506

1717337169.6905482 339789848
cloud0_tkemenade 19155847623 6581 1142

1717337170.6929986 339790091
cloud_controller_tkemenade 7488076022 15541 3516

1717337170.6936033 339790091
cloud0_tkemenade 19155847623 6587 1143

1717337171.696158 339790280
cloud_controller_tkemenade 7488076022 15558 3531

1717337171.6966765 339790280
cloud0_tkemenade 19155847623 6590 1145

1717337172.6990466 339790404
cloud_controller_tkemenade 7488076022 15593 3539

1717337172.6993618 339790404
cloud0_tkemenade 19155847623 6594 1146

1717337172.7996404 339790414
cloud_controller_tkemenade 7489194355 15596 3539

1717337172.8001895 339790414
cloud0_tkemenade 19156075854 6594 1146

1717337173.802407 339790552
cloud_controller_tkemenade 7489194355 15627 3548

1717337173.802788 339790552
cloud0_tkemenade 19156075854 6610 1150

1717337174.8053224 339790655
cloud_controller_tkemenade 7489194355 15652 3552

1717337174.8058627 339790655
cloud0_tkemenade 19156075854 6613 1150

1717337175.8082106 339790768
cloud_controller_tkemenade 7489194355 15692 3564

1717337175.808743 339790768
cloud0_tkemenade 19156075854 6619 1152

1717337176.8111665 339790862
cloud_controller_tkemenade 7489194355 15715 3576

1717337176.8116937 339790862
cloud0_tkemenade 19156075854 6621 1152

1717337177.8140612 339790970
cloud_controller_tkemenade 7489194355 15746 3589

1717337177.8145952 339790970
cloud0_tkemenade 19156075854 6624 1153

1717337178.8172212 339791154
cloud_controller_tkemenade 7489194355 15769 3599

1717337178.8177545 339791154
cloud0_tkemenade 19156075854 6642 1156

1717337179.8200023 339791240
cloud_controller_tkemenade 7490410548 15797 3610

1717337179.8205545 339791240
cloud0_tkemenade 19156348603 6646 1156

1717337180.8233085 339791478
cloud_controller_tkemenade 7490410548 15819 3622

1717337180.823853 339791478
cloud0_tkemenade 19156348603 6651 1158

1717337181.8261862 339791665
cloud_controller_tkemenade 7490410548 15843 3631

1717337181.8267097 339791665
cloud0_tkemenade 19156348603 6654 1159

1717337182.8294375 339791797
cloud_controller_tkemenade 7490410548 15884 3650

1717337182.830025 339791797
cloud0_tkemenade 19156348603 6656 1160

1717337183.8326097 339791937
cloud_controller_tkemenade 7490410548 15911 3662

1717337183.8331926 339791938
cloud0_tkemenade 19156348603 6674 1164

1717337184.835577 339792070
cloud_controller_tkemenade 7490410548 15939 3673

1717337184.8361175 339792070
cloud0_tkemenade 19156348603 6677 1165

1717337185.838551 339792188
cloud_controller_tkemenade 7490410548 15972 3683

1717337185.8390987 339792188
cloud0_tkemenade 19156348603 6685 1165

1717337186.8414748 339792287
cloud_controller_tkemenade 7490410548 16002 3692

1717337186.8420315 339792287
cloud0_tkemenade 19156348603 6687 1166

1717337186.9424884 339792299
cloud_controller_tkemenade 7491719426 16004 3694

1717337186.943011 339792299
cloud0_tkemenade 19156580895 6687 1166

1717337187.945266 339792392
cloud_controller_tkemenade 7491719426 16025 3704

1717337187.9458032 339792392
cloud0_tkemenade 19156580895 6693 1167

1717337188.9482486 339792582
cloud_controller_tkemenade 7491719426 16058 3712

1717337188.9487872 339792582
cloud0_tkemenade 19156580895 6707 1169

1717337189.9511547 339792672
cloud_controller_tkemenade 7491719426 16082 3718

1717337189.9516819 339792672
cloud0_tkemenade 19156580895 6711 1172

1717337190.9540398 339792956
cloud_controller_tkemenade 7491719426 16108 3728

1717337190.9546027 339792956
cloud0_tkemenade 19156580895 6715 1175

1717337191.9569206 339793113
cloud_controller_tkemenade 7491719426 16127 3736

1717337191.957471 339793113
cloud0_tkemenade 19156580895 6719 1175

1717337192.9599411 339793222
cloud_controller_tkemenade 7491719426 16152 3747

1717337192.9604797 339793222
cloud0_tkemenade 19156580895 6725 1176

1717337193.9627473 339793366
cloud_controller_tkemenade 7491719426 16187 3762

1717337193.9633296 339793366
cloud0_tkemenade 19156580895 6739 1178

1717337194.063836 339793382
cloud_controller_tkemenade 7492854775 16188 3763

1717337194.0643358 339793382
cloud0_tkemenade 19156866967 6739 1178

1717337195.066669 339793495
cloud_controller_tkemenade 7492854775 16216 3771

1717337195.0672026 339793495
cloud0_tkemenade 19156866967 6742 1178

1717337196.0696743 339793615
cloud_controller_tkemenade 7492854775 16246 3785

1717337196.070213 339793615
cloud0_tkemenade 19156866967 6745 1180

1717337197.0728073 339793734
cloud_controller_tkemenade 7492854775 16268 3800

1717337197.0733898 339793734
cloud0_tkemenade 19156866967 6747 1180

1717337198.0761025 339793840
cloud_controller_tkemenade 7492854775 16292 3812

1717337198.0766463 339793840
cloud0_tkemenade 19156866967 6756 1182

1717337199.0791895 339794000
cloud_controller_tkemenade 7492854775 16323 3820

1717337199.0797431 339794000
cloud0_tkemenade 19156866967 6768 1184

1717337200.0822098 339794100
cloud_controller_tkemenade 7492854775 16345 3829

1717337200.0827444 339794100
cloud0_tkemenade 19156866967 6778 1187

1717337201.0852478 339794387
cloud_controller_tkemenade 7492854775 16371 3837

1717337201.085599 339794387
cloud0_tkemenade 19156866967 6784 1188

1717337201.1859102 339794424
cloud_controller_tkemenade 7494013258 16372 3839

1717337201.1862748 339794424
cloud0_tkemenade 19157112977 6784 1188

1717337202.1884437 339794540
cloud_controller_tkemenade 7494013258 16391 3848

1717337202.1887774 339794540
cloud0_tkemenade 19157112977 6788 1191

1717337203.1910608 339794651
cloud_controller_tkemenade 7494013258 16419 3860

1717337203.191596 339794651
cloud0_tkemenade 19157112977 6794 1193

1717337204.1941333 339794791
cloud_controller_tkemenade 7494013258 16452 3871

1717337204.194722 339794791
cloud0_tkemenade 19157112977 6812 1198

1717337205.197041 339794909
cloud_controller_tkemenade 7494013258 16479 3882

1717337205.1975799 339794909
cloud0_tkemenade 19157112977 6815 1198

1717337206.2001896 339795010
cloud_controller_tkemenade 7494013258 16508 3891

1717337206.2007205 339795010
cloud0_tkemenade 19157112977 6819 1201

1717337207.2033272 339795133
cloud_controller_tkemenade 7494013258 16538 3904

1717337207.203853 339795133
cloud0_tkemenade 19157112977 6821 1201

1717337208.2062752 339795233
cloud_controller_tkemenade 7494013258 16557 3913

1717337208.206814 339795233
cloud0_tkemenade 19157112977 6829 1203

1717337208.6078992 339795280
cloud_controller_tkemenade 7495154951 16566 3917

1717337208.6082475 339795280
cloud0_tkemenade 19157373215 6830 1204

1717337209.6105974 339795431
cloud_controller_tkemenade 7495154951 16588 3928

1717337209.6111329 339795431
cloud0_tkemenade 19157373215 6841 1209

1717337210.6134574 339795638
cloud_controller_tkemenade 7495154951 16619 3938

1717337210.6139934 339795638
cloud0_tkemenade 19157373215 6848 1211

1717337211.616593 339795858
cloud_controller_tkemenade 7495154951 16640 3947

1717337211.6171248 339795859
cloud0_tkemenade 19157373215 6852 1213

1717337212.6195316 339795946
cloud_controller_tkemenade 7495154951 16659 3955

1717337212.6200624 339795946
cloud0_tkemenade 19157373215 6854 1215

1717337213.622526 339796052
cloud_controller_tkemenade 7495154951 16685 3965

1717337213.6230588 339796052
cloud0_tkemenade 19157373215 6861 1216

1717337214.6256688 339796174
cloud_controller_tkemenade 7495154951 16714 3973

1717337214.6262 339796174
cloud0_tkemenade 19157373215 6874 1218

1717337215.6288328 339796293
cloud_controller_tkemenade 7495154951 16749 3984

1717337215.6297278 339796294
cloud0_tkemenade 19157373215 6877 1219

1717337215.7301764 339796302
cloud_controller_tkemenade 7496303478 16750 3984

1717337215.730682 339796302
cloud0_tkemenade 19157655789 6877 1219

1717337216.7332883 339796396
cloud_controller_tkemenade 7496303478 16776 3992

1717337216.73382 339796396
cloud0_tkemenade 19157655789 6886 1221

1717337217.7362611 339796518
cloud_controller_tkemenade 7496303478 16812 3999

1717337217.7367895 339796518
cloud0_tkemenade 19157655789 6889 1221

1717337218.7392094 339796640
cloud_controller_tkemenade 7496303478 16835 4006

1717337218.7397425 339796640
cloud0_tkemenade 19157655789 6895 1223

1717337219.742164 339796818
cloud_controller_tkemenade 7496303478 16860 4019

1717337219.7426906 339796818
cloud0_tkemenade 19157655789 6909 1226

1717337220.7451704 339797084
cloud_controller_tkemenade 7496303478 16890 4031

1717337220.7457113 339797084
cloud0_tkemenade 19157655789 6915 1228

1717337221.7481682 339797300
cloud_controller_tkemenade 7496303478 16915 4043

1717337221.748696 339797300
cloud0_tkemenade 19157655789 6916 1230

1717337222.7508383 339797402
cloud_controller_tkemenade 7496303478 16938 4050

1717337222.751373 339797402
cloud0_tkemenade 19157655789 6919 1231

1717337222.8518178 339797414
cloud_controller_tkemenade 7497439702 16940 4050

1717337222.852322 339797414
cloud0_tkemenade 19157894528 6919 1231

1717337223.8546457 339797534
cloud_controller_tkemenade 7497439702 16964 4061

1717337223.8551998 339797534
cloud0_tkemenade 19157894528 6928 1232

1717337224.8577058 339797686
cloud_controller_tkemenade 7497439702 17002 4070

1717337224.8582394 339797686
cloud0_tkemenade 19157894528 6940 1235

1717337225.860754 339797799
cloud_controller_tkemenade 7497439702 17038 4081

1717337225.8618631 339797799
cloud0_tkemenade 19157894528 6943 1236

1717337226.8645082 339797910
cloud_controller_tkemenade 7497439702 17068 4094

1717337226.865049 339797910
cloud0_tkemenade 19157894528 6948 1237

1717337227.8674414 339798012
cloud_controller_tkemenade 7497439702 17095 4107

1717337227.8679545 339798012
cloud0_tkemenade 19157894528 6954 1238

1717337228.8704023 339798118
cloud_controller_tkemenade 7497439702 17116 4116

1717337228.8709693 339798118
cloud0_tkemenade 19157894528 6961 1239

1717337229.8734357 339798311
cloud_controller_tkemenade 7497439702 17144 4126

1717337229.8739638 339798311
cloud0_tkemenade 19157894528 6974 1241

1717337229.9743974 339798326
cloud_controller_tkemenade 7498662165 17145 4127

1717337229.9747677 339798326
cloud0_tkemenade 19158177304 6976 1241

1717337230.9772246 339798596
cloud_controller_tkemenade 7498662165 17166 4140

1717337230.9777765 339798596
cloud0_tkemenade 19158177304 6981 1243

1717337231.9801931 339798750
cloud_controller_tkemenade 7498662165 17189 4150

1717337231.980531 339798750
cloud0_tkemenade 19158177304 6985 1243

1717337232.9827 339798855
cloud_controller_tkemenade 7498662165 17211 4162

1717337232.9832308 339798855
cloud0_tkemenade 19158177304 6987 1244

1717337233.9856539 339798993
cloud_controller_tkemenade 7498662165 17245 4175

1717337233.986232 339798993
cloud0_tkemenade 19158177304 6999 1244

1717337234.9888184 339799132
cloud_controller_tkemenade 7498662165 17271 4182

1717337234.9894192 339799134
cloud0_tkemenade 19158177304 7008 1246

1717337235.9918551 339799251
cloud_controller_tkemenade 7498662165 17304 4194

1717337235.992365 339799251
cloud0_tkemenade 19158177304 7012 1247

1717337236.9947128 339799367
cloud_controller_tkemenade 7498662165 17328 4204

1717337236.9951952 339799367
cloud0_tkemenade 19158177304 7014 1248

1717337237.0957458 339799382
cloud_controller_tkemenade 7499819983 17331 4206

1717337237.0962915 339799382
cloud0_tkemenade 19158385004 7014 1249

1717337238.0988004 339799475
cloud_controller_tkemenade 7499819983 17362 4217

1717337238.09934 339799475
cloud0_tkemenade 19158385004 7018 1249

1717337239.1018424 339799578
cloud_controller_tkemenade 7499819983 17385 4223

1717337239.102375 339799578
cloud0_tkemenade 19158385004 7028 1252

1717337240.1047575 339799749
cloud_controller_tkemenade 7499819983 17413 4235

1717337240.1053476 339799749
cloud0_tkemenade 19158385004 7037 1254

1717337241.1078367 339800068
cloud_controller_tkemenade 7499819983 17441 4240

1717337241.1083894 339800068
cloud0_tkemenade 19158385004 7042 1256

1717337242.110882 339800204
cloud_controller_tkemenade 7499819983 17463 4255

1717337242.1114242 339800204
cloud0_tkemenade 19158385004 7043 1258

1717337243.113921 339800319
cloud_controller_tkemenade 7499819983 17500 4268

1717337243.1144571 339800319
cloud0_tkemenade 19158385004 7046 1258

1717337244.1168728 339800436
cloud_controller_tkemenade 7499819983 17524 4284

1717337244.1174307 339800437
cloud0_tkemenade 19158385004 7056 1261

1717337244.4183292 339800482
cloud_controller_tkemenade 7501045490 17534 4286

1717337244.4188974 339800482
cloud0_tkemenade 19158653910 7062 1261

1717337245.4212613 339800595
cloud_controller_tkemenade 7501045490 17554 4296

1717337245.4218137 339800595
cloud0_tkemenade 19158653910 7064 1262

1717337246.4243383 339800681
cloud_controller_tkemenade 7501045490 17586 4309

1717337246.424891 339800681
cloud0_tkemenade 19158653910 7067 1263

1717337247.4274244 339800795
cloud_controller_tkemenade 7501045490 17609 4318

1717337247.4279733 339800795
cloud0_tkemenade 19158653910 7071 1263

1717337248.4304597 339800912
cloud_controller_tkemenade 7501045490 17631 4328

1717337248.4309902 339800912
cloud0_tkemenade 19158653910 7078 1264

1717337249.4334798 339801026
cloud_controller_tkemenade 7501045490 17653 4337

1717337249.4340305 339801026
cloud0_tkemenade 19158653910 7091 1267

1717337250.4362895 339801202
cloud_controller_tkemenade 7501045490 17677 4348

1717337250.4366384 339801202
cloud0_tkemenade 19158653910 7099 1269

1717337251.438818 339801473
cloud_controller_tkemenade 7502180707 17707 4356

1717337251.4393115 339801473
cloud0_tkemenade 19158869287 7101 1270

1717337252.4418554 339801574
cloud_controller_tkemenade 7502180707 17731 4368

1717337252.4423969 339801574
cloud0_tkemenade 19158869287 7107 1271

1717337253.4449232 339801708
cloud_controller_tkemenade 7502180707 17758 4380

1717337253.4454823 339801709
cloud0_tkemenade 19158869287 7114 1271

1717337254.4479635 339801893
cloud_controller_tkemenade 7502180707 17797 4393

1717337254.4486341 339801893
cloud0_tkemenade 19158869287 7176 1275

1717337255.4512923 339802030
cloud_controller_tkemenade 7502180707 17822 4400

1717337255.4518664 339802030
cloud0_tkemenade 19158869287 7206 1283

1717337256.454409 339802206
cloud_controller_tkemenade 7502180707 17861 4413

1717337256.454908 339802206
cloud0_tkemenade 19158869287 7274 1331

1717337257.4575782 339802372
cloud_controller_tkemenade 7502180707 17886 4422

1717337257.4581168 339802372
cloud0_tkemenade 19158869287 7337 1360

1717337258.460733 339802618
cloud_controller_tkemenade 7502180707 17974 4444

1717337258.461288 339802618
cloud0_tkemenade 19158869287 7416 1382

1717337258.5617218 339802635
cloud_controller_tkemenade 7503784318 17976 4447

1717337258.5620363 339802635
cloud0_tkemenade 19160800808 7422 1382

1717337259.5643818 339802880
cloud_controller_tkemenade 7503784318 18028 4483

1717337259.5648615 339802880
cloud0_tkemenade 19160800808 7537 1394

1717337260.5670853 339803196
cloud_controller_tkemenade 7503784318 18106 4522

1717337260.5676243 339803196
cloud0_tkemenade 19160800808 7606 1413

1717337261.5699115 339803532
cloud_controller_tkemenade 7503784318 18190 4555

1717337261.5705006 339803532
cloud0_tkemenade 19160800808 7661 1427

1717337262.5731678 339803734
cloud_controller_tkemenade 7503784318 18295 4575

1717337262.573712 339803734
cloud0_tkemenade 19160800808 7672 1433

1717337263.576389 339803968
cloud_controller_tkemenade 7503784318 18452 4605

1717337263.5768697 339803968
cloud0_tkemenade 19160800808 7687 1437

1717337264.5793145 339804191
cloud_controller_tkemenade 7503784318 18528 4628

1717337264.5798783 339804191
cloud0_tkemenade 19160800808 7745 1446

1717337265.5823352 339804427
cloud_controller_tkemenade 7503784318 18577 4649

1717337265.58285 339804427
cloud0_tkemenade 19160800808 7852 1449

1717337265.6833084 339804454
cloud_controller_tkemenade 7507582420 18578 4649

1717337265.68393 339804454
cloud0_tkemenade 19163166375 7860 1452

1717337266.6863236 339804634
cloud_controller_tkemenade 7507582420 18618 4662

1717337266.6868317 339804634
cloud0_tkemenade 19163166375 7927 1475

1717337267.6894748 339804820
cloud_controller_tkemenade 7507582420 18658 4676

1717337267.6900246 339804820
cloud0_tkemenade 19163166375 7981 1490

1717337268.6923428 339805296
cloud_controller_tkemenade 7507582420 18772 4694

1717337268.6928916 339805296
cloud0_tkemenade 19163166375 8267 1505

1717337269.6953137 339805664
cloud_controller_tkemenade 7507582420 18883 4715

1717337269.6958363 339805664
cloud0_tkemenade 19163166375 8435 1510

1717337270.6979828 339806011
cloud_controller_tkemenade 7507582420 18946 4743

1717337270.6984103 339806011
cloud0_tkemenade 19163166375 8500 1521

1717337271.7005186 339806445
cloud_controller_tkemenade 7507582420 19181 4756

1717337271.7010355 339806445
cloud0_tkemenade 19163166375 8560 1540

1717337272.7031837 339806762
cloud_controller_tkemenade 7507582420 19327 4768

1717337272.7035153 339806762
cloud0_tkemenade 19163166375 8653 1568

1717337272.8038921 339806801
cloud_controller_tkemenade 7511916535 19344 4770

1717337272.8044393 339806801
cloud0_tkemenade 19167745439 8663 1568

1717337273.8067465 339807215
cloud_controller_tkemenade 7511916535 19578 4783

1717337273.807082 339807215
cloud0_tkemenade 19167745439 8751 1577

1717337274.8093312 339807648
cloud_controller_tkemenade 7511916535 19779 4800

1717337274.8098772 339807648
cloud0_tkemenade 19167745439 8909 1589

1717337275.8121405 339807941
cloud_controller_tkemenade 7511916535 19979 4824

1717337275.8125048 339807941
cloud0_tkemenade 19167745439 8938 1600

1717337276.8147218 339808255
cloud_controller_tkemenade 7511916535 20168 4836

1717337276.8152587 339808255
cloud0_tkemenade 19167745439 8969 1616

1717337277.817691 339808547
cloud_controller_tkemenade 7511916535 20371 4857

1717337277.8181374 339808547
cloud0_tkemenade 19167745439 8984 1624

1717337278.820662 339808835
cloud_controller_tkemenade 7511916535 20568 4875

1717337278.821262 339808836
cloud0_tkemenade 19167745439 8989 1625

1717337279.8236706 339808993
cloud_controller_tkemenade 7511916535 20638 4895

1717337279.8242044 339808993
cloud0_tkemenade 19167745439 9006 1630

1717337280.0248704 339809031
cloud_controller_tkemenade 7518918802 20661 4901

1717337280.0252426 339809031
cloud0_tkemenade 19169756420 9006 1631

1717337281.0272465 339809425
cloud_controller_tkemenade 7518918802 20773 4918

1717337281.0277963 339809425
cloud0_tkemenade 19169756420 9010 1632

1717337282.030168 339809682
cloud_controller_tkemenade 7518918802 20914 4930

1717337282.0307066 339809682
cloud0_tkemenade 19169756420 9015 1632

1717337283.033255 339809898
cloud_controller_tkemenade 7518918802 21060 4950

1717337283.033806 339809898
cloud0_tkemenade 19169756420 9018 1633

1717337284.0363703 339810133
cloud_controller_tkemenade 7518918802 21190 4959

1717337284.0367389 339810133
cloud0_tkemenade 19169756420 9026 1634

1717337285.0393982 339810364
cloud_controller_tkemenade 7518918802 21319 4971

1717337285.0399547 339810364
cloud0_tkemenade 19169756420 9039 1638

1717337286.0424967 339810552
cloud_controller_tkemenade 7518918802 21438 4981

1717337286.0430312 339810552
cloud0_tkemenade 19169756420 9042 1638

1717337287.0454667 339810750
cloud_controller_tkemenade 7518918802 21561 4994

1717337287.0460048 339810750
cloud0_tkemenade 19169756420 9044 1639

1717337287.1464722 339810772
cloud_controller_tkemenade 7523668632 21572 4995

1717337287.1470215 339810772
cloud0_tkemenade 19169976146 9044 1639

1717337288.1494288 339810887
cloud_controller_tkemenade 7523668632 21603 5019

1717337288.1499662 339810887
cloud0_tkemenade 19169976146 9048 1641

1717337289.15253 339810999
cloud_controller_tkemenade 7523668632 21630 5029

1717337289.1530666 339810999
cloud0_tkemenade 19169976146 9055 1643

1717337290.1554117 339811117
cloud_controller_tkemenade 7523668632 21663 5042

1717337290.155757 339811117
cloud0_tkemenade 19169976146 9069 1645

1717337291.1581228 339811488
cloud_controller_tkemenade 7523668632 21687 5052

1717337291.1586556 339811488
cloud0_tkemenade 19169976146 9074 1647

1717337292.1612535 339811605
cloud_controller_tkemenade 7523668632 21715 5058

1717337292.1617937 339811605
cloud0_tkemenade 19169976146 9077 1649

1717337293.164184 339811690
cloud_controller_tkemenade 7523668632 21733 5065

1717337293.1647162 339811690
cloud0_tkemenade 19169976146 9078 1650

1717337294.1670873 339811814
cloud_controller_tkemenade 7524908181 21760 5075

1717337294.1675985 339811814
cloud0_tkemenade 19170219465 9085 1653

1717337295.1698098 339811931
cloud_controller_tkemenade 7524908181 21788 5083

1717337295.1703444 339811931
cloud0_tkemenade 19170219465 9094 1656

1717337296.1729739 339812031
cloud_controller_tkemenade 7524908181 21817 5094

1717337296.1735315 339812031
cloud0_tkemenade 19170219465 9097 1657

1717337297.1761003 339812142
cloud_controller_tkemenade 7524908181 21842 5100

1717337297.1766434 339812142
cloud0_tkemenade 19170219465 9101 1658

1717337298.1791039 339812270
cloud_controller_tkemenade 7524908181 21871 5107

1717337298.1796186 339812270
cloud0_tkemenade 19170219465 9108 1659

1717337299.182152 339812418
cloud_controller_tkemenade 7524908181 21907 5116

1717337299.1826425 339812418
cloud0_tkemenade 19170219465 9125 1661

1717337300.185266 339812525
cloud_controller_tkemenade 7524908181 21933 5125

1717337300.185584 339812525
cloud0_tkemenade 19170219465 9140 1665

1717337301.187652 339812864
cloud_controller_tkemenade 7524908181 21957 5132

1717337301.1881802 339812864
cloud0_tkemenade 19170219465 9147 1667

1717337301.3916392 339812894
cloud_controller_tkemenade 7526083524 21967 5136

1717337301.3921537 339812894
cloud0_tkemenade 19170562823 9148 1667

1717337302.39458 339813028
cloud_controller_tkemenade 7526083524 22005 5150

1717337302.3951232 339813028
cloud0_tkemenade 19170562823 9154 1668

1717337303.3976088 339813135
cloud_controller_tkemenade 7526083524 22037 5157

1717337303.3981173 339813135
cloud0_tkemenade 19170562823 9160 1671

1717337304.400498 339813257
cloud_controller_tkemenade 7526083524 22076 5167

1717337304.401027 339813257
cloud0_tkemenade 19170562823 9164 1671

1717337305.4035912 339813398
cloud_controller_tkemenade 7526083524 22104 5179

1717337305.404122 339813398
cloud0_tkemenade 19170562823 9173 1675

1717337306.4064994 339813506
cloud_controller_tkemenade 7526083524 22142 5191

1717337306.4070208 339813506
cloud0_tkemenade 19170562823 9175 1677

1717337307.4094703 339813618
cloud_controller_tkemenade 7526083524 22160 5198

1717337307.4099958 339813618
cloud0_tkemenade 19170562823 9177 1679

1717337308.4124253 339813732
cloud_controller_tkemenade 7526083524 22187 5208

1717337308.4129481 339813732
cloud0_tkemenade 19170562823 9184 1681

1717337308.5134082 339813749
cloud_controller_tkemenade 7527379976 22190 5208

1717337308.513927 339813749
cloud0_tkemenade 19170786198 9185 1681

1717337309.5164607 339813854
cloud_controller_tkemenade 7527379976 22212 5220

1717337309.5169866 339813854
cloud0_tkemenade 19170786198 9189 1682

1717337310.5192564 339814026
cloud_controller_tkemenade 7527379976 22239 5227

1717337310.519792 339814026
cloud0_tkemenade 19170786198 9204 1685

1717337311.5221655 339814350
cloud_controller_tkemenade 7527379976 22269 5239

1717337311.5225327 339814350
cloud0_tkemenade 19170786198 9209 1687

1717337312.5250823 339814472
cloud_controller_tkemenade 7527379976 22292 5249

1717337312.5257134 339814472
cloud0_tkemenade 19170786198 9213 1687

1717337313.5283573 339814574
cloud_controller_tkemenade 7527379976 22314 5261

1717337313.5289044 339814574
cloud0_tkemenade 19170786198 9220 1688

1717337314.5314152 339814713
cloud_controller_tkemenade 7527379976 22353 5279

1717337314.5319598 339814713
cloud0_tkemenade 19170786198 9224 1688

1717337315.5342033 339814834
cloud_controller_tkemenade 7527379976 22376 5290

1717337315.534741 339814834
cloud0_tkemenade 19170786198 9235 1689

1717337315.6352327 339814854
cloud_controller_tkemenade 7528572262 22378 5290

1717337315.6357293 339814854
cloud0_tkemenade 19171043871 9235 1689

1717337316.6381798 339814948
cloud_controller_tkemenade 7528572262 22412 5301

1717337316.6387098 339814948
cloud0_tkemenade 19171043871 9238 1690

1717337317.6412354 339815061
cloud_controller_tkemenade 7528572262 22433 5310

1717337317.6417723 339815061
cloud0_tkemenade 19171043871 9241 1691

1717337318.6443639 339815171
cloud_controller_tkemenade 7528572262 22462 5319

1717337318.6449108 339815171
cloud0_tkemenade 19171043871 9249 1694

1717337319.6474495 339815266
cloud_controller_tkemenade 7528572262 22480 5329

1717337319.647985 339815266
cloud0_tkemenade 19171043871 9259 1696

1717337320.6503413 339815505
cloud_controller_tkemenade 7528572262 22507 5343

1717337320.650855 339815505
cloud0_tkemenade 19171043871 9282 1699

1717337321.6532793 339815735
cloud_controller_tkemenade 7528572262 22533 5351

1717337321.6536763 339815735
cloud0_tkemenade 19171043871 9285 1699

1717337322.6558368 339815877
cloud_controller_tkemenade 7528572262 22561 5361

1717337322.6563754 339815877
cloud0_tkemenade 19171043871 9289 1701

1717337322.9572227 339815907
cloud_controller_tkemenade 7529752808 22567 5368

1717337322.9575286 339815907
cloud0_tkemenade 19171341226 9290 1701

1717337323.9598374 339816010
cloud_controller_tkemenade 7529752808 22590 5374

1717337323.9603794 339816010
cloud0_tkemenade 19171341226 9295 1704

1717337324.9633305 339816183
cloud_controller_tkemenade 7529752808 22627 5388

1717337324.9636695 339816183
cloud0_tkemenade 19171341226 9307 1708

1717337325.9661222 339816274
cloud_controller_tkemenade 7529752808 22651 5402

1717337325.9666715 339816274
cloud0_tkemenade 19171341226 9310 1709

1717337326.969405 339816392
cloud_controller_tkemenade 7529752808 22687 5413

1717337326.9699314 339816392
cloud0_tkemenade 19171341226 9312 1709

1717337327.972402 339816505
cloud_controller_tkemenade 7529752808 22706 5424

1717337327.972944 339816505
cloud0_tkemenade 19171341226 9315 1710

1717337328.9753041 339816641
cloud_controller_tkemenade 7529752808 22735 5435

1717337328.975839 339816641
cloud0_tkemenade 19171341226 9324 1712

1717337329.9780643 339816742
cloud_controller_tkemenade 7529752808 22760 5446

1717337329.978399 339816742
cloud0_tkemenade 19171341226 9337 1716

1717337330.1789138 339816769
cloud_controller_tkemenade 7530971080 22765 5450

1717337330.1792707 339816769
cloud0_tkemenade 19171620686 9338 1717

1717337331.1816928 339817076
cloud_controller_tkemenade 7530971080 22786 5459

1717337331.182241 339817076
cloud0_tkemenade 19171620686 9347 1721

1717337332.184835 339817206
cloud_controller_tkemenade 7530971080 22811 5472

1717337332.1854026 339817206
cloud0_tkemenade 19171620686 9351 1722

1717337333.1879508 339817330
cloud_controller_tkemenade 7530971080 22845 5481

1717337333.1885166 339817330
cloud0_tkemenade 19171620686 9353 1723

1717337334.190949 339817440
cloud_controller_tkemenade 7530971080 22863 5488

1717337334.1914804 339817440
cloud0_tkemenade 19171620686 9363 1725

1717337335.194147 339817587
cloud_controller_tkemenade 7530971080 22900 5505

1717337335.194693 339817587
cloud0_tkemenade 19171620686 9375 1728

1717337336.1973963 339817669
cloud_controller_tkemenade 7530971080 22915 5511

1717337336.1979363 339817669
cloud0_tkemenade 19171620686 9378 1730

1717337337.2002103 339817773
cloud_controller_tkemenade 7530971080 22948 5522

1717337337.200713 339817773
cloud0_tkemenade 19171620686 9381 1732

1717337337.3011684 339817786
cloud_controller_tkemenade 7532109712 22951 5523

1717337337.3017063 339817786
cloud0_tkemenade 19171876657 9381 1733

1717337338.3042123 339817917
cloud_controller_tkemenade 7532109712 22972 5539

1717337338.3048308 339817917
cloud0_tkemenade 19171876657 9384 1734

1717337339.3074365 339818036
cloud_controller_tkemenade 7532109712 23007 5567

1717337339.307969 339818036
cloud0_tkemenade 19171876657 9394 1737

1717337340.3104165 339818148
cloud_controller_tkemenade 7532109712 23029 5578

1717337340.3109467 339818148
cloud0_tkemenade 19171876657 9404 1741

1717337341.3133965 339818485
cloud_controller_tkemenade 7532109712 23058 5587

1717337341.3139262 339818485
cloud0_tkemenade 19171876657 9412 1745

1717337342.3162434 339818620
cloud_controller_tkemenade 7532109712 23085 5596

1717337342.316778 339818620
cloud0_tkemenade 19171876657 9416 1746

1717337343.3193855 339818751
cloud_controller_tkemenade 7532109712 23115 5609

1717337343.3199327 339818751
cloud0_tkemenade 19171876657 9418 1747

1717337344.3224304 339818862
cloud_controller_tkemenade 7532109712 23135 5618

1717337344.3229544 339818862
cloud0_tkemenade 19171876657 9426 1748

1717337344.4234526 339818889
cloud_controller_tkemenade 7533343393 23140 5619

1717337344.424004 339818889
cloud0_tkemenade 19172141964 9426 1748

1717337345.4261882 339819002
cloud_controller_tkemenade 7533343393 23173 5637

1717337345.4267144 339819002
cloud0_tkemenade 19172141964 9438 1750

1717337346.4291754 339819116
cloud_controller_tkemenade 7533343393 23195 5644

1717337346.429716 339819116
cloud0_tkemenade 19172141964 9441 1751

1717337347.4323187 339819212
cloud_controller_tkemenade 7533343393 23228 5655

1717337347.4328487 339819212
cloud0_tkemenade 19172141964 9443 1752

1717337348.4352746 339819326
cloud_controller_tkemenade 7533343393 23249 5661

1717337348.4358137 339819326
cloud0_tkemenade 19172141964 9446 1756

1717337349.4382682 339819453
cloud_controller_tkemenade 7533343393 23278 5676

1717337349.4387946 339819453
cloud0_tkemenade 19172141964 9457 1758

1717337350.4414146 339819606
cloud_controller_tkemenade 7533343393 23299 5684

1717337350.4419053 339819606
cloud0_tkemenade 19172141964 9468 1760

