1713876820.3518684 9904315
cloud0_tkemenade 9173613784 2663 332
cloud1_tkemenade 9356148751 2771 298

1713876821.35451 9904868
cloud0_tkemenade 9173613784 2788 355

1713876821.3548617 9904868
cloud1_tkemenade 9356148751 2872 350

1713876822.356889 9905778
cloud0_tkemenade 9173613784 3085 374

1713876822.3572345 9905778
cloud1_tkemenade 9356148751 3245 365

1713876822.8580155 9906452
cloud0_tkemenade 9176824574 3380 381

1713876822.8583593 9906452
cloud1_tkemenade 9360273755 3545 368

1713876823.8602684 9907851
cloud0_tkemenade 9176824574 3966 398

1713876823.860613 9907851
cloud1_tkemenade 9360273755 4147 376

1713876824.8680174 9909460
cloud0_tkemenade 9176824574 4555 406

1713876824.8683336 9909460
cloud1_tkemenade 9360273755 4741 381

1713876825.871283 9911006
cloud0_tkemenade 9176824574 5139 420

1713876825.8716269 9911006
cloud1_tkemenade 9360273755 5343 382

1713876826.873819 9912436
cloud0_tkemenade 9176824574 5737 424

1713876826.8741212 9912436
cloud1_tkemenade 9360273755 5945 382

1713876827.8767812 9913848
cloud0_tkemenade 9176824574 6336 427

1713876827.877297 9913848
cloud1_tkemenade 9360273755 6545 384

1713876828.880438 9915333
cloud0_tkemenade 9176824574 6934 429

1713876828.880985 9915340
cloud1_tkemenade 9360273755 7144 387

1713876829.8997157 9916777
cloud0_tkemenade 9176824574 7541 430

1713876829.9001646 9916777
cloud1_tkemenade 9360273755 7742 398

1713876830.000575 9916909
cloud0_tkemenade 9214196162 7597 436

1713876830.0009007 9916914
cloud1_tkemenade 9397794479 7804 398

1713876831.0028646 9918314
cloud0_tkemenade 9214196162 8195 438

1713876831.003221 9918314
cloud1_tkemenade 9397794479 8402 399

1713876832.0055106 9919735
cloud0_tkemenade 9214196162 8794 441

1713876832.005868 9919735
cloud1_tkemenade 9397794479 9004 400

1713876833.0084214 9921141
cloud0_tkemenade 9214196162 9395 442

1713876833.0089939 9921146
cloud1_tkemenade 9397794479 9605 400

1713876834.0113962 9922589
cloud0_tkemenade 9214196162 9994 442

1713876834.0118012 9922589
cloud1_tkemenade 9397794479 10203 402

1713876835.0141282 9923982
cloud0_tkemenade 9214196162 10587 451

1713876835.014456 9923982
cloud1_tkemenade 9397794479 10803 404

1713876836.0189054 9925473
cloud0_tkemenade 9214196162 11184 452

1713876836.0193794 9925473
cloud1_tkemenade 9397794479 11398 407

1713876837.0217533 9926857
cloud0_tkemenade 9214196162 11780 454

1713876837.0222816 9926857
cloud1_tkemenade 9397794479 11998 407

1713876837.1232636 9926994
cloud0_tkemenade 9286531830 11838 454

1713876837.1236894 9926994
cloud1_tkemenade 9470146965 12057 407

1713876838.1257362 9928399
cloud0_tkemenade 9286531830 12439 455

1713876838.126226 9928399
cloud1_tkemenade 9470146965 12658 408

1713876839.1297557 9929920
cloud0_tkemenade 9286531830 13041 455

1713876839.130254 9929920
cloud1_tkemenade 9470146965 13258 409

1713876840.132362 9931353
cloud0_tkemenade 9286531830 13641 456

1713876840.132681 9931360
cloud1_tkemenade 9470146965 13860 410

1713876841.1356273 9932749
cloud0_tkemenade 9286531830 14242 456

1713876841.136161 9932749
cloud1_tkemenade 9470146965 14458 411

1713876842.138768 9934113
cloud0_tkemenade 9286531830 14844 457

1713876842.1392963 9934113
cloud1_tkemenade 9470146965 15059 413

1713876843.1415775 9935484
cloud0_tkemenade 9286531830 15445 458

1713876843.141907 9935484
cloud1_tkemenade 9470146965 15661 413

1713876844.1442547 9936881
cloud0_tkemenade 9286531830 16041 458

1713876844.1448371 9936888
cloud1_tkemenade 9470146965 16261 415

1713876844.2453346 9937028
cloud0_tkemenade 9359805428 16101 458

1713876844.2458553 9937028
cloud1_tkemenade 9543523838 16321 415

1713876845.248338 9938416
cloud0_tkemenade 9359805428 16701 458

1713876845.248707 9938423
cloud1_tkemenade 9543523838 16923 415

1713876846.2509708 9939816
cloud0_tkemenade 9359805428 17303 459

1713876846.251448 9939816
cloud1_tkemenade 9543523838 17521 417

1713876847.253779 9941213
cloud0_tkemenade 9359805428 17905 459

1713876847.2542892 9941213
cloud1_tkemenade 9543523838 18123 418

1713876848.2568142 9942575
cloud0_tkemenade 9359805428 18507 459

1713876848.2573311 9942575
cloud1_tkemenade 9543523838 18725 418

1713876849.2598152 9943953
cloud0_tkemenade 9359805428 19106 460

1713876849.2603343 9943953
cloud1_tkemenade 9543523838 19324 419

1713876850.2628534 9945368
cloud0_tkemenade 9359805428 19707 460

1713876850.2633924 9945368
cloud1_tkemenade 9543523838 19926 419

1713876851.2656856 9946770
cloud0_tkemenade 9359805428 20308 460

1713876851.2659953 9946770
cloud1_tkemenade 9543523838 20528 419

1713876851.4663713 9947044
cloud0_tkemenade 9431917689 20428 461

1713876851.4666762 9947044
cloud1_tkemenade 9615636089 20648 419

1713876852.4686792 9948422
cloud0_tkemenade 9431917689 21030 461

1713876852.469236 9948422
cloud1_tkemenade 9615636089 21248 421

1713876853.4715 9949776
cloud0_tkemenade 9431917689 21630 461

1713876853.472006 9949776
cloud1_tkemenade 9615636089 21848 422

1713876854.474395 9951136
cloud0_tkemenade 9431917689 22232 461

1713876854.4749365 9951136
cloud1_tkemenade 9615636089 22450 422

1713876855.477221 9952516
cloud0_tkemenade 9431917689 22835 461

1713876855.477732 9952516
cloud1_tkemenade 9615636089 23052 422

1713876856.4801779 9954000
cloud0_tkemenade 9431917689 23434 462

1713876856.4805725 9954000
cloud1_tkemenade 9615636089 23652 423

1713876857.48413 9955548
cloud0_tkemenade 9431917689 24037 462

1713876857.484475 9955548
cloud1_tkemenade 9615636089 24254 423

1713876858.486806 9957026
cloud0_tkemenade 9431917689 24639 462

1713876858.4870985 9957026
cloud1_tkemenade 9615636089 24851 423

1713876858.5927317 9957191
cloud0_tkemenade 9506306985 24704 462

1713876858.5929415 9957191
cloud1_tkemenade 9689990482 24915 423

1713876859.5987718 9958662
cloud0_tkemenade 9506306985 25306 462

1713876859.5990994 9958662
cloud1_tkemenade 9689990482 25517 423

1713876860.60107 9960160
cloud0_tkemenade 9506306985 25908 462

1713876860.6013484 9960160
cloud1_tkemenade 9689990482 26119 423

1713876861.6030984 9961622
cloud0_tkemenade 9506306985 26507 464

1713876861.6034157 9961622
cloud1_tkemenade 9689990482 26719 423

1713876862.6054552 9963141
cloud0_tkemenade 9506306985 27108 465

1713876862.606028 9963141
cloud1_tkemenade 9689990482 27321 423

1713876863.6084762 9964587
cloud0_tkemenade 9506306985 27709 466

1713876863.6090112 9964592
cloud1_tkemenade 9689990482 27921 424

1713876864.6112156 9965954
cloud0_tkemenade 9506306985 28308 467

1713876864.6115236 9965954
cloud1_tkemenade 9689990482 28522 424

1713876865.6135378 9967339
cloud0_tkemenade 9506306985 28910 467

1713876865.6140141 9967339
cloud1_tkemenade 9689990482 29114 428

1713876865.8146534 9967623
cloud0_tkemenade 9580522801 29027 467

1713876865.81497 9967623
cloud1_tkemenade 9764028179 29231 428

1713876866.8168256 9969016
cloud0_tkemenade 9580522801 29626 468

1713876866.817134 9969016
cloud1_tkemenade 9764028179 29830 428

1713876867.8193219 9970414
cloud0_tkemenade 9580522801 30226 469

1713876867.8196657 9970414
cloud1_tkemenade 9764028179 30430 428

1713876868.821878 9971786
cloud0_tkemenade 9580522801 30828 469

1713876868.8223765 9971786
cloud1_tkemenade 9764028179 31032 428

1713876869.8251238 9973160
cloud0_tkemenade 9580522801 31429 469

1713876869.8256621 9973160
cloud1_tkemenade 9764028179 31634 428

1713876870.8281746 9974575
cloud0_tkemenade 9580522801 32029 469

1713876870.8286245 9974575
cloud1_tkemenade 9764028179 32236 428

1713876871.8308933 9975957
cloud0_tkemenade 9580522801 32632 470

1713876871.8312287 9975957
cloud1_tkemenade 9764028179 32835 429

1713876872.8333814 9977342
cloud0_tkemenade 9652868651 33224 473

1713876872.8336859 9977342
cloud1_tkemenade 9836374029 33433 430

1713876873.8358572 9978700
cloud0_tkemenade 9652868651 33823 473

1713876873.8362606 9978700
cloud1_tkemenade 9836374029 34032 430

1713876874.8384187 9980070
cloud0_tkemenade 9652868651 34425 473

1713876874.838951 9980070
cloud1_tkemenade 9836374029 34634 430

1713876875.8414106 9981474
cloud0_tkemenade 9652868651 35028 473

1713876875.8419473 9981474
cloud1_tkemenade 9836374029 35236 430

1713876876.8443098 9982860
cloud0_tkemenade 9652868651 35627 473

1713876876.844619 9982860
cloud1_tkemenade 9836374029 35836 431

1713876877.8468297 9984265
cloud0_tkemenade 9652868651 36230 473

1713876877.847133 9984265
cloud1_tkemenade 9836374029 36436 431

1713876878.8494022 9985645
cloud0_tkemenade 9652868651 36830 475

1713876878.8496785 9985645
cloud1_tkemenade 9836374029 37038 432

1713876879.8518498 9987009
cloud0_tkemenade 9652868651 37430 475

1713876879.852385 9987009
cloud1_tkemenade 9836374029 37632 433

1713876880.0531166 9987290
cloud0_tkemenade 9725158048 37551 475

1713876880.0534635 9987290
cloud1_tkemenade 9908655060 37752 433

1713876881.054968 9988679
cloud0_tkemenade 9725158048 38151 475

1713876881.0554655 9988679
cloud1_tkemenade 9908655060 38351 433

1713876882.0574846 9990070
cloud0_tkemenade 9725158048 38753 475

1713876882.057957 9990070
cloud1_tkemenade 9908655060 38953 434

1713876883.0599408 9991450
cloud0_tkemenade 9725158048 39353 475

1713876883.0604117 9991450
cloud1_tkemenade 9908655060 39551 435

1713876884.062505 9992841
cloud0_tkemenade 9725158048 39955 475

1713876884.0629902 9992841
cloud1_tkemenade 9908655060 40153 435

1713876885.0651498 9994222
cloud0_tkemenade 9725158048 40557 475

1713876885.0656035 9994222
cloud1_tkemenade 9908655060 40755 436

1713876886.067881 9995649
cloud0_tkemenade 9725158048 41157 475

1713876886.0683641 9995649
cloud1_tkemenade 9908655060 41354 436

1713876887.0711896 9997030
cloud0_tkemenade 9725158048 41753 477

1713876887.0714736 9997030
cloud1_tkemenade 9908655060 41956 436

1713876887.2742283 9997311
cloud0_tkemenade 9797293514 41872 479

1713876887.274687 9997311
cloud1_tkemenade 9980815725 42078 436

1713876888.2764504 9998680
cloud0_tkemenade 9797293514 42473 479

1713876888.276983 9998685
cloud1_tkemenade 9980815725 42679 436

1713876889.2792902 10000048
cloud0_tkemenade 9797293514 43073 479

1713876889.2796435 10000048
cloud1_tkemenade 9980815725 43279 436

1713876890.281696 10001421
cloud0_tkemenade 9797293514 43675 479

1713876890.2822268 10001421
cloud1_tkemenade 9980815725 43881 436

1713876891.2847567 10002838
cloud0_tkemenade 9797293514 44278 479

1713876891.2852743 10002838
cloud1_tkemenade 9980815725 44483 436

1713876892.287855 10004205
cloud0_tkemenade 9797293514 44877 479

1713876892.288385 10004205
cloud1_tkemenade 9980815725 45083 436

1713876893.2906203 10005594
cloud0_tkemenade 9797293514 45479 479

1713876893.2911367 10005594
cloud1_tkemenade 9980815725 45685 436

1713876894.1931164 10006817
cloud0_tkemenade 9833312552 46011 483

1713876894.1934223 10006817
cloud1_tkemenade 10016817539 46224 436

1713876894.293713 10006951
cloud0_tkemenade 9869551062 46071 483

1713876894.2940338 10006951
cloud1_tkemenade 10053090503 46284 436

1713876895.2961814 10008328
cloud0_tkemenade 9869551062 46671 483

1713876895.2965043 10008328
cloud1_tkemenade 10053090503 46884 436

1713876896.298648 10009753
cloud0_tkemenade 9869551062 47272 484

1713876896.299174 10009753
cloud1_tkemenade 10053090503 47486 437

1713876897.3014586 10011157
cloud0_tkemenade 9869551062 47874 484

1713876897.3017862 10011157
cloud1_tkemenade 10053090503 48088 437

1713876898.30392 10012513
cloud0_tkemenade 9869551062 48474 484

1713876898.3044431 10012513
cloud1_tkemenade 10053090503 48687 437

1713876899.3063283 10013887
cloud0_tkemenade 9869551062 49077 484

1713876899.3065941 10013887
cloud1_tkemenade 10053090503 49289 437

1713876900.3085454 10015246
cloud0_tkemenade 9869551062 49679 484

1713876900.309092 10015246
cloud1_tkemenade 10053090503 49891 437

1713876901.3115182 10016630
cloud0_tkemenade 9869551062 50279 484

1713876901.3120463 10016630
cloud1_tkemenade 10053090503 50484 437

1713876901.4125288 10016764
cloud0_tkemenade 9942028076 50338 486

1713876901.4133673 10016769
cloud1_tkemenade 10125441561 50545 437

1713876902.415741 10018122
cloud0_tkemenade 9942028076 50934 490

1713876902.416199 10018122
cloud1_tkemenade 10125441561 51136 438

1713876903.4183588 10019568
cloud0_tkemenade 9942028076 51535 490

1713876903.418897 10019568
cloud1_tkemenade 10125441561 51738 438

1713876904.421448 10021012
cloud0_tkemenade 9942028076 52137 490

1713876904.4219756 10021012
cloud1_tkemenade 10125441561 52340 438

1713876905.4243546 10022466
cloud0_tkemenade 9942028076 52738 490

1713876905.424675 10022471
cloud1_tkemenade 10125441561 52942 438

1713876906.4266422 10023968
cloud0_tkemenade 9942028076 53339 490

1713876906.4269865 10023968
cloud1_tkemenade 10125441561 53542 438

1713876907.4292283 10025415
cloud0_tkemenade 9942028076 53941 490

1713876907.4295735 10025415
cloud1_tkemenade 10125441561 54144 438

1713876908.4323204 10026778
cloud0_tkemenade 10015410711 54541 490

1713876908.432636 10026778
cloud1_tkemenade 10198710833 54745 440

1713876909.4339707 10028156
cloud0_tkemenade 10015410711 55142 490

1713876909.4342332 10028156
cloud1_tkemenade 10198710833 55344 440

1713876910.4363437 10029546
cloud0_tkemenade 10015410711 55744 491

1713876910.436876 10029552
cloud1_tkemenade 10198710833 55943 443

1713876911.4389908 10031035
cloud0_tkemenade 10015410711 56341 492

1713876911.4393156 10031035
cloud1_tkemenade 10198710833 56543 443

1713876912.4412005 10032489
cloud0_tkemenade 10015410711 56942 492

1713876912.441539 10032489
cloud1_tkemenade 10198710833 57145 444

1713876913.443465 10033902
cloud0_tkemenade 10015410711 57542 492

1713876913.4437907 10033902
cloud1_tkemenade 10198710833 57744 444

1713876914.4460738 10035356
cloud0_tkemenade 10015410711 58144 492

1713876914.4465876 10035356
cloud1_tkemenade 10198710833 58347 444

1713876915.449455 10036770
cloud0_tkemenade 10015410711 58746 492

1713876915.4497442 10036770
cloud1_tkemenade 10198710833 58949 444

1713876915.54995 10036913
cloud0_tkemenade 10088515889 58805 492

1713876915.5502954 10036913
cloud1_tkemenade 10271850361 59007 444

1713876916.5518892 10038411
cloud0_tkemenade 10088515889 59405 492

1713876916.5521889 10038411
cloud1_tkemenade 10271850361 59607 444

1713876917.554161 10039863
cloud0_tkemenade 10088515889 60007 492

1713876917.5545282 10039863
cloud1_tkemenade 10271850361 60208 444

1713876918.5566776 10041252
cloud0_tkemenade 10088515889 60609 493

1713876918.5572162 10041252
cloud1_tkemenade 10271850361 60810 444

1713876919.5593233 10042629
cloud0_tkemenade 10088515889 61209 493

1713876919.5596938 10042629
cloud1_tkemenade 10271850361 61410 444

1713876920.5616772 10043994
cloud0_tkemenade 10088515889 61811 493

1713876920.561981 10043994
cloud1_tkemenade 10271850361 62013 444

1713876921.5640092 10045422
cloud0_tkemenade 10088515889 62410 493

1713876921.564488 10045422
cloud1_tkemenade 10271850361 62612 444

1713876922.5663545 10046822
cloud0_tkemenade 10088515889 63012 493

1713876922.5666704 10046822
cloud1_tkemenade 10271850361 63214 444

1713876922.767105 10047106
cloud0_tkemenade 10161476071 63132 493

1713876922.767398 10047106
cloud1_tkemenade 10344776750 63334 444

1713876923.7696345 10048536
cloud0_tkemenade 10161476071 63733 494

1713876923.7701404 10048536
cloud1_tkemenade 10344776750 63936 444

1713876924.7724879 10049992
cloud0_tkemenade 10161476071 64336 494

1713876924.7730293 10049998
cloud1_tkemenade 10344776750 64538 444

1713876925.7754838 10051463
cloud0_tkemenade 10161476071 64931 498

1713876925.7760267 10051463
cloud1_tkemenade 10344776750 65138 444

1713876926.77825 10052942
cloud0_tkemenade 10161476071 65533 498

1713876926.7785637 10052942
cloud1_tkemenade 10344776750 65739 445

1713876927.7812612 10054412
cloud0_tkemenade 10161476071 66134 498

1713876927.7815733 10054412
cloud1_tkemenade 10344776750 66341 445

1713876928.7838752 10055937
cloud0_tkemenade 10161476071 66731 498

1713876928.7844026 10055937
cloud1_tkemenade 10344776750 66940 445

1713876929.787849 10057399
cloud0_tkemenade 10161476071 67333 498

1713876929.788175 10057399
cloud1_tkemenade 10344776750 67541 445

1713876929.8885214 10057548
cloud0_tkemenade 10235370596 67394 498

1713876929.888893 10057554
cloud1_tkemenade 10418706076 67603 445

1713876930.891291 10059032
cloud0_tkemenade 10235370596 67994 498

1713876930.8918002 10059032
cloud1_tkemenade 10418706076 68203 445

1713876931.8941517 10060501
cloud0_tkemenade 10235370596 68596 498

1713876931.894637 10060501
cloud1_tkemenade 10418706076 68805 445

1713876932.8970666 10061962
cloud0_tkemenade 10235370596 69199 498

1713876932.89736 10061962
cloud1_tkemenade 10418706076 69407 446

1713876933.8997269 10063390
cloud0_tkemenade 10235370596 69798 498

1713876933.900238 10063390
cloud1_tkemenade 10418706076 70007 446

1713876934.9025462 10064843
cloud0_tkemenade 10235370596 70401 498

1713876934.9028857 10064843
cloud1_tkemenade 10418706076 70609 446

1713876935.9050536 10066268
cloud0_tkemenade 10235370596 71003 498

1713876935.9054177 10066268
cloud1_tkemenade 10418706076 71211 446

1713876936.907528 10067747
cloud0_tkemenade 10235370596 71603 498

1713876936.9078653 10067747
cloud1_tkemenade 10418706076 71806 446

1713876937.1083643 10068067
cloud0_tkemenade 10309111264 71723 498

1713876937.108715 10068074
cloud1_tkemenade 10492353209 71926 446

1713876938.1103013 10069543
cloud0_tkemenade 10309111264 72324 498

1713876938.1107554 10069543
cloud1_tkemenade 10492353209 72523 446

1713876939.1131666 10070990
cloud0_tkemenade 10309111264 72926 499

1713876939.1135094 10070990
cloud1_tkemenade 10492353209 73125 446

1713876940.1170273 10072453
cloud0_tkemenade 10309111264 73527 499

1713876940.1175606 10072453
cloud1_tkemenade 10492353209 73727 446

1713876941.1200461 10073919
cloud0_tkemenade 10309111264 74127 499

1713876941.1203346 10073919
cloud1_tkemenade 10492353209 74327 446

1713876942.122353 10075406
cloud0_tkemenade 10309111264 74728 500

1713876942.1226616 10075406
cloud1_tkemenade 10492353209 74930 446

1713876943.1250517 10076823
cloud0_tkemenade 10309111264 75330 500

1713876943.125529 10076823
cloud1_tkemenade 10492353209 75532 446

1713876944.1275477 10078254
cloud0_tkemenade 10309111264 75930 500

1713876944.1278512 10078254
cloud1_tkemenade 10492353209 76132 446

1713876944.3283062 10078549
cloud0_tkemenade 10382930061 76048 500

1713876944.3285828 10078549
cloud1_tkemenade 10566121321 76247 446

1713876945.3304696 10080058
cloud0_tkemenade 10382930061 76642 500

1713876945.3307736 10080058
cloud1_tkemenade 10566121321 76848 447

1713876946.3330297 10081476
cloud0_tkemenade 10382930061 77244 500

1713876946.3335338 10081476
cloud1_tkemenade 10566121321 77449 448

1713876947.3360188 10082871
cloud0_tkemenade 10382930061 77844 500

1713876947.3365533 10082871
cloud1_tkemenade 10566121321 78051 448

1713876948.338856 10084324
cloud0_tkemenade 10382930061 78446 500

1713876948.339369 10084324
cloud1_tkemenade 10566121321 78650 448

1713876949.341486 10085769
cloud0_tkemenade 10382930061 79047 500

1713876949.341759 10085769
cloud1_tkemenade 10566121321 79252 449

1713876950.3431792 10087174
cloud0_tkemenade 10382930061 79647 500

1713876950.3434484 10087174
cloud1_tkemenade 10566121321 79846 454

1713876951.3447554 10088572
cloud0_tkemenade 10382930061 80249 500

1713876951.345042 10088572
cloud1_tkemenade 10566121321 80448 454

1713876951.4452624 10088716
cloud0_tkemenade 10456995659 80309 500

1713876951.4455254 10088716
cloud1_tkemenade 10640317966 80507 454

1713876952.4469953 10090088
cloud0_tkemenade 10456995659 80909 500

1713876952.4474833 10090088
cloud1_tkemenade 10640317966 81107 454

1713876953.4492617 10091501
cloud0_tkemenade 10456995659 81509 503

1713876953.449544 10091501
cloud1_tkemenade 10640317966 81709 454

1713876954.4509404 10092904
cloud0_tkemenade 10456995659 82107 504

1713876954.4512057 10092904
cloud1_tkemenade 10640317966 82309 454

1713876955.4527245 10094325
cloud0_tkemenade 10456995659 82707 505

1713876955.4530017 10094325
cloud1_tkemenade 10640317966 82911 454

1713876956.454633 10095806
cloud0_tkemenade 10456995659 83307 505

1713876956.4549167 10095806
cloud1_tkemenade 10640317966 83511 454

1713876957.4564881 10097302
cloud0_tkemenade 10456995659 83909 505

1713876957.4567637 10097308
cloud1_tkemenade 10640317966 84113 454

1713876958.4581575 10098764
cloud0_tkemenade 10456995659 84509 506

1713876958.4584472 10098764
cloud1_tkemenade 10640317966 84713 454

1713876958.6587906 10099063
cloud0_tkemenade 10530390585 84629 506

1713876958.6590922 10099063
cloud1_tkemenade 10676953587 84832 455

1713876959.6609752 10100532
cloud0_tkemenade 10530390585 85231 506

1713876959.6614718 10100532
cloud1_tkemenade 10676953587 85434 455

1713876960.6638956 10101914
cloud0_tkemenade 10530390585 85830 506

1713876960.6644282 10101914
cloud1_tkemenade 10676953587 86033 455

1713876961.6678798 10103383
cloud0_tkemenade 10530390585 86432 506

1713876961.6682887 10103383
cloud1_tkemenade 10676953587 86636 455

1713876962.670558 10104884
cloud0_tkemenade 10530390585 87034 506

1713876962.6710906 10104884
cloud1_tkemenade 10676953587 87237 455

1713876963.6735623 10106378
cloud0_tkemenade 10530390585 87635 507

1713876963.6740882 10106378
cloud1_tkemenade 10676953587 87840 455

1713876964.6767514 10107843
cloud0_tkemenade 10530390585 88237 507

1713876964.6770778 10107843
cloud1_tkemenade 10676953587 88442 455

1713876965.6795676 10109191
cloud0_tkemenade 10530390585 88837 507

1713876965.6801353 10109191
cloud1_tkemenade 10676953587 89042 455

1713876965.8904934 10109483
cloud0_tkemenade 10567197115 88964 507

1713876965.890978 10109483
cloud1_tkemenade 10713760117 89169 455

1713876966.89335 10110906
cloud0_tkemenade 10567197115 89566 507

1713876966.8938174 10110906
cloud1_tkemenade 10713760117 89771 455

1713876967.8963554 10112326
cloud0_tkemenade 10567197115 90165 507

1713876967.8966706 10112327
cloud1_tkemenade 10713760117 90373 455

1713876968.8984008 10113805
cloud0_tkemenade 10567197115 90767 507

1713876968.898677 10113805
cloud1_tkemenade 10713760117 90973 455

1713876969.9006746 10115215
cloud0_tkemenade 10567197115 91369 507

1713876969.9011853 10115215
cloud1_tkemenade 10713760117 91575 455

1713876970.9035995 10116650
cloud0_tkemenade 10567197115 91968 511

1713876970.903905 10116650
cloud1_tkemenade 10713760117 92175 455

1713876971.9057982 10118093
cloud0_tkemenade 10567197115 92568 538

1713876971.9060972 10118093
cloud1_tkemenade 10713760117 92777 456

1713876972.9077153 10119594
cloud0_tkemenade 10604333262 93165 539

1713876972.908013 10119594
cloud1_tkemenade 10750688168 93376 457

1713876973.9114416 10121242
cloud0_tkemenade 10604333262 93757 540

1713876973.9117143 10121242
cloud1_tkemenade 10750688168 93969 457

1713876974.9133766 10122911
cloud0_tkemenade 10604333262 94359 540

1713876974.9136667 10122911
cloud1_tkemenade 10750688168 94571 457

1713876975.916584 10124597
cloud0_tkemenade 10604333262 94958 540

1713876975.9169242 10124597
cloud1_tkemenade 10750688168 95166 458

1713876976.9207673 10126220
cloud0_tkemenade 10604333262 95558 540

1713876976.921053 10126220
cloud1_tkemenade 10750688168 95759 459

1713876977.9262767 10127894
cloud0_tkemenade 10604333262 96150 540

1713876977.926564 10127894
cloud1_tkemenade 10750688168 96356 459

1713876978.9287238 10129376
cloud0_tkemenade 10604333262 96752 540

1713876978.9292188 10129376
cloud1_tkemenade 10750688168 96957 459

1713876979.9314685 10130859
cloud0_tkemenade 10604333262 97352 540

1713876979.9319787 10130859
cloud1_tkemenade 10750688168 97556 460

1713876980.0324547 10131004
cloud0_tkemenade 10643078406 97414 540

1713876980.032952 10131010
cloud1_tkemenade 10789378406 97618 460

1713876981.0364168 10132506
cloud0_tkemenade 10643078406 98014 540

1713876981.0367599 10132512
cloud1_tkemenade 10789378406 98219 460

1713876982.0399585 10134124
cloud0_tkemenade 10643078406 98614 540

1713876982.0402536 10134124
cloud1_tkemenade 10789378406 98816 461

1713876983.0491226 10135786
cloud0_tkemenade 10643078406 99221 540

1713876983.0494156 10135786
cloud1_tkemenade 10789378406 99422 461

1713876984.0513592 10137435
cloud0_tkemenade 10643078406 99820 540

1713876984.0516589 10137435
cloud1_tkemenade 10789378406 100021 461

1713876985.0548258 10139155
cloud0_tkemenade 10643078406 100420 541

1713876985.0552564 10139155
cloud1_tkemenade 10789378406 100624 461

1713876986.0578907 10140794
cloud0_tkemenade 10643078406 101021 541

1713876986.058339 10140794
cloud1_tkemenade 10789378406 101226 461

1713876987.0602982 10142409
cloud0_tkemenade 10643078406 101619 541

1713876987.060588 10142409
cloud1_tkemenade 10789378406 101819 462

1713876987.1607645 10142571
cloud0_tkemenade 10682504228 101681 541

1713876987.161118 10142571
cloud1_tkemenade 10828794967 101878 462

1713876988.1681597 10144258
cloud0_tkemenade 10682504228 102279 541

1713876988.168462 10144258
cloud1_tkemenade 10828794967 102473 462

1713876989.1730647 10145914
cloud0_tkemenade 10682504228 102872 541

1713876989.1735775 10145914
cloud1_tkemenade 10828794967 103069 462

1713876990.1757662 10147326
cloud0_tkemenade 10682504228 103471 541

1713876990.1760986 10147326
cloud1_tkemenade 10828794967 103668 462

1713876991.178276 10148742
cloud0_tkemenade 10682504228 104072 542

1713876991.1785922 10148742
cloud1_tkemenade 10828794967 104269 463

1713876992.18216 10150468
cloud0_tkemenade 10682504228 104669 542

1713876992.1824758 10150468
cloud1_tkemenade 10828794967 104861 463

1713876993.1840127 10152302
cloud0_tkemenade 10682504228 105246 542

1713876993.1842964 10152302
cloud1_tkemenade 10828794967 105403 464

1713876994.1935084 10154203
cloud0_tkemenade 10682504228 105815 543

1713876994.1938212 10154203
cloud1_tkemenade 10828794967 105917 465

1713876994.4007802 10154575
cloud0_tkemenade 10721672499 105937 543

1713876994.401112 10154575
cloud1_tkemenade 10867037496 106031 465

1713876995.4107177 10156428
cloud0_tkemenade 10721672499 106500 543

1713876995.4110098 10156428
cloud1_tkemenade 10867037496 106613 467

1713876996.412628 10158248
cloud0_tkemenade 10721672499 107083 544

1713876996.4129384 10158248
cloud1_tkemenade 10867037496 107196 467

1713876997.4191887 10160086
cloud0_tkemenade 10721672499 107671 545

1713876997.4194922 10160086
cloud1_tkemenade 10867037496 107770 468

1713876998.4229074 10161597
cloud0_tkemenade 10721672499 108271 545

1713876998.4234104 10161597
cloud1_tkemenade 10867037496 108366 468

1713876999.425546 10163119
cloud0_tkemenade 10721672499 108873 545

1713876999.4259021 10163119
cloud1_tkemenade 10867037496 108968 468

1713877000.4281087 10164615
cloud0_tkemenade 10721672499 109472 545

1713877000.4286017 10164615
cloud1_tkemenade 10867037496 109571 468

1713877001.4304063 10166029
cloud0_tkemenade 10721672499 110074 545

1713877001.430699 10166029
cloud1_tkemenade 10867037496 110170 468

1713877001.5309641 10166167
cloud0_tkemenade 10760562743 110134 545

1713877001.531203 10166167
cloud1_tkemenade 10905918577 110230 468

1713877002.5330122 10167637
cloud0_tkemenade 10760562743 110735 545

1713877002.5335166 10167637
cloud1_tkemenade 10905918577 110832 468

1713877003.5356905 10169094
cloud0_tkemenade 10760562743 111335 545

1713877003.5360048 10169094
cloud1_tkemenade 10905918577 111432 468

1713877004.5383282 10170618
cloud0_tkemenade 10760562743 111936 546

1713877004.5389884 10170618
cloud1_tkemenade 10905918577 112035 468

1713877005.5414295 10172039
cloud0_tkemenade 10760562743 112538 546

1713877005.5417113 10172039
cloud1_tkemenade 10905918577 112637 468

1713877006.544177 10173421
cloud0_tkemenade 10760562743 113137 547

1713877006.5446362 10173421
cloud1_tkemenade 10905918577 113239 468

1713877007.546898 10174826
cloud0_tkemenade 10760562743 113739 547

1713877007.547393 10174826
cloud1_tkemenade 10905918577 113839 468

1713877008.5495727 10176238
cloud0_tkemenade 10760562743 114341 547

1713877008.5500588 10176238
cloud1_tkemenade 10905918577 114440 469

1713877008.650485 10176378
cloud0_tkemenade 10797085016 114401 547

1713877008.6509662 10176378
cloud1_tkemenade 10942432252 114500 469

1713877009.6528797 10177802
cloud0_tkemenade 10797085016 115003 547

1713877009.653371 10177802
cloud1_tkemenade 10942432252 115102 469

1713877010.6557462 10179168
cloud0_tkemenade 10797085016 115592 557

1713877010.6562617 10179168
cloud1_tkemenade 10942432252 115702 469

1713877011.658441 10180572
cloud0_tkemenade 10797085016 116195 557

1713877011.6587546 10180572
cloud1_tkemenade 10942432252 116303 469

1713877012.6609514 10181971
cloud0_tkemenade 10797085016 116797 557

1713877012.6614528 10181971
cloud1_tkemenade 10942432252 116906 469

1713877013.6638157 10183343
cloud0_tkemenade 10797085016 117396 558

1713877013.664316 10183343
cloud1_tkemenade 10942432252 117505 470

1713877014.6666918 10184750
cloud0_tkemenade 10797085016 117998 558

1713877014.667175 10184750
cloud1_tkemenade 10942432252 118107 470

1713877015.6695054 10186120
cloud0_tkemenade 10797085016 118601 558

1713877015.669998 10186120
cloud1_tkemenade 10942432252 118710 470

1713877015.9707127 10186530
cloud0_tkemenade 10833395482 118781 558

1713877015.971026 10186530
cloud1_tkemenade 10978775880 118890 470

1713877016.9730952 10187949
cloud0_tkemenade 10833395482 119382 559

1713877016.9735792 10187949
cloud1_tkemenade 10978775880 119492 470

1713877017.97582 10189417
cloud0_tkemenade 10833395482 119982 559

1713877017.9761052 10189417
cloud1_tkemenade 10978775880 120091 470

1713877018.9782057 10190962
cloud0_tkemenade 10833395482 120584 559

1713877018.9787064 10190962
cloud1_tkemenade 10978775880 120693 470

1713877019.9807882 10192542
cloud0_tkemenade 10833395482 121186 559

1713877019.9810948 10192542
cloud1_tkemenade 10978775880 121295 470

1713877020.9833376 10194118
cloud0_tkemenade 10833395482 121785 559

1713877020.9836495 10194118
cloud1_tkemenade 10978775880 121893 471

1713877021.985776 10195675
cloud0_tkemenade 10833395482 122386 559

1713877021.9862974 10195675
cloud1_tkemenade 10978775880 122495 471

1713877022.9905777 10197275
cloud0_tkemenade 10833395482 122987 559

1713877022.9908488 10197275
cloud1_tkemenade 10978775880 123091 471

1713877023.0927684 10197451
cloud0_tkemenade 10871219479 123050 559

1713877023.0930839 10197451
cloud1_tkemenade 11016546528 123153 471

1713877024.0948217 10199026
cloud0_tkemenade 10871219479 123636 559

1713877024.0951047 10199026
cloud1_tkemenade 11016546528 123741 471

1713877025.0967379 10200556
cloud0_tkemenade 10871219479 124237 559

1713877025.0970352 10200556
cloud1_tkemenade 11016546528 124341 472

1713877026.1022463 10202066
cloud0_tkemenade 10871219479 124836 559

1713877026.1026123 10202066
cloud1_tkemenade 11016546528 124938 473

1713877027.104825 10203584
cloud0_tkemenade 10871219479 125438 559

1713877027.1053357 10203584
cloud1_tkemenade 11016546528 125540 473

1713877028.1077695 10205162
cloud0_tkemenade 10871219479 126038 559

1713877028.1080952 10205162
cloud1_tkemenade 11016546528 126139 473

1713877029.1100843 10206784
cloud0_tkemenade 10871219479 126640 559

1713877029.1104584 10206784
cloud1_tkemenade 11016546528 126739 473

1713877030.112638 10208372
cloud0_tkemenade 10871219479 127240 560

1713877030.1131728 10208372
cloud1_tkemenade 11016546528 127334 473

1713877030.2136328 10208519
cloud0_tkemenade 10909180947 127300 560

1713877030.2141705 10208519
cloud1_tkemenade 11054419488 127394 473

1713877031.216418 10209923
cloud0_tkemenade 10909180947 127901 560

1713877031.2169755 10209929
cloud1_tkemenade 11054419488 127996 473

1713877032.219255 10211344
cloud0_tkemenade 10909180947 128501 560

1713877032.2197752 10211344
cloud1_tkemenade 11054419488 128596 473

1713877033.2222419 10212797
cloud0_tkemenade 10909180947 129102 561

1713877033.2225564 10212797
cloud1_tkemenade 11054419488 129198 473

1713877034.2244394 10214282
cloud0_tkemenade 10909180947 129702 561

1713877034.2247539 10214288
cloud1_tkemenade 11054419488 129799 473

1713877035.226599 10215761
cloud0_tkemenade 10909180947 130304 561

1713877035.2268734 10215761
cloud1_tkemenade 11054419488 130398 473

1713877036.2287457 10217243
cloud0_tkemenade 10909180947 130907 561

1713877036.2290368 10217243
cloud1_tkemenade 11054419488 131001 473

1713877037.2310934 10218668
cloud0_tkemenade 10909180947 131505 561

1713877037.2316196 10218668
cloud1_tkemenade 11054419488 131600 474

1713877037.532559 10219114
cloud0_tkemenade 10946030614 131688 561

1713877037.5331004 10219114
cloud1_tkemenade 11091269155 131783 474

1713877038.5349555 10220591
cloud0_tkemenade 10946030614 132288 561

1713877038.535242 10220591
cloud1_tkemenade 11091269155 132382 474

1713877039.5370767 10222028
cloud0_tkemenade 10946030614 132890 561

1713877039.5373647 10222028
cloud1_tkemenade 11091269155 132984 474

1713877040.5392034 10223502
cloud0_tkemenade 10946030614 133490 561

1713877040.539481 10223502
cloud1_tkemenade 11091269155 133584 474

1713877041.5413985 10225000
cloud0_tkemenade 10946030614 134092 561

1713877041.5416822 10225000
cloud1_tkemenade 11091269155 134186 474

1713877042.5434978 10226393
cloud0_tkemenade 10946030614 134692 561

1713877042.5437794 10226393
cloud1_tkemenade 11091269155 134785 475

1713877043.5456395 10227800
cloud0_tkemenade 10946030614 135294 561

1713877043.5459292 10227800
cloud1_tkemenade 11091269155 135387 475

1713877044.5476487 10229211
cloud0_tkemenade 10946030614 135894 561

1713877044.5480099 10229211
cloud1_tkemenade 11091269155 135987 475

1713877045.5501478 10230590
cloud0_tkemenade 10946030614 136496 561

1713877045.5506468 10230590
cloud1_tkemenade 11091269155 136590 475

1713877046.553038 10231957
cloud0_tkemenade 10946030614 137098 562

1713877046.5535374 10231957
cloud1_tkemenade 11091269155 137192 475

1713877047.5554533 10233330
cloud0_tkemenade 10946030614 137698 562

1713877047.555756 10233330
cloud1_tkemenade 11091269155 137791 475

1713877048.5577195 10234699
cloud0_tkemenade 10946030614 138300 562

1713877048.5582008 10234699
cloud1_tkemenade 11091269155 138394 475

1713877049.5604663 10236087
cloud0_tkemenade 10946030614 138903 562

1713877049.5609407 10236094
cloud1_tkemenade 11091269155 138996 475

1713877050.5629115 10237488
cloud0_tkemenade 10946030614 139503 562

1713877050.563204 10237488
cloud1_tkemenade 11091269155 139595 476

1713877051.5647342 10238876
cloud0_tkemenade 10946030614 140105 562

1713877051.5649989 10238876
cloud1_tkemenade 11091269155 140198 476

1713877051.8655424 10239288
cloud0_tkemenade 10982083301 140285 562

1713877051.8658075 10239288
cloud1_tkemenade 11127321842 140378 476

1713877052.8679562 10240690
cloud0_tkemenade 10982083301 140885 562

1713877052.8684483 10240690
cloud1_tkemenade 11127321842 140978 476

1713877053.8708284 10242138
cloud0_tkemenade 10982083301 141487 562

1713877053.8713539 10242138
cloud1_tkemenade 11127321842 141580 476

1713877054.8737776 10243645
cloud0_tkemenade 10982083301 142089 562

1713877054.8742616 10243645
cloud1_tkemenade 11127321842 142182 477

1713877055.876668 10245133
cloud0_tkemenade 10982083301 142691 562

1713877055.877218 10245133
cloud1_tkemenade 11127321842 142784 477

1713877056.8796318 10246535
cloud0_tkemenade 10982083301 143291 562

1713877056.8799188 10246535
cloud1_tkemenade 11127321842 143384 477

1713877057.881379 10247931
cloud0_tkemenade 10982083301 143893 562

1713877057.8816566 10247931
cloud1_tkemenade 11127321842 143984 477

1713877058.89785 10249319
cloud0_tkemenade 10982083301 144503 562

1713877058.8983188 10249319
cloud1_tkemenade 11127321842 144593 477

1713877058.9987159 10249459
cloud0_tkemenade 11018519157 144563 562

1713877058.9991562 10249459
cloud1_tkemenade 11163749148 144653 477

1713877060.0015137 10250870
cloud0_tkemenade 11018519157 145165 562

1713877060.0020227 10250870
cloud1_tkemenade 11163749148 145256 477

1713877061.0043025 10252276
cloud0_tkemenade 11018519157 145765 562

1713877061.0048149 10252282
cloud1_tkemenade 11163749148 145858 477

1713877062.0069227 10253657
cloud0_tkemenade 11018519157 146366 563

1713877062.0072331 10253657
cloud1_tkemenade 11163749148 146458 477

1713877063.009258 10255029
cloud0_tkemenade 11018519157 146968 563

1713877063.0097737 10255029
cloud1_tkemenade 11163749148 147060 477

1713877064.012138 10256396
cloud0_tkemenade 11018519157 147568 563

1713877064.0126128 10256396
cloud1_tkemenade 11163749148 147662 477

1713877065.0148623 10257785
cloud0_tkemenade 11018519157 148170 563

1713877065.015348 10257785
cloud1_tkemenade 11163749148 148262 477

1713877066.0175605 10259180
cloud0_tkemenade 11054593550 148773 563

1713877066.0178761 10259180
cloud1_tkemenade 11199815062 148864 477

1713877067.0203927 10260549
cloud0_tkemenade 11054593550 149374 563

1713877067.0210037 10260555
cloud1_tkemenade 11199815062 149466 477

1713877068.0235054 10261936
cloud0_tkemenade 11054593550 149974 563

1713877068.024016 10261936
cloud1_tkemenade 11199815062 150066 477

1713877069.0264926 10263304
cloud0_tkemenade 11054593550 150576 563

1713877069.0270257 10263304
cloud1_tkemenade 11199815062 150668 477

1713877070.0294445 10264711
cloud0_tkemenade 11054593550 151179 563

1713877070.0299754 10264711
cloud1_tkemenade 11199815062 151271 477

1713877071.0324314 10266083
cloud0_tkemenade 11054593550 151780 563

1713877071.0329778 10266089
cloud1_tkemenade 11199815062 151873 477

1713877072.035346 10267473
cloud0_tkemenade 11054593550 152380 563

1713877072.0358756 10267473
cloud1_tkemenade 11199815062 152473 477

1713877073.0382295 10268864
cloud0_tkemenade 11054593550 152983 563

1713877073.0386188 10268864
cloud1_tkemenade 11199815062 153075 477

1713877073.2391648 10269151
cloud0_tkemenade 11090849985 153103 563

1713877073.239548 10269151
cloud1_tkemenade 11236105068 153195 477

1713877074.2420874 10270506
cloud0_tkemenade 11090849985 153705 563

1713877074.242619 10270506
cloud1_tkemenade 11236105068 153798 477

1713877075.2451136 10271897
cloud0_tkemenade 11090849985 154307 564

1713877075.2456477 10271897
cloud1_tkemenade 11236105068 154400 477

1713877076.2482333 10273262
cloud0_tkemenade 11090849985 154907 564

1713877076.248814 10273268
cloud1_tkemenade 11236105068 155002 477

1713877077.2513077 10274659
cloud0_tkemenade 11090849985 155509 564

1713877077.2518215 10274659
cloud1_tkemenade 11236105068 155602 477

1713877078.2544003 10276046
cloud0_tkemenade 11090849985 156112 564

1713877078.2549567 10276046
cloud1_tkemenade 11236105068 156205 477

1713877079.2574563 10277411
cloud0_tkemenade 11090849985 156714 564

1713877079.2579732 10277411
cloud1_tkemenade 11236105068 156806 478

1713877080.2605326 10278800
cloud0_tkemenade 11090849985 157316 564

1713877080.2609274 10278806
cloud1_tkemenade 11236105068 157409 478

1713877080.361284 10278950
cloud0_tkemenade 11126819243 157376 564

1713877080.3616784 10278950
cloud1_tkemenade 11272057439 157469 478

1713877081.3642697 10280329
cloud0_tkemenade 11126819243 157976 564

1713877081.3648422 10280335
cloud1_tkemenade 11272057439 158071 478

1713877082.367491 10281710
cloud0_tkemenade 11126819243 158579 564

1713877082.3680425 10281710
cloud1_tkemenade 11272057439 158671 478

1713877083.3705003 10283114
cloud0_tkemenade 11126819243 159181 564

1713877083.3710327 10283114
cloud1_tkemenade 11272057439 159273 478

1713877084.3734026 10284503
cloud0_tkemenade 11126819243 159783 564

1713877084.3739305 10284503
cloud1_tkemenade 11272057439 159876 478

1713877085.3766322 10285885
cloud0_tkemenade 11126819243 160385 564

1713877085.37715 10285885
cloud1_tkemenade 11272057439 160478 478

1713877086.3793 10287254
cloud0_tkemenade 11126819243 160985 565

1713877086.3798165 10287254
cloud1_tkemenade 11272057439 161078 478

1713877087.3821075 10288680
cloud0_tkemenade 11126819243 161587 565

1713877087.3824165 10288680
cloud1_tkemenade 11272057439 161679 479

1713877087.5829508 10288970
cloud0_tkemenade 11162944413 161707 565

1713877087.5834317 10288970
cloud1_tkemenade 11308174247 161799 479

1713877088.5857534 10290336
cloud0_tkemenade 11162944413 162308 565

1713877088.5862343 10290336
cloud1_tkemenade 11308174247 162402 479

1713877089.5884752 10291715
cloud0_tkemenade 11162944413 162910 565

1713877089.588989 10291720
cloud1_tkemenade 11308174247 163004 479

1713877090.5911465 10293160
cloud0_tkemenade 11162944413 163509 565

1713877090.591446 10293160
cloud1_tkemenade 11308174247 163604 479

1713877091.5933247 10294819
cloud0_tkemenade 11162944413 164111 565

1713877091.5936148 10294819
cloud1_tkemenade 11308174247 164206 479

1713877092.600766 10296412
cloud0_tkemenade 11162944413 164711 565

1713877092.6010716 10296412
cloud1_tkemenade 11308174247 164809 479

1713877093.6039379 10298090
cloud0_tkemenade 11162944413 165306 567

1713877093.604231 10298090
cloud1_tkemenade 11308174247 165407 480

1713877094.6059206 10299702
cloud0_tkemenade 11162944413 165902 567

1713877094.6062396 10299702
cloud1_tkemenade 11308174247 166006 480

1713877094.7064502 10299864
cloud0_tkemenade 11200689097 165958 567

1713877094.7068248 10299864
cloud1_tkemenade 11345998994 166066 480

1713877095.7083662 10301412
cloud0_tkemenade 11200689097 166558 567

1713877095.7090194 10301418
cloud1_tkemenade 11345998994 166662 480

1713877096.7113645 10302792
cloud0_tkemenade 11200689097 167158 567

1713877096.7118692 10302792
cloud1_tkemenade 11345998994 167262 480

1713877097.7141395 10304228
cloud0_tkemenade 11200689097 167760 567

1713877097.7146451 10304228
cloud1_tkemenade 11345998994 167864 480

1713877098.7172925 10305607
cloud0_tkemenade 11200689097 168362 568

1713877098.717826 10305607
cloud1_tkemenade 11345998994 168466 480

1713877099.7202508 10307054
cloud0_tkemenade 11200689097 168961 568

1713877099.7205734 10307054
cloud1_tkemenade 11345998994 169065 480

1713877100.7230358 10308626
cloud0_tkemenade 11200689097 169564 568

1713877100.723372 10308626
cloud1_tkemenade 11345998994 169666 480

1713877101.7250504 10310216
cloud0_tkemenade 11200689097 170165 568

1713877101.725344 10310216
cloud1_tkemenade 11345998994 170267 480

1713877102.3266878 10311161
cloud0_tkemenade 11238101959 170525 568

1713877102.3270128 10311161
cloud1_tkemenade 11383411856 170624 481

1713877103.3289447 10312769
cloud0_tkemenade 11238101959 171126 568

1713877103.329272 10312769
cloud1_tkemenade 11383411856 171224 481

1713877104.330992 10314325
cloud0_tkemenade 11238101959 171720 574

1713877104.3313022 10314325
cloud1_tkemenade 11383411856 171823 481

1713877105.3334215 10315877
cloud0_tkemenade 11238101959 172321 575

1713877105.3339314 10315877
cloud1_tkemenade 11383411856 172425 481

1713877106.3359895 10317573
cloud0_tkemenade 11238101959 172920 575

1713877106.3362694 10317573
cloud1_tkemenade 11383411856 173020 481

1713877107.3385549 10319173
cloud0_tkemenade 11238101959 173522 576

1713877107.3390574 10319173
cloud1_tkemenade 11383411856 173611 481

1713877108.341768 10320640
cloud0_tkemenade 11238101959 174124 576

1713877108.3422537 10320640
cloud1_tkemenade 11383411856 174213 481

1713877108.4427009 10320789
cloud0_tkemenade 11277069096 174184 576

1713877108.443073 10320789
cloud1_tkemenade 11422155229 174273 481

1713877109.4453042 10322196
cloud0_tkemenade 11277069096 174786 577

1713877109.4456146 10322196
cloud1_tkemenade 11422155229 174875 482

1713877110.447533 10323966
cloud0_tkemenade 11277069096 175379 578

1713877110.4478242 10323966
cloud1_tkemenade 11422155229 175466 483

1713877111.4496732 10325809
cloud0_tkemenade 11277069096 175977 578

1713877111.4499655 10325809
cloud1_tkemenade 11422155229 176049 484

1713877112.4537828 10327676
cloud0_tkemenade 11277069096 176573 578

1713877112.45407 10327676
cloud1_tkemenade 11422155229 176617 484

1713877113.455931 10329538
cloud0_tkemenade 11277069096 177151 579

1713877113.45623 10329538
cloud1_tkemenade 11422155229 177194 484

1713877114.4580083 10331373
cloud0_tkemenade 11277069096 177743 579

1713877114.4582984 10331373
cloud1_tkemenade 11422155229 177784 485

1713877115.4612386 10333130
cloud0_tkemenade 11277069096 178327 579

1713877115.461524 10333130
cloud1_tkemenade 11422155229 178377 485

1713877116.4631958 10334616
cloud0_tkemenade 11277069096 178925 580

1713877116.4634848 10334616
cloud1_tkemenade 11422155229 178973 490

1713877117.4658098 10336064
cloud0_tkemenade 11277069096 179526 580

1713877117.4660878 10336064
cloud1_tkemenade 11422155229 179575 490

1713877118.4675868 10337443
cloud0_tkemenade 11277069096 180126 580

1713877118.467864 10337443
cloud1_tkemenade 11422155229 180175 490

1713877119.4692416 10338834
cloud0_tkemenade 11277069096 180728 580

1713877119.4695096 10338834
cloud1_tkemenade 11422155229 180778 490

