1713876310.922018 9418164
cloud0_tkemenade 6204328606 2935 360
cloud1_tkemenade 6389462948 2835 334

1713876311.9247358 9418726
cloud0_tkemenade 6204328606 3072 370

1713876311.9252563 9418726
cloud1_tkemenade 6389462948 2972 341

1713876312.9274044 9419698
cloud0_tkemenade 6204328606 3427 381

1713876312.9277284 9419698
cloud1_tkemenade 6389462948 3317 353

1713876313.1281502 9419996
cloud0_tkemenade 6208073265 3541 381

1713876313.128485 9419996
cloud1_tkemenade 6393170895 3430 358

1713876314.130522 9421469
cloud0_tkemenade 6208073265 4142 387

1713876314.1308131 9421469
cloud1_tkemenade 6393170895 4024 366

1713876315.1328278 9422954
cloud0_tkemenade 6208073265 4738 397

1713876315.1332283 9422954
cloud1_tkemenade 6393170895 4626 372

1713876316.1352484 9424442
cloud0_tkemenade 6208073265 5338 397

1713876316.1355677 9424442
cloud1_tkemenade 6393170895 5223 377

1713876317.1378603 9425897
cloud0_tkemenade 6208073265 5939 399

1713876317.1383946 9425897
cloud1_tkemenade 6393170895 5821 381

1713876318.140778 9427313
cloud0_tkemenade 6208073265 6541 399

1713876318.1410851 9427313
cloud1_tkemenade 6393170895 6424 381

1713876319.1430306 9428736
cloud0_tkemenade 6208073265 7119 410

1713876319.1433296 9428736
cloud1_tkemenade 6393170895 7023 381

1713876320.1452398 9430188
cloud0_tkemenade 6245301702 7705 413

1713876320.1455698 9430188
cloud1_tkemenade 6430506207 7616 381

1713876321.147456 9431588
cloud0_tkemenade 6245301702 8305 413

1713876321.1477463 9431588
cloud1_tkemenade 6430506207 8216 381

1713876322.149903 9432950
cloud0_tkemenade 6245301702 8907 413

1713876322.150214 9432950
cloud1_tkemenade 6430506207 8818 381

1713876323.1521902 9434320
cloud0_tkemenade 6245301702 9507 413

1713876323.1524854 9434320
cloud1_tkemenade 6430506207 9417 382

1713876324.1546354 9435702
cloud0_tkemenade 6245301702 10109 413

1713876324.1551478 9435702
cloud1_tkemenade 6430506207 10012 389

1713876325.157566 9437111
cloud0_tkemenade 6245301702 10710 414

1713876325.1578739 9437111
cloud1_tkemenade 6430506207 10615 389

1713876326.159937 9438523
cloud0_tkemenade 6245301702 11310 414

1713876326.1602764 9438523
cloud1_tkemenade 6430506207 11215 389

1713876327.162283 9439905
cloud0_tkemenade 6245301702 11912 414

1713876327.1625903 9439905
cloud1_tkemenade 6430506207 11813 389

1713876327.2629278 9440046
cloud0_tkemenade 6318933524 11972 414

1713876327.2632546 9440046
cloud1_tkemenade 6504077625 11872 389

1713876328.2655199 9441418
cloud0_tkemenade 6318933524 12574 414

1713876328.2660506 9441418
cloud1_tkemenade 6504077625 12467 389

1713876329.2682993 9442777
cloud0_tkemenade 6318933524 13169 419

1713876329.2685874 9442777
cloud1_tkemenade 6504077625 13067 390

1713876330.2706354 9444164
cloud0_tkemenade 6318933524 13772 419

1713876330.270975 9444164
cloud1_tkemenade 6504077625 13666 394

1713876331.273081 9445531
cloud0_tkemenade 6318933524 14374 419

1713876331.2733977 9445531
cloud1_tkemenade 6504077625 14263 399

1713876332.2754846 9446890
cloud0_tkemenade 6318933524 14974 419

1713876332.2760158 9446890
cloud1_tkemenade 6504077625 14862 399

1713876333.2781968 9448252
cloud0_tkemenade 6318933524 15576 420

1713876333.2784855 9448252
cloud1_tkemenade 6504077625 15450 414

1713876334.2816756 9449620
cloud0_tkemenade 6318933524 16177 420

1713876334.2820282 9449620
cloud1_tkemenade 6504077625 16045 415

1713876334.38244 9449757
cloud0_tkemenade 6392061672 16236 420

1713876334.382981 9449757
cloud1_tkemenade 6576947797 16100 416

1713876335.3851705 9451146
cloud0_tkemenade 6392061672 16839 420

1713876335.3856893 9451146
cloud1_tkemenade 6576947797 16697 422

1713876336.3881812 9452542
cloud0_tkemenade 6392061672 17439 420

1713876336.3886552 9452543
cloud1_tkemenade 6576947797 17298 423

1713876337.3910477 9453896
cloud0_tkemenade 6392061672 18041 420

1713876337.3915954 9453896
cloud1_tkemenade 6576947797 17894 426

1713876338.3937106 9455274
cloud0_tkemenade 6392061672 18644 420

1713876338.394041 9455274
cloud1_tkemenade 6576947797 18496 427

1713876339.396518 9456634
cloud0_tkemenade 6392061672 19245 421

1713876339.3970258 9456639
cloud1_tkemenade 6576947797 19096 429

1713876340.3994954 9458026
cloud0_tkemenade 6392061672 19845 421

1713876340.3998544 9458026
cloud1_tkemenade 6576947797 19695 430

1713876341.402052 9459408
cloud0_tkemenade 6464481205 20447 421

1713876341.4025311 9459408
cloud1_tkemenade 6649237933 20292 430

1713876342.404756 9460756
cloud0_tkemenade 6464481205 21049 421

1713876342.4052742 9460756
cloud1_tkemenade 6649237933 20894 430

1713876343.407802 9462127
cloud0_tkemenade 6464481205 21649 421

1713876343.4081461 9462127
cloud1_tkemenade 6649237933 21494 430

1713876344.4104748 9463511
cloud0_tkemenade 6464481205 22252 421

1713876344.4109974 9463511
cloud1_tkemenade 6649237933 22096 430

1713876345.4136631 9464906
cloud0_tkemenade 6464481205 22855 421

1713876345.4141886 9464906
cloud1_tkemenade 6649237933 22698 431

1713876346.416724 9466304
cloud0_tkemenade 6464481205 23457 421

1713876346.4172401 9466304
cloud1_tkemenade 6649237933 23300 431

1713876347.4196882 9467667
cloud0_tkemenade 6464481205 24057 421

1713876347.420082 9467667
cloud1_tkemenade 6649237933 23899 431

1713876348.4224205 9469072
cloud0_tkemenade 6464481205 24659 421

1713876348.4227333 9469072
cloud1_tkemenade 6649237933 24494 433

1713876348.5230274 9469216
cloud0_tkemenade 6537135256 24719 421

1713876348.5233488 9469216
cloud1_tkemenade 6721782671 24552 434

1713876349.5259347 9470715
cloud0_tkemenade 6537135256 25321 421

1713876349.526215 9470715
cloud1_tkemenade 6721782671 25152 434

1713876350.5282145 9472209
cloud0_tkemenade 6537135256 25921 422

1713876350.5287557 9472214
cloud1_tkemenade 6721782671 25753 436

1713876351.5312035 9473710
cloud0_tkemenade 6537135256 26523 422

1713876351.5317082 9473710
cloud1_tkemenade 6721782671 26352 436

1713876352.5344477 9475159
cloud0_tkemenade 6537135256 27125 422

1713876352.5349872 9475159
cloud1_tkemenade 6721782671 26954 436

1713876353.5374558 9476536
cloud0_tkemenade 6537135256 27727 422

1713876353.5379658 9476536
cloud1_tkemenade 6721782671 27556 437

1713876354.540316 9477940
cloud0_tkemenade 6537135256 28327 422

1713876354.5406754 9477946
cloud1_tkemenade 6721782671 28157 437

1713876355.5428083 9479351
cloud0_tkemenade 6611654226 28922 424

1713876355.5431921 9479351
cloud1_tkemenade 6796319393 28756 437

1713876356.545671 9480764
cloud0_tkemenade 6611654226 29521 425

1713876356.5460076 9480764
cloud1_tkemenade 6796319393 29358 438

1713876357.5483136 9482121
cloud0_tkemenade 6611654226 30123 425

1713876357.548858 9482127
cloud1_tkemenade 6796319393 29960 438

1713876358.551394 9483484
cloud0_tkemenade 6611654226 30723 425

1713876358.551879 9483484
cloud1_tkemenade 6796319393 30559 438

1713876359.5542865 9484861
cloud0_tkemenade 6611654226 31326 425

1713876359.554772 9484861
cloud1_tkemenade 6796319393 31162 438

1713876360.5572436 9486239
cloud0_tkemenade 6611654226 31928 425

1713876360.5577598 9486239
cloud1_tkemenade 6796319393 31764 438

1713876361.5602722 9487625
cloud0_tkemenade 6611654226 32528 425

1713876361.5608287 9487630
cloud1_tkemenade 6796319393 32366 438

1713876362.5698118 9488998
cloud0_tkemenade 6611654226 33129 426

1713876362.5736432 9489004
cloud1_tkemenade 6796319393 32973 438

1713876362.6748104 9489146
cloud0_tkemenade 6683801538 33191 426

1713876362.6750937 9489146
cloud1_tkemenade 6868644946 33032 438

1713876363.6766086 9490514
cloud0_tkemenade 6683801538 33792 426

1713876363.6768563 9490514
cloud1_tkemenade 6868644946 33629 439

1713876364.6781547 9491907
cloud0_tkemenade 6683801538 34392 426

1713876364.6784277 9491907
cloud1_tkemenade 6868644946 34229 439

1713876365.6797338 9493293
cloud0_tkemenade 6683801538 34991 426

1713876365.680012 9493293
cloud1_tkemenade 6868644946 34827 441

1713876366.681322 9494695
cloud0_tkemenade 6683801538 35594 426

1713876366.681607 9494695
cloud1_tkemenade 6868644946 35428 441

1713876367.682904 9496065
cloud0_tkemenade 6683801538 36193 427

1713876367.6831074 9496065
cloud1_tkemenade 6868644946 36027 441

1713876368.6844027 9497419
cloud0_tkemenade 6683801538 36793 427

1713876368.684662 9497419
cloud1_tkemenade 6868644946 36629 442

1713876369.685657 9498794
cloud0_tkemenade 6683801538 37396 427

1713876369.6859071 9498794
cloud1_tkemenade 6868644946 37222 443

1713876369.9873023 9499214
cloud0_tkemenade 6756508192 37575 427

1713876369.9877224 9499214
cloud1_tkemenade 6941053011 37399 443

1713876370.9896014 9500584
cloud0_tkemenade 6756508192 38177 427

1713876370.9898334 9500584
cloud1_tkemenade 6941053011 38000 444

1713876371.9918141 9501978
cloud0_tkemenade 6756508192 38777 427

1713876371.992328 9501978
cloud1_tkemenade 6941053011 38599 444

1713876372.9948018 9503336
cloud0_tkemenade 6756508192 39380 427

1713876372.995323 9503336
cloud1_tkemenade 6941053011 39201 444

1713876373.9978335 9504756
cloud0_tkemenade 6756508192 39982 427

1713876373.998333 9504756
cloud1_tkemenade 6941053011 39803 444

1713876375.0006716 9506130
cloud0_tkemenade 6756508192 40585 427

1713876375.0012057 9506130
cloud1_tkemenade 6941053011 40406 444

1713876376.003679 9507512
cloud0_tkemenade 6756508192 41183 428

1713876376.004198 9507512
cloud1_tkemenade 6941053011 41006 444

1713876377.0087993 9508900
cloud0_tkemenade 6756508192 41778 438

1713876377.0092576 9508900
cloud1_tkemenade 6941053011 41600 446

1713876377.1096761 9509034
cloud0_tkemenade 6829100090 41838 438

1713876377.1101966 9509034
cloud1_tkemenade 7013491461 41659 446

1713876378.1128018 9510388
cloud0_tkemenade 6829100090 42440 438

1713876378.1133003 9510388
cloud1_tkemenade 7013491461 42261 446

1713876379.1158128 9511756
cloud0_tkemenade 6829100090 43041 438

1713876379.1161544 9511756
cloud1_tkemenade 7013491461 42861 446

1713876380.1184528 9513140
cloud0_tkemenade 6829100090 43643 438

1713876380.1189902 9513140
cloud1_tkemenade 7013491461 43463 446

1713876381.12144 9514518
cloud0_tkemenade 6829100090 44245 438

1713876381.121968 9514518
cloud1_tkemenade 7013491461 44065 446

1713876382.1246698 9515920
cloud0_tkemenade 6829100090 44847 438

1713876382.125194 9515920
cloud1_tkemenade 7013491461 44667 447

1713876383.1278498 9517273
cloud0_tkemenade 6829100090 45448 438

1713876383.1283534 9517273
cloud1_tkemenade 7013491461 45267 447

1713876384.130928 9518642
cloud0_tkemenade 6829100090 46050 438

1713876384.1314614 9518642
cloud1_tkemenade 7013491461 45864 447

1713876384.231945 9518784
cloud0_tkemenade 6865192546 46109 439

1713876384.2323673 9518784
cloud1_tkemenade 7049542184 45923 447

1713876384.332831 9518928
cloud0_tkemenade 6901164902 46172 439

1713876384.3333464 9518928
cloud1_tkemenade 7085489508 45985 447

1713876385.3356729 9520304
cloud0_tkemenade 6901164902 46772 439

1713876385.3362188 9520304
cloud1_tkemenade 7085489508 46579 448

1713876386.338777 9521698
cloud0_tkemenade 6901164902 47374 439

1713876386.3392935 9521698
cloud1_tkemenade 7085489508 47181 448

1713876387.341738 9523072
cloud0_tkemenade 6901164902 47976 439

1713876387.3422487 9523072
cloud1_tkemenade 7085489508 47783 448

1713876388.3445837 9524430
cloud0_tkemenade 6901164902 48577 440

1713876388.3451219 9524430
cloud1_tkemenade 7085489508 48385 448

1713876389.3474936 9525797
cloud0_tkemenade 6901164902 49176 441

1713876389.3480263 9525797
cloud1_tkemenade 7085489508 48986 448

1713876390.3505776 9527182
cloud0_tkemenade 6901164902 49778 441

1713876390.351103 9527182
cloud1_tkemenade 7085489508 49588 448

1713876391.3534336 9528572
cloud0_tkemenade 6901164902 50379 441

1713876391.3538404 9528572
cloud1_tkemenade 7085489508 50185 449

1713876391.4542105 9528710
cloud0_tkemenade 6973528552 50438 442

1713876391.4545245 9528710
cloud1_tkemenade 7157627230 50244 449

1713876392.4567661 9530078
cloud0_tkemenade 6973528552 51040 442

1713876392.4572911 9530078
cloud1_tkemenade 7157627230 50842 449

1713876393.4597032 9531442
cloud0_tkemenade 6973528552 51640 442

1713876393.46021 9531442
cloud1_tkemenade 7157627230 51442 449

1713876394.4625547 9532836
cloud0_tkemenade 6973528552 52242 442

1713876394.4630795 9532836
cloud1_tkemenade 7157627230 52044 449

1713876395.4654534 9534245
cloud0_tkemenade 6973528552 52844 442

1713876395.4657848 9534245
cloud1_tkemenade 7157627230 52646 449

1713876396.4681127 9535636
cloud0_tkemenade 6973528552 53444 443

1713876396.4686167 9535636
cloud1_tkemenade 7157627230 53248 449

1713876397.4707334 9537016
cloud0_tkemenade 6973528552 54046 443

1713876397.471017 9537016
cloud1_tkemenade 7157627230 53847 449

1713876398.472811 9538362
cloud0_tkemenade 6973528552 54642 444

1713876398.4733164 9538362
cloud1_tkemenade 7157627230 54449 449

1713876398.5737872 9538502
cloud0_tkemenade 7045897828 54700 444

1713876398.5743117 9538502
cloud1_tkemenade 7229971005 54509 449

1713876399.5768337 9539856
cloud0_tkemenade 7045897828 55294 447

1713876399.5773335 9539856
cloud1_tkemenade 7229971005 55110 450

1713876400.5798862 9541222
cloud0_tkemenade 7045897828 55894 448

1713876400.5804164 9541222
cloud1_tkemenade 7229971005 55710 450

1713876401.5827892 9542603
cloud0_tkemenade 7045897828 56496 448

1713876401.583178 9542603
cloud1_tkemenade 7229971005 56312 450

1713876402.5853267 9543995
cloud0_tkemenade 7045897828 57099 448

1713876402.5858598 9543995
cloud1_tkemenade 7229971005 56915 450

1713876403.5883682 9545335
cloud0_tkemenade 7045897828 57699 450

1713876403.5888667 9545340
cloud1_tkemenade 7229971005 57517 450

1713876404.5911386 9546718
cloud0_tkemenade 7045897828 58298 450

1713876404.5916412 9546718
cloud1_tkemenade 7229971005 58116 450

1713876405.5939586 9548111
cloud0_tkemenade 7045897828 58899 451

1713876405.594451 9548111
cloud1_tkemenade 7229971005 58717 450

1713876405.6948807 9548255
cloud0_tkemenade 7081772057 58957 452

1713876405.6952121 9548255
cloud1_tkemenade 7265878676 58777 450

1713876405.795515 9548390
cloud0_tkemenade 7117806551 59017 452

1713876405.7958715 9548390
cloud1_tkemenade 7301963347 58837 450

1713876406.79818 9549775
cloud0_tkemenade 7117806551 59619 452

1713876406.7984953 9549775
cloud1_tkemenade 7301963347 59439 450

1713876407.800847 9551167
cloud0_tkemenade 7117806551 60221 453

1713876407.8011672 9551167
cloud1_tkemenade 7301963347 60041 450

1713876408.803727 9552511
cloud0_tkemenade 7117806551 60820 454

1713876408.8042412 9552511
cloud1_tkemenade 7301963347 60641 450

1713876409.8074193 9553873
cloud0_tkemenade 7117806551 61422 454

1713876409.8079414 9553873
cloud1_tkemenade 7301963347 61243 450

1713876410.8103192 9555238
cloud0_tkemenade 7117806551 62024 454

1713876410.810823 9555238
cloud1_tkemenade 7301963347 61845 450

1713876411.8132956 9556610
cloud0_tkemenade 7117806551 62626 454

1713876411.8136184 9556610
cloud1_tkemenade 7301963347 62447 450

1713876412.816106 9557980
cloud0_tkemenade 7189972309 63225 454

1713876412.8164363 9557980
cloud1_tkemenade 7373991756 63036 451

1713876413.8188102 9559346
cloud0_tkemenade 7189972309 63827 454

1713876413.8191159 9559346
cloud1_tkemenade 7373991756 63637 451

1713876414.8215559 9560732
cloud0_tkemenade 7189972309 64429 454

1713876414.8220863 9560732
cloud1_tkemenade 7373991756 64239 451

1713876415.8245127 9562127
cloud0_tkemenade 7189972309 65032 454

1713876415.825056 9562132
cloud1_tkemenade 7373991756 64841 451

1713876416.8273647 9563544
cloud0_tkemenade 7189972309 65631 454

1713876416.8279443 9563544
cloud1_tkemenade 7373991756 65441 451

1713876417.8306081 9564924
cloud0_tkemenade 7189972309 66233 454

1713876417.8309505 9564924
cloud1_tkemenade 7373991756 66043 451

1713876418.8334537 9566286
cloud0_tkemenade 7189972309 66835 455

1713876418.8339853 9566286
cloud1_tkemenade 7373991756 66645 451

1713876419.836408 9567667
cloud0_tkemenade 7189972309 67437 455

1713876419.8369598 9567673
cloud1_tkemenade 7373991756 67242 451

1713876419.9374056 9567816
cloud0_tkemenade 7261914533 67497 455

1713876419.9378471 9567816
cloud1_tkemenade 7445784229 67301 451

1713876420.9403353 9569192
cloud0_tkemenade 7261914533 68099 455

1713876420.9409096 9569198
cloud1_tkemenade 7445784229 67898 452

1713876421.9433546 9570582
cloud0_tkemenade 7261914533 68699 455

1713876421.9438715 9570582
cloud1_tkemenade 7445784229 68497 452

1713876422.946283 9571967
cloud0_tkemenade 7261914533 69301 456

1713876422.9467936 9571967
cloud1_tkemenade 7445784229 69099 452

1713876423.9493284 9573383
cloud0_tkemenade 7261914533 69903 456

1713876423.9498434 9573383
cloud1_tkemenade 7445784229 69701 453

1713876424.952191 9574769
cloud0_tkemenade 7261914533 70503 456

1713876424.9527512 9574775
cloud1_tkemenade 7445784229 70302 453

1713876425.9551313 9576180
cloud0_tkemenade 7261914533 71105 456

1713876425.9556565 9576180
cloud1_tkemenade 7445784229 70902 453

1713876426.9582064 9577553
cloud0_tkemenade 7261914533 71708 456

1713876426.9587057 9577553
cloud1_tkemenade 7445784229 71500 454

1713876427.2595541 9577970
cloud0_tkemenade 7333737152 71888 456

1713876427.2599235 9577970
cloud1_tkemenade 7517442582 71680 454

1713876428.262285 9579334
cloud0_tkemenade 7333737152 72490 456

1713876428.2628138 9579334
cloud1_tkemenade 7517442582 72282 454

1713876429.2652292 9580704
cloud0_tkemenade 7333737152 73091 456

1713876429.2657533 9580704
cloud1_tkemenade 7517442582 72884 454

1713876430.2683148 9582069
cloud0_tkemenade 7333737152 73694 456

1713876430.268885 9582075
cloud1_tkemenade 7517442582 73486 454

1713876431.2710674 9583440
cloud0_tkemenade 7333737152 74294 456

1713876431.2715664 9583440
cloud1_tkemenade 7517442582 74085 454

1713876432.2738006 9584813
cloud0_tkemenade 7333737152 74896 457

1713876432.274267 9584813
cloud1_tkemenade 7517442582 74687 454

1713876433.2763495 9586195
cloud0_tkemenade 7333737152 75496 457

1713876433.2766676 9586195
cloud1_tkemenade 7517442582 75289 454

1713876434.278792 9587560
cloud0_tkemenade 7333737152 76098 457

1713876434.2792609 9587560
cloud1_tkemenade 7517442582 75889 454

1713876434.3797224 9587699
cloud0_tkemenade 7406417851 76158 457

1713876434.3800974 9587699
cloud1_tkemenade 7590080585 75949 454

1713876435.3820806 9589083
cloud0_tkemenade 7406417851 76761 457

1713876435.382577 9589083
cloud1_tkemenade 7590080585 76551 454

1713876436.38495 9590455
cloud0_tkemenade 7406417851 77362 457

1713876436.385453 9590455
cloud1_tkemenade 7590080585 77154 454

1713876437.3878758 9591818
cloud0_tkemenade 7406417851 77962 457

1713876437.3883858 9591818
cloud1_tkemenade 7590080585 77753 455

1713876438.3905616 9593191
cloud0_tkemenade 7406417851 78564 457

1713876438.3908818 9593191
cloud1_tkemenade 7590080585 78355 455

1713876439.3930504 9594561
cloud0_tkemenade 7406417851 79167 457

1713876439.3933623 9594561
cloud1_tkemenade 7590080585 78958 455

1713876440.3951993 9595920
cloud0_tkemenade 7406417851 79767 457

1713876440.3956232 9595920
cloud1_tkemenade 7590080585 79557 455

1713876441.3972836 9597298
cloud0_tkemenade 7406417851 80369 457

1713876441.3977659 9597298
cloud1_tkemenade 7590080585 80160 455

1713876441.598324 9597578
cloud0_tkemenade 7478848851 80489 457

1713876441.5988033 9597578
cloud1_tkemenade 7662528366 80279 455

1713876442.6005924 9599014
cloud0_tkemenade 7478848851 81086 457

1713876442.6009042 9599014
cloud1_tkemenade 7662528366 80881 455

1713876443.6073642 9600619
cloud0_tkemenade 7478848851 81686 458

1713876443.6076946 9600619
cloud1_tkemenade 7662528366 81478 455

1713876444.6109922 9602224
cloud0_tkemenade 7478848851 82288 458

1713876444.6113377 9602224
cloud1_tkemenade 7662528366 82079 455

1713876445.61389 9603890
cloud0_tkemenade 7478848851 82889 458

1713876445.6141834 9603890
cloud1_tkemenade 7662528366 82681 455

1713876446.6188304 9605529
cloud0_tkemenade 7478848851 83486 458

1713876446.6191325 9605529
cloud1_tkemenade 7662528366 83276 456

1713876447.627179 9607098
cloud0_tkemenade 7478848851 84084 458

1713876447.6276453 9607098
cloud1_tkemenade 7662528366 83876 457

1713876448.6300719 9608510
cloud0_tkemenade 7555276404 84684 459

1713876448.6305096 9608510
cloud1_tkemenade 7738991897 84475 457

1713876449.6327667 9610033
cloud0_tkemenade 7555276404 85285 459

1713876449.633065 9610033
cloud1_tkemenade 7738991897 85077 457

1713876450.6350188 9611631
cloud0_tkemenade 7555276404 85885 459

1713876450.6353285 9611631
cloud1_tkemenade 7738991897 85677 457

1713876451.6372323 9613258
cloud0_tkemenade 7555276404 86487 459

1713876451.6375282 9613258
cloud1_tkemenade 7738991897 86279 457

1713876452.640987 9614903
cloud0_tkemenade 7555276404 87090 459

1713876452.6412864 9614903
cloud1_tkemenade 7738991897 86881 457

1713876453.643261 9616496
cloud0_tkemenade 7555276404 87689 459

1713876453.6435513 9616496
cloud1_tkemenade 7738991897 87481 457

1713876454.6454484 9618091
cloud0_tkemenade 7555276404 88291 459

1713876454.6457303 9618091
cloud1_tkemenade 7738991897 88083 457

1713876455.647522 9619710
cloud0_tkemenade 7555276404 88889 460

1713876455.647912 9619710
cloud1_tkemenade 7738991897 88677 458

1713876455.7482948 9619874
cloud0_tkemenade 7630268573 88948 460

1713876455.7485986 9619874
cloud1_tkemenade 7813869212 88733 458

1713876456.7505476 9621608
cloud0_tkemenade 7630268573 89544 460

1713876456.7508252 9621608
cloud1_tkemenade 7813869212 89323 458

1713876457.7527936 9623125
cloud0_tkemenade 7630268573 90145 460

1713876457.7531161 9623125
cloud1_tkemenade 7813869212 89923 458

1713876458.7551272 9624919
cloud0_tkemenade 7630268573 90733 461

1713876458.7554247 9624919
cloud1_tkemenade 7813869212 90513 459

1713876459.757431 9626752
cloud0_tkemenade 7630268573 91310 461

1713876459.7577403 9626752
cloud1_tkemenade 7813869212 91098 467

1713876460.759692 9628606
cloud0_tkemenade 7630268573 91903 461

1713876460.759982 9628606
cloud1_tkemenade 7813869212 91685 467

1713876461.7618883 9630455
cloud0_tkemenade 7630268573 92480 462

1713876461.76218 9630455
cloud1_tkemenade 7813869212 92267 467

1713876462.7641318 9632212
cloud0_tkemenade 7630268573 93071 463

1713876462.7644184 9632212
cloud1_tkemenade 7813869212 92845 469

1713876462.965162 9632578
cloud0_tkemenade 7710596870 93185 463

1713876462.9654624 9632578
cloud1_tkemenade 7894131127 92961 469

1713876463.9700994 9634237
cloud0_tkemenade 7710596870 93778 463

1713876463.9704554 9634237
cloud1_tkemenade 7894131127 93546 470

1713876464.9731147 9635643
cloud0_tkemenade 7710596870 94380 463

1713876464.97365 9635643
cloud1_tkemenade 7894131127 94148 471

1713876465.9764683 9637052
cloud0_tkemenade 7710596870 94982 463

1713876465.9770212 9637058
cloud1_tkemenade 7894131127 94750 471

1713876466.9796119 9638430
cloud0_tkemenade 7710596870 95581 464

1713876466.9801245 9638430
cloud1_tkemenade 7894131127 95350 471

1713876467.9825964 9639815
cloud0_tkemenade 7710596870 96182 465

1713876467.9831355 9639815
cloud1_tkemenade 7894131127 95952 471

1713876468.9855483 9641196
cloud0_tkemenade 7710596870 96784 465

1713876468.986026 9641196
cloud1_tkemenade 7894131127 96554 471

1713876469.9880245 9642585
cloud0_tkemenade 7710596870 97383 465

1713876469.9883223 9642585
cloud1_tkemenade 7894131127 97154 471

1713876470.0886111 9642725
cloud0_tkemenade 7783644913 97446 465

1713876470.0889103 9642725
cloud1_tkemenade 7967058927 97216 471

1713876471.0911071 9644098
cloud0_tkemenade 7783644913 98045 466

1713876471.091633 9644098
cloud1_tkemenade 7967058927 97816 471

1713876472.0940444 9645475
cloud0_tkemenade 7783644913 98648 466

1713876472.0945578 9645475
cloud1_tkemenade 7967058927 98418 472

1713876473.097208 9646855
cloud0_tkemenade 7783644913 99249 466

1713876473.0977101 9646855
cloud1_tkemenade 7967058927 99020 472

1713876474.1002707 9648304
cloud0_tkemenade 7783644913 99849 466

1713876474.1007543 9648311
cloud1_tkemenade 7967058927 99621 472

1713876475.103397 9649709
cloud0_tkemenade 7783644913 100452 466

1713876475.1039188 9649709
cloud1_tkemenade 7967058927 100221 472

1713876476.1062398 9651094
cloud0_tkemenade 7783644913 101050 470

1713876476.10675 9651094
cloud1_tkemenade 7967058927 100823 472

1713876477.1091151 9652477
cloud0_tkemenade 7783644913 101652 470

1713876477.1096141 9652477
cloud1_tkemenade 7967058927 101426 472

1713876477.311053 9652760
cloud0_tkemenade 7856106965 101771 470

1713876477.311478 9652760
cloud1_tkemenade 8039571314 101545 472

1713876478.3138208 9654132
cloud0_tkemenade 7856106965 102373 470

1713876478.314337 9654132
cloud1_tkemenade 8039571314 102147 472

1713876479.3169696 9655515
cloud0_tkemenade 7856106965 102975 470

1713876479.317488 9655515
cloud1_tkemenade 8039571314 102749 472

1713876480.319989 9656913
cloud0_tkemenade 7856106965 103575 470

1713876480.320592 9656913
cloud1_tkemenade 8039571314 103351 472

1713876481.3231566 9658381
cloud0_tkemenade 7856106965 104178 470

1713876481.3234794 9658381
cloud1_tkemenade 8039571314 103951 472

1713876482.3263795 9659754
cloud0_tkemenade 7856106965 104780 470

1713876482.326825 9659754
cloud1_tkemenade 8039571314 104553 472

1713876483.3289592 9661207
cloud0_tkemenade 7856106965 105382 470

1713876483.3294158 9661207
cloud1_tkemenade 8039571314 105154 472

1713876484.331247 9662604
cloud0_tkemenade 7856106965 105981 470

1713876484.3315105 9662604
cloud1_tkemenade 8039571314 105752 472

1713876484.432309 9662753
cloud0_tkemenade 7928389606 106038 470

1713876484.432828 9662759
cloud1_tkemenade 8111795190 105812 472

1713876485.4352837 9664144
cloud0_tkemenade 7928389606 106637 470

1713876485.4358187 9664144
cloud1_tkemenade 8111795190 106412 472

1713876486.438408 9665756
cloud0_tkemenade 7928389606 107239 470

1713876486.4387271 9665756
cloud1_tkemenade 8111795190 107013 472

1713876487.4408622 9667341
cloud0_tkemenade 7928389606 107841 470

1713876487.4412477 9667341
cloud1_tkemenade 8111795190 107614 472

1713876488.4434955 9668935
cloud0_tkemenade 7928389606 108441 470

1713876488.4438264 9668935
cloud1_tkemenade 8111795190 108213 472

1713876489.4459014 9670573
cloud0_tkemenade 7928389606 109041 470

1713876489.4463975 9670573
cloud1_tkemenade 8111795190 108812 473

1713876490.4488351 9672184
cloud0_tkemenade 7928389606 109643 470

1713876490.4491742 9672184
cloud1_tkemenade 8111795190 109410 473

1713876491.4516134 9673730
cloud0_tkemenade 8003829653 110236 470

1713876491.45194 9673730
cloud1_tkemenade 8187127235 110003 474

1713876492.454225 9675161
cloud0_tkemenade 8003829653 110837 470

1713876492.4545634 9675161
cloud1_tkemenade 8187127235 110605 474

1713876493.456527 9676678
cloud0_tkemenade 8003829653 111434 472

1713876493.4570682 9676683
cloud1_tkemenade 8187127235 111207 474

1713876494.459361 9678178
cloud0_tkemenade 8003829653 112034 472

1713876494.459698 9678178
cloud1_tkemenade 8187127235 111807 474

1713876495.4617324 9679766
cloud0_tkemenade 8003829653 112637 472

1713876495.4620404 9679766
cloud1_tkemenade 8187127235 112408 474

1713876496.463847 9681342
cloud0_tkemenade 8003829653 113236 472

1713876496.4641182 9681342
cloud1_tkemenade 8187127235 113008 474

1713876497.4662364 9682905
cloud0_tkemenade 8003829653 113838 472

1713876497.4665906 9682905
cloud1_tkemenade 8187127235 113611 474

1713876498.4689364 9684284
cloud0_tkemenade 8003829653 114440 472

1713876498.4694586 9684284
cloud1_tkemenade 8187127235 114213 474

1713876498.670967 9684562
cloud0_tkemenade 8079523093 114560 472

1713876498.67145 9684562
cloud1_tkemenade 8262934869 114332 474

1713876499.673802 9685954
cloud0_tkemenade 8079523093 115162 472

1713876499.674326 9685954
cloud1_tkemenade 8262934869 114933 474

1713876500.6769495 9687346
cloud0_tkemenade 8079523093 115764 472

1713876500.677474 9687346
cloud1_tkemenade 8262934869 115535 474

1713876501.6799202 9688755
cloud0_tkemenade 8079523093 116364 472

1713876501.6802428 9688755
cloud1_tkemenade 8262934869 116134 475

1713876502.6823542 9690165
cloud0_tkemenade 8079523093 116965 472

1713876502.6828535 9690165
cloud1_tkemenade 8262934869 116737 475

1713876503.6852376 9691557
cloud0_tkemenade 8079523093 117568 472

1713876503.6857321 9691557
cloud1_tkemenade 8262934869 117339 475

1713876504.6881173 9692950
cloud0_tkemenade 8079523093 118168 472

1713876504.6886249 9692950
cloud1_tkemenade 8262934869 117941 475

1713876505.694884 9694338
cloud0_tkemenade 8079523093 118772 472

1713876505.6953616 9694338
cloud1_tkemenade 8262934869 118542 475

1713876505.7958522 9694475
cloud0_tkemenade 8152567329 118832 472

1713876505.796376 9694475
cloud1_tkemenade 8335927762 118601 475

1713876506.7987316 9695855
cloud0_tkemenade 8152567329 119435 472

1713876506.7990813 9695855
cloud1_tkemenade 8335927762 119203 475

1713876507.8013887 9697232
cloud0_tkemenade 8152567329 120037 472

1713876507.8017344 9697232
cloud1_tkemenade 8335927762 119806 475

1713876508.804207 9698609
cloud0_tkemenade 8152567329 120637 472

1713876508.8047438 9698615
cloud1_tkemenade 8335927762 120408 475

1713876509.8071804 9699977
cloud0_tkemenade 8152567329 121239 472

1713876509.8077047 9699977
cloud1_tkemenade 8335927762 121008 475

1713876510.8113573 9701353
cloud0_tkemenade 8152567329 121841 472

1713876510.8118887 9701353
cloud1_tkemenade 8335927762 121610 475

1713876511.8144414 9702734
cloud0_tkemenade 8152567329 122443 472

1713876511.8147578 9702734
cloud1_tkemenade 8335927762 122212 475

1713876512.8172736 9704092
cloud0_tkemenade 8152567329 123045 472

1713876512.8176353 9704092
cloud1_tkemenade 8335927762 122815 475

1713876512.917999 9704239
cloud0_tkemenade 8224677905 123103 473

1713876512.9183173 9704239
cloud1_tkemenade 8408055046 122874 475

1713876513.9206846 9705631
cloud0_tkemenade 8224677905 123705 473

1713876513.921236 9705631
cloud1_tkemenade 8408055046 123476 475

1713876514.9237318 9707002
cloud0_tkemenade 8224677905 124305 473

1713876514.924288 9707002
cloud1_tkemenade 8408055046 124075 475

1713876515.9268024 9708420
cloud0_tkemenade 8224677905 124907 473

1713876515.9273252 9708420
cloud1_tkemenade 8408055046 124678 475

1713876516.9298592 9709812
cloud0_tkemenade 8224677905 125509 473

1713876516.9303825 9709812
cloud1_tkemenade 8408055046 125280 475

1713876517.9330385 9711198
cloud0_tkemenade 8224677905 126111 473

1713876517.9333563 9711198
cloud1_tkemenade 8408055046 125882 475

1713876518.9358282 9712575
cloud0_tkemenade 8224677905 126710 473

1713876518.9363465 9712575
cloud1_tkemenade 8408055046 126482 475

1713876519.9397078 9713964
cloud0_tkemenade 8224677905 127312 473

1713876519.9402092 9713964
cloud1_tkemenade 8408055046 127085 475

1713876520.1407492 9714250
cloud0_tkemenade 8296399121 127434 473

1713876520.141015 9714250
cloud1_tkemenade 8479809541 127207 475

1713876521.142801 9715627
cloud0_tkemenade 8296399121 128034 473

1713876521.1430779 9715627
cloud1_tkemenade 8479809541 127807 475

1713876522.1449995 9716991
cloud0_tkemenade 8296399121 128636 473

1713876522.1454847 9716991
cloud1_tkemenade 8479809541 128409 475

1713876523.147411 9718378
cloud0_tkemenade 8296399121 129236 473

1713876523.1477175 9718378
cloud1_tkemenade 8479809541 129009 475

1713876524.148766 9719750
cloud0_tkemenade 8296399121 129838 473

1713876524.149029 9719750
cloud1_tkemenade 8479809541 129612 475

1713876525.1504745 9721139
cloud0_tkemenade 8296399121 130437 474

1713876525.1507366 9721139
cloud1_tkemenade 8479809541 130211 476

1713876526.1523938 9722526
cloud0_tkemenade 8296399121 131039 474

1713876526.1529224 9722531
cloud1_tkemenade 8479809541 130814 476

1713876527.154764 9723906
cloud0_tkemenade 8368223986 131639 474

1713876527.1551514 9723906
cloud1_tkemenade 8551685562 131413 476

1713876528.1564264 9725293
cloud0_tkemenade 8368223986 132238 475

1713876528.1567552 9725300
cloud1_tkemenade 8551685562 132015 476

1713876529.1588767 9726680
cloud0_tkemenade 8368223986 132840 475

1713876529.1593707 9726680
cloud1_tkemenade 8551685562 132615 476

1713876530.1616197 9728054
cloud0_tkemenade 8368223986 133442 475

1713876530.1621149 9728054
cloud1_tkemenade 8551685562 133217 476

1713876531.1644075 9729454
cloud0_tkemenade 8368223986 134045 475

1713876531.164925 9729460
cloud1_tkemenade 8551685562 133818 477

1713876532.16726 9730816
cloud0_tkemenade 8368223986 134644 475

1713876532.1677394 9730816
cloud1_tkemenade 8551685562 134418 478

1713876533.1698895 9732194
cloud0_tkemenade 8368223986 135246 475

1713876533.1703658 9732194
cloud1_tkemenade 8551685562 135020 478

1713876534.1719537 9733578
cloud0_tkemenade 8368223986 135845 475

1713876534.1724443 9733578
cloud1_tkemenade 8551685562 135620 478

1713876534.3730364 9733866
cloud0_tkemenade 8440001908 135967 475

1713876534.3733644 9733866
cloud1_tkemenade 8623513444 135742 478

1713876535.375747 9735254
cloud0_tkemenade 8440001908 136567 475

1713876535.3762116 9735254
cloud1_tkemenade 8623513444 136342 478

1713876536.37808 9736646
cloud0_tkemenade 8440001908 137169 476

1713876536.378366 9736646
cloud1_tkemenade 8623513444 136944 478

1713876537.3806565 9738042
cloud0_tkemenade 8440001908 137770 477

1713876537.381158 9738042
cloud1_tkemenade 8623513444 137546 479

1713876538.3832881 9739425
cloud0_tkemenade 8440001908 138370 477

1713876538.3835828 9739425
cloud1_tkemenade 8623513444 138146 479

1713876539.3855424 9740804
cloud0_tkemenade 8440001908 138973 477

1713876539.3859982 9740804
cloud1_tkemenade 8623513444 138748 479

1713876540.388309 9742187
cloud0_tkemenade 8440001908 139572 477

1713876540.3888102 9742194
cloud1_tkemenade 8623513444 139350 479

1713876541.390698 9743598
cloud0_tkemenade 8440001908 140175 477

1713876541.391101 9743598
cloud1_tkemenade 8623513444 139950 479

1713876541.4914086 9743734
cloud0_tkemenade 8511916023 140235 477

1713876541.49182 9743734
cloud1_tkemenade 8695385315 140010 479

1713876542.4933355 9745102
cloud0_tkemenade 8511916023 140836 477

1713876542.4938245 9745102
cloud1_tkemenade 8695385315 140613 479

1713876543.495991 9746510
cloud0_tkemenade 8511916023 141435 478

1713876543.4963293 9746510
cloud1_tkemenade 8695385315 141212 479

1713876544.498594 9747902
cloud0_tkemenade 8511916023 142037 478

1713876544.4990928 9747902
cloud1_tkemenade 8695385315 141815 479

1713876545.5012784 9749308
cloud0_tkemenade 8511916023 142639 478

1713876545.5015585 9749308
cloud1_tkemenade 8695385315 142417 479

1713876546.5031826 9750696
cloud0_tkemenade 8511916023 143239 478

1713876546.5034494 9750696
cloud1_tkemenade 8695385315 143017 479

1713876547.5054183 9752082
cloud0_tkemenade 8511916023 143841 478

1713876547.505726 9752082
cloud1_tkemenade 8695385315 143618 480

1713876548.5125694 9753442
cloud0_tkemenade 8511916023 144440 478

1713876548.5129912 9753448
cloud1_tkemenade 8695385315 144223 480

1713876548.613346 9753594
cloud0_tkemenade 8583695989 144500 478

1713876548.6138709 9753594
cloud1_tkemenade 8767283508 144283 480

1713876549.6160345 9754969
cloud0_tkemenade 8583695989 145098 478

1713876549.6165223 9754969
cloud1_tkemenade 8767283508 144879 480

1713876550.6186688 9756349
cloud0_tkemenade 8583695989 145701 478

1713876550.6191533 9756349
cloud1_tkemenade 8767283508 145481 480

1713876551.621264 9757743
cloud0_tkemenade 8583695989 146303 478

1713876551.6215754 9757743
cloud1_tkemenade 8767283508 146083 481

1713876552.6241941 9759115
cloud0_tkemenade 8583695989 146903 478

1713876552.6247404 9759121
cloud1_tkemenade 8767283508 146685 481

1713876553.6270807 9760490
cloud0_tkemenade 8583695989 147505 478

1713876553.627364 9760490
cloud1_tkemenade 8767283508 147285 481

1713876554.6292207 9761864
cloud0_tkemenade 8583695989 148106 478

1713876554.629494 9761864
cloud1_tkemenade 8767283508 147887 481

1713876555.631197 9763251
cloud0_tkemenade 8583695989 148706 478

1713876555.6316984 9763251
cloud1_tkemenade 8767283508 148483 482

1713876555.7321048 9763390
cloud0_tkemenade 8619996033 148765 478

1713876555.7325425 9763390
cloud1_tkemenade 8803575172 148545 482

1713876555.832946 9763531
cloud0_tkemenade 8656248834 148827 478

1713876555.833355 9763531
cloud1_tkemenade 8839786057 148605 482

1713876556.8357751 9764920
cloud0_tkemenade 8656248834 149427 478

1713876556.836105 9764920
cloud1_tkemenade 8839786057 149205 482

1713876557.8381865 9766301
cloud0_tkemenade 8656248834 150030 478

1713876557.8385227 9766301
cloud1_tkemenade 8839786057 149807 482

1713876558.840521 9767676
cloud0_tkemenade 8656248834 150632 479

1713876558.8408396 9767681
cloud1_tkemenade 8839786057 150410 482

1713876559.8427413 9769073
cloud0_tkemenade 8656248834 151232 479

1713876559.8430235 9769073
cloud1_tkemenade 8839786057 151009 482

1713876560.8447678 9770429
cloud0_tkemenade 8656248834 151834 479

1713876560.845051 9770429
cloud1_tkemenade 8839786057 151612 482

1713876561.8470554 9771807
cloud0_tkemenade 8656248834 152434 479

1713876561.8475266 9771807
cloud1_tkemenade 8839786057 152211 483

1713876562.8495274 9773195
cloud0_tkemenade 8728631902 153034 479

1713876562.8498244 9773195
cloud1_tkemenade 8912169128 152813 483

1713876563.8520837 9774589
cloud0_tkemenade 8728631902 153634 479

1713876563.8525896 9774589
cloud1_tkemenade 8912169128 153416 483

1713876564.8553774 9775982
cloud0_tkemenade 8728631902 154236 479

1713876564.8559127 9775982
cloud1_tkemenade 8912169128 154015 483

1713876565.8585682 9777360
cloud0_tkemenade 8728631902 154838 479

1713876565.8590918 9777360
cloud1_tkemenade 8912169128 154618 483

1713876566.8616574 9778731
cloud0_tkemenade 8728631902 155441 479

1713876566.8619692 9778731
cloud1_tkemenade 8912169128 155220 483

1713876567.864478 9780124
cloud0_tkemenade 8728631902 156043 479

1713876567.8649318 9780129
cloud1_tkemenade 8912169128 155823 483

1713876568.867352 9781493
cloud0_tkemenade 8728631902 156643 479

1713876568.8678339 9781493
cloud1_tkemenade 8912169128 156422 483

1713876569.8752291 9782899
cloud0_tkemenade 8728631902 157248 479

1713876569.8755617 9782899
cloud1_tkemenade 8912169128 157027 483

1713876569.9759328 9783037
cloud0_tkemenade 8800919214 157308 479

1713876569.976324 9783037
cloud1_tkemenade 8984481883 157087 483

1713876570.978981 9784393
cloud0_tkemenade 8800919214 157910 479

1713876570.979527 9784393
cloud1_tkemenade 8984481883 157685 487

1713876571.9819899 9785755
cloud0_tkemenade 8800919214 158512 479

1713876571.9824986 9785755
cloud1_tkemenade 8984481883 158287 487

1713876572.9853559 9787139
cloud0_tkemenade 8800919214 159113 480

1713876572.9858716 9787139
cloud1_tkemenade 8984481883 158889 487

1713876573.988458 9788521
cloud0_tkemenade 8800919214 159716 480

1713876573.9888005 9788527
cloud1_tkemenade 8984481883 159491 488

1713876574.9910796 9789909
cloud0_tkemenade 8800919214 160316 480

1713876574.991576 9789909
cloud1_tkemenade 8984481883 160091 488

1713876575.9941084 9791281
cloud0_tkemenade 8800919214 160918 480

1713876575.9946272 9791281
cloud1_tkemenade 8984481883 160693 488

1713876576.9971101 9792660
cloud0_tkemenade 8800919214 161521 480

1713876576.9974148 9792660
cloud1_tkemenade 8984481883 161293 489

1713876577.297924 9793094
cloud0_tkemenade 8873097388 161701 480

1713876577.2982929 9793094
cloud1_tkemenade 9056627162 161472 489

1713876578.3000815 9794452
cloud0_tkemenade 8873097388 162301 480

1713876578.3003695 9794452
cloud1_tkemenade 9056627162 162072 489

1713876579.302164 9795841
cloud0_tkemenade 8873097388 162903 480

1713876579.3024516 9795841
cloud1_tkemenade 9056627162 162674 489

1713876580.304716 9797220
cloud0_tkemenade 8873097388 163505 480

1713876580.3052213 9797220
cloud1_tkemenade 9056627162 163277 489

1713876581.3072507 9798598
cloud0_tkemenade 8873097388 164105 480

1713876581.3075376 9798598
cloud1_tkemenade 9056627162 163876 490

1713876582.3096101 9799966
cloud0_tkemenade 8873097388 164707 480

1713876582.31013 9799966
cloud1_tkemenade 9056627162 164478 490

1713876583.3126442 9801368
cloud0_tkemenade 8873097388 165309 480

1713876583.3131626 9801368
cloud1_tkemenade 9056627162 165081 490

1713876584.315296 9802755
cloud0_tkemenade 8873097388 165909 480

1713876584.3156204 9802755
cloud1_tkemenade 9056627162 165680 490

1713876584.4159186 9802894
cloud0_tkemenade 8909014820 165969 480

1713876584.416239 9802894
cloud1_tkemenade 9092544594 165740 490

1713876584.5165765 9803030
cloud0_tkemenade 8944883381 166031 480

1713876584.5169337 9803034
cloud1_tkemenade 9128413155 165802 490

1713876585.5186567 9804421
cloud0_tkemenade 8944883381 166631 480

1713876585.5189555 9804421
cloud1_tkemenade 9128413155 166402 491

1713876586.5214367 9805807
cloud0_tkemenade 8944883381 167234 480

1713876586.521936 9805807
cloud1_tkemenade 9128413155 167004 491

1713876587.5244722 9807192
cloud0_tkemenade 8944883381 167836 480

1713876587.525016 9807198
cloud1_tkemenade 9128413155 167606 491

1713876588.52728 9808561
cloud0_tkemenade 8944883381 168436 480

1713876588.5278115 9808561
cloud1_tkemenade 9128413155 168205 491

1713876589.530301 9809946
cloud0_tkemenade 8944883381 169039 480

1713876589.5308166 9809946
cloud1_tkemenade 9128413155 168807 492

1713876590.533159 9811323
cloud0_tkemenade 8944883381 169641 480

1713876590.533684 9811323
cloud1_tkemenade 9128413155 169410 492

1713876591.535965 9812682
cloud0_tkemenade 8944883381 170241 480

1713876591.5364888 9812682
cloud1_tkemenade 9128413155 170007 493

1713876591.6369495 9812832
cloud0_tkemenade 9016939808 170303 480

1713876591.6372826 9812832
cloud1_tkemenade 9200394446 170069 493

1713876592.6389804 9814188
cloud0_tkemenade 9016939808 170903 480

1713876592.6394784 9814188
cloud1_tkemenade 9200394446 170669 493

1713876593.6417184 9815570
cloud0_tkemenade 9016939808 171506 480

1713876593.6419904 9815570
cloud1_tkemenade 9200394446 171272 493

1713876594.6440969 9816953
cloud0_tkemenade 9016939808 172106 480

1713876594.6445782 9816953
cloud1_tkemenade 9200394446 171874 493

1713876595.646827 9818366
cloud0_tkemenade 9016939808 172708 480

1713876595.6473134 9818366
cloud1_tkemenade 9200394446 172473 493

1713876596.649501 9819754
cloud0_tkemenade 9016939808 173310 480

1713876596.6499376 9819754
cloud1_tkemenade 9200394446 173076 493

1713876597.6523836 9821146
cloud0_tkemenade 9016939808 173912 480

1713876597.6528616 9821152
cloud1_tkemenade 9200394446 173678 493

1713876598.6550822 9822604
cloud0_tkemenade 9016939808 174511 481

1713876598.6555529 9822604
cloud1_tkemenade 9200394446 174278 493

1713876598.7559726 9822754
cloud0_tkemenade 9089714903 174571 481

1713876598.7563126 9822754
cloud1_tkemenade 9273220775 174338 493

1713876599.7584689 9824227
cloud0_tkemenade 9089714903 175165 491

1713876599.7589643 9824227
cloud1_tkemenade 9273220775 174940 493

1713876600.7611802 9825659
cloud0_tkemenade 9089714903 175767 491

1713876600.7615726 9825659
cloud1_tkemenade 9273220775 175542 493

1713876601.7640996 9827123
cloud0_tkemenade 9089714903 176367 491

1713876601.7643204 9827123
cloud1_tkemenade 9273220775 176142 493

1713876602.7665422 9828544
cloud0_tkemenade 9089714903 176969 491

1713876602.7669532 9828544
cloud1_tkemenade 9273220775 176744 493

1713876603.769452 9830010
cloud0_tkemenade 9089714903 177570 493

1713876603.769955 9830010
cloud1_tkemenade 9273220775 177341 498

1713876604.7728086 9831534
cloud0_tkemenade 9089714903 178171 494

1713876604.7733035 9831534
cloud1_tkemenade 9273220775 177943 498

1713876605.7807837 9832994
cloud0_tkemenade 9089714903 178776 494

1713876605.781167 9832994
cloud1_tkemenade 9273220775 178547 498

1713876605.8815114 9833136
cloud0_tkemenade 9163999521 178836 494

1713876605.8818307 9833136
cloud1_tkemenade 9347426811 178607 498

1713876606.8834708 9834497
cloud0_tkemenade 9163999521 179435 494

1713876606.8839698 9834497
cloud1_tkemenade 9347426811 179206 498

1713876607.8861442 9835890
cloud0_tkemenade 9163999521 180038 494

1713876607.8866158 9835890
cloud1_tkemenade 9347426811 179808 499

1713876608.8885617 9837324
cloud0_tkemenade 9163999521 180640 494

1713876608.8888757 9837330
cloud1_tkemenade 9347426811 180411 499

1713876609.890411 9838797
cloud0_tkemenade 9163999521 181239 495

1713876609.890691 9838797
cloud1_tkemenade 9347426811 181011 499

1713876610.892741 9840220
cloud0_tkemenade 9163999521 181842 495

1713876610.8932407 9840220
cloud1_tkemenade 9347426811 181613 499

