1713869576.440057 6383051
cloud0_tkemenade 40794749 2918 352
cloud1_tkemenade 38161660 2873 340

1713869577.4428835 6383411
cloud0_tkemenade 40794749 3042 376

1713869577.443476 6383411
cloud1_tkemenade 38161660 3011 346

1713869578.4460618 6384101
cloud0_tkemenade 40794749 3311 386

1713869578.4466045 6384101
cloud1_tkemenade 38161660 3317 360

1713869579.4489896 6385438
cloud0_tkemenade 40794749 3915 392

1713869579.44937 6385438
cloud1_tkemenade 38161660 3920 367

1713869580.4515276 6386749
cloud0_tkemenade 40794749 4516 398

1713869580.4521098 6386749
cloud1_tkemenade 38161660 4512 382

1713869581.4547172 6388068
cloud0_tkemenade 40794749 5119 399

1713869581.4552875 6388068
cloud1_tkemenade 38161660 5113 385

1713869582.4581327 6389394
cloud0_tkemenade 40794749 5720 400

1713869582.458699 6389394
cloud1_tkemenade 38161660 5715 385

1713869583.461262 6390721
cloud0_tkemenade 66376206 6323 400

1713869583.461845 6390721
cloud1_tkemenade 64021176 6318 385

1713869584.4638891 6392045
cloud0_tkemenade 66376206 6921 400

1713869584.4642253 6392045
cloud1_tkemenade 64021176 6918 385

1713869585.4663663 6393378
cloud0_tkemenade 66376206 7521 401

1713869585.4669414 6393378
cloud1_tkemenade 64021176 7520 385

1713869586.4696 6394695
cloud0_tkemenade 66376206 8119 406

1713869586.4701903 6394695
cloud1_tkemenade 64021176 8121 386

1713869587.473018 6396010
cloud0_tkemenade 66376206 8721 406

1713869587.4735816 6396010
cloud1_tkemenade 64021176 8723 387

1713869588.4762378 6397325
cloud0_tkemenade 66376206 9322 406

1713869588.476841 6397331
cloud1_tkemenade 64021176 9326 388

1713869589.4792967 6398651
cloud0_tkemenade 66376206 9923 408

1713869589.479838 6398651
cloud1_tkemenade 64021176 9922 392

1713869590.481961 6399981
cloud0_tkemenade 66376206 10525 408

1713869590.4825094 6399981
cloud1_tkemenade 64021176 10522 392

1713869590.5829632 6400115
cloud0_tkemenade 102098887 10585 408

1713869590.5834694 6400115
cloud1_tkemenade 99752236 10582 392

1713869591.5855565 6401428
cloud0_tkemenade 102098887 11187 409

1713869591.586116 6401428
cloud1_tkemenade 99752236 11184 392

1713869592.5887754 6402745
cloud0_tkemenade 102098887 11789 409

1713869592.5893235 6402745
cloud1_tkemenade 99752236 11785 394

1713869592.893441 6403141
cloud0_tkemenade 137917267 11966 414

1713869592.8940084 6403141
cloud1_tkemenade 135546126 11967 394

1713869593.896293 6404450
cloud0_tkemenade 137917267 12566 415

1713869593.8966107 6404450
cloud1_tkemenade 135546126 12568 395

1713869594.8980863 6405785
cloud0_tkemenade 137917267 13168 415

1713869594.8983915 6405785
cloud1_tkemenade 135546126 13168 395

1713869595.8998585 6407099
cloud0_tkemenade 137917267 13768 415

1713869595.9001565 6407099
cloud1_tkemenade 135546126 13768 395

1713869596.901511 6408421
cloud0_tkemenade 137917267 14370 415

1713869596.9018037 6408421
cloud1_tkemenade 135546126 14370 395

1713869597.704863 6409486
cloud0_tkemenade 173694322 14853 415

1713869597.7051487 6409486
cloud1_tkemenade 171314781 14853 395

1713869598.7070062 6410814
cloud0_tkemenade 173694322 15450 418

1713869598.7075608 6410814
cloud1_tkemenade 171314781 15453 395

1713869599.7100694 6412140
cloud0_tkemenade 173694322 16052 418

1713869599.7106025 6412140
cloud1_tkemenade 171314781 16054 396

1713869599.9113126 6412413
cloud0_tkemenade 209488571 16172 418

1713869599.9117935 6412413
cloud1_tkemenade 207100622 16174 396

1713869600.9143748 6413743
cloud0_tkemenade 209488571 16775 418

1713869600.9149284 6413743
cloud1_tkemenade 207100622 16776 396

1713869601.9174778 6415149
cloud0_tkemenade 209488571 17377 418

1713869601.9179897 6415149
cloud1_tkemenade 207100622 17378 396

1713869602.9207225 6416473
cloud0_tkemenade 209488571 17980 418

1713869602.9212394 6416473
cloud1_tkemenade 207100622 17978 399

1713869603.9239156 6417790
cloud0_tkemenade 209488571 18580 418

1713869603.9244456 6417790
cloud1_tkemenade 207100622 18578 399

1713869604.927121 6419117
cloud0_tkemenade 245547618 19182 418

1713869604.9276404 6419117
cloud1_tkemenade 243151445 19181 399

1713869605.9301622 6420455
cloud0_tkemenade 245547618 19784 418

1713869605.9307005 6420455
cloud1_tkemenade 243151445 19783 399

1713869606.9332576 6421774
cloud0_tkemenade 245547618 20386 418

1713869606.9337926 6421774
cloud1_tkemenade 243151445 20385 399

1713869607.0342631 6421907
cloud0_tkemenade 281517308 20446 418

1713869607.0347853 6421907
cloud1_tkemenade 279129586 20445 399

1713869608.0375018 6423227
cloud0_tkemenade 281517308 21049 418

1713869608.0380394 6423227
cloud1_tkemenade 279129586 21048 399

1713869609.040857 6424547
cloud0_tkemenade 281517308 21651 418

1713869609.041387 6424547
cloud1_tkemenade 279129586 21650 400

1713869610.0439167 6425868
cloud0_tkemenade 281517308 22251 418

1713869610.0445008 6425868
cloud1_tkemenade 279129586 22250 400

1713869611.047025 6427209
cloud0_tkemenade 281517308 22854 418

1713869611.0475569 6427209
cloud1_tkemenade 279129586 22852 400

1713869612.0498583 6428535
cloud0_tkemenade 317185281 23456 418

1713869612.0504246 6428535
cloud1_tkemenade 314814328 23455 400

1713869613.0527937 6429858
cloud0_tkemenade 317185281 24058 418

1713869613.053304 6429858
cloud1_tkemenade 314814328 24057 400

1713869614.0558546 6431173
cloud0_tkemenade 317185281 24659 418

1713869614.0563953 6431173
cloud1_tkemenade 314814328 24657 400

1713869614.257007 6431444
cloud0_tkemenade 352880617 24781 418

1713869614.2575424 6431444
cloud1_tkemenade 350493138 24779 400

1713869615.259978 6432761
cloud0_tkemenade 352880617 25381 418

1713869615.2604866 6432761
cloud1_tkemenade 350493138 25380 400

1713869616.2629435 6434104
cloud0_tkemenade 352880617 25983 418

1713869616.2634776 6434104
cloud1_tkemenade 350493138 25982 400

1713869617.266132 6435424
cloud0_tkemenade 352880617 26586 418

1713869617.2666597 6435424
cloud1_tkemenade 350493138 26584 400

1713869618.2693665 6436742
cloud0_tkemenade 352880617 27188 418

1713869618.269892 6436742
cloud1_tkemenade 350493138 27186 400

1713869619.2723768 6438060
cloud0_tkemenade 388789807 27791 418

1713869619.2729313 6438066
cloud1_tkemenade 386394004 27789 400

1713869620.2752268 6439388
cloud0_tkemenade 388789807 28391 418

1713869620.2755246 6439388
cloud1_tkemenade 386394004 28389 400

1713869621.2773705 6440726
cloud0_tkemenade 388789807 28994 418

1713869621.2776558 6440726
cloud1_tkemenade 386394004 28991 400

1713869621.3779354 6440861
cloud0_tkemenade 424814250 29054 418

1713869621.3782165 6440861
cloud1_tkemenade 422435352 29051 401

1713869622.3798487 6442175
cloud0_tkemenade 424814250 29654 418

1713869622.380126 6442175
cloud1_tkemenade 422435352 29651 401

1713869623.3820925 6443495
cloud0_tkemenade 424814250 30256 418

1713869623.3826163 6443495
cloud1_tkemenade 422435352 30253 401

1713869624.3852417 6444807
cloud0_tkemenade 424814250 30849 427

1713869624.3855228 6444807
cloud1_tkemenade 422435352 30855 401

1713869625.3873444 6446121
cloud0_tkemenade 424814250 31449 427

1713869625.387616 6446121
cloud1_tkemenade 422435352 31455 401

1713869626.2892594 6447329
cloud0_tkemenade 460654951 31992 427

1713869626.2895687 6447329
cloud1_tkemenade 458276053 31998 401

1713869627.2909148 6448636
cloud0_tkemenade 460654951 32588 430

1713869627.2911818 6448636
cloud1_tkemenade 458276053 32598 401

1713869628.292577 6449951
cloud0_tkemenade 460654951 33190 430

1713869628.2928836 6449956
cloud1_tkemenade 458276053 33200 401

1713869628.6933167 6450483
cloud0_tkemenade 496347418 33430 430

1713869628.6936038 6450483
cloud1_tkemenade 493976670 33438 402

1713869629.694505 6451785
cloud0_tkemenade 496347418 34030 430

1713869629.6947894 6451785
cloud1_tkemenade 493976670 34033 402

1713869630.6961977 6453108
cloud0_tkemenade 496347418 34630 430

1713869630.6964712 6453108
cloud1_tkemenade 493976670 34633 402

1713869631.6984642 6454444
cloud0_tkemenade 496347418 35232 430

1713869631.6990063 6454444
cloud1_tkemenade 493976670 35235 402

1713869632.7018344 6455763
cloud0_tkemenade 496347418 35834 431

1713869632.702362 6455763
cloud1_tkemenade 493976670 35835 402

1713869633.4043503 6456685
cloud0_tkemenade 532002483 36257 431

1713869633.40491 6456691
cloud1_tkemenade 529556318 36255 404

1713869634.4075904 6457985
cloud0_tkemenade 532002483 36857 431

1713869634.4081225 6457985
cloud1_tkemenade 529556318 36832 426

1713869635.4106858 6459309
cloud0_tkemenade 532002483 37458 432

1713869635.4112208 6459309
cloud1_tkemenade 529556318 37434 428

1713869635.9127588 6459977
cloud0_tkemenade 567784965 37761 432

1713869635.913204 6459977
cloud1_tkemenade 565257034 37736 428

1713869636.9158158 6461302
cloud0_tkemenade 567784965 38361 432

1713869636.9163604 6461302
cloud1_tkemenade 565257034 38336 428

1713869637.9186642 6462624
cloud0_tkemenade 567784965 38958 437

1713869637.9191642 6462624
cloud1_tkemenade 565257034 38938 428

1713869638.921544 6463950
cloud0_tkemenade 567784965 39560 437

1713869638.9220421 6463950
cloud1_tkemenade 565257034 39540 428

1713869639.9245021 6465271
cloud0_tkemenade 567784965 40162 437

1713869639.9250338 6465277
cloud1_tkemenade 565257034 40143 428

1713869640.5266066 6466077
cloud0_tkemenade 603880057 40522 437

1713869640.5268757 6466077
cloud1_tkemenade 601352126 40501 430

1713869641.529002 6467417
cloud0_tkemenade 603880057 41124 437

1713869641.5295453 6467417
cloud1_tkemenade 601352126 41102 431

1713869642.532103 6468741
cloud0_tkemenade 603880057 41725 437

1713869642.5325935 6468741
cloud1_tkemenade 601352126 41705 431

1713869643.0339022 6469411
cloud0_tkemenade 640027036 42027 437

1713869643.034391 6469411
cloud1_tkemenade 637507588 42005 431

1713869644.036959 6470730
cloud0_tkemenade 640027036 42629 437

1713869644.0375159 6470730
cloud1_tkemenade 637507588 42604 434

1713869645.040204 6472049
cloud0_tkemenade 640027036 43229 437

1713869645.040778 6472054
cloud1_tkemenade 637507588 43206 435

1713869646.0431423 6473374
cloud0_tkemenade 640027036 43832 437

1713869646.043656 6473374
cloud1_tkemenade 637507588 43806 435

1713869647.0456991 6474709
cloud0_tkemenade 640027036 44434 437

1713869647.0459986 6474709
cloud1_tkemenade 637507588 44408 435

1713869647.6471636 6475505
cloud0_tkemenade 676090998 44794 437

1713869647.6474774 6475505
cloud1_tkemenade 673580018 44768 435

1713869648.649172 6476828
cloud0_tkemenade 676090998 45397 437

1713869648.6496875 6476828
cloud1_tkemenade 673580018 45370 436

1713869649.651622 6478140
cloud0_tkemenade 676090998 45997 437

1713869649.6520932 6478140
cloud1_tkemenade 673580018 45970 436

1713869650.1529064 6478805
cloud0_tkemenade 712077380 46299 437

1713869650.1533563 6478805
cloud1_tkemenade 709566400 46272 436

1713869651.1549108 6480129
cloud0_tkemenade 712077380 46899 437

1713869651.1552293 6480129
cloud1_tkemenade 709566400 46872 436

1713869652.156902 6481472
cloud0_tkemenade 712077380 47501 437

1713869652.1572073 6481472
cloud1_tkemenade 709566400 47474 436

1713869653.1586475 6482783
cloud0_tkemenade 712077380 48101 437

1713869653.1588273 6482783
cloud1_tkemenade 709566400 48074 436

1713869654.1601827 6484097
cloud0_tkemenade 712077380 48701 437

1713869654.1603572 6484097
cloud1_tkemenade 709566400 48674 436

1713869654.7610407 6484893
cloud0_tkemenade 747974972 49064 437

1713869654.7612371 6484893
cloud1_tkemenade 745480854 49037 436

1713869655.7623656 6486204
cloud0_tkemenade 747974972 49664 437

1713869655.7625504 6486204
cloud1_tkemenade 745480854 49636 437

1713869656.763842 6487527
cloud0_tkemenade 747974972 50264 437

1713869656.764089 6487527
cloud1_tkemenade 745480854 50236 437

1713869657.4648118 6488455
cloud0_tkemenade 783908609 50686 437

1713869657.4650593 6488455
cloud1_tkemenade 781414491 50658 437

1713869658.466698 6489768
cloud0_tkemenade 783908609 51286 437

1713869658.4671566 6489768
cloud1_tkemenade 781414491 51258 437

1713869659.4693098 6491085
cloud0_tkemenade 783908609 51889 437

1713869659.469734 6491085
cloud1_tkemenade 781414491 51860 438

1713869660.4720745 6492396
cloud0_tkemenade 783908609 52489 437

1713869660.47247 6492396
cloud1_tkemenade 781414491 52458 440

1713869661.4748127 6493725
cloud0_tkemenade 783908609 53091 437

1713869661.4753485 6493725
cloud1_tkemenade 781414491 53060 440

1713869661.8886216 6494285
cloud0_tkemenade 819863186 53341 437

1713869661.8891397 6494285
cloud1_tkemenade 817352214 53310 440

1713869662.8914678 6495601
cloud0_tkemenade 819863186 53941 437

1713869662.891752 6495601
cloud1_tkemenade 817352214 53910 440

1713869663.8940353 6496919
cloud0_tkemenade 819863186 54543 437

1713869663.8944714 6496919
cloud1_tkemenade 817352214 54511 441

1713869664.596194 6497841
cloud0_tkemenade 855745096 54963 437

1713869664.5966346 6497841
cloud1_tkemenade 853217271 54933 441

1713869665.5990539 6499165
cloud0_tkemenade 855745096 55565 437

1713869665.599494 6499165
cloud1_tkemenade 853217271 55533 442

1713869666.601898 6500481
cloud0_tkemenade 855745096 56168 437

1713869666.6023488 6500481
cloud1_tkemenade 853217271 56135 442

1713869667.6047232 6501819
cloud0_tkemenade 855745096 56770 437

1713869667.605205 6501819
cloud1_tkemenade 853217271 56737 442

1713869668.6074934 6503130
cloud0_tkemenade 855745096 57370 437

1713869668.6079385 6503130
cloud1_tkemenade 853217271 57335 444

1713869669.008983 6503663
cloud0_tkemenade 891672767 57612 437

1713869669.0094347 6503663
cloud1_tkemenade 889144942 57578 444

1713869670.0115702 6504971
cloud0_tkemenade 891672767 58212 437

1713869670.0119655 6504971
cloud1_tkemenade 889144942 58177 445

1713869671.013917 6506288
cloud0_tkemenade 891672767 58815 437

1713869671.0143511 6506288
cloud1_tkemenade 889144942 58779 445

1713869671.8154573 6507351
cloud0_tkemenade 927672951 59295 437

1713869671.8157165 6507351
cloud1_tkemenade 925170104 59259 445

1713869672.8169653 6508684
cloud0_tkemenade 927672951 59897 437

1713869672.8174412 6508684
cloud1_tkemenade 925170104 59862 445

1713869673.8193903 6509997
cloud0_tkemenade 927672951 60497 437

1713869673.819837 6509997
cloud1_tkemenade 925170104 60461 446

1713869674.8217845 6511317
cloud0_tkemenade 927672951 61100 437

1713869674.8220053 6511317
cloud1_tkemenade 925170104 61063 446

1713869675.8235536 6512632
cloud0_tkemenade 927672951 61699 437

1713869675.8240216 6512632
cloud1_tkemenade 925170104 61662 446

1713869676.124766 6513033
cloud0_tkemenade 963543914 61882 437

1713869676.1251984 6513033
cloud1_tkemenade 961049380 61844 447

1713869677.1272826 6514358
cloud0_tkemenade 963543914 62482 437

1713869677.1275675 6514358
cloud1_tkemenade 961049380 62444 447

1713869678.1293583 6515689
cloud0_tkemenade 963543914 63084 437

1713869678.129837 6515689
cloud1_tkemenade 961049380 63046 447

1713869678.8312914 6516614
cloud0_tkemenade 999330273 63504 437

1713869678.8317535 6516614
cloud1_tkemenade 996827322 63466 447

1713869679.8336687 6517931
cloud0_tkemenade 999330273 64107 437

1713869679.8340778 6517931
cloud1_tkemenade 996827322 64069 447

1713869680.8363566 6519241
cloud0_tkemenade 999330273 64707 437

1713869680.8367808 6519246
cloud1_tkemenade 996827322 64671 447

1713869681.8388982 6520572
cloud0_tkemenade 999330273 65309 437

1713869681.8393507 6520572
cloud1_tkemenade 996827322 65271 447

1713869682.8414364 6521907
cloud0_tkemenade 999330273 65911 437

1713869682.8419185 6521907
cloud1_tkemenade 996827322 65874 447

1713869683.3431523 6522567
cloud0_tkemenade 1035198879 66211 437

1713869683.3435862 6522567
cloud1_tkemenade 1032712536 66174 447

1713869684.3456955 6523885
cloud0_tkemenade 1035198879 66814 437

1713869684.346111 6523885
cloud1_tkemenade 1032712536 66776 448

1713869685.3483365 6525198
cloud0_tkemenade 1035198879 67414 437

1713869685.3487718 6525204
cloud1_tkemenade 1032712536 67378 448

1713869685.950021 6525995
cloud0_tkemenade 1071206444 67776 437

1713869685.950451 6525995
cloud1_tkemenade 1068728542 67738 448

1713869686.952783 6527312
cloud0_tkemenade 1071206444 68379 437

1713869686.9532166 6527312
cloud1_tkemenade 1068728542 68340 448

1713869687.9554508 6528642
cloud0_tkemenade 1071206444 68979 437

1713869687.95593 6528642
cloud1_tkemenade 1068728542 68939 449

1713869688.957998 6529961
cloud0_tkemenade 1071206444 69581 437

1713869688.9584582 6529961
cloud1_tkemenade 1068728542 69541 449

1713869689.9607093 6531283
cloud0_tkemenade 1071206444 70183 437

1713869689.9611335 6531283
cloud1_tkemenade 1068728542 70143 450

1713869690.5626543 6532071
cloud0_tkemenade 1107115534 70543 437

1713869690.5631123 6532071
cloud1_tkemenade 1104621015 70503 450

1713869691.5653253 6533394
cloud0_tkemenade 1107115534 71146 437

1713869691.5657942 6533394
cloud1_tkemenade 1104621015 71105 450

1713869692.5678298 6534729
cloud0_tkemenade 1107115534 71746 437

1713869692.56831 6534729
cloud1_tkemenade 1104621015 71705 450

1713869693.1697664 6535531
cloud0_tkemenade 1142950499 72108 437

1713869693.1704943 6535531
cloud1_tkemenade 1140472589 72067 450

1713869694.173028 6536851
cloud0_tkemenade 1142950499 72711 437

1713869694.1734424 6536851
cloud1_tkemenade 1140472589 72669 450

1713869695.1758378 6538164
cloud0_tkemenade 1142950499 73311 437

1713869695.1762772 6538164
cloud1_tkemenade 1140472589 73269 450

1713869696.1785007 6539481
cloud0_tkemenade 1142950499 73913 437

1713869696.1789093 6539481
cloud1_tkemenade 1140472589 73872 450

1713869697.1811929 6540789
cloud0_tkemenade 1142950499 74505 448

1713869697.181648 6540789
cloud1_tkemenade 1140472589 74474 450

1713869697.885959 6541730
cloud0_tkemenade 1178865601 74927 449

1713869697.8865128 6541730
cloud1_tkemenade 1176371285 74896 450

1713869698.8892095 6543051
cloud0_tkemenade 1178865601 75529 449

1713869698.889495 6543051
cloud1_tkemenade 1176371285 75499 450

1713869699.8915854 6544354
cloud0_tkemenade 1178865601 76118 460

1713869699.8920689 6544354
cloud1_tkemenade 1176371285 76098 450

1713869700.3929996 6545017
cloud0_tkemenade 1214615820 76420 460

1713869700.3935845 6545017
cloud1_tkemenade 1212080118 76401 450

1713869701.3957882 6546327
cloud0_tkemenade 1214615820 77020 460

1713869701.396318 6546327
cloud1_tkemenade 1212080118 77000 451

1713869702.3987124 6547655
cloud0_tkemenade 1214615820 77623 460

1713869702.399231 6547655
cloud1_tkemenade 1212080118 77603 451

1713869703.401864 6548996
cloud0_tkemenade 1214615820 78225 460

1713869703.4023836 6548996
cloud1_tkemenade 1212080118 78205 451

1713869704.4049864 6550317
cloud0_tkemenade 1214615820 78828 460

1713869704.4053237 6550317
cloud1_tkemenade 1212080118 78807 451

1713869705.0067582 6551109
cloud0_tkemenade 1250332888 79188 460

1713869705.007257 6551109
cloud1_tkemenade 1247788811 79167 451

1713869706.0089614 6552440
cloud0_tkemenade 1250332888 79790 460

1713869706.0094779 6552440
cloud1_tkemenade 1247788811 79769 452

1713869707.011721 6553757
cloud0_tkemenade 1250332888 80390 460

1713869707.012199 6553757
cloud1_tkemenade 1247788811 80368 452

1713869707.412947 6554293
cloud0_tkemenade 1286143825 80632 460

1713869707.4132967 6554293
cloud1_tkemenade 1283608263 80611 452

1713869708.4147065 6555625
cloud0_tkemenade 1286143825 81232 460

1713869708.4149852 6555625
cloud1_tkemenade 1283608263 81211 452

1713869709.4165747 6556941
cloud0_tkemenade 1286143825 81834 460

1713869709.4168704 6556946
cloud1_tkemenade 1283608263 81813 452

1713869710.4185753 6558265
cloud0_tkemenade 1286143825 82434 460

1713869710.4188504 6558265
cloud1_tkemenade 1283608263 82413 452

1713869711.4203477 6559577
cloud0_tkemenade 1286143825 83034 460

1713869711.420615 6559577
cloud1_tkemenade 1283608263 83013 452

1713869712.121512 6560504
cloud0_tkemenade 1321906483 83457 460

1713869712.1218152 6560504
cloud1_tkemenade 1319370921 83435 452

1713869713.1234827 6561835
cloud0_tkemenade 1321906483 84056 460

1713869713.124005 6561835
cloud1_tkemenade 1319370921 84035 452

1713869714.1263237 6563163
cloud0_tkemenade 1321906483 84659 460

1713869714.1268337 6563163
cloud1_tkemenade 1319370921 84637 452

1713869714.6282084 6563822
cloud0_tkemenade 1357821449 84959 460

1713869714.6284823 6563822
cloud1_tkemenade 1355261286 84937 452

1713869715.6299567 6565152
cloud0_tkemenade 1357821449 85561 460

1713869715.630232 6565152
cloud1_tkemenade 1355261286 85539 453

1713869716.6325262 6566471
cloud0_tkemenade 1357821449 86163 460

1713869716.6330585 6566476
cloud1_tkemenade 1355261286 86141 453

1713869717.635681 6567787
cloud0_tkemenade 1357821449 86763 460

1713869717.636189 6567787
cloud1_tkemenade 1355261286 86740 453

1713869718.6397543 6569139
cloud0_tkemenade 1357821449 87365 460

1713869718.6402462 6569139
cloud1_tkemenade 1355261286 87342 454

1713869719.2412097 6569957
cloud0_tkemenade 1393877036 87728 460

1713869719.241548 6569957
cloud1_tkemenade 1391325330 87705 454

1713869720.2431488 6571271
cloud0_tkemenade 1393877036 88328 460

1713869720.2436624 6571271
cloud1_tkemenade 1391325330 88305 454

1713869721.2456315 6572595
cloud0_tkemenade 1393877036 88930 460

1713869721.2459538 6572595
cloud1_tkemenade 1391325330 88907 454

1713869721.7468536 6573287
cloud0_tkemenade 1429931323 89230 460

1713869721.747221 6573287
cloud1_tkemenade 1427405024 89207 454

1713869722.7489326 6574759
cloud0_tkemenade 1429931323 89833 460

1713869722.749243 6574759
cloud1_tkemenade 1427405024 89809 454

1713869723.754285 6576265
cloud0_tkemenade 1429931323 90435 460

1713869723.7546425 6576265
cloud1_tkemenade 1427405024 90411 455

1713869724.7568936 6577595
cloud0_tkemenade 1429931323 91037 460

1713869724.7573664 6577595
cloud1_tkemenade 1427405024 91013 455

1713869725.7596908 6578979
cloud0_tkemenade 1429931323 91637 460

1713869725.7601624 6578979
cloud1_tkemenade 1427405024 91613 455

1713869726.3611548 6579777
cloud0_tkemenade 1466697383 92000 460

1713869726.3614717 6579777
cloud1_tkemenade 1464162454 91975 455

1713869727.3631952 6581091
cloud0_tkemenade 1466697383 92600 460

1713869727.3636506 6581091
cloud1_tkemenade 1464162454 92575 455

1713869728.3659134 6582411
cloud0_tkemenade 1466697383 93202 460

1713869728.3663871 6582411
cloud1_tkemenade 1464162454 93177 455

1713869728.967918 6583217
cloud0_tkemenade 1503302686 93562 460

1713869728.968381 6583217
cloud1_tkemenade 1500759282 93537 455

1713869729.9706695 6584538
cloud0_tkemenade 1503302686 94165 460

1713869729.9709706 6584538
cloud1_tkemenade 1500759282 94139 455

1713869730.9728968 6585861
cloud0_tkemenade 1503302686 94767 460

1713869730.9731684 6585861
cloud1_tkemenade 1500759282 94742 455

1713869731.975514 6587191
cloud0_tkemenade 1503302686 95367 460

1713869731.9759798 6587191
cloud1_tkemenade 1500759282 95342 455

1713869732.9782152 6588515
cloud0_tkemenade 1503302686 95969 460

1713869732.9786985 6588515
cloud1_tkemenade 1500759282 95944 455

1713869733.580155 6589309
cloud0_tkemenade 1539278036 96329 460

1713869733.5806158 6589309
cloud1_tkemenade 1536734632 96306 455

1713869734.5831335 6590646
cloud0_tkemenade 1539278036 96932 460

1713869734.5836225 6590646
cloud1_tkemenade 1536734632 96906 456

1713869735.5860455 6591968
cloud0_tkemenade 1539278036 97534 460

1713869735.586492 6591968
cloud1_tkemenade 1536734632 97508 456

1713869736.187994 6592777
cloud0_tkemenade 1575353937 97894 460

1713869736.188467 6592777
cloud1_tkemenade 1572793830 97868 456

1713869737.1909337 6594201
cloud0_tkemenade 1575353937 98496 460

1713869737.1914234 6594201
cloud1_tkemenade 1572793830 98470 456

1713869738.1936681 6595667
cloud0_tkemenade 1575353937 99098 460

1713869738.194154 6595667
cloud1_tkemenade 1572793830 99072 456

1713869739.196684 6597119
cloud0_tkemenade 1575353937 99700 460

1713869739.1971917 6597119
cloud1_tkemenade 1572793830 99674 456

1713869740.1995852 6598537
cloud0_tkemenade 1575353937 100300 460

1713869740.2000694 6598537
cloud1_tkemenade 1572793830 100274 456

1713869740.7007906 6599253
cloud0_tkemenade 1612319867 100602 460

1713869740.7010708 6599253
cloud1_tkemenade 1609759760 100576 456

1713869741.702424 6600665
cloud0_tkemenade 1612319867 101202 460

1713869741.702928 6600665
cloud1_tkemenade 1609759760 101176 456

1713869742.7054274 6602080
cloud0_tkemenade 1612319867 101805 460

1713869742.7059252 6602080
cloud1_tkemenade 1609759760 101778 456

1713869743.1067607 6602658
cloud0_tkemenade 1649726781 102045 460

1713869743.1070743 6602658
cloud1_tkemenade 1647184500 102018 456

1713869744.1082027 6604082
cloud0_tkemenade 1649726781 102645 460

1713869744.108502 6604082
cloud1_tkemenade 1647184500 102618 456

1713869745.1099796 6605503
cloud0_tkemenade 1649726781 103247 460

1713869745.1102443 6605503
cloud1_tkemenade 1647184500 103220 456

1713869746.112417 6606919
cloud0_tkemenade 1649726781 103850 460

1713869746.1129084 6606925
cloud1_tkemenade 1647184500 103822 456

1713869747.1149998 6608347
cloud0_tkemenade 1649726781 104450 460

1713869747.1154811 6608347
cloud1_tkemenade 1647184500 104422 456

1713869747.7169478 6609203
cloud0_tkemenade 1687235047 104812 460

1713869747.7174413 6609203
cloud1_tkemenade 1684683964 104785 456

1713869748.719812 6610617
cloud0_tkemenade 1687235047 105412 460

1713869748.7203207 6610617
cloud1_tkemenade 1684683964 105384 456

1713869749.7226124 6612061
cloud0_tkemenade 1687235047 106014 460

1713869749.7228847 6612061
cloud1_tkemenade 1684683964 105987 456

1713869750.2239637 6612775
cloud0_tkemenade 1724881266 106314 460

1713869750.2244186 6612775
cloud1_tkemenade 1722294918 106287 456

1713869751.2268252 6614192
cloud0_tkemenade 1724881266 106916 460

1713869751.2271347 6614192
cloud1_tkemenade 1722294918 106889 456

1713869752.2287722 6615621
cloud0_tkemenade 1724881266 107519 460

1713869752.2290657 6615621
cloud1_tkemenade 1722294918 107491 456

1713869753.2308784 6616989
cloud0_tkemenade 1724881266 108119 460

1713869753.2311716 6616989
cloud1_tkemenade 1722294918 108091 456

1713869754.2329652 6618287
cloud0_tkemenade 1724881266 108694 487

1713869754.2334533 6618287
cloud1_tkemenade 1722294918 108694 456

1713869754.8347108 6619089
cloud0_tkemenade 1761899236 109054 487

1713869754.8351908 6619089
cloud1_tkemenade 1759304192 109054 456

1713869755.8371506 6620412
cloud0_tkemenade 1761899236 109656 488

1713869755.8375926 6620412
cloud1_tkemenade 1759304192 109656 456

1713869756.8396015 6621742
cloud0_tkemenade 1761899236 110256 488

1713869756.839898 6621742
cloud1_tkemenade 1759304192 110256 456

1713869757.3408175 6622409
cloud0_tkemenade 1798273507 110558 488

1713869757.3412752 6622409
cloud1_tkemenade 1795695569 110558 456

1713869758.343289 6623727
cloud0_tkemenade 1798273507 111158 488

1713869758.3437648 6623727
cloud1_tkemenade 1795695569 111158 456

1713869759.3459623 6625047
cloud0_tkemenade 1798273507 111761 488

1713869759.3464074 6625047
cloud1_tkemenade 1795695569 111760 456

1713869760.348642 6626389
cloud0_tkemenade 1798273507 112363 488

1713869760.3491566 6626389
cloud1_tkemenade 1795695569 112363 456

1713869761.3512719 6627715
cloud0_tkemenade 1798273507 112963 488

1713869761.3517525 6627715
cloud1_tkemenade 1795695569 112963 456

1713869762.1537247 6628846
cloud0_tkemenade 1834312355 113444 488

1713869762.1540585 6628846
cloud1_tkemenade 1831750894 113445 456

1713869763.1554658 6630250
cloud0_tkemenade 1834312355 114044 489

1713869763.1557598 6630250
cloud1_tkemenade 1831750894 114044 457

1713869764.156867 6631673
cloud0_tkemenade 1834312355 114646 489

1713869764.1571274 6631673
cloud1_tkemenade 1831750894 114646 457

1713869764.557571 6632247
cloud0_tkemenade 1870892109 114886 489

1713869764.557802 6632247
cloud1_tkemenade 1868313714 114886 457

1713869765.5589025 6633676
cloud0_tkemenade 1870892109 115486 489

1713869765.5591667 6633676
cloud1_tkemenade 1868313714 115485 457

1713869766.561175 6635099
cloud0_tkemenade 1870892109 116088 490

1713869766.5616183 6635099
cloud1_tkemenade 1868313714 116087 457

1713869767.5639503 6636565
cloud0_tkemenade 1870892109 116688 490

1713869767.564236 6636565
cloud1_tkemenade 1868313714 116687 457

1713869768.5661619 6638041
cloud0_tkemenade 1870892109 117290 490

1713869768.566647 6638041
cloud1_tkemenade 1868313714 117289 457

1713869769.368864 6639185
cloud0_tkemenade 1908485094 117772 490

1713869769.3693936 6639185
cloud1_tkemenade 1905863260 117771 457

1713869770.371275 6640618
cloud0_tkemenade 1908485094 118372 490

1713869770.37179 6640618
cloud1_tkemenade 1905863260 118371 457

1713869771.3737411 6642033
cloud0_tkemenade 1908485094 118975 490

1713869771.3742359 6642033
cloud1_tkemenade 1905863260 118973 457

1713869771.774875 6642603
cloud0_tkemenade 1946067674 119215 490

1713869771.7751815 6642603
cloud1_tkemenade 1943437134 119213 457

1713869772.7764544 6644013
cloud0_tkemenade 1946067674 119817 490

1713869772.7769916 6644019
cloud1_tkemenade 1943437134 119815 457

1713869773.779568 6645435
cloud0_tkemenade 1946067674 120417 490

1713869773.78009 6645435
cloud1_tkemenade 1943437134 120415 457

1713869774.7835836 6646850
cloud0_tkemenade 1946067674 121019 490

1713869774.7840981 6646850
cloud1_tkemenade 1943437134 121017 457

1713869775.7866888 6648285
cloud0_tkemenade 1946067674 121621 490

1713869775.7872074 6648285
cloud1_tkemenade 1943437134 121619 457

1713869776.7896688 6649712
cloud0_tkemenade 1983528955 122223 491

1713869776.7902002 6649712
cloud1_tkemenade 1980898415 122222 457

1713869777.7928488 6651128
cloud0_tkemenade 1983528955 122826 491

1713869777.793376 6651128
cloud1_tkemenade 1980898415 122824 457

1713869778.79565 6652544
cloud0_tkemenade 2021043901 123426 491

1713869778.7961578 6652544
cloud1_tkemenade 2018404445 123424 457

1713869779.798644 6653949
cloud0_tkemenade 2021043901 124028 491

1713869779.7991674 6653949
cloud1_tkemenade 2018404445 124011 473

1713869780.8012686 6655386
cloud0_tkemenade 2021043901 124630 491

1713869780.8015594 6655386
cloud1_tkemenade 2018404445 124613 473

1713869781.80334 6656790
cloud0_tkemenade 2021043901 125230 491

1713869781.8036163 6656790
cloud1_tkemenade 2018404445 125213 473

1713869782.8054557 6658201
cloud0_tkemenade 2021043901 125832 491

1713869782.8057323 6658201
cloud1_tkemenade 2018404445 125815 473

1713869783.8075144 6659600
cloud0_tkemenade 2021043901 126432 491

1713869783.807789 6659600
cloud1_tkemenade 2018404445 126411 473

1713869784.0082276 6659892
cloud0_tkemenade 2058382422 126552 491

1713869784.0085104 6659892
cloud1_tkemenade 2055700364 126530 473

1713869785.010343 6661293
cloud0_tkemenade 2058382422 127155 491

1713869785.0106218 6661293
cloud1_tkemenade 2055700364 127132 474

1713869786.0123825 6662711
cloud0_tkemenade 2095671538 127755 491

1713869786.012683 6662716
cloud1_tkemenade 2092938365 127734 474

1713869787.014523 6664128
cloud0_tkemenade 2095671538 128357 491

1713869787.014804 6664128
cloud1_tkemenade 2092938365 128329 474

1713869788.0166342 6665535
cloud0_tkemenade 2095671538 128959 492

1713869788.0169215 6665535
cloud1_tkemenade 2092938365 128931 474

1713869789.0187511 6666939
cloud0_tkemenade 2095671538 129559 492

1713869789.019044 6666939
cloud1_tkemenade 2092938365 129531 474

1713869790.02089 6668353
cloud0_tkemenade 2095671538 130161 492

1713869790.0211685 6668353
cloud1_tkemenade 2092938365 130133 474

1713869791.0229893 6669781
cloud0_tkemenade 2095671538 130761 492

1713869791.0232587 6669781
cloud1_tkemenade 2092938365 130733 474

1713869791.1235263 6669925
cloud0_tkemenade 2132962944 130821 492

1713869791.123804 6669925
cloud1_tkemenade 2130168537 130793 474

1713869792.1277199 6671349
cloud0_tkemenade 2132962944 131424 492

1713869792.1282496 6671349
cloud1_tkemenade 2130168537 131395 474

1713869793.130621 6672750
cloud0_tkemenade 2132962944 132026 492

1713869793.131147 6672750
cloud1_tkemenade 2130168537 131997 474

1713869793.2316346 6672889
cloud0_tkemenade 2170207034 132086 492

1713869793.2321053 6672889
cloud1_tkemenade 2167326475 132057 474

1713869794.234558 6674312
cloud0_tkemenade 2170207034 132688 492

1713869794.234863 6674312
cloud1_tkemenade 2167326475 132660 474

1713869795.237252 6675731
cloud0_tkemenade 2170207034 133291 492

1713869795.2377822 6675731
cloud1_tkemenade 2167326475 133262 475

1713869796.2399857 6677159
cloud0_tkemenade 2170207034 133891 492

1713869796.2403347 6677159
cloud1_tkemenade 2167326475 133861 475

1713869797.242903 6678578
cloud0_tkemenade 2170207034 134493 492

1713869797.2433934 6678578
cloud1_tkemenade 2167326475 134464 475

1713869798.2453268 6679988
cloud0_tkemenade 2170207034 135096 492

1713869798.2457645 6679988
cloud1_tkemenade 2167326475 135066 475

1713869798.3462014 6680130
cloud0_tkemenade 2207418331 135156 492

1713869798.3466706 6680130
cloud1_tkemenade 2204554998 135126 475

1713869799.3491752 6681549
cloud0_tkemenade 2207418331 135758 492

1713869799.3496733 6681549
cloud1_tkemenade 2204554998 135728 475

1713869800.3523185 6682967
cloud0_tkemenade 2244582775 136360 492

1713869800.3529327 6682973
cloud1_tkemenade 2241763092 136331 475

1713869801.3552802 6684390
cloud0_tkemenade 2244582775 136960 492

1713869801.355769 6684390
cloud1_tkemenade 2241763092 136931 475

1713869802.3580403 6685813
cloud0_tkemenade 2244582775 137562 492

1713869802.358529 6685813
cloud1_tkemenade 2241763092 137533 475

1713869803.3609555 6687245
cloud0_tkemenade 2244582775 138165 492

1713869803.361412 6687245
cloud1_tkemenade 2241763092 138135 475

1713869804.363791 6688664
cloud0_tkemenade 2244582775 138765 492

1713869804.364261 6688664
cloud1_tkemenade 2241763092 138735 475

1713869805.3661356 6690089
cloud0_tkemenade 2244582775 139367 492

1713869805.3665273 6690089
cloud1_tkemenade 2241763092 139331 475

1713869805.4669535 6690232
cloud0_tkemenade 2281689489 139427 492

1713869805.4673986 6690232
cloud1_tkemenade 2278791358 139390 475

1713869806.4693923 6691668
cloud0_tkemenade 2281689489 140030 492

1713869806.4696686 6691668
cloud1_tkemenade 2278791358 139990 475

1713869807.471829 6693077
cloud0_tkemenade 2318799609 140630 492

1713869807.472101 6693077
cloud1_tkemenade 2315814303 140589 475

1713869808.4736607 6694488
cloud0_tkemenade 2318799609 141232 492

1713869808.473973 6694488
cloud1_tkemenade 2315814303 141190 476

1713869809.4755993 6695902
cloud0_tkemenade 2318799609 141832 492

1713869809.4758642 6695902
cloud1_tkemenade 2315814303 141790 476

1713869810.4779427 6697335
cloud0_tkemenade 2318799609 142434 492

1713869810.478468 6697335
cloud1_tkemenade 2315814303 142392 476

1713869811.481097 6698763
cloud0_tkemenade 2318799609 143037 492

1713869811.481457 6698763
cloud1_tkemenade 2315814303 142994 477

1713869812.4894392 6700176
cloud0_tkemenade 2318799609 143642 492

1713869812.4898777 6700176
cloud1_tkemenade 2315814303 143598 477

1713869812.5903065 6700317
cloud0_tkemenade 2355982011 143702 492

1713869812.5908394 6700317
cloud1_tkemenade 2352961772 143658 477

1713869813.593448 6701723
cloud0_tkemenade 2355982011 144304 492

1713869813.5939603 6701723
cloud1_tkemenade 2352961772 144260 477

1713869814.5968013 6703133
cloud0_tkemenade 2355982011 144906 492

1713869814.597314 6703133
cloud1_tkemenade 2352961772 144862 477

1713869814.6987917 6703281
cloud0_tkemenade 2393208911 144966 492

1713869814.6991236 6703281
cloud1_tkemenade 2390171435 144922 477

1713869815.7023625 6704685
cloud0_tkemenade 2393208911 145569 492

1713869815.702877 6704685
cloud1_tkemenade 2390171435 145525 477

1713869816.708666 6706122
cloud0_tkemenade 2393208911 146173 492

1713869816.7091725 6706122
cloud1_tkemenade 2390171435 146129 477

1713869817.7117422 6707527
cloud0_tkemenade 2393208911 146773 492

1713869817.7122598 6707527
cloud1_tkemenade 2390171435 146729 477

1713869818.714814 6708939
cloud0_tkemenade 2393208911 147376 492

1713869818.7153282 6708939
cloud1_tkemenade 2390171435 147332 477

1713869819.717637 6710359
cloud0_tkemenade 2430424410 147978 492

1713869819.7181668 6710359
cloud1_tkemenade 2427378321 147934 477

1713869820.720919 6711782
cloud0_tkemenade 2430424410 148580 492

1713869820.7214332 6711782
cloud1_tkemenade 2427378321 148536 477

1713869821.7236607 6713215
cloud0_tkemenade 2430424410 149180 492

1713869821.7241905 6713215
cloud1_tkemenade 2427378321 149136 477

1713869821.8246624 6713366
cloud0_tkemenade 2467643531 149242 492

1713869821.825167 6713366
cloud1_tkemenade 2464606055 149199 477

1713869822.827782 6714791
cloud0_tkemenade 2467643531 149842 492

1713869822.828307 6714791
cloud1_tkemenade 2464606055 149799 477

1713869823.8308587 6716208
cloud0_tkemenade 2467643531 150444 492

1713869823.8313906 6716208
cloud1_tkemenade 2464606055 150401 477

1713869824.8337564 6717623
cloud0_tkemenade 2467643531 151046 493

1713869824.8340688 6717623
cloud1_tkemenade 2464606055 151004 477

1713869825.835905 6719048
cloud0_tkemenade 2467643531 151646 493

1713869825.8361866 6719048
cloud1_tkemenade 2464606055 151603 477

1713869826.8381567 6720487
cloud0_tkemenade 2467643531 152248 493

1713869826.8384552 6720487
cloud1_tkemenade 2464606055 152205 477

1713869826.9387436 6720629
cloud0_tkemenade 2504935336 152308 493

1713869826.9390507 6720629
cloud1_tkemenade 2501897860 152265 477

1713869827.940812 6722050
cloud0_tkemenade 2504935336 152911 493

1713869827.9411213 6722050
cloud1_tkemenade 2501897860 152868 477

1713869828.9428906 6723465
cloud0_tkemenade 2504935336 153511 493

1713869828.9431913 6723465
cloud1_tkemenade 2501897860 153468 477

1713869829.0434058 6723610
cloud0_tkemenade 2542174445 153571 493

1713869829.0436966 6723610
cloud1_tkemenade 2539128361 153528 477

1713869830.0454814 6725029
cloud0_tkemenade 2542174445 154173 493

1713869830.0457757 6725029
cloud1_tkemenade 2539128361 154130 477

1713869831.0473073 6726431
cloud0_tkemenade 2542174445 154773 493

1713869831.0476177 6726431
cloud1_tkemenade 2539128361 154729 477

1713869832.049437 6727870
cloud0_tkemenade 2542174445 155375 493

1713869832.049753 6727870
cloud1_tkemenade 2539128361 155332 477

1713869833.051356 6729271
cloud0_tkemenade 2542174445 155975 493

1713869833.051655 6729271
cloud1_tkemenade 2539128361 155932 477

1713869834.053492 6730693
cloud0_tkemenade 2542174445 156578 493

1713869834.0537739 6730693
cloud1_tkemenade 2539128361 156534 477

1713869834.1540194 6730840
cloud0_tkemenade 2579327055 156638 493

1713869834.1543064 6730840
cloud1_tkemenade 2576280971 156594 477

1713869835.156308 6732250
cloud0_tkemenade 2579327055 157237 493

1713869835.1566215 6732250
cloud1_tkemenade 2576280971 157196 477

1713869836.1582096 6733666
cloud0_tkemenade 2616560549 157840 493

1713869836.1586993 6733666
cloud1_tkemenade 2613435839 157796 478

1713869837.1612139 6735082
cloud0_tkemenade 2616560549 158442 493

1713869837.1618056 6735082
cloud1_tkemenade 2613435839 158398 478

1713869838.1641972 6736479
cloud0_tkemenade 2616560549 159042 493

1713869838.1647873 6736485
cloud1_tkemenade 2613435839 159000 478

1713869839.1670709 6737905
cloud0_tkemenade 2616560549 159645 493

1713869839.1673782 6737905
cloud1_tkemenade 2613435839 159600 478

1713869840.1694288 6739328
cloud0_tkemenade 2616560549 160247 493

1713869840.169968 6739328
cloud1_tkemenade 2613435839 160202 478

1713869841.1724522 6740740
cloud0_tkemenade 2616560549 160850 493

1713869841.1728177 6740745
cloud1_tkemenade 2613435839 160805 478

1713869841.2731564 6740887
cloud0_tkemenade 2653615005 160910 493

1713869841.2735214 6740887
cloud1_tkemenade 2650481600 160865 478

1713869842.2751806 6742312
cloud0_tkemenade 2653615005 161509 493

1713869842.275526 6742312
cloud1_tkemenade 2650481600 161464 479

1713869843.2772608 6743724
cloud0_tkemenade 2690603176 162112 493

1713869843.277571 6743724
cloud1_tkemenade 2687539300 162067 479

1713869844.2793257 6745110
cloud0_tkemenade 2690603176 162712 493

1713869844.2796495 6745110
cloud1_tkemenade 2687539300 162667 479

1713869845.2816622 6746495
cloud0_tkemenade 2690603176 163314 493

1713869845.2819397 6746495
cloud1_tkemenade 2687539300 163269 479

1713869846.2837703 6747923
cloud0_tkemenade 2690603176 163914 493

1713869846.2840376 6747923
cloud1_tkemenade 2687539300 163869 479

1713869847.2858124 6749387
cloud0_tkemenade 2690603176 164517 493

1713869847.2860847 6749387
cloud1_tkemenade 2687539300 164471 479

1713869848.2878938 6750790
cloud0_tkemenade 2727692722 165117 493

1713869848.2881746 6750790
cloud1_tkemenade 2724628846 165071 479

1713869849.289954 6752111
cloud0_tkemenade 2727692722 165719 493

1713869849.2902226 6752111
cloud1_tkemenade 2724628846 165674 479

1713869850.2919912 6753425
cloud0_tkemenade 2727692722 166319 493

1713869850.292264 6753425
cloud1_tkemenade 2724628846 166273 479

1713869850.5928817 6753828
cloud0_tkemenade 2764404979 166501 493

1713869850.5931592 6753828
cloud1_tkemenade 2761349491 166456 479

1713869851.5948608 6755142
cloud0_tkemenade 2764404979 167101 493

1713869851.595134 6755142
cloud1_tkemenade 2761349491 167056 479

1713869852.5969412 6756477
cloud0_tkemenade 2764404979 167703 494

1713869852.59721 6756477
cloud1_tkemenade 2761349491 167658 480

1713869853.5990226 6757791
cloud0_tkemenade 2764404979 168303 494

1713869853.599355 6757791
cloud1_tkemenade 2761349491 168258 480

1713869854.601113 6759109
cloud0_tkemenade 2764404979 168905 494

1713869854.6013892 6759109
cloud1_tkemenade 2761349491 168860 480

1713869855.503039 6760298
cloud0_tkemenade 2800251887 169445 494

1713869855.5033095 6760298
cloud1_tkemenade 2797196399 169400 480

1713869856.5051098 6761626
cloud0_tkemenade 2800251887 170048 494

1713869856.5053744 6761626
cloud1_tkemenade 2797196399 170002 480

1713869857.5068054 6763061
cloud0_tkemenade 2800251887 170648 494

1713869857.5071137 6763061
cloud1_tkemenade 2797196399 170602 480

1713869857.707427 6763346
cloud0_tkemenade 2836298404 170768 494

1713869857.7077813 6763346
cloud1_tkemenade 2833234460 170722 480

1713869858.7091267 6764759
cloud0_tkemenade 2836298404 171370 494

1713869858.7094703 6764759
cloud1_tkemenade 2833234460 171324 480

1713869859.7119493 6766175
cloud0_tkemenade 2836298404 171970 494

1713869859.7124686 6766175
cloud1_tkemenade 2833234460 171924 480

1713869860.7149317 6767595
cloud0_tkemenade 2836298404 172572 494

1713869860.7152863 6767595
cloud1_tkemenade 2833234460 172527 480

1713869861.7174025 6769014
cloud0_tkemenade 2836298404 173175 494

1713869861.7177327 6769014
cloud1_tkemenade 2833234460 173129 480

1713869862.5201952 6770153
cloud0_tkemenade 2873003248 173654 495

1713869862.5205483 6770153
cloud1_tkemenade 2869913455 173609 480

1713869863.523923 6771577
cloud0_tkemenade 2873003248 174257 495

1713869863.5242705 6771577
cloud1_tkemenade 2869913455 174211 480

1713869864.5262725 6772993
cloud0_tkemenade 2873003248 174859 495

1713869864.526608 6772993
cloud1_tkemenade 2869913455 174813 480

1713869864.7270417 6773285
cloud0_tkemenade 2909880049 174978 495

1713869864.7273474 6773285
cloud1_tkemenade 2906790256 174933 480

1713869865.729786 6774690
cloud0_tkemenade 2909880049 175581 495

1713869865.7302952 6774690
cloud1_tkemenade 2906790256 175536 480

1713869866.7328238 6776098
cloud0_tkemenade 2909880049 176183 495

1713869866.7333555 6776098
cloud1_tkemenade 2906790256 176138 481

1713869867.7358298 6777500
cloud0_tkemenade 2909880049 176783 495

1713869867.7361648 6777500
cloud1_tkemenade 2906790256 176738 481

1713869868.7379124 6778913
cloud0_tkemenade 2909880049 177382 500

1713869868.7382145 6778913
cloud1_tkemenade 2906790256 177340 481

1713869869.5396512 6780044
cloud0_tkemenade 2947088218 177862 500

1713869869.5399482 6780044
cloud1_tkemenade 2944016130 177820 481

1713869870.5415623 6781455
cloud0_tkemenade 2947088218 178464 500

1713869870.5418677 6781455
cloud1_tkemenade 2944016130 178422 481

1713869871.5434022 6782856
cloud0_tkemenade 2947088218 179064 500

1713869871.5437114 6782856
cloud1_tkemenade 2944016130 179022 481

1713869871.94436 6783413
cloud0_tkemenade 2984267245 179304 501

1713869871.9446516 6783413
cloud1_tkemenade 2981177953 179265 481

1713869872.9463825 6784834
cloud0_tkemenade 2984267245 179906 501

1713869872.9466677 6784834
cloud1_tkemenade 2981177953 179860 487

1713869873.9485466 6786250
cloud0_tkemenade 2984267245 180508 501

1713869873.9488435 6786255
cloud1_tkemenade 2981177953 180462 487

1713869874.9506948 6787659
cloud0_tkemenade 2984267245 181107 503

1713869874.9509823 6787659
cloud1_tkemenade 2981177953 181062 487

1713869875.952776 6789058
cloud0_tkemenade 2984267245 181709 503

1713869875.953055 6789058
cloud1_tkemenade 2981177953 181665 487

