1721198490.8199239 66251959
cloud_controller_tkemenade 11163037492 26183 4271
cloud0_tkemenade 24355989172 23248 3554

1721198491.8229403 66252195
cloud_controller_tkemenade 11163037492 26302 4298

1721198491.8235302 66252195
cloud0_tkemenade 24355989172 23368 3556

1721198492.8262827 66252398
cloud_controller_tkemenade 11163037492 26340 4308

1721198492.826853 66252398
cloud0_tkemenade 24355989172 23521 3565

1721198493.8296137 66252613
cloud_controller_tkemenade 11163037492 26366 4318

1721198493.8301544 66252613
cloud0_tkemenade 24355989172 23711 3577

1721198494.8330011 66252827
cloud_controller_tkemenade 11163037492 26387 4324

1721198494.8335445 66252827
cloud0_tkemenade 24355989172 23896 3593

1721198495.8363428 66253018
cloud_controller_tkemenade 11166107941 26434 4329

1721198495.836668 66253018
cloud0_tkemenade 24361375270 24034 3619

1721198496.8391402 66253211
cloud_controller_tkemenade 11166107941 26455 4335

1721198496.8394606 66253211
cloud0_tkemenade 24361375270 24202 3648

1721198497.8420496 66253433
cloud_controller_tkemenade 11166107941 26489 4345

1721198497.8426032 66253434
cloud0_tkemenade 24361375270 24390 3651

1721198498.8453217 66253618
cloud_controller_tkemenade 11166107941 26514 4358

1721198498.84591 66253618
cloud0_tkemenade 24361375270 24533 3659

1721198499.8485594 66253820
cloud_controller_tkemenade 11166107941 26546 4367

1721198499.8490908 66253820
cloud0_tkemenade 24361375270 24695 3685

1721198500.8518262 66253977
cloud_controller_tkemenade 11166107941 26572 4374

1721198500.8523602 66253977
cloud0_tkemenade 24361375270 24806 3698

1721198501.8551655 66254117
cloud_controller_tkemenade 11166107941 26592 4383

1721198501.8556814 66254117
cloud0_tkemenade 24361375270 24908 3710

1721198502.858358 66254279
cloud_controller_tkemenade 11166107941 26622 4390

1721198502.8589609 66254279
cloud0_tkemenade 24361375270 25024 3724

1721198503.0597486 66254331
cloud_controller_tkemenade 11167192045 26630 4391

1721198503.0603511 66254331
cloud0_tkemenade 24366052287 25051 3727

1721198504.0630927 66254515
cloud_controller_tkemenade 11167192045 26655 4404

1721198504.0636985 66254515
cloud0_tkemenade 24366052287 25187 3730

1721198505.066474 66254685
cloud_controller_tkemenade 11167192045 26678 4417

1721198505.0670843 66254685
cloud0_tkemenade 24366052287 25317 3736

1721198506.0698755 66254867
cloud_controller_tkemenade 11167192045 26696 4427

1721198506.0704913 66254868
cloud0_tkemenade 24366052287 25443 3743

1721198507.0732083 66255010
cloud_controller_tkemenade 11167192045 26719 4441

1721198507.073756 66255010
cloud0_tkemenade 24366052287 25539 3755

1721198508.0764914 66255214
cloud_controller_tkemenade 11167192045 26766 4462

1721198508.0770833 66255214
cloud0_tkemenade 24366052287 25666 3760

1721198509.0798082 66255399
cloud_controller_tkemenade 11167192045 26799 4480

1721198509.0803843 66255399
cloud0_tkemenade 24366052287 25777 3760

1721198510.082869 66255571
cloud_controller_tkemenade 11167192045 26819 4497

1721198510.0834472 66255571
cloud0_tkemenade 24366052287 25886 3765

1721198510.2842116 66255608
cloud_controller_tkemenade 11168170560 26825 4500

1721198510.284764 66255608
cloud0_tkemenade 24368965375 25909 3766

1721198511.2873745 66255780
cloud_controller_tkemenade 11168170560 26851 4509

1721198511.2879791 66255780
cloud0_tkemenade 24368965375 26031 3774

1721198512.2907367 66255962
cloud_controller_tkemenade 11168170560 26883 4519

1721198512.2913258 66255962
cloud0_tkemenade 24368965375 26143 3778

1721198513.2940383 66256147
cloud_controller_tkemenade 11168170560 26916 4526

1721198513.2945797 66256148
cloud0_tkemenade 24368965375 26252 3786

1721198514.2971287 66256318
cloud_controller_tkemenade 11168170560 26931 4534

1721198514.297717 66256318
cloud0_tkemenade 24368965375 26383 3800

1721198515.3003154 66256501
cloud_controller_tkemenade 11168170560 26957 4540

1721198515.3008325 66256501
cloud0_tkemenade 24368965375 26512 3816

1721198516.3034163 66256725
cloud_controller_tkemenade 11168170560 26999 4546

1721198516.303957 66256725
cloud0_tkemenade 24368965375 26654 3826

1721198517.3063824 66256955
cloud_controller_tkemenade 11168170560 27052 4554

1721198517.3069057 66256955
cloud0_tkemenade 24368965375 26794 3842

1721198517.4074347 66256975
cloud_controller_tkemenade 11169251427 27053 4556

1721198517.4079483 66256975
cloud0_tkemenade 24372664682 26806 3845

1721198518.4106128 66257190
cloud_controller_tkemenade 11169251427 27078 4574

1721198518.4111545 66257190
cloud0_tkemenade 24372664682 26940 3853

1721198519.413764 66257401
cloud_controller_tkemenade 11169251427 27109 4585

1721198519.414328 66257403
cloud0_tkemenade 24372664682 27073 3862

1721198520.4170446 66257621
cloud_controller_tkemenade 11169251427 27174 4594

1721198520.4176097 66257621
cloud0_tkemenade 24372664682 27200 3871

1721198521.4204607 66257780
cloud_controller_tkemenade 11169251427 27204 4597

1721198521.4210672 66257780
cloud0_tkemenade 24372664682 27286 3896

1721198522.4239278 66257941
cloud_controller_tkemenade 11169251427 27228 4604

1721198522.4244933 66257941
cloud0_tkemenade 24372664682 27363 3928

1721198523.4273725 66258123
cloud_controller_tkemenade 11169251427 27265 4611

1721198523.4277747 66258123
cloud0_tkemenade 24372664682 27460 3953

1721198524.4304612 66258291
cloud_controller_tkemenade 11169251427 27289 4614

1721198524.4309785 66258291
cloud0_tkemenade 24372664682 27578 3965

1721198524.5314627 66258310
cloud_controller_tkemenade 11170383357 27290 4615

1721198524.5320115 66258310
cloud0_tkemenade 24376106209 27588 3967

1721198525.5347583 66258460
cloud_controller_tkemenade 11170383357 27309 4621

1721198525.5353024 66258460
cloud0_tkemenade 24376106209 27693 3979

1721198526.5380058 66258615
cloud_controller_tkemenade 11170383357 27329 4629

1721198526.5385773 66258615
cloud0_tkemenade 24376106209 27803 3987

1721198527.5411887 66258782
cloud_controller_tkemenade 11170383357 27360 4636

1721198527.5417876 66258782
cloud0_tkemenade 24376106209 27910 4000

1721198528.544514 66258955
cloud_controller_tkemenade 11170383357 27404 4659

1721198528.5451214 66258955
cloud0_tkemenade 24376106209 28017 4013

1721198529.5478837 66259114
cloud_controller_tkemenade 11170383357 27432 4673

1721198529.548478 66259114
cloud0_tkemenade 24376106209 28114 4034

1721198530.5510054 66259267
cloud_controller_tkemenade 11170383357 27455 4683

1721198530.5515714 66259267
cloud0_tkemenade 24376106209 28220 4056

1721198531.5540617 66259425
cloud_controller_tkemenade 11171411258 27486 4692

1721198531.5545866 66259426
cloud0_tkemenade 24379314622 28338 4069

1721198532.5569727 66259576
cloud_controller_tkemenade 11171411258 27509 4700

1721198532.5575485 66259576
cloud0_tkemenade 24379314622 28452 4076

1721198533.5602365 66259763
cloud_controller_tkemenade 11171411258 27544 4713

1721198533.5608065 66259763
cloud0_tkemenade 24379314622 28584 4086

1721198534.5634696 66259936
cloud_controller_tkemenade 11171411258 27568 4729

1721198534.563995 66259936
cloud0_tkemenade 24379314622 28706 4093

1721198535.56669 66260102
cloud_controller_tkemenade 11171411258 27587 4738

1721198535.567259 66260102
cloud0_tkemenade 24379314622 28833 4104

1721198536.5699039 66260286
cloud_controller_tkemenade 11171411258 27611 4744

1721198536.570484 66260287
cloud0_tkemenade 24379314622 28946 4107

1721198537.573157 66260475
cloud_controller_tkemenade 11171411258 27633 4756

1721198537.573725 66260475
cloud0_tkemenade 24379314622 29063 4107

1721198538.47624 66260654
cloud_controller_tkemenade 11172329385 27672 4765

1721198538.4768155 66260654
cloud0_tkemenade 24382413742 29166 4112

1721198539.4795628 66260805
cloud_controller_tkemenade 11172329385 27707 4773

1721198539.4801545 66260805
cloud0_tkemenade 24382413742 29278 4120

1721198540.4828546 66260979
cloud_controller_tkemenade 11172329385 27732 4780

1721198540.4834344 66260979
cloud0_tkemenade 24382413742 29386 4127

1721198541.4862554 66261143
cloud_controller_tkemenade 11172329385 27752 4788

1721198541.4868631 66261143
cloud0_tkemenade 24382413742 29492 4138

1721198542.4897146 66261314
cloud_controller_tkemenade 11172329385 27796 4797

1721198542.4903536 66261315
cloud0_tkemenade 24382413742 29606 4147

1721198543.4932258 66261466
cloud_controller_tkemenade 11172329385 27827 4806

1721198543.4936311 66261466
cloud0_tkemenade 24382413742 29722 4163

1721198544.49647 66261627
cloud_controller_tkemenade 11172329385 27850 4815

1721198544.497076 66261627
cloud0_tkemenade 24382413742 29828 4177

1721198545.4998522 66261779
cloud_controller_tkemenade 11172329385 27867 4821

1721198545.500384 66261779
cloud0_tkemenade 24382413742 29946 4190

1721198545.6008365 66261805
cloud_controller_tkemenade 11173162415 27872 4822

1721198545.6014118 66261805
cloud0_tkemenade 24385301140 29964 4192

1721198546.6040337 66261979
cloud_controller_tkemenade 11173162415 27916 4829

1721198546.6046276 66261979
cloud0_tkemenade 24385301140 30090 4202

1721198547.60715 66262137
cloud_controller_tkemenade 11173162415 27941 4835

1721198547.6077428 66262137
cloud0_tkemenade 24385301140 30213 4215

1721198548.6103754 66262317
cloud_controller_tkemenade 11173162415 27982 4843

1721198548.6109538 66262317
cloud0_tkemenade 24385301140 30334 4219

1721198549.6135616 66262471
cloud_controller_tkemenade 11173162415 28007 4853

1721198549.6141617 66262471
cloud0_tkemenade 24385301140 30449 4222

1721198550.6168532 66262654
cloud_controller_tkemenade 11173162415 28051 4862

1721198550.6174104 66262654
cloud0_tkemenade 24385301140 30574 4227

1721198551.620114 66262798
cloud_controller_tkemenade 11173162415 28074 4870

1721198551.620698 66262798
cloud0_tkemenade 24385301140 30681 4238

1721198552.623644 66262948
cloud_controller_tkemenade 11174187179 28101 4882

1721198552.6242003 66262948
cloud0_tkemenade 24388347643 30785 4245

1721198553.6270733 66263097
cloud_controller_tkemenade 11174187179 28135 4892

1721198553.627661 66263097
cloud0_tkemenade 24388347643 30898 4256

1721198554.6303723 66263260
cloud_controller_tkemenade 11174187179 28164 4899

1721198554.6309228 66263260
cloud0_tkemenade 24388347643 30999 4266

1721198555.633832 66263395
cloud_controller_tkemenade 11174187179 28182 4908

1721198555.6344323 66263397
cloud0_tkemenade 24388347643 31115 4269

1721198556.6370842 66263470
cloud_controller_tkemenade 11174187179 28206 4919

1721198556.637656 66263470
cloud0_tkemenade 24388347643 31153 4286

1721198557.6403456 66263532
cloud_controller_tkemenade 11174187179 28233 4926

1721198557.640873 66263532
cloud0_tkemenade 24388347643 31184 4289

1721198558.6435516 66263588
cloud_controller_tkemenade 11174187179 28269 4940

1721198558.644125 66263588
cloud0_tkemenade 24388347643 31199 4296

1721198559.6465619 66263636
cloud_controller_tkemenade 11175125765 28301 4959

1721198559.647121 66263636
cloud0_tkemenade 24390030272 31215 4299

1721198560.6498163 66263682
cloud_controller_tkemenade 11175125765 28329 4976

1721198560.6504157 66263682
cloud0_tkemenade 24390030272 31233 4302

1721198561.6529596 66263717
cloud_controller_tkemenade 11175125765 28347 4984

1721198561.6535256 66263717
cloud0_tkemenade 24390030272 31254 4306

1721198562.6561744 66263771
cloud_controller_tkemenade 11175125765 28380 4998

1721198562.6567445 66263771
cloud0_tkemenade 24390030272 31275 4307

1721198563.6594167 66263849
cloud_controller_tkemenade 11175125765 28412 5003

1721198563.6599672 66263849
cloud0_tkemenade 24390030272 31322 4316

1721198564.6625729 66263915
cloud_controller_tkemenade 11175125765 28437 5010

1721198564.663119 66263915
cloud0_tkemenade 24390030272 31352 4320

1721198565.6658616 66263976
cloud_controller_tkemenade 11175125765 28455 5015

1721198565.6664581 66263976
cloud0_tkemenade 24390030272 31397 4330

1721198566.6690981 66264049
cloud_controller_tkemenade 11175872793 28477 5021

1721198566.6696117 66264049
cloud0_tkemenade 24390855115 31443 4336

1721198567.672183 66264101
cloud_controller_tkemenade 11175872793 28502 5023

1721198567.672749 66264101
cloud0_tkemenade 24390855115 31468 4342

1721198568.6753912 66264183
cloud_controller_tkemenade 11175872793 28556 5032

1721198568.6759577 66264183
cloud0_tkemenade 24390855115 31496 4350

1721198569.6786995 66264232
cloud_controller_tkemenade 11175872793 28593 5039

1721198569.6792662 66264232
cloud0_tkemenade 24390855115 31512 4361

1721198570.681954 66264291
cloud_controller_tkemenade 11175872793 28617 5048

1721198570.682545 66264292
cloud0_tkemenade 24390855115 31544 4368

1721198571.685359 66264359
cloud_controller_tkemenade 11175872793 28651 5052

1721198571.6859004 66264359
cloud0_tkemenade 24390855115 31577 4382

1721198572.6887107 66264485
cloud_controller_tkemenade 11175872793 28748 5057

1721198572.6892886 66264485
cloud0_tkemenade 24390855115 31604 4395

1721198573.6919835 66264549
cloud_controller_tkemenade 11176943884 28780 5062

1721198573.6925378 66264549
cloud0_tkemenade 24391671782 31637 4405

1721198574.694982 66264609
cloud_controller_tkemenade 11176943884 28808 5071

1721198574.6953905 66264609
cloud0_tkemenade 24391671782 31663 4412

1721198575.698028 66264684
cloud_controller_tkemenade 11176943884 28837 5076

1721198575.6986377 66264685
cloud0_tkemenade 24391671782 31699 4420

1721198576.701493 66264787
cloud_controller_tkemenade 11176943884 28890 5082

1721198576.7020984 66264787
cloud0_tkemenade 24391671782 31753 4433

1721198577.704861 66264849
cloud_controller_tkemenade 11176943884 28918 5090

1721198577.7054253 66264849
cloud0_tkemenade 24391671782 31787 4443

1721198578.7082665 66264918
cloud_controller_tkemenade 11176943884 28952 5097

1721198578.7088253 66264918
cloud0_tkemenade 24391671782 31826 4455

1721198579.7115247 66264961
cloud_controller_tkemenade 11176943884 28985 5107

1721198579.7121346 66264961
cloud0_tkemenade 24391671782 31839 4463

1721198580.7144098 66265059
cloud_controller_tkemenade 11177909391 29032 5117

1721198580.7149453 66265059
cloud0_tkemenade 24392659162 31879 4478

1721198581.717442 66265099
cloud_controller_tkemenade 11177909391 29050 5125

1721198581.7180007 66265099
cloud0_tkemenade 24392659162 31900 4483

1721198582.7204554 66265149
cloud_controller_tkemenade 11177909391 29084 5133

1721198582.721022 66265149
cloud0_tkemenade 24392659162 31918 4487

1721198583.7236524 66265216
cloud_controller_tkemenade 11177909391 29105 5141

1721198583.724228 66265216
cloud0_tkemenade 24392659162 31964 4493

1721198584.7268455 66265290
cloud_controller_tkemenade 11177909391 29139 5149

1721198584.727416 66265290
cloud0_tkemenade 24392659162 32003 4499

1721198585.7300408 66265341
cloud_controller_tkemenade 11177909391 29157 5153

1721198585.7305913 66265341
cloud0_tkemenade 24392659162 32033 4504

1721198586.7332964 66265407
cloud_controller_tkemenade 11177909391 29182 5162

1721198586.733875 66265407
cloud0_tkemenade 24392659162 32079 4510

1721198587.7364445 66265443
cloud_controller_tkemenade 11177909391 29204 5171

1721198587.7369695 66265443
cloud0_tkemenade 24392659162 32096 4512

1721198587.8374631 66265455
cloud_controller_tkemenade 11178598659 29206 5171

1721198587.837951 66265455
cloud0_tkemenade 24393427377 32097 4512

1721198588.8406198 66265518
cloud_controller_tkemenade 11178598659 29244 5180

1721198588.8411968 66265518
cloud0_tkemenade 24393427377 32117 4515

1721198589.8438447 66265566
cloud_controller_tkemenade 11178598659 29284 5190

1721198589.8444035 66265566
cloud0_tkemenade 24393427377 32131 4520

1721198590.8471425 66265613
cloud_controller_tkemenade 11178598659 29316 5205

1721198590.8477156 66265613
cloud0_tkemenade 24393427377 32148 4523

1721198591.8503814 66265651
cloud_controller_tkemenade 11178598659 29335 5215

1721198591.8509507 66265651
cloud0_tkemenade 24393427377 32169 4527

1721198592.8538253 66265715
cloud_controller_tkemenade 11178598659 29365 5231

1721198592.8544645 66265715
cloud0_tkemenade 24393427377 32205 4530

1721198593.8572657 66265793
cloud_controller_tkemenade 11178598659 29394 5247

1721198593.857842 66265793
cloud0_tkemenade 24393427377 32256 4535

1721198594.8605392 66265860
cloud_controller_tkemenade 11179560917 29427 5265

1721198594.8611135 66265860
cloud0_tkemenade 24394057610 32283 4539

1721198595.8637195 66265924
cloud_controller_tkemenade 11179560917 29450 5277

1721198595.864315 66265924
cloud0_tkemenade 24394057610 32309 4545

1721198596.8670743 66265981
cloud_controller_tkemenade 11179560917 29476 5286

1721198596.8677993 66265981
cloud0_tkemenade 24394057610 32342 4552

1721198597.8705728 66266025
cloud_controller_tkemenade 11179560917 29498 5297

1721198597.8711486 66266025
cloud0_tkemenade 24394057610 32365 4556

1721198598.873962 66266101
cloud_controller_tkemenade 11179560917 29548 5312

1721198598.8745923 66266101
cloud0_tkemenade 24394057610 32396 4562

1721198599.8773315 66266142
cloud_controller_tkemenade 11179560917 29582 5326

1721198599.8779228 66266142
cloud0_tkemenade 24394057610 32409 4567

1721198600.880815 66266197
cloud_controller_tkemenade 11179560917 29613 5333

1721198600.8814015 66266197
cloud0_tkemenade 24394057610 32436 4575

1721198601.883813 66266245
cloud_controller_tkemenade 11179560917 29640 5340

1721198601.8843863 66266245
cloud0_tkemenade 24394057610 32460 4580

1721198601.984882 66266253
cloud_controller_tkemenade 11180444089 29643 5341

1721198601.9853828 66266253
cloud0_tkemenade 24394737203 32460 4580

1721198602.9879375 66266311
cloud_controller_tkemenade 11180444089 29674 5348

1721198602.9885163 66266311
cloud0_tkemenade 24394737203 32485 4586

1721198603.9910123 66266364
cloud_controller_tkemenade 11180444089 29699 5356

1721198603.991458 66266364
cloud0_tkemenade 24394737203 32518 4591

1721198604.9937432 66266428
cloud_controller_tkemenade 11180444089 29732 5367

1721198604.994265 66266429
cloud0_tkemenade 24394737203 32543 4596

1721198605.9967496 66266531
cloud_controller_tkemenade 11180444089 29765 5372

1721198605.9972732 66266531
cloud0_tkemenade 24394737203 32576 4604

1721198606.9997869 66266633
cloud_controller_tkemenade 11180444089 29787 5392

1721198607.0002303 66266633
cloud0_tkemenade 24394737203 32639 4613

1721198608.0026689 66266701
cloud_controller_tkemenade 11180444089 29807 5401

1721198608.003078 66266701
cloud0_tkemenade 24394737203 32663 4620

1721198609.0054755 66266803
cloud_controller_tkemenade 11180444089 29843 5406

1721198609.0059304 66266803
cloud0_tkemenade 24394737203 32697 4627

1721198609.20653 66266829
cloud_controller_tkemenade 11181263875 29859 5407

1721198609.2069974 66266829
cloud0_tkemenade 24395589780 32699 4629

1721198610.2094643 66266911
cloud_controller_tkemenade 11181263875 29898 5412

1721198610.2099268 66266911
cloud0_tkemenade 24395589780 32729 4636

1721198611.2123973 66266969
cloud_controller_tkemenade 11181263875 29930 5422

1721198611.21287 66266969
cloud0_tkemenade 24395589780 32749 4642

1721198612.2153585 66267012
cloud_controller_tkemenade 11181263875 29947 5432

1721198612.2158256 66267012
cloud0_tkemenade 24395589780 32772 4647

1721198613.2182899 66267069
cloud_controller_tkemenade 11181263875 29976 5440

1721198613.2187686 66267069
cloud0_tkemenade 24395589780 32798 4653

1721198614.2211647 66267129
cloud_controller_tkemenade 11181263875 30002 5449

1721198614.2215903 66267129
cloud0_tkemenade 24395589780 32834 4660

1721198615.2239373 66267205
cloud_controller_tkemenade 11181263875 30034 5459

1721198615.2244396 66267205
cloud0_tkemenade 24395589780 32881 4667

1721198616.226884 66267256
cloud_controller_tkemenade 11182044112 30051 5465

1721198616.2274203 66267256
cloud0_tkemenade 24396308822 32892 4669

1721198617.2298641 66267312
cloud_controller_tkemenade 11182044112 30071 5475

1721198617.2304137 66267312
cloud0_tkemenade 24396308822 32929 4675

1721198618.232904 66267349
cloud_controller_tkemenade 11182044112 30093 5481

1721198618.2334146 66267349
cloud0_tkemenade 24396308822 32943 4676

1721198619.2359242 66267408
cloud_controller_tkemenade 11182044112 30131 5489

1721198619.2364385 66267408
cloud0_tkemenade 24396308822 32968 4680

1721198620.238925 66267455
cloud_controller_tkemenade 11182044112 30157 5495

1721198620.2394564 66267455
cloud0_tkemenade 24396308822 32985 4682

1721198621.2419512 66267497
cloud_controller_tkemenade 11182044112 30187 5500

1721198621.2424912 66267499
cloud0_tkemenade 24396308822 33001 4687

1721198622.2450151 66267530
cloud_controller_tkemenade 11182044112 30203 5507

1721198622.2455332 66267530
cloud0_tkemenade 24396308822 33019 4690

1721198623.2479715 66267580
cloud_controller_tkemenade 11182044112 30230 5519

1721198623.2485309 66267580
cloud0_tkemenade 24396308822 33041 4695

1721198623.3490243 66267587
cloud_controller_tkemenade 11182749043 30232 5519

1721198623.34949 66267587
cloud0_tkemenade 24396831546 33046 4696

1721198624.3519685 66267671
cloud_controller_tkemenade 11182749043 30260 5528

1721198624.3525057 66267671
cloud0_tkemenade 24396831546 33103 4705

1721198625.3550456 66267722
cloud_controller_tkemenade 11182749043 30284 5536

1721198625.355583 66267722
cloud0_tkemenade 24396831546 33136 4709

1721198626.3580954 66267769
cloud_controller_tkemenade 11182749043 30303 5541

1721198626.3586442 66267769
cloud0_tkemenade 24396831546 33152 4711

1721198627.3611524 66267827
cloud_controller_tkemenade 11182749043 30331 5546

1721198627.3617115 66267827
cloud0_tkemenade 24396831546 33187 4719

1721198628.3642578 66267874
cloud_controller_tkemenade 11182749043 30363 5560

1721198628.3647707 66267874
cloud0_tkemenade 24396831546 33206 4722

1721198629.3672483 66267931
cloud_controller_tkemenade 11182749043 30405 5573

1721198629.3677747 66267931
cloud0_tkemenade 24396831546 33231 4726

1721198630.2700639 66267977
cloud_controller_tkemenade 11183544350 30428 5581

1721198630.2706277 66267977
cloud0_tkemenade 24397586934 33252 4733

1721198631.273166 66268020
cloud_controller_tkemenade 11183544350 30456 5593

1721198631.273685 66268020
cloud0_tkemenade 24397586934 33270 4739

1721198632.2762227 66268068
cloud_controller_tkemenade 11183544350 30487 5603

1721198632.2767675 66268068
cloud0_tkemenade 24397586934 33293 4744

1721198633.2792728 66268122
cloud_controller_tkemenade 11183544350 30522 5617

1721198633.2797873 66268122
cloud0_tkemenade 24397586934 33316 4746

1721198634.282366 66268193
cloud_controller_tkemenade 11183544350 30546 5624

1721198634.2829297 66268193
cloud0_tkemenade 24397586934 33361 4748

1721198635.2854807 66268242
cloud_controller_tkemenade 11183544350 30579 5636

1721198635.2860043 66268242
cloud0_tkemenade 24397586934 33382 4751

1721198636.288511 66268319
cloud_controller_tkemenade 11183544350 30609 5645

1721198636.2889388 66268319
cloud0_tkemenade 24397586934 33419 4754

1721198637.2915142 66268427
cloud_controller_tkemenade 11184523604 30665 5656

1721198637.2919319 66268427
cloud0_tkemenade 24398352074 33467 4758

1721198638.2943673 66268468
cloud_controller_tkemenade 11184523604 30686 5663

1721198638.2949111 66268468
cloud0_tkemenade 24398352074 33489 4765

1721198639.297513 66268523
cloud_controller_tkemenade 11184523604 30719 5673

1721198639.29806 66268523
cloud0_tkemenade 24398352074 33517 4769

1721198640.300615 66268613
cloud_controller_tkemenade 11184523604 30775 5682

1721198640.301181 66268613
cloud0_tkemenade 24398352074 33545 4776

1721198641.3039 66268652
cloud_controller_tkemenade 11184523604 30800 5687

1721198641.3044796 66268652
cloud0_tkemenade 24398352074 33565 4783

1721198642.307283 66268679
cloud_controller_tkemenade 11184523604 30821 5695

1721198642.3078587 66268679
cloud0_tkemenade 24398352074 33580 4790

1721198643.3106568 66268738
cloud_controller_tkemenade 11184523604 30851 5704

1721198643.3112614 66268738
cloud0_tkemenade 24398352074 33610 4799

1721198644.3139753 66268797
cloud_controller_tkemenade 11184523604 30878 5711

1721198644.3145723 66268798
cloud0_tkemenade 24398352074 33638 4808

1721198644.4150422 66268823
cloud_controller_tkemenade 11185347874 30884 5713

1721198644.4156554 66268823
cloud0_tkemenade 24399039473 33654 4811

1721198645.4184282 66268889
cloud_controller_tkemenade 11185347874 30913 5721

1721198645.4190104 66268889
cloud0_tkemenade 24399039473 33697 4821

1721198646.4216688 66268927
cloud_controller_tkemenade 11185347874 30935 5726

1721198646.4220848 66268927
cloud0_tkemenade 24399039473 33718 4827

1721198647.4247258 66268986
cloud_controller_tkemenade 11185347874 30956 5736

1721198647.425306 66268986
cloud0_tkemenade 24399039473 33748 4835

1721198648.4278708 66269021
cloud_controller_tkemenade 11185347874 30979 5747

1721198648.428455 66269021
cloud0_tkemenade 24399039473 33761 4839

1721198649.4311092 66269080
cloud_controller_tkemenade 11185347874 31015 5757

1721198649.4316788 66269080
cloud0_tkemenade 24399039473 33783 4844

1721198650.4343264 66269131
cloud_controller_tkemenade 11185347874 31048 5765

1721198650.4348893 66269131
cloud0_tkemenade 24399039473 33805 4849

1721198651.4374611 66269180
cloud_controller_tkemenade 11186129084 31076 5770

1721198651.4380636 66269180
cloud0_tkemenade 24399716112 33822 4851

1721198652.440704 66269217
cloud_controller_tkemenade 11186129084 31093 5781

1721198652.441276 66269217
cloud0_tkemenade 24399716112 33841 4856

1721198653.4441977 66269293
cloud_controller_tkemenade 11186129084 31124 5785

1721198653.4448075 66269293
cloud0_tkemenade 24399716112 33883 4867

1721198654.4476173 66269382
cloud_controller_tkemenade 11186129084 31157 5792

1721198654.4482098 66269382
cloud0_tkemenade 24399716112 33936 4880

1721198655.450569 66269438
cloud_controller_tkemenade 11186129084 31187 5801

1721198655.4511507 66269438
cloud0_tkemenade 24399716112 33966 4889

1721198656.453617 66269474
cloud_controller_tkemenade 11186129084 31205 5807

1721198656.4541802 66269474
cloud0_tkemenade 24399716112 33987 4898

1721198657.456677 66269545
cloud_controller_tkemenade 11186129084 31233 5813

1721198657.4572477 66269545
cloud0_tkemenade 24399716112 34022 4905

1721198658.4599729 66269618
cloud_controller_tkemenade 11186890181 31275 5821

1721198658.4605412 66269618
cloud0_tkemenade 24400576213 34043 4908

1721198659.4631119 66269673
cloud_controller_tkemenade 11186890181 31316 5831

1721198659.4636962 66269673
cloud0_tkemenade 24400576213 34060 4914

1721198660.4664226 66269729
cloud_controller_tkemenade 11186890181 31349 5840

1721198660.4669724 66269729
cloud0_tkemenade 24400576213 34085 4923

1721198661.469517 66269779
cloud_controller_tkemenade 11186890181 31375 5854

1721198661.470097 66269779
cloud0_tkemenade 24400576213 34110 4928

1721198662.4726548 66269831
cloud_controller_tkemenade 11186890181 31412 5867

1721198662.473228 66269831
cloud0_tkemenade 24400576213 34130 4932

1721198663.4756866 66269884
cloud_controller_tkemenade 11186890181 31439 5881

1721198663.4762132 66269884
cloud0_tkemenade 24400576213 34157 4936

1721198664.4786372 66269944
cloud_controller_tkemenade 11186890181 31467 5893

1721198664.4792073 66269944
cloud0_tkemenade 24400576213 34187 4941

1721198665.4816809 66270003
cloud_controller_tkemenade 11186890181 31498 5903

1721198665.4822643 66270004
cloud0_tkemenade 24400576213 34218 4945

1721198665.5828052 66270016
cloud_controller_tkemenade 11187826769 31499 5904

1721198665.5833313 66270016
cloud0_tkemenade 24401219556 34220 4945

1721198666.5860462 66270113
cloud_controller_tkemenade 11187826769 31555 5911

1721198666.5866497 66270114
cloud0_tkemenade 24401219556 34259 4952

1721198667.589248 66270199
cloud_controller_tkemenade 11187826769 31580 5918

1721198667.5898151 66270199
cloud0_tkemenade 24401219556 34306 4963

1721198668.5921693 66270251
cloud_controller_tkemenade 11187826769 31614 5931

1721198668.5927405 66270251
cloud0_tkemenade 24401219556 34329 4966

1721198669.5952914 66270312
cloud_controller_tkemenade 11187826769 31650 5943

1721198669.595886 66270312
cloud0_tkemenade 24401219556 34353 4971

1721198670.5984297 66270403
cloud_controller_tkemenade 11187826769 31700 5949

1721198670.59897 66270403
cloud0_tkemenade 24401219556 34391 4978

1721198671.6014318 66270444
cloud_controller_tkemenade 11187826769 31725 5957

1721198671.601989 66270444
cloud0_tkemenade 24401219556 34409 4981

1721198672.6043143 66270475
cloud_controller_tkemenade 11187826769 31748 5964

1721198672.6048331 66270475
cloud0_tkemenade 24401219556 34422 4985

1721198672.705273 66270485
cloud_controller_tkemenade 11188781733 31754 5965

1721198672.705778 66270485
cloud0_tkemenade 24401969448 34424 4986

1721198673.708154 66270540
cloud_controller_tkemenade 11188781733 31778 5972

1721198673.7087088 66270540
cloud0_tkemenade 24401969448 34460 4989

1721198674.7111611 66270613
cloud_controller_tkemenade 11188781733 31810 5978

1721198674.7117128 66270613
cloud0_tkemenade 24401969448 34501 4995

1721198675.7143283 66270684
cloud_controller_tkemenade 11188781733 31836 5982

1721198675.714881 66270684
cloud0_tkemenade 24401969448 34545 4998

1721198676.7174234 66270716
cloud_controller_tkemenade 11188781733 31854 5991

1721198676.7179618 66270716
cloud0_tkemenade 24401969448 34561 5002

1721198677.7204123 66270791
cloud_controller_tkemenade 11188781733 31882 5998

1721198677.7209332 66270791
cloud0_tkemenade 24401969448 34596 5007

1721198678.7233005 66270825
cloud_controller_tkemenade 11188781733 31904 6004

1721198678.7237968 66270825
cloud0_tkemenade 24401969448 34610 5009

1721198679.7263346 66270875
cloud_controller_tkemenade 11188781733 31939 6014

1721198679.7268612 66270875
cloud0_tkemenade 24401969448 34626 5012

1721198679.8273575 66270881
cloud_controller_tkemenade 11189503463 31940 6015

1721198679.82789 66270881
cloud0_tkemenade 24402669951 34633 5012

1721198680.8303683 66270919
cloud_controller_tkemenade 11189503463 31967 6023

1721198680.830913 66270919
cloud0_tkemenade 24402669951 34649 5015

1721198681.833572 66270957
cloud_controller_tkemenade 11189503463 31986 6034

1721198681.8341422 66270957
cloud0_tkemenade 24402669951 34670 5020

1721198682.8366764 66270993
cloud_controller_tkemenade 11189503463 32013 6040

1721198682.8372366 66270993
cloud0_tkemenade 24402669951 34684 5023

1721198683.839927 66271066
cloud_controller_tkemenade 11189503463 32039 6048

1721198683.840539 66271066
cloud0_tkemenade 24402669951 34734 5031

1721198684.8431628 66271134
cloud_controller_tkemenade 11189503463 32065 6057

1721198684.843737 66271134
cloud0_tkemenade 24402669951 34765 5037

1721198685.84644 66271187
cloud_controller_tkemenade 11189503463 32092 6065

1721198685.847011 66271187
cloud0_tkemenade 24402669951 34792 5043

1721198686.849853 66271229
cloud_controller_tkemenade 11190192709 32111 6071

1721198686.8504908 66271229
cloud0_tkemenade 24403368386 34817 5055

1721198687.85327 66271291
cloud_controller_tkemenade 11190192709 32137 6077

1721198687.8538253 66271291
cloud0_tkemenade 24403368386 34846 5066

1721198688.8563602 66271341
cloud_controller_tkemenade 11190192709 32173 6085

1721198688.85688 66271341
cloud0_tkemenade 24403368386 34866 5074

1721198689.8593676 66271395
cloud_controller_tkemenade 11190192709 32212 6092

1721198689.8599112 66271395
cloud0_tkemenade 24403368386 34884 5079

1721198690.86261 66271447
cloud_controller_tkemenade 11190192709 32240 6100

1721198690.8632193 66271447
cloud0_tkemenade 24403368386 34909 5087

1721198691.8660176 66271499
cloud_controller_tkemenade 11190192709 32267 6112

1721198691.8666263 66271499
cloud0_tkemenade 24403368386 34935 5094

1721198692.8693635 66271565
cloud_controller_tkemenade 11190192709 32312 6119

1721198692.8699079 66271565
cloud0_tkemenade 24403368386 34958 5103

1721198693.7722552 66271628
cloud_controller_tkemenade 11191165464 32347 6123

1721198693.7728312 66271628
cloud0_tkemenade 24404120516 34984 5109

1721198694.7753055 66271683
cloud_controller_tkemenade 11191165464 32371 6130

1721198694.7758813 66271683
cloud0_tkemenade 24404120516 35016 5115

1721198695.7784643 66271761
cloud_controller_tkemenade 11191165464 32406 6141

1721198695.7790575 66271761
cloud0_tkemenade 24404120516 35061 5125

1721198696.7815917 66271831
cloud_controller_tkemenade 11191165464 32447 6150

1721198696.7821991 66271831
cloud0_tkemenade 24404120516 35091 5132

1721198697.784711 66271909
cloud_controller_tkemenade 11191165464 32471 6159

1721198697.7852926 66271909
cloud0_tkemenade 24404120516 35134 5151

1721198698.7877069 66271957
cloud_controller_tkemenade 11191165464 32497 6164

1721198698.788311 66271957
cloud0_tkemenade 24404120516 35155 5158

1721198699.7908452 66272018
cloud_controller_tkemenade 11191165464 32547 6172

1721198699.791428 66272018
cloud0_tkemenade 24404120516 35171 5164

1721198700.7943304 66272101
cloud_controller_tkemenade 11191165464 32590 6179

1721198700.7949183 66272101
cloud0_tkemenade 24404120516 35209 5173

1721198700.8953996 66272119
cloud_controller_tkemenade 11192083965 32596 6179

1721198700.8960817 66272119
cloud0_tkemenade 24405002399 35210 5174

1721198701.898845 66272168
cloud_controller_tkemenade 11192083965 32626 6188

1721198701.89946 66272168
cloud0_tkemenade 24405002399 35232 5178

1721198702.9023347 66272225
cloud_controller_tkemenade 11192083965 32659 6193

1721198702.9029484 66272225
cloud0_tkemenade 24405002399 35254 5188

1721198703.905902 66272281
cloud_controller_tkemenade 11192083965 32683 6201

1721198703.9065385 66272281
cloud0_tkemenade 24405002399 35292 5194

1721198704.9094179 66272356
cloud_controller_tkemenade 11192083965 32713 6210

1721198704.9100218 66272356
cloud0_tkemenade 24405002399 35337 5200

1721198705.9128802 66272417
cloud_controller_tkemenade 11192083965 32748 6222

1721198705.9134445 66272417
cloud0_tkemenade 24405002399 35361 5203

1721198706.9162114 66272459
cloud_controller_tkemenade 11192083965 32768 6231

1721198706.9167864 66272459
cloud0_tkemenade 24405002399 35384 5209

1721198707.9195533 66272516
cloud_controller_tkemenade 11192885784 32796 6240

1721198707.920148 66272516
cloud0_tkemenade 24405739704 35407 5216

1721198708.9230406 66272585
cloud_controller_tkemenade 11192885784 32824 6251

1721198708.9236329 66272585
cloud0_tkemenade 24405739704 35422 5218

1721198709.926443 66272642
cloud_controller_tkemenade 11192885784 32865 6266

1721198709.9270394 66272642
cloud0_tkemenade 24405739704 35440 5220

1721198710.9296644 66272701
cloud_controller_tkemenade 11192885784 32898 6282

1721198710.930257 66272702
cloud0_tkemenade 24405739704 35465 5226

1721198711.9330363 66272750
cloud_controller_tkemenade 11192885784 32921 6292

1721198711.9336207 66272750
cloud0_tkemenade 24405739704 35487 5228

1721198712.9363909 66272817
cloud_controller_tkemenade 11192885784 32947 6297

1721198712.9369862 66272817
cloud0_tkemenade 24405739704 35516 5232

1721198713.9398808 66272895
cloud_controller_tkemenade 11192885784 32979 6307

1721198713.9404626 66272895
cloud0_tkemenade 24405739704 35564 5237

1721198714.9431298 66272965
cloud_controller_tkemenade 11192885784 33012 6316

1721198714.9436922 66272965
cloud0_tkemenade 24405739704 35595 5244

1721198715.9461243 66273014
cloud_controller_tkemenade 11192885784 33041 6326

1721198715.946713 66273014
cloud0_tkemenade 24405739704 35618 5248

1721198716.949204 66273054
cloud_controller_tkemenade 11192885784 33061 6335

1721198716.9497752 66273054
cloud0_tkemenade 24405739704 35640 5255

1721198717.9520624 66273116
cloud_controller_tkemenade 11192885784 33101 6343

1721198717.9526215 66273116
cloud0_tkemenade 24405739704 35665 5258

1721198718.9551785 66273178
cloud_controller_tkemenade 11192885784 33127 6350

1721198718.9557555 66273178
cloud0_tkemenade 24405739704 35684 5262

1721198719.9583426 66273230
cloud_controller_tkemenade 11192885784 33160 6360

1721198719.9589152 66273230
cloud0_tkemenade 24405739704 35706 5266

1721198720.961514 66273284
cloud_controller_tkemenade 11192885784 33188 6367

1721198720.9620836 66273284
cloud0_tkemenade 24405739704 35739 5270

1721198721.9646976 66273340
cloud_controller_tkemenade 11192885784 33221 6379

1721198721.9652393 66273340
cloud0_tkemenade 24405739704 35761 5276

1721198722.065682 66273343
cloud_controller_tkemenade 11193721028 33222 6379

1721198722.066112 66273343
cloud0_tkemenade 24406375937 35762 5276

1721198723.0685601 66273385
cloud_controller_tkemenade 11193721028 33246 6385

1721198723.0691128 66273385
cloud0_tkemenade 24406375937 35781 5280

1721198724.0715673 66273442
cloud_controller_tkemenade 11193721028 33269 6393

1721198724.0721092 66273442
cloud0_tkemenade 24406375937 35814 5282

1721198725.0743904 66273480
cloud_controller_tkemenade 11193721028 33293 6400

1721198725.0749233 66273480
cloud0_tkemenade 24406375937 35833 5286

1721198726.0771315 66273552
cloud_controller_tkemenade 11193721028 33333 6406

1721198726.0776486 66273552
cloud0_tkemenade 24406375937 35870 5291

1721198727.0800633 66273637
cloud_controller_tkemenade 11193721028 33368 6414

1721198727.0805857 66273637
cloud0_tkemenade 24406375937 35916 5299

1721198728.08293 66273696
cloud_controller_tkemenade 11193721028 33395 6421

1721198728.0834079 66273696
cloud0_tkemenade 24406375937 35942 5305

1721198728.9856563 66273768
cloud_controller_tkemenade 11194528617 33409 6435

1721198728.9861853 66273768
cloud0_tkemenade 24407136998 35960 5307

1721198729.9889147 66273867
cloud_controller_tkemenade 11194528617 33450 6447

1721198729.989517 66273867
cloud0_tkemenade 24407136998 35992 5314

1721198730.9920597 66273951
cloud_controller_tkemenade 11194528617 33489 6450

1721198730.9926314 66273951
cloud0_tkemenade 24407136998 36017 5318

1721198731.9951952 66273993
cloud_controller_tkemenade 11194528617 33513 6458

1721198731.9957678 66273993
cloud0_tkemenade 24407136998 36031 5323

1721198732.9984186 66274038
cloud_controller_tkemenade 11194528617 33537 6465

1721198732.9989848 66274038
cloud0_tkemenade 24407136998 36054 5330

1721198734.001538 66274101
cloud_controller_tkemenade 11194528617 33565 6476

1721198734.0020826 66274101
cloud0_tkemenade 24407136998 36086 5336

1721198735.0047605 66274180
cloud_controller_tkemenade 11194528617 33587 6483

1721198735.0053337 66274180
cloud0_tkemenade 24407136998 36140 5344

1721198736.0078418 66274229
cloud_controller_tkemenade 11195328951 33615 6490

1721198736.0084205 66274229
cloud0_tkemenade 24407864298 36157 5352

1721198737.0110114 66274278
cloud_controller_tkemenade 11195328951 33636 6498

1721198737.011612 66274278
cloud0_tkemenade 24407864298 36183 5359

1721198738.0142667 66274346
cloud_controller_tkemenade 11195328951 33663 6504

1721198738.0148509 66274346
cloud0_tkemenade 24407864298 36227 5367

1721198739.0175524 66274390
cloud_controller_tkemenade 11195328951 33687 6512

1721198739.018115 66274390
cloud0_tkemenade 24407864298 36240 5373

1721198740.0206375 66274449
cloud_controller_tkemenade 11195328951 33721 6519

1721198740.02116 66274449
cloud0_tkemenade 24407864298 36260 5378

1721198741.023645 66274493
cloud_controller_tkemenade 11195328951 33752 6526

1721198741.0241737 66274493
cloud0_tkemenade 24407864298 36277 5380

1721198742.0267653 66274537
cloud_controller_tkemenade 11195328951 33776 6531

1721198742.027298 66274537
cloud0_tkemenade 24407864298 36298 5384

1721198743.0299928 66274582
cloud_controller_tkemenade 11195328951 33799 6541

1721198743.03056 66274582
cloud0_tkemenade 24407864298 36317 5391

1721198743.131014 66274588
cloud_controller_tkemenade 11196037589 33801 6541

1721198743.131526 66274588
cloud0_tkemenade 24408476440 36319 5391

1721198744.1342306 66274661
cloud_controller_tkemenade 11196037589 33828 6551

1721198744.1347964 66274661
cloud0_tkemenade 24408476440 36366 5396

1721198745.137647 66274720
cloud_controller_tkemenade 11196037589 33852 6558

1721198745.1382105 66274720
cloud0_tkemenade 24408476440 36404 5405

1721198746.1407347 66274761
cloud_controller_tkemenade 11196037589 33878 6566

1721198746.1412685 66274761
cloud0_tkemenade 24408476440 36419 5414

1721198747.143896 66274805
cloud_controller_tkemenade 11196037589 33894 6575

1721198747.1444285 66274805
cloud0_tkemenade 24408476440 36443 5427

1721198748.1468403 66274863
cloud_controller_tkemenade 11196037589 33931 6584

1721198748.1473742 66274863
cloud0_tkemenade 24408476440 36468 5432

1721198749.1499798 66274927
cloud_controller_tkemenade 11196037589 33959 6590

1721198749.1505566 66274927
cloud0_tkemenade 24408476440 36489 5435

1721198750.153113 66274994
cloud_controller_tkemenade 11196851478 33996 6597

1721198750.1536672 66274994
cloud0_tkemenade 24409300336 36510 5446

1721198751.1562967 66275075
cloud_controller_tkemenade 11196851478 34024 6600

1721198751.156871 66275075
cloud0_tkemenade 24409300336 36537 5453

1721198752.159453 66275140
cloud_controller_tkemenade 11196851478 34044 6620

1721198752.1600156 66275140
cloud0_tkemenade 24409300336 36562 5459

1721198753.1626546 66275192
cloud_controller_tkemenade 11196851478 34071 6624

1721198753.1632276 66275192
cloud0_tkemenade 24409300336 36579 5468

1721198754.1659992 66275245
cloud_controller_tkemenade 11196851478 34092 6633

1721198754.1665874 66275246
cloud0_tkemenade 24409300336 36611 5476

1721198755.1693923 66275299
cloud_controller_tkemenade 11196851478 34119 6643

1721198755.1699576 66275299
cloud0_tkemenade 24409300336 36641 5483

1721198756.172532 66275381
cloud_controller_tkemenade 11196851478 34160 6653

1721198756.1731021 66275381
cloud0_tkemenade 24409300336 36683 5493

1721198757.0754035 66275474
cloud_controller_tkemenade 11197728025 34209 6661

1721198757.0758345 66275474
cloud0_tkemenade 24410130749 36722 5503

1721198758.0781322 66275530
cloud_controller_tkemenade 11197728025 34233 6670

1721198758.07869 66275530
cloud0_tkemenade 24410130749 36752 5512

1721198759.0812726 66275571
cloud_controller_tkemenade 11197728025 34258 6675

1721198759.0818286 66275571
cloud0_tkemenade 24410130749 36773 5519

1721198760.0841856 66275659
cloud_controller_tkemenade 11197728025 34301 6684

1721198760.0847237 66275659
cloud0_tkemenade 24410130749 36802 5526

1721198761.0869894 66275715
cloud_controller_tkemenade 11197728025 34339 6689

1721198761.087549 66275715
cloud0_tkemenade 24410130749 36825 5531

1721198762.090121 66275745
cloud_controller_tkemenade 11197728025 34357 6695

1721198762.090665 66275745
cloud0_tkemenade 24410130749 36842 5534

1721198763.0932498 66275787
cloud_controller_tkemenade 11197728025 34384 6700

1721198763.0938056 66275787
cloud0_tkemenade 24410130749 36862 5539

1721198764.0960596 66275843
cloud_controller_tkemenade 11197728025 34407 6708

1721198764.096575 66275843
cloud0_tkemenade 24410130749 36899 5542

1721198764.297294 66275855
cloud_controller_tkemenade 11198478987 34412 6710

1721198764.297818 66275855
cloud0_tkemenade 24410789331 36904 5543

1721198765.300453 66275931
cloud_controller_tkemenade 11198478987 34441 6716

1721198765.3009775 66275931
cloud0_tkemenade 24410789331 36955 5550

1721198766.3035657 66275986
cloud_controller_tkemenade 11198478987 34472 6723

1721198766.304142 66275986
cloud0_tkemenade 24410789331 36983 5554

1721198767.3066404 66276021
cloud_controller_tkemenade 11198478987 34490 6733

1721198767.3071678 66276021
cloud0_tkemenade 24410789331 36999 5556

1721198768.3097079 66276073
cloud_controller_tkemenade 11198478987 34517 6744

1721198768.3102586 66276074
cloud0_tkemenade 24410789331 37024 5562

1721198769.3127196 66276119
cloud_controller_tkemenade 11198478987 34543 6752

1721198769.3132432 66276119
cloud0_tkemenade 24410789331 37045 5570

1721198770.315705 66276201
cloud_controller_tkemenade 11198478987 34585 6759

1721198770.3162627 66276201
cloud0_tkemenade 24410789331 37067 5574

1721198771.318822 66276242
cloud_controller_tkemenade 11198478987 34610 6768

1721198771.3193476 66276242
cloud0_tkemenade 24410789331 37088 5576

1721198771.4198523 66276251
cloud_controller_tkemenade 11199254942 34611 6768

1721198771.421179 66276251
cloud0_tkemenade 24411453572 37090 5577

1721198772.4234645 66276293
cloud_controller_tkemenade 11199254942 34631 6778

1721198772.423986 66276293
cloud0_tkemenade 24411453572 37113 5580

1721198773.426434 66276357
cloud_controller_tkemenade 11199254942 34656 6785

1721198773.4270017 66276357
cloud0_tkemenade 24411453572 37154 5583

1721198774.42968 66276432
cloud_controller_tkemenade 11199254942 34687 6798

1721198774.430196 66276432
cloud0_tkemenade 24411453572 37194 5589

1721198775.4327135 66276489
cloud_controller_tkemenade 11199254942 34708 6809

1721198775.4332535 66276489
cloud0_tkemenade 24411453572 37232 5594

1721198776.4357142 66276541
cloud_controller_tkemenade 11199254942 34737 6820

1721198776.4362214 66276541
cloud0_tkemenade 24411453572 37256 5598

1721198777.4385955 66276578
cloud_controller_tkemenade 11199254942 34751 6827

1721198777.4391499 66276578
cloud0_tkemenade 24411453572 37278 5601

1721198778.4416974 66276654
cloud_controller_tkemenade 11199254942 34797 6837

1721198778.44221 66276654
cloud0_tkemenade 24411453572 37311 5605

1721198778.5426767 66276660
cloud_controller_tkemenade 11200031385 34800 6837

1721198778.5431547 66276660
cloud0_tkemenade 24412211817 37312 5605

1721198779.5456417 66276700
cloud_controller_tkemenade 11200031385 34823 6845

1721198779.546181 66276700
cloud0_tkemenade 24412211817 37325 5608

1721198780.5487604 66276777
cloud_controller_tkemenade 11200031385 34858 6857

1721198780.5492868 66276777
cloud0_tkemenade 24412211817 37349 5612

1721198781.5518816 66276831
cloud_controller_tkemenade 11200031385 34882 6864

1721198781.5524507 66276831
cloud0_tkemenade 24412211817 37380 5615

1721198782.5550427 66276877
cloud_controller_tkemenade 11200031385 34915 6871

1721198782.5555522 66276877
cloud0_tkemenade 24412211817 37397 5619

1721198783.558152 66276927
cloud_controller_tkemenade 11200031385 34940 6875

1721198783.5587173 66276927
cloud0_tkemenade 24412211817 37425 5622

1721198784.5613105 66276981
cloud_controller_tkemenade 11200031385 34970 6879

1721198784.5618377 66276981
cloud0_tkemenade 24412211817 37449 5625

1721198785.564178 66277036
cloud_controller_tkemenade 11200791898 34999 6887

1721198785.5647402 66277036
cloud0_tkemenade 24412776069 37473 5630

1721198786.5674102 66277135
cloud_controller_tkemenade 11200791898 35050 6896

1721198786.5679753 66277135
cloud0_tkemenade 24412776069 37523 5634

1721198787.5706868 66277197
cloud_controller_tkemenade 11200791898 35075 6901

1721198787.5712428 66277197
cloud0_tkemenade 24412776069 37559 5640

1721198788.5738025 66277262
cloud_controller_tkemenade 11200791898 35105 6908

1721198788.5743365 66277262
cloud0_tkemenade 24412776069 37592 5645

1721198789.576811 66277292
cloud_controller_tkemenade 11200791898 35126 6917

1721198789.5773153 66277292
cloud0_tkemenade 24412776069 37607 5650

1721198790.5798764 66277391
cloud_controller_tkemenade 11200791898 35175 6927

1721198790.5804477 66277391
cloud0_tkemenade 24412776069 37646 5655

1721198791.5830345 66277432
cloud_controller_tkemenade 11200791898 35197 6934

1721198791.5836012 66277432
cloud0_tkemenade 24412776069 37668 5660

1721198792.4857862 66277470
cloud_controller_tkemenade 11201727022 35220 6942

1721198792.4863234 66277471
cloud0_tkemenade 24413603552 37685 5662

1721198793.4889395 66277521
cloud_controller_tkemenade 11201727022 35243 6950

1721198793.4895082 66277521
cloud0_tkemenade 24413603552 37714 5668

1721198794.49202 66277586
cloud_controller_tkemenade 11201727022 35269 6960

1721198794.4925447 66277586
cloud0_tkemenade 24413603552 37758 5670

1721198795.4966779 66277646
cloud_controller_tkemenade 11201727022 35300 6970

1721198795.4977899 66277646
cloud0_tkemenade 24413603552 37791 5678

1721198796.5002055 66277705
cloud_controller_tkemenade 11201727022 35334 6979

1721198796.5007315 66277705
cloud0_tkemenade 24413603552 37820 5681

1721198797.5028868 66277733
cloud_controller_tkemenade 11201727022 35352 6985

1721198797.5033927 66277733
cloud0_tkemenade 24413603552 37832 5684

1721198798.5059564 66277789
cloud_controller_tkemenade 11201727022 35379 6994

1721198798.5065088 66277789
cloud0_tkemenade 24413603552 37863 5690

1721198799.5087192 66277817
cloud_controller_tkemenade 11201727022 35401 7000

1721198799.5092537 66277817
cloud0_tkemenade 24413603552 37875 5693

1721198799.6096938 66277823
cloud_controller_tkemenade 11202455875 35403 7000

1721198799.6101868 66277823
cloud0_tkemenade 24414275181 37875 5694

1721198800.61271 66277889
cloud_controller_tkemenade 11202455875 35442 7008

1721198800.613228 66277889
cloud0_tkemenade 24414275181 37896 5699

1721198801.6158159 66277938
cloud_controller_tkemenade 11202455875 35470 7012

1721198801.6163647 66277938
cloud0_tkemenade 24414275181 37923 5702

1721198802.6189146 66277975
cloud_controller_tkemenade 11202455875 35491 7020

1721198802.6194422 66277975
cloud0_tkemenade 24414275181 37935 5705

1721198803.6220772 66278036
cloud_controller_tkemenade 11202455875 35516 7027

1721198803.6226604 66278036
cloud0_tkemenade 24414275181 37971 5711

1721198804.625272 66278103
cloud_controller_tkemenade 11202455875 35540 7037

1721198804.625781 66278103
cloud0_tkemenade 24414275181 38003 5717

1721198805.6283371 66278173
cloud_controller_tkemenade 11202455875 35571 7042

1721198805.6288898 66278173
cloud0_tkemenade 24414275181 38045 5724

1721198806.631444 66278232
cloud_controller_tkemenade 11203203365 35602 7046

1721198806.6320963 66278232
cloud0_tkemenade 24414976719 38070 5728

1721198807.6346538 66278280
cloud_controller_tkemenade 11203203365 35625 7051

1721198807.6352012 66278280
cloud0_tkemenade 24414976719 38094 5734

1721198808.6378598 66278345
cloud_controller_tkemenade 11203203365 35663 7058

1721198808.63845 66278345
cloud0_tkemenade 24414976719 38122 5740

1721198809.6410046 66278379
cloud_controller_tkemenade 11203203365 35685 7064

1721198809.6415517 66278379
cloud0_tkemenade 24414976719 38134 5744

1721198810.6440413 66278447
cloud_controller_tkemenade 11203203365 35717 7072

1721198810.6445901 66278447
cloud0_tkemenade 24414976719 38160 5750

1721198811.6471708 66278524
cloud_controller_tkemenade 11203203365 35756 7078

1721198811.6477237 66278524
cloud0_tkemenade 24414976719 38200 5757

1721198812.6502678 66278565
cloud_controller_tkemenade 11203203365 35782 7084

1721198812.650863 66278565
cloud0_tkemenade 24414976719 38217 5759

1721198813.6534247 66278629
cloud_controller_tkemenade 11203203365 35830 7091

1721198813.65399 66278629
cloud0_tkemenade 24414976719 38240 5762

1721198813.854634 66278639
cloud_controller_tkemenade 11204032034 35834 7091

1721198813.855167 66278639
cloud0_tkemenade 24415598969 38245 5763

1721198814.857698 66278690
cloud_controller_tkemenade 11204032034 35861 7098

1721198814.8582525 66278690
cloud0_tkemenade 24415598969 38269 5766

1721198815.8608227 66278765
cloud_controller_tkemenade 11204032034 35897 7105

1721198815.8614187 66278765
cloud0_tkemenade 24415598969 38314 5773

1721198816.8640742 66278863
cloud_controller_tkemenade 11204032034 35948 7116

1721198816.8646595 66278863
cloud0_tkemenade 24415598969 38364 5783

1721198817.8672926 66278901
cloud_controller_tkemenade 11204032034 35968 7124

1721198817.8678572 66278901
cloud0_tkemenade 24415598969 38380 5789

1721198818.870429 66278960
cloud_controller_tkemenade 11204032034 36003 7131

1721198818.8709657 66278960
cloud0_tkemenade 24415598969 38411 5794

1721198819.8733027 66279003
cloud_controller_tkemenade 11204032034 36035 7139

1721198819.8738496 66279003
cloud0_tkemenade 24415598969 38424 5798

1721198820.8762224 66279101
cloud_controller_tkemenade 11204032034 36077 7148

1721198820.8766952 66279101
cloud0_tkemenade 24415598969 38460 5803

1721198820.9770722 66279107
cloud_controller_tkemenade 11204964360 36078 7150

1721198820.9776077 66279107
cloud0_tkemenade 24416387152 38461 5803

1721198821.980099 66279143
cloud_controller_tkemenade 11204964360 36100 7155

1721198821.9806669 66279143
cloud0_tkemenade 24416387152 38482 5807

1721198822.983286 66279187
cloud_controller_tkemenade 11204964360 36121 7163

1721198822.9838352 66279187
cloud0_tkemenade 24416387152 38504 5811

1721198823.9864564 66279234
cloud_controller_tkemenade 11204964360 36147 7168

1721198823.9870222 66279234
cloud0_tkemenade 24416387152 38529 5814

1721198824.9896438 66279311
cloud_controller_tkemenade 11204964360 36172 7178

1721198824.9902048 66279311
cloud0_tkemenade 24416387152 38585 5821

1721198825.9928138 66279347
cloud_controller_tkemenade 11204964360 36192 7188

1721198825.993346 66279347
cloud0_tkemenade 24416387152 38604 5828

1721198826.9957542 66279399
cloud_controller_tkemenade 11204964360 36220 7196

1721198826.996295 66279399
cloud0_tkemenade 24416387152 38635 5832

1721198827.9988468 66279435
cloud_controller_tkemenade 11205620228 36245 7200

1721198827.9993646 66279435
cloud0_tkemenade 24417049093 38646 5835

1721198829.0019302 66279508
cloud_controller_tkemenade 11205620228 36278 7206

1721198829.0025246 66279508
cloud0_tkemenade 24417049093 38677 5839

1721198830.005092 66279541
cloud_controller_tkemenade 11205620228 36298 7211

1721198830.005659 66279541
cloud0_tkemenade 24417049093 38692 5841

1721198831.0081332 66279605
cloud_controller_tkemenade 11205620228 36337 7220

1721198831.0085185 66279605
cloud0_tkemenade 24417049093 38710 5843

1721198832.011084 66279653
cloud_controller_tkemenade 11205620228 36362 7225

1721198832.0116408 66279653
cloud0_tkemenade 24417049093 38733 5847

1721198833.0141964 66279706
cloud_controller_tkemenade 11205620228 36383 7230

1721198833.0147002 66279706
cloud0_tkemenade 24417049093 38766 5851

1721198834.017258 66279773
cloud_controller_tkemenade 11205620228 36409 7237

1721198834.017807 66279773
cloud0_tkemenade 24417049093 38807 5855

1721198835.0202436 66279833
cloud_controller_tkemenade 11205620228 36435 7245

1721198835.020777 66279833
cloud0_tkemenade 24417049093 38842 5864

1721198835.1212835 66279839
cloud_controller_tkemenade 11206383215 36436 7245

1721198835.1217897 66279839
cloud0_tkemenade 24417773448 38842 5864

1721198836.124113 66279873
cloud_controller_tkemenade 11206383215 36458 7253

1721198836.124628 66279873
cloud0_tkemenade 24417773448 38858 5869

1721198837.1269774 66279937
cloud_controller_tkemenade 11206383215 36490 7261

1721198837.1275377 66279937
cloud0_tkemenade 24417773448 38890 5873

1721198838.1298935 66279981
cloud_controller_tkemenade 11206383215 36523 7269

1721198838.1304302 66279982
cloud0_tkemenade 24417773448 38904 5876

1721198839.1328714 66280040
cloud_controller_tkemenade 11206383215 36553 7275

1721198839.1334238 66280040
cloud0_tkemenade 24417773448 38933 5880

1721198840.1358156 66280071
cloud_controller_tkemenade 11206383215 36568 7284

1721198840.1363358 66280071
cloud0_tkemenade 24417773448 38951 5884

1721198841.138778 66280129
cloud_controller_tkemenade 11206383215 36599 7295

1721198841.139342 66280129
cloud0_tkemenade 24417773448 38980 5888

1721198842.1416457 66280201
cloud_controller_tkemenade 11206383215 36630 7301

1721198842.142155 66280201
cloud0_tkemenade 24417773448 39008 5892

1721198842.242607 66280204
cloud_controller_tkemenade 11207142305 36633 7302

1721198842.2430718 66280204
cloud0_tkemenade 24418360155 39009 5892

1721198843.2454083 66280246
cloud_controller_tkemenade 11207142305 36663 7309

1721198843.2459638 66280246
cloud0_tkemenade 24418360155 39024 5897

1721198844.2485163 66280293
cloud_controller_tkemenade 11207142305 36680 7317

1721198844.2490423 66280293
cloud0_tkemenade 24418360155 39055 5901

1721198845.2515612 66280343
cloud_controller_tkemenade 11207142305 36707 7326

1721198845.252122 66280343
cloud0_tkemenade 24418360155 39077 5904

1721198846.2547367 66280408
cloud_controller_tkemenade 11207142305 36742 7330

1721198846.255284 66280408
cloud0_tkemenade 24418360155 39112 5908

1721198847.2580318 66280504
cloud_controller_tkemenade 11207142305 36787 7339

1721198847.258564 66280505
cloud0_tkemenade 24418360155 39164 5913

1721198848.2610998 66280551
cloud_controller_tkemenade 11207142305 36809 7346

1721198848.2616067 66280551
cloud0_tkemenade 24418360155 39184 5917

1721198849.2641768 66280609
cloud_controller_tkemenade 11207941130 36838 7356

1721198849.2646823 66280609
cloud0_tkemenade 24419082169 39213 5923

1721198850.2671475 66280677
cloud_controller_tkemenade 11207941130 36879 7362

1721198850.2676818 66280677
cloud0_tkemenade 24419082169 39245 5928

1721198851.2702725 66280738
cloud_controller_tkemenade 11207941130 36916 7372

1721198851.2708037 66280738
cloud0_tkemenade 24419082169 39271 5934

1721198852.2734838 66280818
cloud_controller_tkemenade 11207941130 36944 7380

1721198852.2740438 66280818
cloud0_tkemenade 24419082169 39295 5941

1721198853.276666 66280879
cloud_controller_tkemenade 11207941130 36968 7385

1721198853.2771828 66280879
cloud0_tkemenade 24419082169 39330 5944

1721198854.2797165 66280915
cloud_controller_tkemenade 11207941130 36989 7393

1721198854.2802265 66280915
cloud0_tkemenade 24419082169 39350 5950

1721198855.2827988 66280987
cloud_controller_tkemenade 11207941130 37016 7399

1721198855.2833092 66280987
cloud0_tkemenade 24419082169 39398 5956

1721198856.2858233 66281044
cloud_controller_tkemenade 11208718974 37042 7407

1721198856.2863936 66281045
cloud0_tkemenade 24419808560 39422 5962

1721198857.288948 66281092
cloud_controller_tkemenade 11208718974 37069 7418

1721198857.2894616 66281092
cloud0_tkemenade 24419808560 39441 5966

1721198858.2917414 66281122
cloud_controller_tkemenade 11208718974 37088 7422

1721198858.292257 66281122
cloud0_tkemenade 24419808560 39450 5968

1721198859.2946312 66281180
cloud_controller_tkemenade 11208718974 37118 7435

1721198859.295111 66281180
cloud0_tkemenade 24419808560 39485 5974

1721198860.2975667 66281223
cloud_controller_tkemenade 11208718974 37140 7438

1721198860.298079 66281223
cloud0_tkemenade 24419808560 39499 5980

1721198861.3006291 66281278
cloud_controller_tkemenade 11208718974 37170 7449

1721198861.301142 66281278
cloud0_tkemenade 24419808560 39525 5987

1721198862.303688 66281328
cloud_controller_tkemenade 11208718974 37192 7454

1721198862.3041806 66281328
cloud0_tkemenade 24419808560 39544 5992

1721198863.3066812 66281380
cloud_controller_tkemenade 11209503659 37220 7460

1721198863.307216 66281380
cloud0_tkemenade 24420446543 39568 5996

1721198864.3099203 66281448
cloud_controller_tkemenade 11209503659 37250 7466

1721198864.3104982 66281449
cloud0_tkemenade 24420446543 39610 5999

1721198865.3131175 66281502
cloud_controller_tkemenade 11209503659 37277 7474

1721198865.3136268 66281502
cloud0_tkemenade 24420446543 39645 6001

1721198866.3161454 66281545
cloud_controller_tkemenade 11209503659 37301 7478

1721198866.316681 66281545
cloud0_tkemenade 24420446543 39667 6004

1721198867.3191829 66281591
cloud_controller_tkemenade 11209503659 37326 7488

1721198867.3196619 66281591
cloud0_tkemenade 24420446543 39688 6010

1721198868.3221262 66281629
cloud_controller_tkemenade 11209503659 37358 7497

1721198868.3226314 66281629
cloud0_tkemenade 24420446543 39701 6014

1721198869.3250442 66281684
cloud_controller_tkemenade 11209503659 37389 7511

1721198869.3255308 66281684
cloud0_tkemenade 24420446543 39725 6021

1721198870.3280308 66281729
cloud_controller_tkemenade 11209503659 37411 7522

1721198870.3285215 66281729
cloud0_tkemenade 24420446543 39749 6024

1721198870.4290078 66281733
cloud_controller_tkemenade 11210385846 37412 7523

1721198870.429496 66281733
cloud0_tkemenade 24421176509 39750 6024

1721198871.432091 66281789
cloud_controller_tkemenade 11210385846 37444 7530

1721198871.432642 66281789
cloud0_tkemenade 24421176509 39778 6027

1721198872.4352577 66281895
cloud_controller_tkemenade 11210385846 37507 7538

1721198872.4357758 66281895
cloud0_tkemenade 24421176509 39812 6031

1721198873.4383411 66281977
cloud_controller_tkemenade 11210385846 37574 7546

1721198873.438891 66281977
cloud0_tkemenade 24421176509 39832 6034

1721198874.4415102 66282029
cloud_controller_tkemenade 11210385846 37597 7554

1721198874.4420545 66282029
cloud0_tkemenade 24421176509 39863 6037

1721198875.444663 66282072
cloud_controller_tkemenade 11210385846 37623 7561

1721198875.4451733 66282072
cloud0_tkemenade 24421176509 39886 6042

1721198876.447834 66282157
cloud_controller_tkemenade 11210385846 37663 7570

1721198876.4483705 66282157
cloud0_tkemenade 24421176509 39932 6046

1721198877.4510157 66282259
cloud_controller_tkemenade 11210385846 37716 7578

1721198877.4515357 66282259
cloud0_tkemenade 24421176509 39981 6050

1721198877.552032 66282262
cloud_controller_tkemenade 11211495391 37717 7579

1721198877.5525072 66282262
cloud0_tkemenade 24421969480 39983 6050

1721198878.5550737 66282300
cloud_controller_tkemenade 11211495391 37744 7585

1721198878.5555997 66282300
cloud0_tkemenade 24421969480 40000 6053

1721198879.558239 66282352
cloud_controller_tkemenade 11211495391 37768 7595

1721198879.5588174 66282352
cloud0_tkemenade 24421969480 40031 6061

1721198880.5615046 66282423
cloud_controller_tkemenade 11211495391 37812 7602

1721198880.5620272 66282423
cloud0_tkemenade 24421969480 40061 6067

1721198881.564571 66282476
cloud_controller_tkemenade 11211495391 37851 7610

1721198881.5651133 66282476
cloud0_tkemenade 24421969480 40084 6074

1721198882.5675113 66282536
cloud_controller_tkemenade 11211495391 37875 7619

1721198882.5680234 66282536
cloud0_tkemenade 24421969480 40103 6078

1721198883.5704534 66282590
cloud_controller_tkemenade 11211495391 37901 7626

1721198883.571006 66282590
cloud0_tkemenade 24421969480 40131 6082

1721198884.4734023 66282640
cloud_controller_tkemenade 11212303118 37923 7637

1721198884.473924 66282640
cloud0_tkemenade 24422629789 40161 6085

1721198885.4763737 66282701
cloud_controller_tkemenade 11212303118 37947 7645

1721198885.4769278 66282701
cloud0_tkemenade 24422629789 40197 6090

1721198886.479522 66282743
cloud_controller_tkemenade 11212303118 37968 7653

1721198886.4800797 66282743
cloud0_tkemenade 24422629789 40220 6094

1721198887.482658 66282785
cloud_controller_tkemenade 11212303118 37997 7660

1721198887.4831817 66282785
cloud0_tkemenade 24422629789 40238 6097

1721198888.4857106 66282824
cloud_controller_tkemenade 11212303118 38024 7670

1721198888.4862406 66282824
cloud0_tkemenade 24422629789 40246 6100

1721198889.4888504 66282872
cloud_controller_tkemenade 11212303118 38048 7677

1721198889.489369 66282872
cloud0_tkemenade 24422629789 40277 6106

1721198890.4919403 66282913
cloud_controller_tkemenade 11212303118 38074 7683

1721198890.4924715 66282913
cloud0_tkemenade 24422629789 40293 6109

1721198891.494932 66282971
cloud_controller_tkemenade 11213017469 38102 7692

1721198891.4954746 66282971
cloud0_tkemenade 24423186071 40316 6117

1721198892.4982376 66283011
cloud_controller_tkemenade 11213017469 38126 7697

1721198892.498833 66283011
cloud0_tkemenade 24423186071 40332 6121

1721198893.5015447 66283084
cloud_controller_tkemenade 11213017469 38151 7707

1721198893.5021064 66283084
cloud0_tkemenade 24423186071 40377 6125

1721198894.5047274 66283147
cloud_controller_tkemenade 11213017469 38173 7717

1721198894.5052736 66283147
cloud0_tkemenade 24423186071 40419 6131

1721198895.5078397 66283209
cloud_controller_tkemenade 11213017469 38193 7724

1721198895.5083637 66283209
cloud0_tkemenade 24423186071 40459 6137

1721198896.5108874 66283261
cloud_controller_tkemenade 11213017469 38224 7731

1721198896.5113978 66283261
cloud0_tkemenade 24423186071 40482 6142

1721198897.5140014 66283322
cloud_controller_tkemenade 11213017469 38255 7737

1721198897.5145743 66283322
cloud0_tkemenade 24423186071 40515 6145

1721198898.517041 66283371
cloud_controller_tkemenade 11213017469 38292 7745

1721198898.517547 66283371
cloud0_tkemenade 24423186071 40529 6148

1721198898.6180348 66283377
cloud_controller_tkemenade 11213761995 38294 7746

1721198898.6185446 66283377
cloud0_tkemenade 24423936650 40529 6148

1721198899.620972 66283433
cloud_controller_tkemenade 11213761995 38319 7759

1721198899.6215327 66283433
cloud0_tkemenade 24423936650 40560 6154

1721198900.624274 66283493
cloud_controller_tkemenade 11213761995 38342 7771

1721198900.6248076 66283493
cloud0_tkemenade 24423936650 40586 6160

1721198901.6276844 66283573
cloud_controller_tkemenade 11213761995 38387 7781

1721198901.6282809 66283573
cloud0_tkemenade 24423936650 40622 6164

1721198902.6308858 66283625
cloud_controller_tkemenade 11213761995 38415 7791

1721198902.6314557 66283625
cloud0_tkemenade 24423936650 40646 6169

1721198903.6341226 66283685
cloud_controller_tkemenade 11213761995 38445 7804

1721198903.6346862 66283685
cloud0_tkemenade 24423936650 40670 6173

1721198904.6373656 66283735
cloud_controller_tkemenade 11213761995 38470 7809

1721198904.6379263 66283735
cloud0_tkemenade 24423936650 40697 6177

1721198905.6406612 66283791
cloud_controller_tkemenade 11214598224 38496 7817

1721198905.641223 66283791
cloud0_tkemenade 24424613012 40726 6182

1721198906.643911 66283892
cloud_controller_tkemenade 11214598224 38547 7826

1721198906.6444995 66283892
cloud0_tkemenade 24424613012 40774 6189

1721198907.647156 66283959
cloud_controller_tkemenade 11214598224 38575 7836

1721198907.64772 66283959
cloud0_tkemenade 24424613012 40817 6194

1721198908.6504202 66284007
cloud_controller_tkemenade 11214598224 38608 7843

1721198908.6509957 66284007
cloud0_tkemenade 24424613012 40837 6196

1721198909.6537817 66284063
cloud_controller_tkemenade 11214598224 38632 7855

1721198909.6544168 66284063
cloud0_tkemenade 24424613012 40870 6200

1721198910.657149 66284144
cloud_controller_tkemenade 11214598224 38680 7873

1721198910.6576698 66284144
cloud0_tkemenade 24424613012 40905 6208

1721198911.660392 66284203
cloud_controller_tkemenade 11214598224 38721 7879

1721198911.661051 66284203
cloud0_tkemenade 24424613012 40926 6211

1721198912.6636312 66284251
cloud_controller_tkemenade 11215578836 38748 7886

1721198912.664231 66284251
cloud0_tkemenade 24425426579 40945 6216

1721198913.6669874 66284321
cloud_controller_tkemenade 11215578836 38777 7901

1721198913.6675806 66284321
cloud0_tkemenade 24425426579 40972 6220

1721198914.6702404 66284379
cloud_controller_tkemenade 11215578836 38809 7910

1721198914.6708133 66284379
cloud0_tkemenade 24425426579 41003 6225

1721198915.6734202 66284426
cloud_controller_tkemenade 11215578836 38834 7917

1721198915.6739986 66284426
cloud0_tkemenade 24425426579 41031 6229

1721198916.6765988 66284469
cloud_controller_tkemenade 11215578836 38857 7922

1721198916.677122 66284469
cloud0_tkemenade 24425426579 41055 6232

1721198917.679795 66284531
cloud_controller_tkemenade 11215578836 38883 7927

1721198917.6803083 66284531
cloud0_tkemenade 24425426579 41090 6235

1721198918.6827354 66284570
cloud_controller_tkemenade 11215578836 38913 7939

1721198918.683222 66284570
cloud0_tkemenade 24425426579 41100 6237

1721198919.6856456 66284616
cloud_controller_tkemenade 11216357031 38939 7947

1721198919.686187 66284616
cloud0_tkemenade 24426034544 41124 6243

1721198920.688481 66284679
cloud_controller_tkemenade 11216357031 38967 7955

1721198920.6890135 66284679
cloud0_tkemenade 24426034544 41160 6249

1721198921.6915073 66284741
cloud_controller_tkemenade 11216357031 39004 7964

1721198921.6920695 66284741
cloud0_tkemenade 24426034544 41185 6251

1721198922.694617 66284783
cloud_controller_tkemenade 11216357031 39026 7974

1721198922.6951613 66284783
cloud0_tkemenade 24426034544 41204 6255

1721198923.6977062 66284878
cloud_controller_tkemenade 11216357031 39065 7979

1721198923.6982207 66284878
cloud0_tkemenade 24426034544 41242 6258

1721198924.7008066 66284928
cloud_controller_tkemenade 11216357031 39088 7984

1721198924.701317 66284928
cloud0_tkemenade 24426034544 41273 6263

1721198925.7036343 66284977
cloud_controller_tkemenade 11216357031 39109 7990

1721198925.7041736 66284977
cloud0_tkemenade 24426034544 41306 6267

1721198926.7066867 66285023
cloud_controller_tkemenade 11217137854 39133 7997

1721198926.7072036 66285023
cloud0_tkemenade 24426793058 41328 6271

1721198927.7097032 66285059
cloud_controller_tkemenade 11217137854 39151 8006

1721198927.7102501 66285059
cloud0_tkemenade 24426793058 41351 6276

1721198928.712818 66285119
cloud_controller_tkemenade 11217137854 39200 8012

1721198928.7133396 66285119
cloud0_tkemenade 24426793058 41369 6280

1721198929.7158256 66285162
cloud_controller_tkemenade 11217137854 39223 8020

1721198929.716363 66285162
cloud0_tkemenade 24426793058 41391 6283

1721198930.7189817 66285217
cloud_controller_tkemenade 11217137854 39249 8027

1721198930.7194965 66285217
cloud0_tkemenade 24426793058 41422 6289

1721198931.7221577 66285293
cloud_controller_tkemenade 11217137854 39287 8035

1721198931.7227085 66285293
cloud0_tkemenade 24426793058 41466 6293

1721198932.7252014 66285338
cloud_controller_tkemenade 11217137854 39308 8044

1721198932.725767 66285338
cloud0_tkemenade 24426793058 41494 6297

1721198933.728286 66285391
cloud_controller_tkemenade 11217137854 39335 8049

1721198933.7287958 66285391
cloud0_tkemenade 24426793058 41508 6299

1721198933.8292842 66285399
cloud_controller_tkemenade 11217915210 39341 8051

1721198933.8297715 66285399
cloud0_tkemenade 24427427696 41510 6299

1721198934.8322966 66285439
cloud_controller_tkemenade 11217915210 39361 8057

1721198934.8328393 66285439
cloud0_tkemenade 24427427696 41531 6302

1721198935.8354142 66285513
cloud_controller_tkemenade 11217915210 39397 8065

1721198935.835975 66285513
cloud0_tkemenade 24427427696 41572 6310

1721198936.8385427 66285611
cloud_controller_tkemenade 11217915210 39451 8071

1721198936.8391342 66285611
cloud0_tkemenade 24427427696 41619 6315

1721198937.8416712 66285654
cloud_controller_tkemenade 11217915210 39472 8081

1721198937.8422334 66285654
cloud0_tkemenade 24427427696 41642 6320

1721198938.844682 66285705
cloud_controller_tkemenade 11217915210 39513 8090

1721198938.8452206 66285705
cloud0_tkemenade 24427427696 41657 6324

1721198939.8474557 66285754
cloud_controller_tkemenade 11217915210 39550 8097

1721198939.8478203 66285754
cloud0_tkemenade 24427427696 41674 6327

1721198940.8502898 66285830
cloud_controller_tkemenade 11217915210 39581 8109

1721198940.8508222 66285830
cloud0_tkemenade 24427427696 41712 6331

1721198940.9512556 66285835
cloud_controller_tkemenade 11218842436 39583 8113

1721198940.9517398 66285835
cloud0_tkemenade 24428145156 41714 6331

1721198941.9539654 66285890
cloud_controller_tkemenade 11218842436 39617 8123

1721198941.954543 66285891
cloud0_tkemenade 24428145156 41735 6334

1721198942.9570286 66285937
cloud_controller_tkemenade 11218842436 39638 8130

1721198942.9575775 66285937
cloud0_tkemenade 24428145156 41762 6338

1721198943.9601579 66285996
cloud_controller_tkemenade 11218842436 39665 8140

1721198943.9607153 66285996
cloud0_tkemenade 24428145156 41788 6343

1721198944.9633825 66286062
cloud_controller_tkemenade 11218842436 39690 8149

1721198944.9639506 66286062
cloud0_tkemenade 24428145156 41835 6346

1721198945.966503 66286102
cloud_controller_tkemenade 11218842436 39714 8154

1721198945.9670134 66286102
cloud0_tkemenade 24428145156 41851 6348

1721198946.9694295 66286157
cloud_controller_tkemenade 11218842436 39739 8160

1721198946.969987 66286157
cloud0_tkemenade 24428145156 41882 6353

1721198947.8720593 66286192
cloud_controller_tkemenade 11219554108 39757 8164

1721198947.8725717 66286192
cloud0_tkemenade 24428791850 41896 6356

1721198948.8749187 66286239
cloud_controller_tkemenade 11219554108 39795 8176

1721198948.8754528 66286239
cloud0_tkemenade 24428791850 41909 6359

1721198949.8775814 66286287
cloud_controller_tkemenade 11219554108 39814 8182

1721198949.8779764 66286287
cloud0_tkemenade 24428791850 41923 6362

1721198950.8802497 66286347
cloud_controller_tkemenade 11219554108 39843 8189

1721198950.8807998 66286347
cloud0_tkemenade 24428791850 41957 6366

1721198951.8832457 66286398
cloud_controller_tkemenade 11219554108 39872 8194

1721198951.8837998 66286398
cloud0_tkemenade 24428791850 41979 6371

1721198952.8862824 66286449
cloud_controller_tkemenade 11219554108 39895 8200

1721198952.8867147 66286449
cloud0_tkemenade 24428791850 42006 6377

1721198953.8891428 66286532
cloud_controller_tkemenade 11219554108 39928 8206

1721198953.8897054 66286532
cloud0_tkemenade 24428791850 42056 6383

1721198954.8918467 66286600
cloud_controller_tkemenade 11219554108 39951 8213

1721198954.892413 66286600
cloud0_tkemenade 24428791850 42083 6387

1721198954.9928625 66286618
cloud_controller_tkemenade 11220300335 39952 8213

1721198954.9932768 66286618
cloud0_tkemenade 24429474375 42093 6388

1721198955.995457 66286643
cloud_controller_tkemenade 11220300335 39972 8216

1721198955.995989 66286643
cloud0_tkemenade 24429474375 42103 6389

1721198956.9985788 66286691
cloud_controller_tkemenade 11220300335 39999 8221

1721198956.999123 66286691
cloud0_tkemenade 24429474375 42127 6393

1721198958.001673 66286739
cloud_controller_tkemenade 11220300335 40032 8229

1721198958.002212 66286739
cloud0_tkemenade 24429474375 42151 6396

1721198959.0048041 66286793
cloud_controller_tkemenade 11220300335 40073 8242

1721198959.0053482 66286793
cloud0_tkemenade 24429474375 42168 6400

1721198960.0078902 66286829
cloud_controller_tkemenade 11220300335 40090 8245

1721198960.0084336 66286829
cloud0_tkemenade 24429474375 42189 6403

1721198961.011063 66286887
cloud_controller_tkemenade 11220300335 40116 8255

1721198961.011612 66286887
cloud0_tkemenade 24429474375 42225 6409

1721198962.014232 66286949
cloud_controller_tkemenade 11221070672 40152 8261

1721198962.0148225 66286949
cloud0_tkemenade 24430057585 42253 6413

1721198963.0172887 66286994
cloud_controller_tkemenade 11221070672 40175 8269

1721198963.017833 66286994
cloud0_tkemenade 24430057585 42274 6419

1721198964.0204082 66287035
cloud_controller_tkemenade 11221070672 40201 8276

1721198964.0209508 66287035
cloud0_tkemenade 24430057585 42291 6420

1721198965.023673 66287091
cloud_controller_tkemenade 11221070672 40224 8285

1721198965.0242212 66287091
cloud0_tkemenade 24430057585 42314 6423

1721198966.0268044 66287167
cloud_controller_tkemenade 11221070672 40258 8292

1721198966.0273633 66287167
cloud0_tkemenade 24430057585 42351 6431

1721198967.0300467 66287257
cloud_controller_tkemenade 11221070672 40304 8299

1721198967.0306249 66287257
cloud0_tkemenade 24430057585 42398 6436

1721198968.0331697 66287293
cloud_controller_tkemenade 11221070672 40322 8305

1721198968.033729 66287293
cloud0_tkemenade 24430057585 42420 6439

1721198969.0361423 66287350
cloud_controller_tkemenade 11221873364 40360 8316

1721198969.0366979 66287350
cloud0_tkemenade 24430718806 42438 6442

1721198970.0392396 66287411
cloud_controller_tkemenade 11221873364 40389 8322

1721198970.0398173 66287411
cloud0_tkemenade 24430718806 42473 6450

1721198971.042435 66287476
cloud_controller_tkemenade 11221873364 40427 8329

1721198971.042988 66287476
cloud0_tkemenade 24430718806 42502 6458

1721198972.0456166 66287529
cloud_controller_tkemenade 11221873364 40460 8336

1721198972.0461693 66287529
cloud0_tkemenade 24430718806 42530 6461

1721198973.0488167 66287579
cloud_controller_tkemenade 11221873364 40481 8344

1721198973.0493755 66287579
cloud0_tkemenade 24430718806 42557 6465

1721198974.052003 66287635
cloud_controller_tkemenade 11221873364 40510 8350

1721198974.0525634 66287635
cloud0_tkemenade 24430718806 42585 6470

1721198975.0552099 66287730
cloud_controller_tkemenade 11221873364 40534 8359

1721198975.055715 66287730
cloud0_tkemenade 24430718806 42638 6475

1721198976.0578072 66287758
cloud_controller_tkemenade 11221873364 40552 8362

1721198976.0583801 66287758
cloud0_tkemenade 24430718806 42649 6476

1721198976.158859 66287759
cloud_controller_tkemenade 11222603178 40553 8363

1721198976.1592655 66287759
cloud0_tkemenade 24431460734 42649 6476

1721198977.1618133 66287810
cloud_controller_tkemenade 11222603178 40578 8371

1721198977.1623912 66287810
cloud0_tkemenade 24431460734 42673 6479

1721198978.1648455 66287842
cloud_controller_tkemenade 11222603178 40598 8375

1721198978.1653812 66287842
cloud0_tkemenade 24431460734 42687 6482

1721198979.1679313 66287893
cloud_controller_tkemenade 11222603178 40639 8386

1721198979.168476 66287893
cloud0_tkemenade 24431460734 42699 6485

1721198980.1708286 66287938
cloud_controller_tkemenade 11222603178 40659 8395

1721198980.171393 66287938
cloud0_tkemenade 24431460734 42721 6490

1721198981.1739762 66287997
cloud_controller_tkemenade 11222603178 40686 8402

1721198981.174565 66287998
cloud0_tkemenade 24431460734 42750 6494

1721198982.1771474 66288047
cloud_controller_tkemenade 11222603178 40715 8409

1721198982.177707 66288047
cloud0_tkemenade 24431460734 42775 6497

1721198983.0800302 66288085
cloud_controller_tkemenade 11223315821 40732 8416

1721198983.0805998 66288085
cloud0_tkemenade 24431972375 42792 6501

1721198984.0830698 66288159
cloud_controller_tkemenade 11223315821 40764 8421

1721198984.0836344 66288159
cloud0_tkemenade 24431972375 42838 6506

1721198985.0862007 66288226
cloud_controller_tkemenade 11223315821 40790 8430

1721198985.086783 66288226
cloud0_tkemenade 24431972375 42868 6511

1721198986.089331 66288255
cloud_controller_tkemenade 11223315821 40805 8436

1721198986.0898862 66288255
cloud0_tkemenade 24431972375 42882 6515

1721198987.0923157 66288302
cloud_controller_tkemenade 11223315821 40834 8443

1721198987.0928674 66288302
cloud0_tkemenade 24431972375 42905 6520

1721198988.0953546 66288347
cloud_controller_tkemenade 11223315821 40863 8448

1721198988.0959077 66288347
cloud0_tkemenade 24431972375 42926 6525

1721198989.098408 66288400
cloud_controller_tkemenade 11223315821 40900 8458

1721198989.0989702 66288400
cloud0_tkemenade 24431972375 42946 6529

1721198990.101421 66288448
cloud_controller_tkemenade 11223315821 40919 8468

1721198990.102023 66288448
cloud0_tkemenade 24431972375 42967 6536

1721198990.20244 66288459
cloud_controller_tkemenade 11224042867 40921 8469

1721198990.2029772 66288459
cloud0_tkemenade 24432614599 42969 6537

1721198991.20556 66288529
cloud_controller_tkemenade 11224042867 40947 8476

1721198991.20612 66288529
cloud0_tkemenade 24432614599 43004 6542

1721198992.2088249 66288619
cloud_controller_tkemenade 11224042867 40993 8486

1721198992.2093368 66288619
cloud0_tkemenade 24432614599 43038 6547

1721198993.211995 66288714
cloud_controller_tkemenade 11224042867 41047 8507

1721198993.212563 66288714
cloud0_tkemenade 24432614599 43060 6550

1721198994.215418 66288804
cloud_controller_tkemenade 11224042867 41074 8519

1721198994.2159944 66288804
cloud0_tkemenade 24432614599 43092 6551

1721198995.218656 66288896
cloud_controller_tkemenade 11224042867 41104 8525

1721198995.2192066 66288896
cloud0_tkemenade 24432614599 43119 6556

1721198996.2219086 66288988
cloud_controller_tkemenade 11224042867 41145 8533

1721198996.2224777 66288989
cloud0_tkemenade 24432614599 43154 6561

1721198997.2252913 66289094
cloud_controller_tkemenade 11224042867 41202 8549

1721198997.2258284 66289094
cloud0_tkemenade 24432614599 43203 6569

1721198997.3262522 66289101
cloud_controller_tkemenade 11225184033 41204 8550

1721198997.3268037 66289101
cloud0_tkemenade 24433457113 43204 6570

1721198998.3292818 66289138
cloud_controller_tkemenade 11225184033 41218 8559

1721198998.3298554 66289138
cloud0_tkemenade 24433457113 43227 6574

1721198999.3323188 66289201
cloud_controller_tkemenade 11225184033 41264 8570

1721198999.3328848 66289201
cloud0_tkemenade 24433457113 43243 6578

1721199000.3356705 66289281
cloud_controller_tkemenade 11225184033 41313 8581

1721199000.3362427 66289281
cloud0_tkemenade 24433457113 43277 6585

1721199001.338655 66289335
cloud_controller_tkemenade 11225184033 41340 8593

1721199001.3392084 66289335
cloud0_tkemenade 24433457113 43305 6590

1721199002.3416514 66289391
cloud_controller_tkemenade 11225184033 41372 8601

1721199002.342203 66289391
cloud0_tkemenade 24433457113 43329 6596

1721199003.3447382 66289437
cloud_controller_tkemenade 11225184033 41395 8606

1721199003.3452926 66289437
cloud0_tkemenade 24433457113 43357 6600

1721199004.3478353 66289500
cloud_controller_tkemenade 11226046846 41422 8612

1721199004.3483956 66289500
cloud0_tkemenade 24434109634 43390 6603

1721199005.3509629 66289578
cloud_controller_tkemenade 11226046846 41446 8620

1721199005.3515182 66289578
cloud0_tkemenade 24434109634 43430 6608

1721199006.3538754 66289628
cloud_controller_tkemenade 11226046846 41464 8625

1721199006.3544862 66289628
cloud0_tkemenade 24434109634 43468 6612

1721199007.3570719 66289669
cloud_controller_tkemenade 11226046846 41487 8632

1721199007.3576314 66289669
cloud0_tkemenade 24434109634 43481 6615

1721199008.360122 66289691
cloud_controller_tkemenade 11226046846 41504 8638

1721199008.3606663 66289691
cloud0_tkemenade 24434109634 43490 6617

1721199009.363044 66289754
cloud_controller_tkemenade 11226046846 41545 8651

1721199009.3635774 66289754
cloud0_tkemenade 24434109634 43509 6621

1721199010.3659675 66289796
cloud_controller_tkemenade 11226046846 41570 8658

1721199010.3665402 66289796
cloud0_tkemenade 24434109634 43529 6623

1721199011.2688203 66289849
cloud_controller_tkemenade 11226742691 41591 8664

1721199011.2693746 66289849
cloud0_tkemenade 24434746719 43561 6629

1721199012.2717543 66289902
cloud_controller_tkemenade 11226742691 41621 8673

1721199012.2723112 66289902
cloud0_tkemenade 24434746719 43581 6634

1721199013.2747936 66289971
cloud_controller_tkemenade 11226742691 41648 8680

1721199013.2753465 66289971
cloud0_tkemenade 24434746719 43621 6640

1721199014.2778702 66290047
cloud_controller_tkemenade 11226742691 41680 8685

1721199014.278445 66290047
cloud0_tkemenade 24434746719 43666 6646

1721199015.2810183 66290117
cloud_controller_tkemenade 11226742691 41704 8694

1721199015.2815702 66290117
cloud0_tkemenade 24434746719 43710 6651

1721199016.2841103 66290160
cloud_controller_tkemenade 11226742691 41720 8700

1721199016.2846496 66290160
cloud0_tkemenade 24434746719 43726 6653

1721199017.287178 66290205
cloud_controller_tkemenade 11226742691 41742 8706

1721199017.2881913 66290205
cloud0_tkemenade 24434746719 43750 6657

1721199018.2907028 66290252
cloud_controller_tkemenade 11226742691 41775 8717

1721199018.2912288 66290252
cloud0_tkemenade 24434746719 43766 6659

1721199018.3917148 66290258
cloud_controller_tkemenade 11227465909 41777 8718

1721199018.3922253 66290258
cloud0_tkemenade 24435466911 43767 6660

1721199019.3948038 66290317
cloud_controller_tkemenade 11227465909 41815 8730

1721199019.3953192 66290317
cloud0_tkemenade 24435466911 43789 6663

1721199020.3978772 66290367
cloud_controller_tkemenade 11227465909 41838 8735

1721199020.3984656 66290367
cloud0_tkemenade 24435466911 43819 6666

1721199021.401105 66290441
cloud_controller_tkemenade 11227465909 41861 8742

1721199021.4016323 66290441
cloud0_tkemenade 24435466911 43871 6671

1721199022.4040723 66290509
cloud_controller_tkemenade 11227465909 41900 8752

1721199022.4046216 66290509
cloud0_tkemenade 24435466911 43894 6676

1721199023.406928 66290561
cloud_controller_tkemenade 11227465909 41929 8759

1721199023.4074388 66290561
cloud0_tkemenade 24435466911 43920 6680

1721199024.4100246 66290623
cloud_controller_tkemenade 11227465909 41959 8763

1721199024.410639 66290623
cloud0_tkemenade 24435466911 43958 6683

1721199025.413171 66290669
cloud_controller_tkemenade 11227465909 41984 8772

1721199025.4136918 66290669
cloud0_tkemenade 24435466911 43983 6688

1721199025.5141764 66290676
cloud_controller_tkemenade 11228264791 41986 8772

1721199025.5146914 66290676
cloud0_tkemenade 24436210908 43985 6688

1721199026.5172417 66290758
cloud_controller_tkemenade 11228264791 42022 8778

1721199026.5177917 66290758
cloud0_tkemenade 24436210908 44018 6695

1721199027.5203698 66290840
cloud_controller_tkemenade 11228264791 42053 8785

1721199027.5208907 66290840
cloud0_tkemenade 24436210908 44073 6703

1721199028.5234275 66290882
cloud_controller_tkemenade 11228264791 42077 8790

1721199028.523984 66290882
cloud0_tkemenade 24436210908 44094 6715

1721199029.5264266 66290953
cloud_controller_tkemenade 11228264791 42114 8799

1721199029.526954 66290953
cloud0_tkemenade 24436210908 44125 6721

1721199030.5295393 66291033
cloud_controller_tkemenade 11228264791 42162 8808

1721199030.5300906 66291033
cloud0_tkemenade 24436210908 44158 6734

1721199031.5326705 66291087
cloud_controller_tkemenade 11228264791 42180 8816

1721199031.533205 66291087
cloud0_tkemenade 24436210908 44191 6742

1721199032.5355754 66291137
cloud_controller_tkemenade 11228264791 42212 8824

1721199032.536121 66291137
cloud0_tkemenade 24436210908 44211 6747

1721199032.736784 66291150
cloud_controller_tkemenade 11229115535 42216 8825

1721199032.7372832 66291150
cloud0_tkemenade 24437085787 44218 6749

1721199033.7396944 66291213
cloud_controller_tkemenade 11229115535 42238 8832

1721199033.7402458 66291213
cloud0_tkemenade 24437085787 44257 6754

1721199034.7427392 66291289
cloud_controller_tkemenade 11229115535 42268 8842

1721199034.7432904 66291289
cloud0_tkemenade 24437085787 44301 6762

1721199035.745868 66291343
cloud_controller_tkemenade 11229115535 42289 8849

1721199035.7464213 66291344
cloud0_tkemenade 24437085787 44336 6770

1721199036.748964 66291397
cloud_controller_tkemenade 11229115535 42307 8853

1721199036.7494903 66291397
cloud0_tkemenade 24437085787 44360 6774

1721199037.7520123 66291439
cloud_controller_tkemenade 11229115535 42334 8862

1721199037.7525144 66291439
cloud0_tkemenade 24437085787 44375 6781

1721199038.755048 66291472
cloud_controller_tkemenade 11229115535 42357 8870

1721199038.755532 66291472
cloud0_tkemenade 24437085787 44386 6784

1721199039.757908 66291531
cloud_controller_tkemenade 11229115535 42387 8879

1721199039.758445 66291531
cloud0_tkemenade 24437085787 44415 6792

1721199039.8589163 66291535
cloud_controller_tkemenade 11229804866 42390 8879

1721199039.859328 66291535
cloud0_tkemenade 24437823492 44417 6792

1721199040.8617995 66291579
cloud_controller_tkemenade 11229804866 42417 8885

1721199040.8623364 66291580
cloud0_tkemenade 24437823492 44437 6795

1721199041.864908 66291642
cloud_controller_tkemenade 11229804866 42440 8894

1721199041.8654494 66291642
cloud0_tkemenade 24437823492 44479 6813

1721199042.8679948 66291696
cloud_controller_tkemenade 11229804866 42472 8902

1721199042.868545 66291696
cloud0_tkemenade 24437823492 44499 6818

1721199043.8710904 66291773
cloud_controller_tkemenade 11229804866 42500 8912

1721199043.8716621 66291773
cloud0_tkemenade 24437823492 44546 6828

1721199044.8741832 66291822
cloud_controller_tkemenade 11229804866 42531 8920

1721199044.874725 66291822
cloud0_tkemenade 24437823492 44564 6831

1721199045.8772986 66291873
cloud_controller_tkemenade 11229804866 42555 8927

1721199045.8778493 66291873
cloud0_tkemenade 24437823492 44595 6835

1721199046.7800717 66291918
cloud_controller_tkemenade 11230535931 42569 8935

1721199046.780599 66291918
cloud0_tkemenade 24438573143 44612 6838

1721199047.7830987 66291969
cloud_controller_tkemenade 11230535931 42594 8948

1721199047.7836192 66291969
cloud0_tkemenade 24438573143 44635 6840

1721199048.7859046 66292030
cloud_controller_tkemenade 11230535931 42631 8956

1721199048.7864473 66292031
cloud0_tkemenade 24438573143 44659 6843

1721199049.7889726 66292089
cloud_controller_tkemenade 11230535931 42669 8965

1721199049.7894974 66292089
cloud0_tkemenade 24438573143 44682 6847

1721199050.7920134 66292134
cloud_controller_tkemenade 11230535931 42694 8973

1721199050.792543 66292134
cloud0_tkemenade 24438573143 44702 6852

1721199051.795085 66292211
cloud_controller_tkemenade 11230535931 42724 8984

1721199051.7956436 66292211
cloud0_tkemenade 24438573143 44746 6862

1721199052.798146 66292270
cloud_controller_tkemenade 11230535931 42756 8993

1721199052.7986758 66292271
cloud0_tkemenade 24438573143 44769 6869

1721199053.8011668 66292315
cloud_controller_tkemenade 11230535931 42777 9004

1721199053.8017166 66292315
cloud0_tkemenade 24438573143 44794 6871

1721199053.902196 66292325
cloud_controller_tkemenade 11231378540 42779 9005

1721199053.902686 66292325
cloud0_tkemenade 24439231526 44797 6871

1721199054.9051635 66292380
cloud_controller_tkemenade 11231378540 42811 9014

1721199054.9056804 66292380
cloud0_tkemenade 24439231526 44826 6875

1721199055.9082217 66292453
cloud_controller_tkemenade 11231378540 42846 9021

1721199055.9087663 66292453
cloud0_tkemenade 24439231526 44867 6884

1721199056.9113846 66292551
cloud_controller_tkemenade 11231378540 42891 9029

1721199056.9119537 66292551
cloud0_tkemenade 24439231526 44913 6892

1721199057.9145296 66292600
cloud_controller_tkemenade 11231378540 42916 9036

1721199057.9150825 66292600
cloud0_tkemenade 24439231526 44940 6897

1721199058.917617 66292643
cloud_controller_tkemenade 11231378540 42943 9045

1721199058.9181402 66292643
cloud0_tkemenade 24439231526 44957 6900

1721199059.9207594 66292723
cloud_controller_tkemenade 11231378540 42987 9056

1721199059.9213061 66292723
cloud0_tkemenade 24439231526 44994 6903

1721199060.9237344 66292780
cloud_controller_tkemenade 11231378540 43022 9067

1721199060.9242585 66292780
cloud0_tkemenade 24439231526 45016 6911

1721199061.0247412 66292785
cloud_controller_tkemenade 11232332811 43025 9068

1721199061.0252268 66292785
cloud0_tkemenade 24440035446 45016 6911

1721199062.0277998 66292829
cloud_controller_tkemenade 11232332811 43047 9076

1721199062.028346 66292829
cloud0_tkemenade 24440035446 45041 6916

1721199063.0309064 66292889
cloud_controller_tkemenade 11232332811 43085 9086

1721199063.0314565 66292889
cloud0_tkemenade 24440035446 45065 6921

1721199064.0338907 66292947
cloud_controller_tkemenade 11232332811 43114 9093

1721199064.0344713 66292948
cloud0_tkemenade 24440035446 45100 6926

1721199065.0370347 66293039
cloud_controller_tkemenade 11232332811 43146 9101

1721199065.037595 66293039
cloud0_tkemenade 24440035446 45155 6931

1721199066.03994 66293077
cloud_controller_tkemenade 11232332811 43169 9106

1721199066.040481 66293077
cloud0_tkemenade 24440035446 45171 6935

1721199067.043073 66293123
cloud_controller_tkemenade 11232332811 43184 9111

1721199067.0436232 66293123
cloud0_tkemenade 24440035446 45188 6938

1721199068.0461318 66293165
cloud_controller_tkemenade 11232332811 43213 9119

1721199068.046681 66293165
cloud0_tkemenade 24440035446 45200 6941

1721199068.1471705 66293170
cloud_controller_tkemenade 11233057127 43214 9119

1721199068.147694 66293170
cloud0_tkemenade 24440681295 45201 6941

1721199069.1503117 66293232
cloud_controller_tkemenade 11233057127 43239 9128

1721199069.1508741 66293232
cloud0_tkemenade 24440681295 45216 6943

1721199070.153263 66293291
cloud_controller_tkemenade 11233057127 43268 9134

1721199070.1538126 66293291
cloud0_tkemenade 24440681295 45235 6948

1721199071.1561265 66293332
cloud_controller_tkemenade 11233057127 43292 9140

1721199071.15667 66293332
cloud0_tkemenade 24440681295 45254 6954

1721199072.1592066 66293390
cloud_controller_tkemenade 11233057127 43314 9148

1721199072.1597521 66293390
cloud0_tkemenade 24440681295 45291 6961

1721199073.1622183 66293452
cloud_controller_tkemenade 11233057127 43342 9158

1721199073.1627703 66293452
cloud0_tkemenade 24440681295 45323 6966

1721199074.1652293 66293523
cloud_controller_tkemenade 11233057127 43370 9169

1721199074.1657896 66293523
cloud0_tkemenade 24440681295 45363 6972

1721199075.1682372 66293599
cloud_controller_tkemenade 11233804160 43401 9178

1721199075.1688228 66293599
cloud0_tkemenade 24441404133 45405 6977

1721199076.171353 66293625
cloud_controller_tkemenade 11233804160 43419 9187

1721199076.1719074 66293625
cloud0_tkemenade 24441404133 45416 6981

1721199077.174483 66293682
cloud_controller_tkemenade 11233804160 43442 9193

1721199077.1750455 66293682
cloud0_tkemenade 24441404133 45441 6985

1721199078.1776154 66293734
cloud_controller_tkemenade 11233804160 43476 9202

1721199078.1781442 66293734
cloud0_tkemenade 24441404133 45462 6987

1721199079.1806293 66293777
cloud_controller_tkemenade 11233804160 43499 9213

1721199079.181141 66293777
cloud0_tkemenade 24441404133 45481 6990

1721199080.1835945 66293829
cloud_controller_tkemenade 11233804160 43526 9221

1721199080.184079 66293829
cloud0_tkemenade 24441404133 45508 6994

1721199081.186529 66293865
cloud_controller_tkemenade 11233804160 43547 9228

1721199081.1870337 66293865
cloud0_tkemenade 24441404133 45526 6999

1721199082.1895213 66293935
cloud_controller_tkemenade 11234653395 43579 9238

1721199082.1900096 66293935
cloud0_tkemenade 24442092120 45560 7012

1721199083.1924992 66293987
cloud_controller_tkemenade 11234653395 43606 9245

1721199083.1930568 66293987
cloud0_tkemenade 24442092120 45589 7018

1721199084.1954916 66294041
cloud_controller_tkemenade 11234653395 43633 9252

1721199084.1960523 66294041
cloud0_tkemenade 24442092120 45616 7020

1721199085.1985917 66294100
cloud_controller_tkemenade 11234653395 43660 9259

1721199085.1991398 66294100
cloud0_tkemenade 24442092120 45644 7026

1721199086.2016578 66294164
cloud_controller_tkemenade 11234653395 43693 9267

1721199086.2021608 66294164
cloud0_tkemenade 24442092120 45673 7036

1721199087.2047296 66294243
cloud_controller_tkemenade 11234653395 43724 9273

1721199087.2051408 66294243
cloud0_tkemenade 24442092120 45721 7046

1721199088.2077496 66294309
cloud_controller_tkemenade 11234653395 43754 9279

1721199088.208254 66294309
cloud0_tkemenade 24442092120 45742 7050

1721199089.2106912 66294350
cloud_controller_tkemenade 11235475688 43781 9285

1721199089.2111943 66294350
cloud0_tkemenade 24442881122 45758 7052

1721199090.2138174 66294429
cloud_controller_tkemenade 11235475688 43826 9294

1721199090.214419 66294431
cloud0_tkemenade 24442881122 45795 7061

