1721200289.3151155 66443605
cloud_controller_tkemenade 11418950341 27000 4503
cloud0_tkemenade 24629612960 23586 3901

1721200290.3182821 66443798
cloud_controller_tkemenade 11418950341 27063 4515

1721200290.3188777 66443798
cloud0_tkemenade 24629612960 23719 3905

1721200291.3217576 66443915
cloud_controller_tkemenade 11418950341 27083 4520

1721200291.3223445 66443916
cloud0_tkemenade 24629612960 23821 3918

1721200292.3252347 66444113
cloud_controller_tkemenade 11418950341 27109 4525

1721200292.3257668 66444113
cloud0_tkemenade 24629612960 23998 3931

1721200293.3283262 66444306
cloud_controller_tkemenade 11418950341 27139 4532

1721200293.328863 66444306
cloud0_tkemenade 24629612960 24164 3947

1721200293.7301147 66444381
cloud_controller_tkemenade 11421821255 27148 4534

1721200293.7306657 66444381
cloud0_tkemenade 24634446379 24229 3955

1721200294.7334323 66444591
cloud_controller_tkemenade 11421821255 27193 4543

1721200294.733953 66444591
cloud0_tkemenade 24634446379 24396 3981

1721200295.7365565 66444775
cloud_controller_tkemenade 11421821255 27216 4547

1721200295.737111 66444775
cloud0_tkemenade 24634446379 24561 3992

1721200296.739905 66444934
cloud_controller_tkemenade 11421821255 27237 4552

1721200296.7404284 66444934
cloud0_tkemenade 24634446379 24695 4001

1721200297.743173 66445124
cloud_controller_tkemenade 11421821255 27256 4559

1721200297.743662 66445124
cloud0_tkemenade 24634446379 24865 4006

1721200298.7461855 66445268
cloud_controller_tkemenade 11421821255 27284 4566

1721200298.74669 66445268
cloud0_tkemenade 24634446379 24992 4021

1721200299.7492266 66445424
cloud_controller_tkemenade 11421821255 27327 4572

1721200299.7498019 66445424
cloud0_tkemenade 24634446379 25109 4025

1721200300.7525578 66445550
cloud_controller_tkemenade 11422856858 27349 4583

1721200300.7530894 66445550
cloud0_tkemenade 24638859132 25208 4028

1721200301.7557364 66445702
cloud_controller_tkemenade 11422856858 27377 4593

1721200301.756324 66445702
cloud0_tkemenade 24638859132 25334 4033

1721200302.7591152 66445835
cloud_controller_tkemenade 11422856858 27401 4598

1721200302.7597048 66445835
cloud0_tkemenade 24638859132 25443 4038

1721200303.7626252 66446000
cloud_controller_tkemenade 11422856858 27431 4607

1721200303.7632113 66446000
cloud0_tkemenade 24638859132 25584 4053

1721200304.7660482 66446153
cloud_controller_tkemenade 11422856858 27468 4616

1721200304.7666118 66446153
cloud0_tkemenade 24638859132 25705 4067

1721200305.769224 66446311
cloud_controller_tkemenade 11422856858 27516 4624

1721200305.7698355 66446311
cloud0_tkemenade 24638859132 25821 4088

1721200306.772819 66446448
cloud_controller_tkemenade 11422856858 27544 4631

1721200306.7734063 66446448
cloud0_tkemenade 24638859132 25933 4098

1721200307.7758183 66446593
cloud_controller_tkemenade 11423831055 27568 4637

1721200307.7761495 66446593
cloud0_tkemenade 24642153690 26044 4115

1721200308.7791216 66446752
cloud_controller_tkemenade 11423831055 27606 4646

1721200308.7797086 66446752
cloud0_tkemenade 24642153690 26164 4125

1721200309.782663 66446914
cloud_controller_tkemenade 11423831055 27648 4653

1721200309.7832525 66446914
cloud0_tkemenade 24642153690 26286 4130

1721200310.7861705 66447052
cloud_controller_tkemenade 11423831055 27672 4659

1721200310.7867422 66447052
cloud0_tkemenade 24642153690 26400 4134

1721200311.7896342 66447179
cloud_controller_tkemenade 11423831055 27706 4671

1721200311.7901614 66447179
cloud0_tkemenade 24642153690 26494 4145

1721200312.792989 66447331
cloud_controller_tkemenade 11423831055 27726 4675

1721200312.7935278 66447331
cloud0_tkemenade 24642153690 26625 4148

1721200313.7964742 66447493
cloud_controller_tkemenade 11423831055 27753 4686

1721200313.7970028 66447493
cloud0_tkemenade 24642153690 26763 4155

1721200314.7998521 66447670
cloud_controller_tkemenade 11423831055 27793 4695

1721200314.8003836 66447670
cloud0_tkemenade 24642153690 26906 4160

1721200314.9008923 66447694
cloud_controller_tkemenade 11424852162 27795 4696

1721200314.9014144 66447694
cloud0_tkemenade 24645447120 26921 4161

1721200315.9040077 66447877
cloud_controller_tkemenade 11424852162 27831 4708

1721200315.9045403 66447877
cloud0_tkemenade 24645447120 27065 4171

1721200316.9073694 66448047
cloud_controller_tkemenade 11424852162 27864 4716

1721200316.907902 66448047
cloud0_tkemenade 24645447120 27206 4185

1721200317.9104478 66448220
cloud_controller_tkemenade 11424852162 27889 4721

1721200317.9109964 66448220
cloud0_tkemenade 24645447120 27348 4187

1721200318.9137821 66448383
cloud_controller_tkemenade 11424852162 27926 4727

1721200318.9143293 66448384
cloud0_tkemenade 24645447120 27476 4201

1721200319.917134 66448533
cloud_controller_tkemenade 11424852162 27975 4739

1721200319.9176953 66448533
cloud0_tkemenade 24645447120 27579 4211

1721200320.9203718 66448667
cloud_controller_tkemenade 11424852162 28007 4750

1721200320.9209018 66448667
cloud0_tkemenade 24645447120 27683 4219

1721200321.9235628 66448791
cloud_controller_tkemenade 11424852162 28026 4756

1721200321.924146 66448791
cloud0_tkemenade 24645447120 27790 4223

1721200322.1248891 66448823
cloud_controller_tkemenade 11426081600 28029 4757

1721200322.1254315 66448823
cloud0_tkemenade 24649422026 27815 4224

1721200323.1280668 66448963
cloud_controller_tkemenade 11426081600 28049 4768

1721200323.128625 66448963
cloud0_tkemenade 24649422026 27933 4233

1721200324.1311266 66449094
cloud_controller_tkemenade 11426081600 28074 4775

1721200324.131706 66449094
cloud0_tkemenade 24649422026 28042 4237

1721200325.1345887 66449245
cloud_controller_tkemenade 11426081600 28106 4784

1721200325.1351764 66449245
cloud0_tkemenade 24649422026 28158 4244

1721200326.1381063 66449377
cloud_controller_tkemenade 11426081600 28133 4791

1721200326.138711 66449378
cloud0_tkemenade 24649422026 28271 4251

1721200327.1415598 66449512
cloud_controller_tkemenade 11426081600 28156 4798

1721200327.1421187 66449512
cloud0_tkemenade 24649422026 28389 4258

1721200328.1448424 66449657
cloud_controller_tkemenade 11426081600 28170 4805

1721200328.1453755 66449657
cloud0_tkemenade 24649422026 28515 4262

1721200329.148076 66449798
cloud_controller_tkemenade 11426081600 28196 4815

1721200329.1486368 66449798
cloud0_tkemenade 24649422026 28633 4268

1721200329.3492672 66449827
cloud_controller_tkemenade 11426887751 28201 4816

1721200329.3496249 66449827
cloud0_tkemenade 24652513441 28654 4268

1721200330.3521965 66449981
cloud_controller_tkemenade 11426887751 28245 4826

1721200330.3527253 66449981
cloud0_tkemenade 24652513441 28767 4270

1721200331.3552022 66450133
cloud_controller_tkemenade 11426887751 28272 4834

1721200331.3557286 66450133
cloud0_tkemenade 24652513441 28896 4274

1721200332.3581903 66450270
cloud_controller_tkemenade 11426887751 28294 4840

1721200332.3587766 66450270
cloud0_tkemenade 24652513441 29010 4280

1721200333.361539 66450427
cloud_controller_tkemenade 11426887751 28319 4848

1721200333.3620954 66450427
cloud0_tkemenade 24652513441 29139 4286

1721200334.3646545 66450570
cloud_controller_tkemenade 11426887751 28356 4859

1721200334.3652477 66450570
cloud0_tkemenade 24652513441 29257 4294

1721200335.3681984 66450731
cloud_controller_tkemenade 11426887751 28388 4868

1721200335.3687577 66450731
cloud0_tkemenade 24652513441 29386 4299

1721200336.270785 66450851
cloud_controller_tkemenade 11427891100 28411 4876

1721200336.2713108 66450851
cloud0_tkemenade 24655730062 29484 4302

1721200337.2742138 66450989
cloud_controller_tkemenade 11427891100 28439 4884

1721200337.274831 66450989
cloud0_tkemenade 24655730062 29595 4318

1721200338.2777662 66451147
cloud_controller_tkemenade 11427891100 28470 4892

1721200338.2783198 66451147
cloud0_tkemenade 24655730062 29706 4326

1721200339.281216 66451273
cloud_controller_tkemenade 11427891100 28495 4898

1721200339.2817972 66451273
cloud0_tkemenade 24655730062 29817 4334

1721200340.284748 66451427
cloud_controller_tkemenade 11427891100 28539 4904

1721200340.2852807 66451427
cloud0_tkemenade 24655730062 29931 4350

1721200341.2881856 66451552
cloud_controller_tkemenade 11427891100 28563 4910

1721200341.2887208 66451552
cloud0_tkemenade 24655730062 30036 4365

1721200342.2916594 66451687
cloud_controller_tkemenade 11427891100 28593 4918

1721200342.2921999 66451687
cloud0_tkemenade 24655730062 30144 4374

1721200343.29493 66451821
cloud_controller_tkemenade 11428801441 28611 4923

1721200343.295468 66451821
cloud0_tkemenade 24658881242 30265 4380

1721200344.2982295 66451978
cloud_controller_tkemenade 11428801441 28640 4934

1721200344.2987697 66451978
cloud0_tkemenade 24658881242 30391 4383

1721200345.3014615 66452140
cloud_controller_tkemenade 11428801441 28669 4940

1721200345.302037 66452140
cloud0_tkemenade 24658881242 30525 4388

1721200346.3048449 66452299
cloud_controller_tkemenade 11428801441 28700 4949

1721200346.30541 66452299
cloud0_tkemenade 24658881242 30655 4397

1721200347.308199 66452468
cloud_controller_tkemenade 11428801441 28734 4958

1721200347.3087618 66452468
cloud0_tkemenade 24658881242 30792 4405

1721200348.3113925 66452608
cloud_controller_tkemenade 11428801441 28755 4965

1721200348.3119538 66452608
cloud0_tkemenade 24658881242 30894 4420

1721200349.3147728 66452730
cloud_controller_tkemenade 11428801441 28778 4975

1721200349.315343 66452730
cloud0_tkemenade 24658881242 30996 4433

1721200350.3183167 66452897
cloud_controller_tkemenade 11428801441 28834 4997

1721200350.3188884 66452897
cloud0_tkemenade 24658881242 31107 4450

1721200350.4194248 66452910
cloud_controller_tkemenade 11429849946 28835 4998

1721200350.4200225 66452910
cloud0_tkemenade 24662117932 31116 4453

1721200351.422895 66453032
cloud_controller_tkemenade 11429849946 28859 5014

1721200351.4234445 66453032
cloud0_tkemenade 24662117932 31218 4463

1721200352.4262235 66453153
cloud_controller_tkemenade 11429849946 28876 5023

1721200352.4267929 66453153
cloud0_tkemenade 24662117932 31321 4473

1721200353.429599 66453227
cloud_controller_tkemenade 11429849946 28897 5032

1721200353.430168 66453227
cloud0_tkemenade 24662117932 31377 4484

1721200354.4329426 66453273
cloud_controller_tkemenade 11429849946 28923 5038

1721200354.433513 66453273
cloud0_tkemenade 24662117932 31401 4493

1721200355.4361384 66453347
cloud_controller_tkemenade 11429849946 28953 5049

1721200355.436688 66453347
cloud0_tkemenade 24662117932 31440 4506

1721200356.4393737 66453387
cloud_controller_tkemenade 11429849946 28975 5061

1721200356.4399369 66453387
cloud0_tkemenade 24662117932 31459 4513

1721200357.4425478 66453458
cloud_controller_tkemenade 11430608699 28998 5066

1721200357.4431005 66453458
cloud0_tkemenade 24663586169 31500 4519

1721200358.4457114 66453527
cloud_controller_tkemenade 11430608699 29017 5074

1721200358.446258 66453527
cloud0_tkemenade 24663586169 31532 4526

1721200359.4490166 66453579
cloud_controller_tkemenade 11430608699 29048 5081

1721200359.4495614 66453579
cloud0_tkemenade 24663586169 31557 4531

1721200360.4522147 66453631
cloud_controller_tkemenade 11430608699 29095 5089

1721200360.4527204 66453631
cloud0_tkemenade 24663586169 31567 4534

1721200361.4552922 66453674
cloud_controller_tkemenade 11430608699 29116 5097

1721200361.455803 66453674
cloud0_tkemenade 24663586169 31588 4538

1721200362.4583879 66453719
cloud_controller_tkemenade 11430608699 29141 5102

1721200362.4588928 66453719
cloud0_tkemenade 24663586169 31608 4541

1721200363.4616868 66453781
cloud_controller_tkemenade 11430608699 29164 5110

1721200363.462232 66453781
cloud0_tkemenade 24663586169 31652 4547

1721200364.4649947 66453843
cloud_controller_tkemenade 11430608699 29192 5114

1721200364.4655595 66453843
cloud0_tkemenade 24663586169 31691 4554

1721200364.566033 66453849
cloud_controller_tkemenade 11431429982 29193 5115

1721200364.566718 66453851
cloud0_tkemenade 24664393989 31693 4556

1721200365.5690937 66453946
cloud_controller_tkemenade 11431429982 29227 5124

1721200365.5696652 66453946
cloud0_tkemenade 24664393989 31758 4563

1721200366.5720844 66453988
cloud_controller_tkemenade 11431429982 29250 5132

1721200366.5726366 66453988
cloud0_tkemenade 24664393989 31780 4567

1721200367.5748944 66454043
cloud_controller_tkemenade 11431429982 29276 5137

1721200367.5754545 66454043
cloud0_tkemenade 24664393989 31812 4575

1721200368.5780096 66454123
cloud_controller_tkemenade 11431429982 29310 5144

1721200368.5784292 66454124
cloud0_tkemenade 24664393989 31839 4579

1721200369.5808432 66454169
cloud_controller_tkemenade 11431429982 29335 5152

1721200369.5813863 66454169
cloud0_tkemenade 24664393989 31860 4582

1721200370.583945 66454235
cloud_controller_tkemenade 11431429982 29372 5162

1721200370.5845034 66454235
cloud0_tkemenade 24664393989 31885 4588

1721200371.58705 66454277
cloud_controller_tkemenade 11432233427 29395 5175

1721200371.5875962 66454277
cloud0_tkemenade 24665150540 31898 4592

1721200372.5901666 66454321
cloud_controller_tkemenade 11432233427 29426 5183

1721200372.590738 66454321
cloud0_tkemenade 24665150540 31909 4596

1721200373.5933228 66454419
cloud_controller_tkemenade 11432233427 29504 5193

1721200373.5938685 66454419
cloud0_tkemenade 24665150540 31934 4599

1721200374.596524 66454486
cloud_controller_tkemenade 11432233427 29549 5205

1721200374.5970812 66454486
cloud0_tkemenade 24665150540 31961 4605

1721200375.5996554 66454568
cloud_controller_tkemenade 11432233427 29585 5211

1721200375.6002183 66454568
cloud0_tkemenade 24665150540 32006 4612

1721200376.6028535 66454664
cloud_controller_tkemenade 11432233427 29634 5223

1721200376.6034045 66454664
cloud0_tkemenade 24665150540 32056 4619

1721200377.6060567 66454722
cloud_controller_tkemenade 11432233427 29659 5232

1721200377.606655 66454723
cloud0_tkemenade 24665150540 32096 4632

1721200378.6092615 66454799
cloud_controller_tkemenade 11433416136 29702 5241

1721200378.609814 66454799
cloud0_tkemenade 24666010122 32123 4641

1721200379.6124418 66454861
cloud_controller_tkemenade 11433416136 29725 5251

1721200379.6130154 66454861
cloud0_tkemenade 24666010122 32153 4643

1721200380.6158285 66454964
cloud_controller_tkemenade 11433416136 29782 5266

1721200380.6163878 66454964
cloud0_tkemenade 24666010122 32201 4658

1721200381.6191304 66455001
cloud_controller_tkemenade 11433416136 29804 5275

1721200381.6197321 66455001
cloud0_tkemenade 24666010122 32216 4670

1721200382.6224844 66455040
cloud_controller_tkemenade 11433416136 29826 5286

1721200382.623041 66455040
cloud0_tkemenade 24666010122 32232 4677

1721200383.625707 66455080
cloud_controller_tkemenade 11433416136 29849 5293

1721200383.6262538 66455081
cloud0_tkemenade 24666010122 32255 4684

1721200384.6289294 66455133
cloud_controller_tkemenade 11433416136 29873 5307

1721200384.6295173 66455133
cloud0_tkemenade 24666010122 32286 4690

1721200385.6322496 66455217
cloud_controller_tkemenade 11433416136 29919 5318

1721200385.6327753 66455217
cloud0_tkemenade 24666010122 32321 4703

1721200385.7332723 66455223
cloud_controller_tkemenade 11434325396 29920 5318

1721200385.7337813 66455223
cloud0_tkemenade 24666811868 32323 4706

1721200386.7365103 66455259
cloud_controller_tkemenade 11434325396 29946 5332

1721200386.737068 66455259
cloud0_tkemenade 24666811868 32339 4718

1721200387.7397637 66455319
cloud_controller_tkemenade 11434325396 29976 5344

1721200387.7403374 66455319
cloud0_tkemenade 24666811868 32371 4726

1721200388.7425377 66455378
cloud_controller_tkemenade 11434325396 30000 5357

1721200388.7428427 66455378
cloud0_tkemenade 24666811868 32411 4736

1721200389.7453625 66455448
cloud_controller_tkemenade 11434325396 30028 5368

1721200389.7459784 66455448
cloud0_tkemenade 24666811868 32432 4743

1721200390.7486503 66455517
cloud_controller_tkemenade 11434325396 30072 5380

1721200390.7491825 66455517
cloud0_tkemenade 24666811868 32445 4744

1721200391.7518718 66455570
cloud_controller_tkemenade 11434325396 30100 5388

1721200391.7524412 66455570
cloud0_tkemenade 24666811868 32479 4751

1721200392.7550836 66455610
cloud_controller_tkemenade 11435233361 30123 5396

1721200392.7556162 66455610
cloud0_tkemenade 24667531754 32496 4752

1721200393.7581987 66455680
cloud_controller_tkemenade 11435233361 30151 5403

1721200393.7587793 66455680
cloud0_tkemenade 24667531754 32539 4759

1721200394.7614532 66455756
cloud_controller_tkemenade 11435233361 30176 5409

1721200394.762128 66455756
cloud0_tkemenade 24667531754 32581 4771

1721200395.7649229 66455845
cloud_controller_tkemenade 11435233361 30209 5420

1721200395.765474 66455845
cloud0_tkemenade 24667531754 32631 4779

1721200396.7681127 66455900
cloud_controller_tkemenade 11435233361 30234 5426

1721200396.76866 66455900
cloud0_tkemenade 24667531754 32653 4781

1721200397.7712348 66455943
cloud_controller_tkemenade 11435233361 30255 5434

1721200397.7717838 66455943
cloud0_tkemenade 24667531754 32669 4785

1721200398.7744775 66456023
cloud_controller_tkemenade 11435233361 30289 5440

1721200398.7750216 66456023
cloud0_tkemenade 24667531754 32709 4788

1721200399.7775373 66456094
cloud_controller_tkemenade 11435969841 30315 5444

1721200399.7780948 66456094
cloud0_tkemenade 24668356856 32715 4802

1721200400.7803116 66456179
cloud_controller_tkemenade 11435969841 30358 5449

1721200400.7808714 66456179
cloud0_tkemenade 24668356856 32724 4832

1721200401.7834835 66456236
cloud_controller_tkemenade 11435969841 30390 5455

1721200401.784036 66456236
cloud0_tkemenade 24668356856 32724 4850

1721200402.7866297 66456283
cloud_controller_tkemenade 11435969841 30409 5464

1721200402.7871807 66456283
cloud0_tkemenade 24668356856 32730 4860

1721200403.7898114 66456357
cloud_controller_tkemenade 11435969841 30429 5472

1721200403.7903888 66456358
cloud0_tkemenade 24668356856 32752 4867

1721200404.7930453 66456460
cloud_controller_tkemenade 11435969841 30460 5480

1721200404.7936022 66456460
cloud0_tkemenade 24668356856 32780 4877

1721200405.796449 66456598
cloud_controller_tkemenade 11435969841 30504 5489

1721200405.797027 66456598
cloud0_tkemenade 24668356856 32844 4884

1721200406.7997718 66456711
cloud_controller_tkemenade 11435969841 30547 5496

1721200406.8003564 66456711
cloud0_tkemenade 24668356856 32889 4889

1721200406.9008071 66456732
cloud_controller_tkemenade 11436826673 30548 5497

1721200406.901353 66456732
cloud0_tkemenade 24669168749 32903 4891

1721200407.9037104 66456782
cloud_controller_tkemenade 11436826673 30568 5509

1721200407.904267 66456782
cloud0_tkemenade 24669168749 32912 4891

1721200408.9070454 66456880
cloud_controller_tkemenade 11436826673 30595 5515

1721200408.9076097 66456880
cloud0_tkemenade 24669168749 32953 4896

1721200409.910273 66456977
cloud_controller_tkemenade 11436826673 30631 5521

1721200409.910872 66456977
cloud0_tkemenade 24669168749 32982 4901

1721200410.9136195 66457067
cloud_controller_tkemenade 11436826673 30675 5531

1721200410.9141884 66457067
cloud0_tkemenade 24669168749 33008 4907

1721200411.916681 66457111
cloud_controller_tkemenade 11436826673 30696 5539

1721200411.9169347 66457111
cloud0_tkemenade 24669168749 33023 4908

1721200412.918796 66457141
cloud_controller_tkemenade 11436826673 30711 5546

1721200412.9193392 66457141
cloud0_tkemenade 24669168749 33035 4914

1721200413.9218464 66457193
cloud_controller_tkemenade 11437587445 30732 5554

1721200413.9223974 66457193
cloud0_tkemenade 24669792645 33057 4928

1721200414.9248648 66457248
cloud_controller_tkemenade 11437587445 30753 5560

1721200414.9254272 66457248
cloud0_tkemenade 24669792645 33090 4937

1721200415.9280448 66457321
cloud_controller_tkemenade 11437587445 30790 5568

1721200415.9286103 66457321
cloud0_tkemenade 24669792645 33120 4945

1721200416.931179 66457361
cloud_controller_tkemenade 11437587445 30813 5574

1721200416.9317377 66457361
cloud0_tkemenade 24669792645 33135 4951

1721200417.934457 66457403
cloud_controller_tkemenade 11437587445 30832 5582

1721200417.9350164 66457403
cloud0_tkemenade 24669792645 33159 4957

1721200418.937743 66457479
cloud_controller_tkemenade 11437587445 30860 5590

1721200418.9382915 66457480
cloud0_tkemenade 24669792645 33210 4966

1721200419.940952 66457533
cloud_controller_tkemenade 11437587445 30883 5597

1721200419.9414942 66457533
cloud0_tkemenade 24669792645 33226 4969

1721200420.944183 66457598
cloud_controller_tkemenade 11437587445 30923 5603

1721200420.9446766 66457598
cloud0_tkemenade 24669792645 33245 4974

1721200421.0451593 66457603
cloud_controller_tkemenade 11438332771 30926 5603

1721200421.0456505 66457603
cloud0_tkemenade 24670516501 33246 4974

1721200422.048334 66457653
cloud_controller_tkemenade 11438332771 30954 5613

1721200422.0488944 66457653
cloud0_tkemenade 24670516501 33269 4979

1721200423.0515459 66457695
cloud_controller_tkemenade 11438332771 30972 5618

1721200423.052071 66457695
cloud0_tkemenade 24670516501 33296 4983

1721200424.0547922 66457749
cloud_controller_tkemenade 11438332771 31000 5630

1721200424.0553126 66457749
cloud0_tkemenade 24670516501 33326 4991

1721200425.0580213 66457816
cloud_controller_tkemenade 11438332771 31023 5637

1721200425.0585563 66457817
cloud0_tkemenade 24670516501 33374 4995

1721200426.0612605 66457870
cloud_controller_tkemenade 11438332771 31055 5645

1721200426.0617585 66457870
cloud0_tkemenade 24670516501 33401 5001

1721200427.0643642 66457912
cloud_controller_tkemenade 11438332771 31083 5653

1721200427.0648751 66457912
cloud0_tkemenade 24670516501 33418 5005

1721200428.0675073 66457971
cloud_controller_tkemenade 11438332771 31115 5663

1721200428.0680292 66457971
cloud0_tkemenade 24670516501 33444 5009

1721200428.1684797 66457979
cloud_controller_tkemenade 11439262055 31118 5664

1721200428.1689847 66457979
cloud0_tkemenade 24671380189 33446 5010

1721200429.1716487 66458033
cloud_controller_tkemenade 11439262055 31142 5672

1721200429.172211 66458033
cloud0_tkemenade 24671380189 33473 5017

1721200430.17493 66458102
cloud_controller_tkemenade 11439262055 31164 5682

1721200430.1754906 66458102
cloud0_tkemenade 24671380189 33506 5020

1721200431.1781616 66458157
cloud_controller_tkemenade 11439262055 31197 5693

1721200431.1787472 66458157
cloud0_tkemenade 24671380189 33529 5024

1721200432.1812894 66458199
cloud_controller_tkemenade 11439262055 31226 5703

1721200432.181847 66458199
cloud0_tkemenade 24671380189 33541 5027

1721200433.1845186 66458244
cloud_controller_tkemenade 11439262055 31246 5710

1721200433.18508 66458244
cloud0_tkemenade 24671380189 33565 5030

1721200434.1878526 66458295
cloud_controller_tkemenade 11439262055 31286 5720

1721200434.1883643 66458295
cloud0_tkemenade 24671380189 33579 5033

1721200435.1932395 66458371
cloud_controller_tkemenade 11439262055 31314 5727

1721200435.193803 66458371
cloud0_tkemenade 24671380189 33617 5038

1721200435.2943087 66458391
cloud_controller_tkemenade 11440063136 31316 5728

1721200435.29487 66458391
cloud0_tkemenade 24672010046 33628 5039

1721200436.2973735 66458471
cloud_controller_tkemenade 11440063136 31360 5738

1721200436.2979214 66458471
cloud0_tkemenade 24672010046 33668 5046

1721200437.3005815 66458558
cloud_controller_tkemenade 11440063136 31399 5746

1721200437.3011394 66458558
cloud0_tkemenade 24672010046 33717 5056

1721200438.303861 66458614
cloud_controller_tkemenade 11440063136 31433 5756

1721200438.3044178 66458614
cloud0_tkemenade 24672010046 33738 5060

1721200439.3072264 66458664
cloud_controller_tkemenade 11440063136 31461 5763

1721200439.3077826 66458664
cloud0_tkemenade 24672010046 33763 5070

1721200440.310434 66458751
cloud_controller_tkemenade 11440063136 31502 5771

1721200440.3108766 66458751
cloud0_tkemenade 24672010046 33798 5078

1721200441.3137374 66458805
cloud_controller_tkemenade 11440063136 31539 5779

1721200441.3142924 66458806
cloud0_tkemenade 24672010046 33821 5084

1721200442.3171735 66458841
cloud_controller_tkemenade 11440063136 31562 5784

1721200442.3177228 66458841
cloud0_tkemenade 24672010046 33836 5092

1721200442.4182026 66458848
cloud_controller_tkemenade 11440999595 31564 5784

1721200442.418736 66458848
cloud0_tkemenade 24672829447 33838 5092

1721200443.421394 66458881
cloud_controller_tkemenade 11440999595 31583 5792

1721200443.4219635 66458881
cloud0_tkemenade 24672829447 33856 5099

1721200444.4244678 66458932
cloud_controller_tkemenade 11440999595 31611 5796

1721200444.4250278 66458932
cloud0_tkemenade 24672829447 33880 5101

1721200445.427758 66458999
cloud_controller_tkemenade 11440999595 31636 5802

1721200445.4283288 66458999
cloud0_tkemenade 24672829447 33926 5112

1721200446.4310231 66459060
cloud_controller_tkemenade 11440999595 31678 5811

1721200446.4315794 66459060
cloud0_tkemenade 24672829447 33945 5118

1721200447.434188 66459107
cloud_controller_tkemenade 11440999595 31701 5817

1721200447.4347687 66459107
cloud0_tkemenade 24672829447 33968 5126

1721200448.4374433 66459170
cloud_controller_tkemenade 11440999595 31723 5823

1721200448.4380252 66459170
cloud0_tkemenade 24672829447 34005 5134

1721200449.4406178 66459235
cloud_controller_tkemenade 11441719226 31754 5833

1721200449.4411874 66459235
cloud0_tkemenade 24673595406 34038 5140

1721200450.443657 66459291
cloud_controller_tkemenade 11441719226 31783 5840

1721200450.4441144 66459291
cloud0_tkemenade 24673595406 34061 5142

1721200451.4466724 66459366
cloud_controller_tkemenade 11441719226 31828 5852

1721200451.4472268 66459366
cloud0_tkemenade 24673595406 34078 5147

1721200452.449915 66459409
cloud_controller_tkemenade 11441719226 31856 5858

1721200452.4505117 66459410
cloud0_tkemenade 24673595406 34100 5151

1721200453.4532132 66459466
cloud_controller_tkemenade 11441719226 31884 5865

1721200453.4537735 66459466
cloud0_tkemenade 24673595406 34131 5157

1721200454.4563408 66459547
cloud_controller_tkemenade 11441719226 31915 5873

1721200454.4569173 66459547
cloud0_tkemenade 24673595406 34175 5167

1721200455.4596596 66459628
cloud_controller_tkemenade 11441719226 31936 5879

1721200455.4602187 66459628
cloud0_tkemenade 24673595406 34235 5176

1721200456.462758 66459702
cloud_controller_tkemenade 11441719226 31976 5890

1721200456.4632936 66459702
cloud0_tkemenade 24673595406 34269 5182

1721200456.5637589 66459708
cloud_controller_tkemenade 11442590133 31978 5892

1721200456.5642197 66459708
cloud0_tkemenade 24674435755 34270 5183

1721200457.5666614 66459746
cloud_controller_tkemenade 11442590133 32002 5898

1721200457.5672166 66459746
cloud0_tkemenade 24674435755 34285 5187

1721200458.5699105 66459810
cloud_controller_tkemenade 11442590133 32039 5907

1721200458.5704894 66459810
cloud0_tkemenade 24674435755 34316 5194

1721200459.5730197 66459853
cloud_controller_tkemenade 11442590133 32067 5915

1721200459.573535 66459853
cloud0_tkemenade 24674435755 34334 5201

1721200460.5761366 66459919
cloud_controller_tkemenade 11442590133 32088 5924

1721200460.576653 66459919
cloud0_tkemenade 24674435755 34376 5210

1721200461.579221 66459981
cloud_controller_tkemenade 11442590133 32129 5935

1721200461.579752 66459981
cloud0_tkemenade 24674435755 34389 5215

1721200462.583214 66460025
cloud_controller_tkemenade 11442590133 32159 5941

1721200462.5837502 66460025
cloud0_tkemenade 24674435755 34403 5223

1721200463.5863948 66460077
cloud_controller_tkemenade 11443511357 32184 5952

1721200463.586957 66460077
cloud0_tkemenade 24675138614 34430 5228

1721200464.589639 66460126
cloud_controller_tkemenade 11443511357 32216 5963

1721200464.5902164 66460126
cloud0_tkemenade 24675138614 34452 5233

1721200465.593068 66460205
cloud_controller_tkemenade 11443511357 32248 5984

1721200465.59366 66460205
cloud0_tkemenade 24675138614 34493 5247

1721200466.596505 66460319
cloud_controller_tkemenade 11443511357 32316 6006

1721200466.597106 66460319
cloud0_tkemenade 24675138614 34539 5260

1721200467.5997865 66460386
cloud_controller_tkemenade 11443511357 32344 6019

1721200467.6003428 66460386
cloud0_tkemenade 24675138614 34581 5269

1721200468.6030602 66460440
cloud_controller_tkemenade 11443511357 32370 6029

1721200468.603609 66460440
cloud0_tkemenade 24675138614 34608 5276

1721200469.606275 66460493
cloud_controller_tkemenade 11443511357 32397 6038

1721200469.6068401 66460493
cloud0_tkemenade 24675138614 34632 5290

1721200470.6094878 66460593
cloud_controller_tkemenade 11444643194 32442 6052

1721200470.610027 66460593
cloud0_tkemenade 24676210213 34684 5314

1721200471.6126218 66460667
cloud_controller_tkemenade 11444643194 32482 6070

1721200471.6131892 66460667
cloud0_tkemenade 24676210213 34703 5323

1721200472.6157937 66460715
cloud_controller_tkemenade 11444643194 32508 6076

1721200472.6163542 66460715
cloud0_tkemenade 24676210213 34718 5334

1721200473.6189704 66460752
cloud_controller_tkemenade 11444643194 32528 6081

1721200473.6195238 66460752
cloud0_tkemenade 24676210213 34738 5343

1721200474.622179 66460800
cloud_controller_tkemenade 11444643194 32553 6088

1721200474.6227896 66460800
cloud0_tkemenade 24676210213 34758 5347

1721200475.625508 66460867
cloud_controller_tkemenade 11444643194 32581 6099

1721200475.6260595 66460867
cloud0_tkemenade 24676210213 34794 5362

1721200476.6286838 66460925
cloud_controller_tkemenade 11444643194 32613 6107

1721200476.6292307 66460925
cloud0_tkemenade 24676210213 34818 5370

1721200477.6318629 66460968
cloud_controller_tkemenade 11444643194 32638 6115

1721200477.6324012 66460968
cloud0_tkemenade 24676210213 34839 5376

1721200477.7328758 66460978
cloud_controller_tkemenade 11445440092 32639 6115

1721200477.7333665 66460978
cloud0_tkemenade 24676881927 34842 5376

1721200478.736042 66461034
cloud_controller_tkemenade 11445440092 32661 6122

1721200478.7365992 66461034
cloud0_tkemenade 24676881927 34872 5383

1721200479.7392836 66461099
cloud_controller_tkemenade 11445440092 32697 6128

1721200479.7398376 66461099
cloud0_tkemenade 24676881927 34902 5392

1721200480.7424774 66461137
cloud_controller_tkemenade 11445440092 32719 6135

1721200480.7430408 66461137
cloud0_tkemenade 24676881927 34915 5395

1721200481.745865 66461213
cloud_controller_tkemenade 11445440092 32762 6149

1721200481.7464628 66461213
cloud0_tkemenade 24676881927 34943 5403

1721200482.7490413 66461249
cloud_controller_tkemenade 11445440092 32785 6155

1721200482.749593 66461249
cloud0_tkemenade 24676881927 34954 5405

1721200483.7521052 66461317
cloud_controller_tkemenade 11445440092 32810 6162

1721200483.75267 66461317
cloud0_tkemenade 24676881927 35002 5410

1721200484.7551947 66461366
cloud_controller_tkemenade 11445440092 32835 6167

1721200484.755746 66461366
cloud0_tkemenade 24676881927 35026 5414

1721200484.8562462 66461375
cloud_controller_tkemenade 11446199064 32838 6168

1721200484.8567967 66461375
cloud0_tkemenade 24677564697 35033 5414

1721200485.859538 66461451
cloud_controller_tkemenade 11446199064 32868 6179

1721200485.8601096 66461451
cloud0_tkemenade 24677564697 35073 5423

1721200486.8628206 66461508
cloud_controller_tkemenade 11446199064 32906 6188

1721200486.8633823 66461508
cloud0_tkemenade 24677564697 35098 5426

1721200487.8660045 66461541
cloud_controller_tkemenade 11446199064 32931 6194

1721200487.866588 66461541
cloud0_tkemenade 24677564697 35110 5432

1721200488.8692691 66461599
cloud_controller_tkemenade 11446199064 32965 6205

1721200488.869817 66461599
cloud0_tkemenade 24677564697 35132 5440

1721200489.872451 66461645
cloud_controller_tkemenade 11446199064 32993 6213

1721200489.8730094 66461645
cloud0_tkemenade 24677564697 35154 5444

1721200490.8757174 66461694
cloud_controller_tkemenade 11446199064 33011 6220

1721200490.8762913 66461694
cloud0_tkemenade 24677564697 35188 5450

1721200491.7786472 66461784
cloud_controller_tkemenade 11447091538 33062 6228

1721200491.779139 66461784
cloud0_tkemenade 24678248824 35207 5452

1721200492.7816384 66461811
cloud_controller_tkemenade 11447091538 33083 6236

1721200492.7821908 66461811
cloud0_tkemenade 24678248824 35215 5454

1721200493.7847798 66461871
cloud_controller_tkemenade 11447091538 33118 6244

1721200493.7853444 66461871
cloud0_tkemenade 24678248824 35239 5459

1721200494.7880433 66461941
cloud_controller_tkemenade 11447091538 33167 6250

1721200494.7886024 66461941
cloud0_tkemenade 24678248824 35263 5462

1721200495.791351 66462030
cloud_controller_tkemenade 11447091538 33209 6259

1721200495.7919216 66462030
cloud0_tkemenade 24678248824 35314 5471

1721200496.794733 66462125
cloud_controller_tkemenade 11447091538 33261 6265

1721200496.7953043 66462125
cloud0_tkemenade 24678248824 35363 5479

1721200497.797974 66462163
cloud_controller_tkemenade 11447091538 33285 6273

1721200497.798511 66462163
cloud0_tkemenade 24678248824 35379 5481

1721200498.8012817 66462229
cloud_controller_tkemenade 11447091538 33329 6280

1721200498.801947 66462229
cloud0_tkemenade 24678248824 35405 5487

1721200499.0026605 66462243
cloud_controller_tkemenade 11448079816 33336 6284

1721200499.0032089 66462243
cloud0_tkemenade 24678958201 35406 5487

1721200500.0059345 66462329
cloud_controller_tkemenade 11448079816 33381 6293

1721200500.00655 66462330
cloud0_tkemenade 24678958201 35443 5495

1721200501.0092683 66462385
cloud_controller_tkemenade 11448079816 33412 6301

1721200501.0098352 66462385
cloud0_tkemenade 24678958201 35467 5500

1721200502.0126123 66462463
cloud_controller_tkemenade 11448079816 33456 6316

1721200502.01319 66462463
cloud0_tkemenade 24678958201 35492 5506

1721200503.0158956 66462506
cloud_controller_tkemenade 11448079816 33481 6326

1721200503.016478 66462506
cloud0_tkemenade 24678958201 35508 5510

1721200504.0191574 66462538
cloud_controller_tkemenade 11448079816 33502 6333

1721200504.0196745 66462538
cloud0_tkemenade 24678958201 35523 5515

1721200505.0223687 66462594
cloud_controller_tkemenade 11448079816 33533 6344

1721200505.0229337 66462594
cloud0_tkemenade 24678958201 35555 5518

1721200506.0256152 66462639
cloud_controller_tkemenade 11448079816 33560 6352

1721200506.026128 66462639
cloud0_tkemenade 24678958201 35577 5529

1721200506.1266506 66462650
cloud_controller_tkemenade 11448995048 33564 6354

1721200506.127217 66462650
cloud0_tkemenade 24679610189 35582 5530

1721200507.1299546 66462712
cloud_controller_tkemenade 11448995048 33610 6364

1721200507.1305609 66462713
cloud0_tkemenade 24679610189 35598 5534

1721200508.1332138 66462769
cloud_controller_tkemenade 11448995048 33632 6377

1721200508.1337929 66462769
cloud0_tkemenade 24679610189 35633 5542

1721200509.1364872 66462823
cloud_controller_tkemenade 11448995048 33662 6385

1721200509.1370726 66462823
cloud0_tkemenade 24679610189 35659 5546

1721200510.1397042 66462884
cloud_controller_tkemenade 11448995048 33693 6396

1721200510.1402829 66462884
cloud0_tkemenade 24679610189 35684 5553

1721200511.1429343 66462949
cloud_controller_tkemenade 11448995048 33720 6406

1721200511.1435149 66462949
cloud0_tkemenade 24679610189 35707 5559

1721200512.1463997 66463071
cloud_controller_tkemenade 11448995048 33763 6429

1721200512.146927 66463071
cloud0_tkemenade 24679610189 35752 5566

1721200513.149592 66463123
cloud_controller_tkemenade 11449964292 33785 6441

1721200513.1501422 66463123
cloud0_tkemenade 24680381758 35779 5573

1721200514.1527512 66463181
cloud_controller_tkemenade 11449964292 33815 6459

1721200514.153322 66463181
cloud0_tkemenade 24680381758 35811 5580

1721200515.1562877 66463272
cloud_controller_tkemenade 11449964292 33846 6469

1721200515.1568825 66463272
cloud0_tkemenade 24680381758 35869 5591

1721200516.159657 66463325
cloud_controller_tkemenade 11449964292 33876 6476

1721200516.1602352 66463325
cloud0_tkemenade 24680381758 35897 5598

1721200517.1630583 66463404
cloud_controller_tkemenade 11449964292 33919 6483

1721200517.163649 66463404
cloud0_tkemenade 24680381758 35926 5608

1721200518.16616 66463464
cloud_controller_tkemenade 11449964292 33959 6489

1721200518.1667457 66463464
cloud0_tkemenade 24680381758 35948 5613

1721200519.1693933 66463505
cloud_controller_tkemenade 11449964292 33981 6495

1721200519.1699576 66463505
cloud0_tkemenade 24680381758 35963 5621

1721200520.1726463 66463575
cloud_controller_tkemenade 11450858694 34008 6503

1721200520.1731558 66463575
cloud0_tkemenade 24681251739 36004 5629

1721200521.175886 66463621
cloud_controller_tkemenade 11450858694 34031 6513

1721200521.176472 66463621
cloud0_tkemenade 24681251739 36027 5638

1721200522.1793225 66463685
cloud_controller_tkemenade 11450858694 34078 6519

1721200522.1798909 66463685
cloud0_tkemenade 24681251739 36048 5648

1721200523.1824484 66463734
cloud_controller_tkemenade 11450858694 34098 6527

1721200523.183038 66463734
cloud0_tkemenade 24681251739 36068 5650

1721200524.1856494 66463770
cloud_controller_tkemenade 11450858694 34123 6535

1721200524.1862152 66463770
cloud0_tkemenade 24681251739 36082 5655

1721200525.1889396 66463831
cloud_controller_tkemenade 11450858694 34149 6540

1721200525.1893115 66463831
cloud0_tkemenade 24681251739 36115 5662

1721200526.1921015 66463927
cloud_controller_tkemenade 11450858694 34180 6554

1721200526.1926625 66463927
cloud0_tkemenade 24681251739 36177 5673

1721200527.1953845 66464040
cloud_controller_tkemenade 11451752391 34234 6564

1721200527.195907 66464040
cloud0_tkemenade 24682126489 36231 5680

1721200528.197942 66464084
cloud_controller_tkemenade 11451752391 34260 6572

1721200528.198452 66464084
cloud0_tkemenade 24682126489 36247 5682

1721200529.2010972 66464119
cloud_controller_tkemenade 11451752391 34283 6575

1721200529.2016523 66464119
cloud0_tkemenade 24682126489 36264 5686

1721200530.2044623 66464200
cloud_controller_tkemenade 11451752391 34323 6587

1721200530.2050412 66464200
cloud0_tkemenade 24682126489 36305 5693

1721200531.2074585 66464245
cloud_controller_tkemenade 11451752391 34348 6594

1721200531.2080286 66464245
cloud0_tkemenade 24682126489 36328 5696

1721200532.2106228 66464306
cloud_controller_tkemenade 11451752391 34387 6603

1721200532.211178 66464306
cloud0_tkemenade 24682126489 36348 5699

1721200533.2138975 66464353
cloud_controller_tkemenade 11451752391 34412 6610

1721200533.2144427 66464353
cloud0_tkemenade 24682126489 36361 5705

1721200534.216643 66464389
cloud_controller_tkemenade 11451752391 34432 6616

1721200534.2171893 66464389
cloud0_tkemenade 24682126489 36377 5710

1721200534.317671 66464396
cloud_controller_tkemenade 11452558461 34433 6617

1721200534.318182 66464396
cloud0_tkemenade 24682691372 36380 5710

1721200535.3207383 66464457
cloud_controller_tkemenade 11452558461 34458 6624

1721200535.3212497 66464457
cloud0_tkemenade 24682691372 36419 5714

1721200536.3235962 66464498
cloud_controller_tkemenade 11452558461 34479 6634

1721200536.3241522 66464498
cloud0_tkemenade 24682691372 36439 5719

1721200537.3267698 66464566
cloud_controller_tkemenade 11452558461 34518 6643

1721200537.327343 66464566
cloud0_tkemenade 24682691372 36472 5720

1721200538.3299246 66464618
cloud_controller_tkemenade 11452558461 34539 6649

1721200538.3304496 66464618
cloud0_tkemenade 24682691372 36497 5725

1721200539.3328528 66464657
cloud_controller_tkemenade 11452558461 34562 6655

1721200539.3333642 66464657
cloud0_tkemenade 24682691372 36515 5728

1721200540.3354924 66464708
cloud_controller_tkemenade 11452558461 34586 6662

1721200540.3358164 66464708
cloud0_tkemenade 24682691372 36541 5734

1721200541.3383424 66464755
cloud_controller_tkemenade 11452558461 34610 6670

1721200541.3388684 66464755
cloud0_tkemenade 24682691372 36559 5736

1721200541.5394976 66464772
cloud_controller_tkemenade 11453337755 34613 6670

1721200541.5400572 66464772
cloud0_tkemenade 24683394069 36570 5737

1721200542.5426896 66464826
cloud_controller_tkemenade 11453337755 34651 6679

1721200542.5432272 66464826
cloud0_tkemenade 24683394069 36584 5743

1721200543.545843 66464894
cloud_controller_tkemenade 11453337755 34679 6685

1721200543.5464299 66464895
cloud0_tkemenade 24683394069 36616 5748

1721200544.5490868 66464943
cloud_controller_tkemenade 11453337755 34697 6692

1721200544.5496328 66464943
cloud0_tkemenade 24683394069 36648 5754

1721200545.552403 66465031
cloud_controller_tkemenade 11453337755 34734 6699

1721200545.5529728 66465031
cloud0_tkemenade 24683394069 36695 5759

1721200546.5555577 66465081
cloud_controller_tkemenade 11453337755 34757 6705

1721200546.5560808 66465081
cloud0_tkemenade 24683394069 36723 5765

1721200547.558672 66465136
cloud_controller_tkemenade 11453337755 34791 6714

1721200547.5592113 66465136
cloud0_tkemenade 24683394069 36744 5769

1721200548.5619273 66465191
cloud_controller_tkemenade 11454161884 34826 6724

1721200548.562472 66465191
cloud0_tkemenade 24684149779 36769 5774

1721200549.5651174 66465229
cloud_controller_tkemenade 11454161884 34853 6730

1721200549.565671 66465229
cloud0_tkemenade 24684149779 36782 5777

1721200550.568405 66465297
cloud_controller_tkemenade 11454161884 34878 6738

1721200550.5689607 66465297
cloud0_tkemenade 24684149779 36820 5780

1721200551.5716517 66465342
cloud_controller_tkemenade 11454161884 34899 6743

1721200551.5722187 66465342
cloud0_tkemenade 24684149779 36840 5785

1721200552.5749376 66465411
cloud_controller_tkemenade 11454161884 34946 6752

1721200552.57548 66465411
cloud0_tkemenade 24684149779 36860 5789

1721200553.5781436 66465462
cloud_controller_tkemenade 11454161884 34970 6763

1721200553.5786824 66465462
cloud0_tkemenade 24684149779 36877 5794

1721200554.5813317 66465503
cloud_controller_tkemenade 11454161884 34995 6769

1721200554.5818772 66465503
cloud0_tkemenade 24684149779 36893 5799

1721200555.4844086 66465563
cloud_controller_tkemenade 11454941151 35021 6780

1721200555.48491 66465563
cloud0_tkemenade 24684719599 36924 5803

1721200556.4875703 66465651
cloud_controller_tkemenade 11454941151 35063 6793

1721200556.4881458 66465651
cloud0_tkemenade 24684719599 36971 5808

1721200557.490944 66465733
cloud_controller_tkemenade 11454941151 35106 6803

1721200557.4914966 66465733
cloud0_tkemenade 24684719599 37017 5815

1721200558.4942868 66465793
cloud_controller_tkemenade 11454941151 35141 6812

1721200558.4949121 66465793
cloud0_tkemenade 24684719599 37039 5819

1721200559.4975295 66465827
cloud_controller_tkemenade 11454941151 35162 6823

1721200559.4980893 66465827
cloud0_tkemenade 24684719599 37052 5821

1721200560.500749 66465913
cloud_controller_tkemenade 11454941151 35205 6834

1721200560.5012648 66465913
cloud0_tkemenade 24684719599 37089 5831

1721200561.5038028 66465941
cloud_controller_tkemenade 11454941151 35225 6843

1721200561.504349 66465941
cloud0_tkemenade 24684719599 37105 5835

1721200562.5068595 66466013
cloud_controller_tkemenade 11454941151 35263 6851

1721200562.5074058 66466013
cloud0_tkemenade 24684719599 37138 5840

1721200562.6078193 66466023
cloud_controller_tkemenade 11455906854 35265 6851

1721200562.6083276 66466023
cloud0_tkemenade 24685489096 37140 5840

1721200563.6108136 66466066
cloud_controller_tkemenade 11455906854 35284 6863

1721200563.6113791 66466066
cloud0_tkemenade 24685489096 37152 5843

1721200564.6140907 66466113
cloud_controller_tkemenade 11455906854 35308 6872

1721200564.6146667 66466113
cloud0_tkemenade 24685489096 37176 5847

1721200565.6175218 66466180
cloud_controller_tkemenade 11455906854 35342 6884

1721200565.6180787 66466180
cloud0_tkemenade 24685489096 37205 5851

1721200566.6208222 66466220
cloud_controller_tkemenade 11455906854 35361 6894

1721200566.6213682 66466220
cloud0_tkemenade 24685489096 37226 5856

1721200567.6240573 66466295
cloud_controller_tkemenade 11455906854 35398 6905

1721200567.6245723 66466295
cloud0_tkemenade 24685489096 37260 5859

1721200568.6270444 66466341
cloud_controller_tkemenade 11455906854 35418 6914

1721200568.627591 66466341
cloud0_tkemenade 24685489096 37286 5863

1721200569.630096 66466382
cloud_controller_tkemenade 11456690601 35443 6923

1721200569.6306376 66466382
cloud0_tkemenade 24686086387 37302 5866

1721200570.6330621 66466439
cloud_controller_tkemenade 11456690601 35477 6931

1721200570.6336327 66466439
cloud0_tkemenade 24686086387 37327 5871

1721200571.6364062 66466504
cloud_controller_tkemenade 11456690601 35503 6940

1721200571.6369612 66466504
cloud0_tkemenade 24686086387 37358 5876

1721200572.639628 66466567
cloud_controller_tkemenade 11456690601 35545 6948

1721200572.6401687 66466567
cloud0_tkemenade 24686086387 37381 5879

1721200573.6428165 66466631
cloud_controller_tkemenade 11456690601 35570 6952

1721200573.6433825 66466631
cloud0_tkemenade 24686086387 37408 5882

1721200574.646116 66466705
cloud_controller_tkemenade 11456690601 35592 6960

1721200574.6466398 66466705
cloud0_tkemenade 24686086387 37458 5889

1721200575.6494596 66466783
cloud_controller_tkemenade 11456690601 35621 6967

1721200575.6499977 66466783
cloud0_tkemenade 24686086387 37507 5893

1721200576.6525667 66466825
cloud_controller_tkemenade 11456690601 35643 6977

1721200576.6531148 66466825
cloud0_tkemenade 24686086387 37532 5900

1721200576.8538222 66466834
cloud_controller_tkemenade 11457491220 35648 6979

1721200576.8544066 66466835
cloud0_tkemenade 24686908644 37535 5901

1721200577.8570385 66466895
cloud_controller_tkemenade 11457491220 35684 6986

1721200577.857588 66466895
cloud0_tkemenade 24686908644 37557 5904

1721200578.8602211 66466953
cloud_controller_tkemenade 11457491220 35718 6995

1721200578.8607626 66466953
cloud0_tkemenade 24686908644 37587 5907

1721200579.8634207 66466998
cloud_controller_tkemenade 11457491220 35751 7003

1721200579.8639874 66466998
cloud0_tkemenade 24686908644 37601 5911

1721200580.866549 66467064
cloud_controller_tkemenade 11457491220 35774 7013

1721200580.8671026 66467064
cloud0_tkemenade 24686908644 37639 5918

1721200581.8697162 66467106
cloud_controller_tkemenade 11457491220 35804 7024

1721200581.8702364 66467106
cloud0_tkemenade 24686908644 37652 5923

1721200582.8726413 66467147
cloud_controller_tkemenade 11457491220 35834 7031

1721200582.8731472 66467147
cloud0_tkemenade 24686908644 37666 5925

1721200583.7753818 66467194
cloud_controller_tkemenade 11458378505 35852 7037

1721200583.7757943 66467194
cloud0_tkemenade 24687520106 37689 5928

1721200584.7783382 66467251
cloud_controller_tkemenade 11458378505 35881 7049

1721200584.7788858 66467251
cloud0_tkemenade 24687520106 37717 5932

1721200585.7816615 66467333
cloud_controller_tkemenade 11458378505 35914 7061

1721200585.782212 66467333
cloud0_tkemenade 24687520106 37768 5938

1721200586.7850266 66467417
cloud_controller_tkemenade 11458378505 35956 7073

1721200586.7855895 66467417
cloud0_tkemenade 24687520106 37812 5946

1721200587.7882698 66467479
cloud_controller_tkemenade 11458378505 35991 7079

1721200587.7888079 66467479
cloud0_tkemenade 24687520106 37837 5950

1721200588.791526 66467519
cloud_controller_tkemenade 11458378505 36019 7085

1721200588.7920692 66467519
cloud0_tkemenade 24687520106 37853 5957

1721200589.7947857 66467565
cloud_controller_tkemenade 11458378505 36052 7095

1721200589.7953439 66467565
cloud0_tkemenade 24687520106 37867 5961

1721200590.797846 66467655
cloud_controller_tkemenade 11459339421 36092 7105

1721200590.7984166 66467655
cloud0_tkemenade 24688343301 37911 5969

1721200591.8007052 66467695
cloud_controller_tkemenade 11459339421 36115 7111

1721200591.8012695 66467695
cloud0_tkemenade 24688343301 37927 5974

1721200592.8036423 66467754
cloud_controller_tkemenade 11459339421 36154 7119

1721200592.8041852 66467754
cloud0_tkemenade 24688343301 37949 5976

1721200593.806592 66467797
cloud_controller_tkemenade 11459339421 36174 7124

1721200593.8071432 66467797
cloud0_tkemenade 24688343301 37968 5980

1721200594.8097677 66467850
cloud_controller_tkemenade 11459339421 36192 7132

1721200594.8103526 66467851
cloud0_tkemenade 24688343301 37995 5985

1721200595.8128455 66467901
cloud_controller_tkemenade 11459339421 36223 7140

1721200595.8134031 66467901
cloud0_tkemenade 24688343301 38016 5987

1721200596.8157701 66467942
cloud_controller_tkemenade 11459339421 36244 7148

1721200596.816318 66467942
cloud0_tkemenade 24688343301 38037 5991

1721200597.8189502 66468023
cloud_controller_tkemenade 11459339421 36277 7162

1721200597.8194935 66468023
cloud0_tkemenade 24688343301 38078 5997

1721200597.919933 66468040
cloud_controller_tkemenade 11460085352 36280 7163

1721200597.9204373 66468040
cloud0_tkemenade 24688939434 38079 5997

1721200598.9231877 66468100
cloud_controller_tkemenade 11460085352 36300 7172

1721200598.923756 66468100
cloud0_tkemenade 24688939434 38118 6006

1721200599.9265327 66468156
cloud_controller_tkemenade 11460085352 36337 7185

1721200599.9270995 66468156
cloud0_tkemenade 24688939434 38136 6009

1721200600.929838 66468207
cloud_controller_tkemenade 11460085352 36360 7193

1721200600.9304242 66468207
cloud0_tkemenade 24688939434 38165 6017

1721200601.9331305 66468257
cloud_controller_tkemenade 11460085352 36388 7201

1721200601.9336796 66468257
cloud0_tkemenade 24688939434 38190 6024

1721200602.9363656 66468321
cloud_controller_tkemenade 11460085352 36424 7213

1721200602.9369464 66468321
cloud0_tkemenade 24688939434 38211 6032

1721200603.9397051 66468389
cloud_controller_tkemenade 11460085352 36451 7220

1721200603.9403534 66468389
cloud0_tkemenade 24688939434 38253 6044

1721200604.943054 66468473
cloud_controller_tkemenade 11460880693 36473 7230

1721200604.9436214 66468473
cloud0_tkemenade 24689759629 38298 6056

1721200605.9462311 66468521
cloud_controller_tkemenade 11460880693 36501 7237

1721200605.9468117 66468521
cloud0_tkemenade 24689759629 38321 6060

1721200606.9495294 66468575
cloud_controller_tkemenade 11460880693 36532 7248

1721200606.950095 66468575
cloud0_tkemenade 24689759629 38348 6071

1721200607.9526305 66468659
cloud_controller_tkemenade 11460880693 36587 7261

1721200607.953232 66468659
cloud0_tkemenade 24689759629 38379 6081

1721200608.955722 66468699
cloud_controller_tkemenade 11460880693 36606 7270

1721200608.9562895 66468699
cloud0_tkemenade 24689759629 38400 6092

1721200609.95892 66468760
cloud_controller_tkemenade 11460880693 36639 7282

1721200609.9594994 66468760
cloud0_tkemenade 24689759629 38424 6097

1721200610.9620385 66468814
cloud_controller_tkemenade 11460880693 36660 7289

1721200610.9626238 66468814
cloud0_tkemenade 24689759629 38460 6101

1721200611.8650675 66468867
cloud0_tkemenade 24690511289 38475 6107

1721200611.965836 66468871
cloud_controller_tkemenade 11461793203 36695 7302

1721200612.8685648 66468909
cloud0_tkemenade 24690511289 38489 6111

1721200612.9693058 66468921
cloud_controller_tkemenade 11461793203 36729 7313

1721200613.8720245 66468964
cloud0_tkemenade 24690511289 38508 6113

1721200613.9728117 66468975
cloud_controller_tkemenade 11461793203 36768 7328

1721200614.8756518 66469055
cloud0_tkemenade 24690511289 38536 6117

1721200614.9764276 66469068
cloud_controller_tkemenade 11461793203 36825 7338

1721200615.8792472 66469145
cloud0_tkemenade 24690511289 38585 6120

1721200615.98 66469150
cloud_controller_tkemenade 11461793203 36856 7348

1721200616.8827379 66469239
cloud0_tkemenade 24690511289 38641 6129

1721200616.9834747 66469242
cloud_controller_tkemenade 11461793203 36897 7362

1721200617.8860419 66469285
cloud0_tkemenade 24690511289 38657 6131

1721200617.9868164 66469297
cloud_controller_tkemenade 11461793203 36933 7372

1721200618.8894916 66469343
cloud0_tkemenade 24690511289 38678 6135

1721200618.9902322 66469354
cloud_controller_tkemenade 11462892766 36970 7381

1721200618.9907844 66469354
cloud0_tkemenade 24691222771 38681 6135

1721200619.9933789 66469418
cloud_controller_tkemenade 11462892766 37009 7389

1721200619.9939575 66469418
cloud0_tkemenade 24691222771 38706 6140

1721200620.9967077 66469478
cloud_controller_tkemenade 11462892766 37036 7399

1721200620.9972582 66469478
cloud0_tkemenade 24691222771 38740 6146

1721200621.9999695 66469539
cloud_controller_tkemenade 11462892766 37067 7409

1721200622.0005567 66469539
cloud0_tkemenade 24691222771 38768 6151

1721200623.0031395 66469596
cloud_controller_tkemenade 11462892766 37098 7417

1721200623.0037014 66469596
cloud0_tkemenade 24691222771 38793 6153

1721200624.0062637 66469635
cloud_controller_tkemenade 11462892766 37122 7426

1721200624.0068371 66469635
cloud0_tkemenade 24691222771 38807 6155

1721200625.0094407 66469710
cloud_controller_tkemenade 11462892766 37142 7435

1721200625.0100205 66469710
cloud0_tkemenade 24691222771 38839 6159

1721200626.0122788 66469762
cloud_controller_tkemenade 11463712253 37173 7444

1721200626.0128274 66469762
cloud0_tkemenade 24691851965 38857 6162

1721200627.0153575 66469811
cloud_controller_tkemenade 11463712253 37198 7451

1721200627.0159144 66469811
cloud0_tkemenade 24691851965 38880 6166

1721200628.0185447 66469877
cloud_controller_tkemenade 11463712253 37223 7459

1721200628.0191176 66469877
cloud0_tkemenade 24691851965 38917 6171

1721200629.021708 66469926
cloud_controller_tkemenade 11463712253 37254 7466

1721200629.0222669 66469926
cloud0_tkemenade 24691851965 38936 6175

1721200630.0247674 66469963
cloud_controller_tkemenade 11463712253 37277 7474

1721200630.025332 66469963
cloud0_tkemenade 24691851965 38950 6176

1721200631.0279553 66470039
cloud_controller_tkemenade 11463712253 37304 7481

1721200631.0285096 66470039
cloud0_tkemenade 24691851965 38982 6184

1721200632.0310478 66470098
cloud_controller_tkemenade 11463712253 37336 7486

1721200632.031605 66470098
cloud0_tkemenade 24691851965 39007 6194

1721200633.0342803 66470166
cloud_controller_tkemenade 11464474517 37368 7496

1721200633.0348544 66470166
cloud0_tkemenade 24692509302 39038 6202

1721200634.0375319 66470233
cloud_controller_tkemenade 11464474517 37402 7505

1721200634.0381007 66470233
cloud0_tkemenade 24692509302 39075 6218

1721200635.0407748 66470333
cloud_controller_tkemenade 11464474517 37425 7509

1721200635.0412817 66470333
cloud0_tkemenade 24692509302 39130 6231

1721200636.0438364 66470383
cloud_controller_tkemenade 11464474517 37456 7516

1721200636.0443964 66470383
cloud0_tkemenade 24692509302 39154 6239

1721200637.0470572 66470439
cloud_controller_tkemenade 11464474517 37479 7523

1721200637.0476341 66470439
cloud0_tkemenade 24692509302 39187 6256

1721200638.0502696 66470523
cloud_controller_tkemenade 11464474517 37523 7533

1721200638.0508761 66470523
cloud0_tkemenade 24692509302 39226 6266

1721200639.05343 66470559
cloud_controller_tkemenade 11464474517 37547 7539

1721200639.0539865 66470559
cloud0_tkemenade 24692509302 39241 6272

1721200640.0566506 66470639
cloud_controller_tkemenade 11464474517 37579 7542

1721200640.0571754 66470639
cloud0_tkemenade 24692509302 39273 6285

1721200640.1576607 66470644
cloud_controller_tkemenade 11465268013 37584 7542

1721200640.1581123 66470644
cloud0_tkemenade 24693515012 39273 6285

1721200641.160722 66470693
cloud_controller_tkemenade 11465268013 37608 7552

1721200641.1612797 66470693
cloud0_tkemenade 24693515012 39301 6296

1721200642.163893 66470741
cloud_controller_tkemenade 11465268013 37640 7563

1721200642.1644473 66470741
cloud0_tkemenade 24693515012 39321 6303

1721200643.167064 66470796
cloud_controller_tkemenade 11465268013 37673 7573

1721200643.1676247 66470796
cloud0_tkemenade 24693515012 39347 6312

1721200644.170164 66470841
cloud_controller_tkemenade 11465268013 37702 7585

1721200644.170743 66470841
cloud0_tkemenade 24693515012 39364 6317

1721200645.1733723 66470914
cloud_controller_tkemenade 11465268013 37727 7595

1721200645.1739268 66470914
cloud0_tkemenade 24693515012 39407 6324

1721200646.176755 66471006
cloud_controller_tkemenade 11465268013 37759 7607

1721200646.1773145 66471006
cloud0_tkemenade 24693515012 39454 6329

1721200647.1800897 66471104
cloud_controller_tkemenade 11466176364 37799 7618

1721200647.180642 66471104
cloud0_tkemenade 24694404951 39513 6335

1721200648.1833782 66471159
cloud_controller_tkemenade 11466176364 37829 7631

1721200648.1839437 66471159
cloud0_tkemenade 24694404951 39532 6341

1721200649.1866708 66471207
cloud_controller_tkemenade 11466176364 37859 7652

1721200649.1872327 66471207
cloud0_tkemenade 24694404951 39553 6348

1721200650.189936 66471278
cloud_controller_tkemenade 11466176364 37903 7658

1721200650.1905541 66471279
cloud0_tkemenade 24694404951 39581 6352

1721200651.193194 66471342
cloud_controller_tkemenade 11466176364 37937 7670

1721200651.193715 66471342
cloud0_tkemenade 24694404951 39614 6360

1721200652.1962857 66471388
cloud_controller_tkemenade 11466176364 37957 7682

1721200652.1968002 66471388
cloud0_tkemenade 24694404951 39637 6365

1721200653.1993728 66471443
cloud_controller_tkemenade 11466176364 37993 7695

1721200653.1999092 66471443
cloud0_tkemenade 24694404951 39657 6368

1721200654.2024398 66471487
cloud_controller_tkemenade 11466176364 38016 7705

1721200654.2029998 66471487
cloud0_tkemenade 24694404951 39675 6374

1721200654.4037194 66471495
cloud_controller_tkemenade 11467221483 38018 7705

1721200654.404237 66471495
cloud0_tkemenade 24695096023 39680 6375

1721200655.4067492 66471550
cloud_controller_tkemenade 11467221483 38044 7713

1721200655.407308 66471550
cloud0_tkemenade 24695096023 39705 6378

1721200656.4100723 66471609
cloud_controller_tkemenade 11467221483 38071 7728

1721200656.410666 66471610
cloud0_tkemenade 24695096023 39727 6381

1721200657.4133701 66471680
cloud_controller_tkemenade 11467221483 38097 7739

1721200657.4140449 66471680
cloud0_tkemenade 24695096023 39772 6388

1721200658.416776 66471743
cloud_controller_tkemenade 11467221483 38122 7749

1721200658.4173408 66471743
cloud0_tkemenade 24695096023 39811 6401

1721200659.4200838 66471802
cloud_controller_tkemenade 11467221483 38156 7764

1721200659.4206178 66471802
cloud0_tkemenade 24695096023 39834 6407

1721200660.4232278 66471840
cloud_controller_tkemenade 11467221483 38184 7773

1721200660.4237874 66471840
cloud0_tkemenade 24695096023 39847 6411

1721200661.4264514 66471917
cloud_controller_tkemenade 11467221483 38213 7783

1721200661.426998 66471917
cloud0_tkemenade 24695096023 39888 6422

1721200661.5274963 66471931
cloud_controller_tkemenade 11468063757 38215 7784

1721200661.5280254 66471931
cloud0_tkemenade 24695892187 39892 6422

1721200662.5304348 66471971
cloud_controller_tkemenade 11468063757 38236 7794

1721200662.5309894 66471971
cloud0_tkemenade 24695892187 39911 6427

1721200663.5335977 66472044
cloud_controller_tkemenade 11468063757 38278 7802

1721200663.5341246 66472044
cloud0_tkemenade 24695892187 39941 6439

1721200664.5364056 66472097
cloud_controller_tkemenade 11468063757 38298 7807

1721200664.5369205 66472097
cloud0_tkemenade 24695892187 39979 6449

1721200665.5395358 66472198
cloud_controller_tkemenade 11468063757 38326 7818

1721200665.5400977 66472198
cloud0_tkemenade 24695892187 40046 6460

1721200666.542581 66472265
cloud_controller_tkemenade 11468063757 38352 7826

1721200666.5431292 66472265
cloud0_tkemenade 24695892187 40072 6478

1721200667.5456371 66472324
cloud_controller_tkemenade 11468063757 38379 7835

1721200667.5461798 66472324
cloud0_tkemenade 24695892187 40099 6490

1721200668.5487328 66472395
cloud_controller_tkemenade 11468943456 38415 7845

1721200668.549292 66472395
cloud0_tkemenade 24696974116 40133 6501

1721200669.551865 66472436
cloud_controller_tkemenade 11468943456 38447 7855

1721200669.5524354 66472436
cloud0_tkemenade 24696974116 40147 6510

1721200670.55503 66472493
cloud_controller_tkemenade 11468943456 38471 7862

1721200670.5555882 66472493
cloud0_tkemenade 24696974116 40176 6518

1721200671.5581756 66472557
cloud_controller_tkemenade 11468943456 38507 7873

1721200671.558745 66472557
cloud0_tkemenade 24696974116 40202 6532

1721200672.5613334 66472606
cloud_controller_tkemenade 11468943456 38535 7881

1721200672.5618877 66472606
cloud0_tkemenade 24696974116 40227 6535

1721200673.5646477 66472721
cloud_controller_tkemenade 11468943456 38618 7892

1721200673.5652065 66472721
cloud0_tkemenade 24696974116 40259 6542

1721200674.567846 66472783
cloud_controller_tkemenade 11468943456 38665 7901

1721200674.568398 66472783
cloud0_tkemenade 24696974116 40277 6543

1721200675.5710037 66472852
cloud_controller_tkemenade 11470022195 38697 7910

1721200675.571554 66472852
cloud0_tkemenade 24697688124 40311 6551

1721200676.574102 66472965
cloud_controller_tkemenade 11470022195 38752 7919

1721200676.5746956 66472965
cloud0_tkemenade 24697688124 40358 6557

1721200677.5773149 66473022
cloud_controller_tkemenade 11470022195 38775 7928

1721200677.5778642 66473022
cloud0_tkemenade 24697688124 40395 6561

1721200678.5805545 66473089
cloud_controller_tkemenade 11470022195 38816 7937

1721200678.5811067 66473089
cloud0_tkemenade 24697688124 40423 6564

1721200679.5836802 66473130
cloud_controller_tkemenade 11470022195 38840 7948

1721200679.5842295 66473130
cloud0_tkemenade 24697688124 40441 6567

1721200680.5868938 66473211
cloud_controller_tkemenade 11470022195 38892 7955

1721200680.587447 66473211
cloud0_tkemenade 24697688124 40470 6572

1721200681.5900798 66473260
cloud_controller_tkemenade 11470022195 38919 7965

1721200681.590661 66473260
cloud0_tkemenade 24697688124 40495 6577

1721200682.5932195 66473312
cloud_controller_tkemenade 11470970618 38940 7976

1721200682.5937958 66473312
cloud0_tkemenade 24698425786 40522 6580

1721200683.5961585 66473365
cloud_controller_tkemenade 11470970618 38974 7987

1721200683.5967076 66473365
cloud0_tkemenade 24698425786 40542 6584

1721200684.5992136 66473413
cloud_controller_tkemenade 11470970618 38999 7998

1721200684.5997698 66473413
cloud0_tkemenade 24698425786 40565 6588

1721200685.6021638 66473481
cloud_controller_tkemenade 11470970618 39028 8013

1721200685.6027465 66473481
cloud0_tkemenade 24698425786 40596 6592

1721200686.6053727 66473529
cloud_controller_tkemenade 11470970618 39049 8025

1721200686.6059215 66473529
cloud0_tkemenade 24698425786 40617 6597

1721200687.6085668 66473595
cloud_controller_tkemenade 11470970618 39071 8036

1721200687.609107 66473595
cloud0_tkemenade 24698425786 40660 6613

1721200688.6114976 66473661
cloud_controller_tkemenade 11470970618 39104 8043

1721200688.612047 66473661
cloud0_tkemenade 24698425786 40694 6618

1721200689.614623 66473715
cloud_controller_tkemenade 11471834740 39138 8054

1721200689.615163 66473715
cloud0_tkemenade 24699150032 40710 6624

1721200690.6177082 66473748
cloud_controller_tkemenade 11471834740 39168 8061

1721200690.6182685 66473749
cloud0_tkemenade 24699150032 40718 6627

1721200691.6209369 66473812
cloud_controller_tkemenade 11471834740 39195 8075

1721200691.6214905 66473812
cloud0_tkemenade 24699150032 40752 6635

1721200692.6241076 66473869
cloud_controller_tkemenade 11471834740 39223 8082

1721200692.624657 66473869
cloud0_tkemenade 24699150032 40779 6642

1721200693.6273804 66473943
cloud_controller_tkemenade 11471834740 39264 8099

1721200693.6279633 66473943
cloud0_tkemenade 24699150032 40813 6652

1721200694.6306949 66474015
cloud_controller_tkemenade 11471834740 39291 8108

1721200694.631247 66474015
cloud0_tkemenade 24699150032 40858 6662

1721200695.6339796 66474093
cloud_controller_tkemenade 11471834740 39319 8119

1721200695.6345742 66474093
cloud0_tkemenade 24699150032 40906 6672

1721200696.6372383 66474156
cloud_controller_tkemenade 11471834740 39344 8127

1721200696.637798 66474156
cloud0_tkemenade 24699150032 40929 6685

1721200696.8384473 66474166
cloud_controller_tkemenade 11472686386 39347 8129

1721200696.838988 66474166
cloud0_tkemenade 24700010770 40934 6686

1721200697.8413758 66474215
cloud_controller_tkemenade 11472686386 39371 8137

1721200697.841929 66474215
cloud0_tkemenade 24700010770 40958 6694

1721200698.8445244 66474281
cloud_controller_tkemenade 11472686386 39409 8149

1721200698.8450754 66474281
cloud0_tkemenade 24700010770 40989 6705

1721200699.847595 66474340
cloud_controller_tkemenade 11472686386 39442 8156

1721200699.848161 66474340
cloud0_tkemenade 24700010770 41008 6707

1721200700.8508418 66474401
cloud_controller_tkemenade 11472686386 39471 8164

1721200700.8514085 66474401
cloud0_tkemenade 24700010770 41038 6718

1721200701.8540208 66474459
cloud_controller_tkemenade 11472686386 39507 8170

1721200701.854604 66474460
cloud0_tkemenade 24700010770 41062 6728

1721200702.8572216 66474499
cloud_controller_tkemenade 11472686386 39533 8176

1721200702.8577826 66474499
cloud0_tkemenade 24700010770 41079 6732

1721200703.86048 66474566
cloud_controller_tkemenade 11472686386 39567 8185

1721200703.8610058 66474566
cloud0_tkemenade 24700010770 41107 6742

1721200703.9614756 66474571
cloud_controller_tkemenade 11473532548 39572 8185

1721200703.9619353 66474571
cloud0_tkemenade 24700716919 41109 6744

1721200704.964523 66474627
cloud_controller_tkemenade 11473532548 39599 8193

1721200704.9650807 66474627
cloud0_tkemenade 24700716919 41139 6757

1721200705.9678552 66474737
cloud_controller_tkemenade 11473532548 39641 8202

1721200705.9684038 66474737
cloud0_tkemenade 24700716919 41209 6772

1721200706.9711175 66474836
cloud_controller_tkemenade 11473532548 39679 8211

1721200706.9716852 66474836
cloud0_tkemenade 24700716919 41256 6787

1721200707.9742692 66474873
cloud_controller_tkemenade 11473532548 39701 8220

1721200707.9748414 66474873
cloud0_tkemenade 24700716919 41274 6791

1721200708.9774127 66474919
cloud_controller_tkemenade 11473532548 39725 8231

1721200708.9779687 66474919
cloud0_tkemenade 24700716919 41294 6795

1721200709.9805353 66474989
cloud_controller_tkemenade 11473532548 39766 8240

1721200709.9811 66474989
cloud0_tkemenade 24700716919 41326 6801

1721200710.9837558 66475039
cloud_controller_tkemenade 11474436861 39798 8247

1721200710.984296 66475039
cloud0_tkemenade 24701639687 41343 6806

1721200711.9869714 66475087
cloud_controller_tkemenade 11474436861 39823 8253

1721200711.987542 66475087
cloud0_tkemenade 24701639687 41370 6811

1721200712.9900866 66475126
cloud_controller_tkemenade 11474436861 39845 8261

1721200712.990679 66475126
cloud0_tkemenade 24701639687 41393 6814

1721200713.9932826 66475179
cloud_controller_tkemenade 11474436861 39878 8272

1721200713.9938464 66475179
cloud0_tkemenade 24701639687 41413 6817

1721200714.9964797 66475245
cloud_controller_tkemenade 11474436861 39902 8280

1721200714.9970455 66475245
cloud0_tkemenade 24701639687 41453 6824

1721200715.999661 66475302
cloud_controller_tkemenade 11474436861 39934 8287

1721200716.000216 66475302
cloud0_tkemenade 24701639687 41474 6827

1721200717.0028355 66475367
cloud_controller_tkemenade 11474436861 39957 8296

1721200717.0033743 66475367
cloud0_tkemenade 24701639687 41497 6831

1721200718.0060558 66475431
cloud_controller_tkemenade 11475165100 39980 8302

1721200718.0066614 66475431
cloud0_tkemenade 24702284962 41535 6836

1721200719.009134 66475487
cloud_controller_tkemenade 11475165100 40013 8315

1721200719.0097091 66475487
cloud0_tkemenade 24702284962 41560 6840

1721200720.0121815 66475537
cloud_controller_tkemenade 11475165100 40044 8322

1721200720.0127487 66475537
cloud0_tkemenade 24702284962 41579 6844

1721200721.0153008 66475581
cloud_controller_tkemenade 11475165100 40070 8329

1721200721.0158694 66475581
cloud0_tkemenade 24702284962 41592 6850

1721200722.018582 66475651
cloud_controller_tkemenade 11475165100 40105 8335

1721200722.0191631 66475651
cloud0_tkemenade 24702284962 41627 6862

1721200723.0217538 66475705
cloud_controller_tkemenade 11475165100 40124 8341

1721200723.0223503 66475705
cloud0_tkemenade 24702284962 41655 6872

1721200724.0248501 66475772
cloud_controller_tkemenade 11475165100 40162 8359

1721200724.0253649 66475772
cloud0_tkemenade 24702284962 41687 6882

1721200725.0280252 66475852
cloud_controller_tkemenade 11476074085 40187 8374

1721200725.0285864 66475852
cloud0_tkemenade 24703148006 41737 6898

1721200726.0312526 66475919
cloud_controller_tkemenade 11476074085 40221 8384

1721200726.031827 66475919
cloud0_tkemenade 24703148006 41773 6911

1721200727.0343878 66475963
cloud_controller_tkemenade 11476074085 40244 8395

1721200727.034968 66475963
cloud0_tkemenade 24703148006 41796 6924

1721200728.0375006 66476029
cloud_controller_tkemenade 11476074085 40278 8407

1721200728.0380197 66476029
cloud0_tkemenade 24703148006 41817 6934

1721200729.0405009 66476070
cloud_controller_tkemenade 11476074085 40301 8416

1721200729.0410368 66476070
cloud0_tkemenade 24703148006 41836 6941

1721200730.0434883 66476141
cloud_controller_tkemenade 11476074085 40338 8426

1721200730.0440662 66476141
cloud0_tkemenade 24703148006 41867 6957

1721200731.046622 66476173
cloud_controller_tkemenade 11476074085 40364 8438

1721200731.0471826 66476173
cloud0_tkemenade 24703148006 41881 6966

1721200732.049829 66476240
cloud_controller_tkemenade 11476074085 40399 8450

1721200732.0503922 66476241
cloud0_tkemenade 24703148006 41908 6980

1721200732.1509163 66476254
cloud_controller_tkemenade 11476995547 40404 8452

1721200732.1515265 66476254
cloud0_tkemenade 24703990032 41915 6984

1721200733.1542077 66476305
cloud_controller_tkemenade 11476995547 40423 8463

1721200733.154795 66476305
cloud0_tkemenade 24703990032 41943 6994

1721200734.157529 66476353
cloud_controller_tkemenade 11476995547 40459 8477

1721200734.1580946 66476353
cloud0_tkemenade 24703990032 41958 6998

1721200735.1608727 66476417
cloud_controller_tkemenade 11476995547 40492 8493

1721200735.16145 66476417
cloud0_tkemenade 24703990032 41993 7008

1721200736.164097 66476501
cloud_controller_tkemenade 11476995547 40528 8506

1721200736.1646354 66476501
cloud0_tkemenade 24703990032 42037 7018

1721200737.1671252 66476587
cloud_controller_tkemenade 11476995547 40567 8514

1721200737.1676764 66476587
cloud0_tkemenade 24703990032 42081 7029

1721200738.1702814 66476657
cloud_controller_tkemenade 11476995547 40599 8522

1721200738.1708622 66476657
cloud0_tkemenade 24703990032 42104 7033

1721200739.1735077 66476710
cloud_controller_tkemenade 11477931758 40626 8528

1721200739.1740496 66476710
cloud0_tkemenade 24704849252 42127 7039

1721200740.1768456 66476781
cloud_controller_tkemenade 11477931758 40672 8534

1721200740.1774182 66476781
cloud0_tkemenade 24704849252 42156 7045

1721200741.1799092 66476832
cloud_controller_tkemenade 11477931758 40705 8543

1721200741.180471 66476832
cloud0_tkemenade 24704849252 42173 7050

1721200742.183085 66476874
cloud_controller_tkemenade 11477931758 40729 8549

1721200742.183681 66476874
cloud0_tkemenade 24704849252 42200 7056

1721200743.1863801 66476930
cloud_controller_tkemenade 11477931758 40750 8559

1721200743.1869495 66476930
cloud0_tkemenade 24704849252 42229 7060

1721200744.1896515 66476981
cloud_controller_tkemenade 11477931758 40779 8570

1721200744.190218 66476981
cloud0_tkemenade 24704849252 42249 7065

1721200745.1929555 66477056
cloud_controller_tkemenade 11477931758 40808 8579

1721200745.193509 66477056
cloud0_tkemenade 24704849252 42288 7073

1721200746.1962996 66477105
cloud_controller_tkemenade 11478767171 40836 8588

1721200746.1968565 66477105
cloud0_tkemenade 24705523771 42304 7082

1721200747.1995518 66477156
cloud_controller_tkemenade 11478767171 40862 8594

1721200747.2001445 66477156
cloud0_tkemenade 24705523771 42328 7086

1721200748.2028925 66477234
cloud_controller_tkemenade 11478767171 40882 8600

1721200748.2034595 66477234
cloud0_tkemenade 24705523771 42367 7099

1721200749.20617 66477285
cloud_controller_tkemenade 11478767171 40908 8610

1721200749.206715 66477285
cloud0_tkemenade 24705523771 42390 7111

1721200750.2093828 66477331
cloud_controller_tkemenade 11478767171 40937 8619

1721200750.2099688 66477331
cloud0_tkemenade 24705523771 42407 7122

1721200751.2126238 66477399
cloud_controller_tkemenade 11478767171 40967 8626

1721200751.2132108 66477399
cloud0_tkemenade 24705523771 42430 7132

1721200752.2157562 66477447
cloud_controller_tkemenade 11478767171 40991 8631

1721200752.2163386 66477447
cloud0_tkemenade 24705523771 42454 7149

1721200753.219133 66477528
cloud_controller_tkemenade 11478767171 41019 8639

1721200753.219686 66477528
cloud0_tkemenade 24705523771 42500 7172

1721200753.3201752 66477533
cloud_controller_tkemenade 11479534608 41021 8640

1721200753.320676 66477533
cloud0_tkemenade 24706459591 42501 7173

1721200754.32347 66477601
cloud_controller_tkemenade 11479534608 41053 8650

1721200754.3240464 66477601
cloud0_tkemenade 24706459591 42539 7185

1721200755.3268142 66477693
cloud_controller_tkemenade 11479534608 41079 8658

1721200755.3273842 66477693
cloud0_tkemenade 24706459591 42606 7195

1721200756.3300426 66477741
cloud_controller_tkemenade 11479534608 41108 8666

1721200756.3306246 66477741
cloud0_tkemenade 24706459591 42623 7201

1721200757.3332055 66477799
cloud_controller_tkemenade 11479534608 41136 8673

1721200757.3337822 66477799
cloud0_tkemenade 24706459591 42651 7206

1721200758.3364232 66477859
cloud_controller_tkemenade 11479534608 41168 8680

1721200758.3369727 66477859
cloud0_tkemenade 24706459591 42672 7211

1721200759.3394506 66477903
cloud_controller_tkemenade 11479534608 41191 8687

1721200759.3400116 66477903
cloud0_tkemenade 24706459591 42693 7213

1721200760.3423464 66477972
cloud_controller_tkemenade 11480330759 41222 8694

1721200760.3428938 66477972
cloud0_tkemenade 24707302758 42724 7219

1721200761.3453414 66478011
cloud_controller_tkemenade 11480330759 41247 8701

1721200761.345914 66478011
cloud0_tkemenade 24707302758 42738 7225

1721200762.3485906 66478060
cloud_controller_tkemenade 11480330759 41277 8710

1721200762.3491454 66478060
cloud0_tkemenade 24707302758 42754 7230

1721200763.3517756 66478123
cloud_controller_tkemenade 11480330759 41300 8717

1721200763.352343 66478123
cloud0_tkemenade 24707302758 42795 7241

1721200764.3549745 66478179
cloud_controller_tkemenade 11480330759 41336 8726

1721200764.3556635 66478179
cloud0_tkemenade 24707302758 42814 7244

1721200765.3582892 66478239
cloud_controller_tkemenade 11480330759 41363 8736

1721200765.3588655 66478239
cloud0_tkemenade 24707302758 42850 7249

1721200766.3614552 66478314
cloud_controller_tkemenade 11480330759 41397 8746

1721200766.362012 66478314
cloud0_tkemenade 24707302758 42891 7252

1721200767.2642732 66478391
cloud_controller_tkemenade 11481203779 41437 8756

1721200767.264816 66478391
cloud0_tkemenade 24708082240 42931 7261

1721200768.2674139 66478460
cloud_controller_tkemenade 11481203779 41466 8764

1721200768.2679577 66478460
cloud0_tkemenade 24708082240 42957 7266

1721200769.2706335 66478512
cloud_controller_tkemenade 11481203779 41500 8768

1721200769.2712219 66478512
cloud0_tkemenade 24708082240 42974 7273

1721200770.2738917 66478596
cloud_controller_tkemenade 11481203779 41548 8783

1721200770.2745042 66478597
cloud0_tkemenade 24708082240 43006 7284

1721200771.2772794 66478647
cloud_controller_tkemenade 11481203779 41577 8793

1721200771.2778797 66478647
cloud0_tkemenade 24708082240 43028 7294

1721200772.2805898 66478684
cloud_controller_tkemenade 11481203779 41595 8803

1721200772.2811482 66478684
cloud0_tkemenade 24708082240 43047 7303

1721200773.2838957 66478750
cloud_controller_tkemenade 11481203779 41621 8811

1721200773.2844756 66478750
cloud0_tkemenade 24708082240 43085 7314

1721200774.2871704 66478797
cloud_controller_tkemenade 11481203779 41654 8820

1721200774.2877269 66478797
cloud0_tkemenade 24708082240 43099 7319

1721200774.488478 66478819
cloud_controller_tkemenade 11482076877 41657 8821

1721200774.4890301 66478819
cloud0_tkemenade 24708820069 43111 7322

1721200775.4918919 66478889
cloud_controller_tkemenade 11482076877 41684 8827

1721200775.4924722 66478889
cloud0_tkemenade 24708820069 43155 7331

1721200776.4951506 66478933
cloud_controller_tkemenade 11482076877 41714 8840

1721200776.495717 66478933
cloud0_tkemenade 24708820069 43170 7338

1721200777.4985607 66478995
cloud_controller_tkemenade 11482076877 41736 8846

1721200777.499145 66478995
cloud0_tkemenade 24708820069 43213 7350

1721200778.5018291 66479045
cloud_controller_tkemenade 11482076877 41759 8853

1721200778.5024264 66479045
cloud0_tkemenade 24708820069 43238 7362

1721200779.5050766 66479107
cloud_controller_tkemenade 11482076877 41789 8860

1721200779.5056448 66479107
cloud0_tkemenade 24708820069 43265 7370

1721200780.5082984 66479162
cloud_controller_tkemenade 11482076877 41819 8868

1721200780.5088913 66479162
cloud0_tkemenade 24708820069 43282 7373

1721200781.511605 66479216
cloud_controller_tkemenade 11482076877 41848 8876

1721200781.5121675 66479216
cloud0_tkemenade 24708820069 43304 7379

1721200781.612649 66479221
cloud_controller_tkemenade 11482838921 41849 8877

1721200781.6131387 66479221
cloud0_tkemenade 24709591331 43304 7380

1721200782.6157408 66479254
cloud_controller_tkemenade 11482838921 41869 8886

1721200782.6162968 66479254
cloud0_tkemenade 24709591331 43317 7391

1721200783.6191914 66479336
cloud_controller_tkemenade 11482838921 41905 8896

1721200783.619779 66479336
cloud0_tkemenade 24709591331 43363 7406

1721200784.6225858 66479401
cloud_controller_tkemenade 11482838921 41933 8900

1721200784.6231608 66479401
cloud0_tkemenade 24709591331 43400 7421

1721200785.62603 66479493
cloud_controller_tkemenade 11482838921 41969 8906

1721200785.6266196 66479493
cloud0_tkemenade 24709591331 43454 7436

1721200786.629327 66479537
cloud_controller_tkemenade 11482838921 41998 8914

1721200786.6298702 66479537
cloud0_tkemenade 24709591331 43470 7443

1721200787.6325889 66479580
cloud_controller_tkemenade 11482838921 42025 8921

1721200787.6331382 66479580
cloud0_tkemenade 24709591331 43492 7453

1721200788.635685 66479635
cloud_controller_tkemenade 11482838921 42054 8929

1721200788.6361866 66479635
cloud0_tkemenade 24709591331 43522 7456

1721200788.736675 66479656
cloud_controller_tkemenade 11483634179 42055 8929

1721200788.737191 66479656
cloud0_tkemenade 24710500638 43523 7456

1721200789.73976 66479703
cloud_controller_tkemenade 11483634179 42078 8938

1721200789.7403145 66479703
cloud0_tkemenade 24710500638 43544 7461

1721200790.742882 66479750
cloud_controller_tkemenade 11483634179 42102 8948

1721200790.74343 66479750
cloud0_tkemenade 24710500638 43566 7466

1721200791.7460375 66479803
cloud_controller_tkemenade 11483634179 42142 8956

1721200791.746616 66479803
cloud0_tkemenade 24710500638 43580 7473

1721200792.7491505 66479834
cloud_controller_tkemenade 11483634179 42164 8961

1721200792.74969 66479834
cloud0_tkemenade 24710500638 43590 7475

1721200793.7522655 66479913
cloud_controller_tkemenade 11483634179 42209 8968

1721200793.752835 66479913
cloud0_tkemenade 24710500638 43626 7485

1721200794.755402 66479985
cloud_controller_tkemenade 11483634179 42255 8977

1721200794.7559574 66479985
cloud0_tkemenade 24710500638 43659 7489

1721200795.7583647 66480077
cloud_controller_tkemenade 11484531815 42299 8988

1721200795.7587636 66480077
cloud0_tkemenade 24711145814 43707 7495

1721200796.7611523 66480149
cloud_controller_tkemenade 11484531815 42338 8999

1721200796.7616894 66480149
cloud0_tkemenade 24711145814 43740 7499

1721200797.764144 66480192
cloud_controller_tkemenade 11484531815 42360 9007

1721200797.7644897 66480192
cloud0_tkemenade 24711145814 43763 7504

1721200798.7668214 66480248
cloud_controller_tkemenade 11484531815 42397 9015

1721200798.7671778 66480248
cloud0_tkemenade 24711145814 43785 7506

1721200799.7696912 66480310
cloud_controller_tkemenade 11484531815 42426 9022

1721200799.7702544 66480311
cloud0_tkemenade 24711145814 43805 7509

1721200800.7727518 66480385
cloud_controller_tkemenade 11484531815 42470 9030

1721200800.7733023 66480385
cloud0_tkemenade 24711145814 43836 7515

1721200801.7757657 66480432
cloud_controller_tkemenade 11484531815 42500 9037

1721200801.7763164 66480432
cloud0_tkemenade 24711145814 43854 7519

1721200802.6785533 66480473
cloud_controller_tkemenade 11485445994 42522 9044

1721200802.6790996 66480473
cloud0_tkemenade 24711774893 43864 7525

1721200803.6816225 66480537
cloud_controller_tkemenade 11485445994 42550 9052

1721200803.682036 66480537
cloud0_tkemenade 24711774893 43898 7528

1721200804.6844614 66480582
cloud_controller_tkemenade 11485445994 42575 9059

1721200804.684982 66480582
cloud0_tkemenade 24711774893 43920 7532

1721200805.6875308 66480648
cloud_controller_tkemenade 11485445994 42602 9068

1721200805.6880982 66480648
cloud0_tkemenade 24711774893 43953 7534

1721200806.6905448 66480685
cloud_controller_tkemenade 11485445994 42630 9074

1721200806.6911004 66480685
cloud0_tkemenade 24711774893 43966 7537

1721200807.6937144 66480735
cloud_controller_tkemenade 11485445994 42657 9078

1721200807.694262 66480735
cloud0_tkemenade 24711774893 43993 7542

1721200808.6968958 66480787
cloud_controller_tkemenade 11485445994 42679 9088

1721200808.697451 66480787
cloud0_tkemenade 24711774893 44026 7548

1721200809.6998794 66480845
cloud_controller_tkemenade 11485445994 42712 9099

1721200809.7004309 66480845
cloud0_tkemenade 24711774893 44041 7555

1721200809.8008733 66480856
cloud_controller_tkemenade 11486228099 42714 9100

1721200809.8013902 66480856
cloud0_tkemenade 24712433508 44045 7555

1721200810.8038194 66480921
cloud_controller_tkemenade 11486228099 42745 9108

1721200810.8042235 66480921
cloud0_tkemenade 24712433508 44071 7560

1721200811.8067858 66480985
cloud_controller_tkemenade 11486228099 42782 9116

1721200811.8071816 66480985
cloud0_tkemenade 24712433508 44098 7566

1721200812.8096108 66481024
cloud_controller_tkemenade 11486228099 42807 9123

1721200812.8101563 66481024
cloud0_tkemenade 24712433508 44111 7568

1721200813.8127635 66481114
cloud_controller_tkemenade 11486228099 42839 9139

1721200813.8133366 66481114
cloud0_tkemenade 24712433508 44173 7579

1721200814.8159132 66481176
cloud_controller_tkemenade 11486228099 42866 9147

1721200814.816334 66481176
cloud0_tkemenade 24712433508 44208 7588

1721200815.8185716 66481258
cloud_controller_tkemenade 11486228099 42900 9155

1721200815.8189363 66481258
cloud0_tkemenade 24712433508 44256 7597

1721200816.8214178 66481315
cloud_controller_tkemenade 11487122002 42932 9169

1721200816.8217711 66481315
cloud0_tkemenade 24713321160 44278 7604

1721200817.8242714 66481363
cloud_controller_tkemenade 11487122002 42954 9183

1721200817.8248417 66481363
cloud0_tkemenade 24713321160 44305 7611

1721200818.8274322 66481425
cloud_controller_tkemenade 11487122002 42987 9193

1721200818.8279793 66481425
cloud0_tkemenade 24713321160 44335 7617

1721200819.8305678 66481483
cloud_controller_tkemenade 11487122002 43017 9203

1721200819.8311312 66481483
cloud0_tkemenade 24713321160 44348 7620

1721200820.8339505 66481563
cloud_controller_tkemenade 11487122002 43046 9212

1721200820.8345804 66481564
cloud0_tkemenade 24713321160 44402 7635

1721200821.837207 66481615
cloud_controller_tkemenade 11487122002 43085 9221

1721200821.837757 66481615
cloud0_tkemenade 24713321160 44417 7640

1721200822.840352 66481652
cloud_controller_tkemenade 11487122002 43108 9229

1721200822.8409023 66481652
cloud0_tkemenade 24713321160 44430 7644

1721200823.8436038 66481717
cloud_controller_tkemenade 11487967528 43135 9243

1721200823.8441665 66481717
cloud0_tkemenade 24714073085 44470 7652

1721200824.8467782 66481777
cloud_controller_tkemenade 11487967528 43171 9253

1721200824.8473449 66481777
cloud0_tkemenade 24714073085 44496 7660

1721200825.8499405 66481876
cloud_controller_tkemenade 11487967528 43215 9269

1721200825.8505638 66481876
cloud0_tkemenade 24714073085 44553 7673

1721200826.853414 66481962
cloud_controller_tkemenade 11487967528 43258 9280

1721200826.854014 66481962
cloud0_tkemenade 24714073085 44600 7684

1721200827.8565998 66482009
cloud_controller_tkemenade 11487967528 43280 9292

1721200827.8571687 66482009
cloud0_tkemenade 24714073085 44625 7694

1721200828.8596764 66482063
cloud_controller_tkemenade 11487967528 43310 9304

1721200828.8601952 66482063
cloud0_tkemenade 24714073085 44649 7699

1721200829.8627586 66482130
cloud_controller_tkemenade 11487967528 43345 9312

1721200829.8633063 66482130
cloud0_tkemenade 24714073085 44670 7704

1721200830.8659663 66482190
cloud_controller_tkemenade 11487967528 43379 9321

1721200830.866543 66482192
cloud0_tkemenade 24714073085 44700 7711

1721200830.9669995 66482204
cloud_controller_tkemenade 11488994959 43384 9322

1721200830.9674952 66482204
cloud0_tkemenade 24714974016 44701 7712

1721200831.970067 66482236
cloud_controller_tkemenade 11488994959 43407 9327

1721200831.970651 66482237
cloud0_tkemenade 24714974016 44717 7716

1721200832.9729924 66482278
cloud_controller_tkemenade 11488994959 43429 9333

1721200832.9735277 66482278
cloud0_tkemenade 24714974016 44738 7724

1721200833.9757812 66482345
cloud_controller_tkemenade 11488994959 43466 9338

1721200833.9763293 66482345
cloud0_tkemenade 24714974016 44770 7733

1721200834.978774 66482408
cloud_controller_tkemenade 11488994959 43491 9345

1721200834.979315 66482408
cloud0_tkemenade 24714974016 44802 7738

1721200835.9817052 66482477
cloud_controller_tkemenade 11488994959 43528 9353

1721200835.9822018 66482477
cloud0_tkemenade 24714974016 44832 7743

1721200836.9844394 66482508
cloud_controller_tkemenade 11488994959 43553 9360

1721200836.9849467 66482508
cloud0_tkemenade 24714974016 44846 7744

1721200837.987284 66482570
cloud_controller_tkemenade 11489725050 43576 9365

1721200837.9877844 66482570
cloud0_tkemenade 24715624012 44885 7748

1721200838.9903648 66482616
cloud_controller_tkemenade 11489725050 43601 9373

1721200838.9909182 66482616
cloud0_tkemenade 24715624012 44909 7753

1721200839.9932606 66482672
cloud_controller_tkemenade 11489725050 43629 9380

1721200839.9936295 66482672
cloud0_tkemenade 24715624012 44927 7756

1721200840.9958649 66482723
cloud_controller_tkemenade 11489725050 43665 9389

1721200840.9964101 66482723
cloud0_tkemenade 24715624012 44945 7761

1721200841.9987857 66482768
cloud_controller_tkemenade 11489725050 43690 9399

1721200841.9993243 66482768
cloud0_tkemenade 24715624012 44966 7765

1721200843.0019085 66482820
cloud_controller_tkemenade 11489725050 43711 9406

1721200843.0024552 66482820
cloud0_tkemenade 24715624012 44998 7769

1721200844.004991 66482898
cloud_controller_tkemenade 11489725050 43746 9417

1721200844.0055566 66482898
cloud0_tkemenade 24715624012 45045 7777

1721200845.0079684 66482979
cloud_controller_tkemenade 11490531151 43778 9424

1721200845.0085323 66482979
cloud0_tkemenade 24716380507 45095 7782

1721200846.0112376 66483038
cloud_controller_tkemenade 11490531151 43813 9434

1721200846.0118039 66483038
cloud0_tkemenade 24716380507 45122 7785

1721200847.0143363 66483075
cloud_controller_tkemenade 11490531151 43841 9441

1721200847.014888 66483075
cloud0_tkemenade 24716380507 45138 7791

1721200848.0174685 66483129
cloud_controller_tkemenade 11490531151 43869 9448

1721200848.017984 66483129
cloud0_tkemenade 24716380507 45166 7794

1721200849.0201957 66483165
cloud_controller_tkemenade 11490531151 43892 9454

1721200849.0207086 66483165
cloud0_tkemenade 24716380507 45182 7797

1721200850.02309 66483221
cloud_controller_tkemenade 11490531151 43921 9462

1721200850.0236557 66483221
cloud0_tkemenade 24716380507 45210 7803

1721200851.026168 66483277
cloud_controller_tkemenade 11490531151 43949 9469

1721200851.0267391 66483277
cloud0_tkemenade 24716380507 45233 7812

1721200852.0292675 66483322
cloud_controller_tkemenade 11490531151 43988 9474

1721200852.0297966 66483322
cloud0_tkemenade 24716380507 45244 7817

1721200852.1302783 66483331
cloud_controller_tkemenade 11491386358 43992 9474

1721200852.1307807 66483331
cloud0_tkemenade 24717010487 45244 7817

1721200853.1332636 66483365
cloud_controller_tkemenade 11491386358 44012 9483

1721200853.1338382 66483365
cloud0_tkemenade 24717010487 45262 7824

1721200854.1364357 66483423
cloud_controller_tkemenade 11491386358 44047 9492

1721200854.1369941 66483423
cloud0_tkemenade 24717010487 45291 7835

1721200855.1395614 66483483
cloud_controller_tkemenade 11491386358 44072 9498

1721200855.1401243 66483483
cloud0_tkemenade 24717010487 45327 7843

1721200856.1427898 66483581
cloud_controller_tkemenade 11491386358 44118 9507

1721200856.1433508 66483581
cloud0_tkemenade 24717010487 45379 7853

1721200857.146091 66483659
cloud_controller_tkemenade 11491386358 44158 9516

1721200857.146635 66483659
cloud0_tkemenade 24717010487 45427 7863

1721200858.1493165 66483709
cloud_controller_tkemenade 11491386358 44190 9524

1721200858.1498773 66483709
cloud0_tkemenade 24717010487 45447 7871

1721200859.1523085 66483755
cloud_controller_tkemenade 11492244897 44210 9531

1721200859.1528206 66483755
cloud0_tkemenade 24717878358 45469 7878

1721200860.1552355 66483816
cloud_controller_tkemenade 11492244897 44250 9539

1721200860.1557767 66483816
cloud0_tkemenade 24717878358 45494 7886

1721200861.158501 66483885
cloud_controller_tkemenade 11492244897 44285 9550

1721200861.159028 66483885
cloud0_tkemenade 24717878358 45518 7891

1721200862.161732 66483924
cloud_controller_tkemenade 11492244897 44307 9559

1721200862.1622512 66483924
cloud0_tkemenade 24717878358 45537 7904

1721200863.1649704 66483967
cloud_controller_tkemenade 11492244897 44324 9570

1721200863.1654942 66483967
cloud0_tkemenade 24717878358 45555 7908

1721200864.1680486 66484046
cloud_controller_tkemenade 11492244897 44354 9576

1721200864.1685474 66484046
cloud0_tkemenade 24717878358 45591 7920

1721200865.1713088 66484135
cloud_controller_tkemenade 11492244897 44388 9590

1721200865.171836 66484135
cloud0_tkemenade 24717878358 45631 7931

1721200866.0742762 66484208
cloud_controller_tkemenade 11493299015 44416 9594

1721200866.0747943 66484208
cloud0_tkemenade 24718869543 45655 7939

1721200867.077466 66484266
cloud_controller_tkemenade 11493299015 44451 9598

1721200867.0780313 66484266
cloud0_tkemenade 24718869543 45669 7949

1721200868.0805607 66484325
cloud_controller_tkemenade 11493299015 44467 9606

1721200868.0811205 66484325
cloud0_tkemenade 24718869543 45707 7958

1721200869.0837803 66484380
cloud_controller_tkemenade 11493299015 44475 9632

1721200869.084339 66484380
cloud0_tkemenade 24718869543 45731 7964

1721200870.086862 66484447
cloud_controller_tkemenade 11493299015 44496 9655

1721200870.0875552 66484447
cloud0_tkemenade 24718869543 45749 7967

1721200871.0902026 66484534
cloud_controller_tkemenade 11493299015 44529 9665

1721200871.090765 66484534
cloud0_tkemenade 24718869543 45768 7971

1721200872.093408 66484623
cloud_controller_tkemenade 11493299015 44558 9680

1721200872.0939617 66484623
cloud0_tkemenade 24718869543 45793 7977

1721200873.0964553 66484706
cloud_controller_tkemenade 11493299015 44584 9690

1721200873.097025 66484706
cloud0_tkemenade 24718869543 45832 7982

1721200873.1975179 66484721
cloud_controller_tkemenade 11494114965 44587 9691

1721200873.1980171 66484721
cloud0_tkemenade 24719546992 45836 7982

1721200874.2004771 66484817
cloud_controller_tkemenade 11494114965 44613 9699

1721200874.2010295 66484817
cloud0_tkemenade 24719546992 45883 7992

1721200875.2036417 66484939
cloud_controller_tkemenade 11494114965 44652 9703

1721200875.2042024 66484939
cloud0_tkemenade 24719546992 45946 7996

1721200876.206736 66485014
cloud_controller_tkemenade 11494114965 44680 9713

1721200876.2072904 66485014
cloud0_tkemenade 24719546992 45974 8000

1721200877.2099082 66485079
cloud_controller_tkemenade 11494114965 44707 9722

1721200877.210502 66485079
cloud0_tkemenade 24719546992 45998 8006

1721200878.2130332 66485147
cloud_controller_tkemenade 11494114965 44738 9730

1721200878.2135513 66485147
cloud0_tkemenade 24719546992 46022 8010

1721200879.2159433 66485187
cloud_controller_tkemenade 11494114965 44763 9734

1721200879.2164936 66485187
cloud0_tkemenade 24719546992 46038 8012

1721200880.2189386 66485258
cloud_controller_tkemenade 11494886534 44789 9742

1721200880.2194424 66485258
cloud0_tkemenade 24720358207 46067 8017

1721200881.2217815 66485310
cloud_controller_tkemenade 11494886534 44816 9753

1721200881.2223651 66485311
cloud0_tkemenade 24720358207 46085 8024

1721200882.224762 66485344
cloud_controller_tkemenade 11494886534 44840 9764

1721200882.2253196 66485344
cloud0_tkemenade 24720358207 46097 8028

1721200883.2277226 66485384
cloud_controller_tkemenade 11494886534 44862 9771

1721200883.228274 66485384
cloud0_tkemenade 24720358207 46119 8030

1721200884.2308874 66485444
cloud_controller_tkemenade 11494886534 44887 9782

1721200884.231447 66485444
cloud0_tkemenade 24720358207 46154 8039

1721200885.2340539 66485535
cloud_controller_tkemenade 11494886534 44923 9793

1721200885.2346401 66485536
cloud0_tkemenade 24720358207 46202 8046

1721200886.236939 66485621
cloud_controller_tkemenade 11494886534 44963 9802

1721200886.2374928 66485621
cloud0_tkemenade 24720358207 46251 8054

1721200887.2396936 66485719
cloud_controller_tkemenade 11494886534 45006 9811

1721200887.2401943 66485719
cloud0_tkemenade 24720358207 46302 8060

1721200887.34068 66485727
cloud_controller_tkemenade 11495758045 45007 9812

1721200887.3411555 66485727
cloud0_tkemenade 24721205425 46306 8061

1721200888.3437078 66485764
cloud_controller_tkemenade 11495758045 45029 9823

1721200888.3442729 66485764
cloud0_tkemenade 24721205425 46324 8063

