1721201174.6087265 66538535
cloud_controller_tkemenade 11546677685 25714 4532
cloud0_tkemenade 24772125809 23361 3667

1721201175.4111028 66538779
cloud_controller_tkemenade 11551885005 25852 4550

1721201175.411607 66538779
cloud0_tkemenade 24777567866 23461 3670

1721201176.4141831 66539109
cloud_controller_tkemenade 11551885005 26031 4558

1721201176.4147453 66539109
cloud0_tkemenade 24777567866 23612 3677

1721201177.4172208 66539426
cloud_controller_tkemenade 11551885005 26206 4572

1721201177.4177396 66539426
cloud0_tkemenade 24777567866 23761 3682

1721201178.4201317 66539712
cloud_controller_tkemenade 11551885005 26329 4584

1721201178.4206905 66539712
cloud0_tkemenade 24777567866 23911 3707

1721201179.4234526 66540037
cloud_controller_tkemenade 11551885005 26469 4590

1721201179.4240339 66540037
cloud0_tkemenade 24777567866 24100 3715

1721201180.4265115 66540271
cloud_controller_tkemenade 11551885005 26525 4601

1721201180.4270418 66540271
cloud0_tkemenade 24777567866 24271 3729

1721201181.4297042 66540428
cloud_controller_tkemenade 11551885005 26562 4610

1721201181.4302623 66540429
cloud0_tkemenade 24777567866 24395 3740

1721201182.4330835 66540626
cloud_controller_tkemenade 11555858022 26605 4614

1721201182.4336154 66540626
cloud0_tkemenade 24783089930 24546 3752

1721201183.4363105 66540780
cloud_controller_tkemenade 11555858022 26631 4621

1721201183.4368258 66540780
cloud0_tkemenade 24783089930 24676 3768

1721201184.439317 66540912
cloud_controller_tkemenade 11555858022 26650 4626

1721201184.439876 66540912
cloud0_tkemenade 24783089930 24790 3778

1721201185.4424472 66541039
cloud_controller_tkemenade 11555858022 26680 4637

1721201185.443029 66541039
cloud0_tkemenade 24783089930 24889 3785

1721201186.4457107 66541205
cloud_controller_tkemenade 11555858022 26716 4646

1721201186.4462433 66541205
cloud0_tkemenade 24783089930 25022 3800

1721201187.4487083 66541372
cloud_controller_tkemenade 11555858022 26759 4655

1721201187.449238 66541372
cloud0_tkemenade 24783089930 25147 3812

1721201188.451819 66541538
cloud_controller_tkemenade 11555858022 26783 4664

1721201188.4523044 66541538
cloud0_tkemenade 24783089930 25285 3817

1721201189.4546618 66541709
cloud_controller_tkemenade 11556796903 26802 4671

1721201189.4552317 66541709
cloud0_tkemenade 24786630218 25429 3821

1721201190.457643 66541883
cloud_controller_tkemenade 11556796903 26857 4681

1721201190.4581647 66541883
cloud0_tkemenade 24786630218 25549 3834

1721201191.460924 66542020
cloud_controller_tkemenade 11556796903 26890 4692

1721201191.4614544 66542020
cloud0_tkemenade 24786630218 25655 3841

1721201192.464218 66542162
cloud_controller_tkemenade 11556796903 26923 4698

1721201192.464761 66542162
cloud0_tkemenade 24786630218 25765 3843

1721201193.4674757 66542286
cloud_controller_tkemenade 11556796903 26945 4703

1721201193.4680734 66542286
cloud0_tkemenade 24786630218 25875 3849

1721201194.4709022 66542447
cloud_controller_tkemenade 11556796903 26971 4712

1721201194.4714477 66542447
cloud0_tkemenade 24786630218 26007 3853

1721201195.4743536 66542600
cloud_controller_tkemenade 11556796903 27001 4720

1721201195.4749298 66542600
cloud0_tkemenade 24786630218 26121 3857

1721201196.4778183 66542724
cloud_controller_tkemenade 11557845857 27027 4727

1721201196.4783936 66542724
cloud0_tkemenade 24789769642 26215 3865

1721201197.481141 66542893
cloud_controller_tkemenade 11557845857 27061 4736

1721201197.4817004 66542893
cloud0_tkemenade 24789769642 26350 3870

1721201198.4844484 66543040
cloud_controller_tkemenade 11557845857 27080 4744

1721201198.4850204 66543040
cloud0_tkemenade 24789769642 26484 3874

1721201199.4874458 66543222
cloud_controller_tkemenade 11557845857 27102 4749

1721201199.487964 66543222
cloud0_tkemenade 24789769642 26631 3877

1721201200.4906478 66543383
cloud_controller_tkemenade 11557845857 27127 4756

1721201200.49117 66543383
cloud0_tkemenade 24789769642 26772 3879

1721201201.4938877 66543553
cloud_controller_tkemenade 11557845857 27161 4764

1721201201.4944308 66543554
cloud0_tkemenade 24789769642 26912 3884

1721201202.497161 66543725
cloud_controller_tkemenade 11557845857 27197 4771

1721201202.4976993 66543725
cloud0_tkemenade 24789769642 27051 3890

1721201203.500329 66543886
cloud_controller_tkemenade 11558940181 27229 4781

1721201203.5008366 66543886
cloud0_tkemenade 24794009611 27173 3898

1721201204.5032556 66544014
cloud_controller_tkemenade 11558940181 27247 4789

1721201204.503791 66544014
cloud0_tkemenade 24794009611 27283 3907

1721201205.5063777 66544144
cloud_controller_tkemenade 11558940181 27280 4794

1721201205.5069194 66544144
cloud0_tkemenade 24794009611 27386 3916

1721201206.5096729 66544293
cloud_controller_tkemenade 11558940181 27312 4800

1721201206.5102515 66544293
cloud0_tkemenade 24794009611 27499 3933

1721201207.51317 66544439
cloud_controller_tkemenade 11558940181 27352 4806

1721201207.513738 66544439
cloud0_tkemenade 24794009611 27605 3947

1721201208.516259 66544570
cloud_controller_tkemenade 11558940181 27384 4817

1721201208.5167706 66544570
cloud0_tkemenade 24794009611 27710 3954

1721201209.5194948 66544719
cloud_controller_tkemenade 11558940181 27403 4824

1721201209.5200303 66544719
cloud0_tkemenade 24794009611 27824 3968

1721201210.522806 66544872
cloud_controller_tkemenade 11558940181 27436 4835

1721201210.5233355 66544872
cloud0_tkemenade 24794009611 27937 3978

1721201210.62387 66544891
cloud_controller_tkemenade 11559932303 27438 4836

1721201210.6244385 66544891
cloud0_tkemenade 24797227408 27948 3978

1721201211.6272285 66545061
cloud_controller_tkemenade 11559932303 27495 4848

1721201211.62781 66545061
cloud0_tkemenade 24797227408 28062 3985

1721201212.6306276 66545217
cloud_controller_tkemenade 11559932303 27542 4855

1721201212.6311522 66545217
cloud0_tkemenade 24797227408 28176 3992

1721201213.6338463 66545374
cloud_controller_tkemenade 11559932303 27568 4863

1721201213.6344194 66545375
cloud0_tkemenade 24797227408 28304 4003

1721201214.636914 66545507
cloud_controller_tkemenade 11559932303 27589 4873

1721201214.6374264 66545507
cloud0_tkemenade 24797227408 28414 4007

1721201215.6398876 66545644
cloud_controller_tkemenade 11559932303 27609 4888

1721201215.640416 66545644
cloud0_tkemenade 24797227408 28529 4010

1721201216.6430597 66545821
cloud_controller_tkemenade 11559932303 27655 4908

1721201216.643601 66545821
cloud0_tkemenade 24797227408 28662 4016

1721201217.646249 66545981
cloud_controller_tkemenade 11559932303 27694 4927

1721201217.6467578 66545981
cloud0_tkemenade 24797227408 28776 4023

1721201217.7472658 66545992
cloud_controller_tkemenade 11561316249 27696 4928

1721201217.7478073 66545992
cloud0_tkemenade 24800724946 28785 4024

1721201218.7506306 66546120
cloud_controller_tkemenade 11561316249 27711 4935

1721201218.751169 66546120
cloud0_tkemenade 24800724946 28899 4028

1721201219.7539053 66546273
cloud_controller_tkemenade 11561316249 27739 4949

1721201219.7544987 66546274
cloud0_tkemenade 24800724946 29007 4033

1721201220.7572687 66546427
cloud_controller_tkemenade 11561316249 27783 4962

1721201220.7577922 66546427
cloud0_tkemenade 24800724946 29119 4046

1721201221.7605531 66546578
cloud_controller_tkemenade 11561316249 27828 4976

1721201221.7610943 66546578
cloud0_tkemenade 24800724946 29228 4053

1721201222.7639058 66546725
cloud_controller_tkemenade 11561316249 27859 4986

1721201222.7644408 66546725
cloud0_tkemenade 24800724946 29345 4058

1721201223.767131 66546873
cloud_controller_tkemenade 11561316249 27896 5001

1721201223.7676544 66546873
cloud0_tkemenade 24800724946 29459 4064

1721201224.669971 66547005
cloud_controller_tkemenade 11562565280 27915 5007

1721201224.6705236 66547005
cloud0_tkemenade 24804178394 29570 4067

1721201225.6725974 66547161
cloud_controller_tkemenade 11562565280 27942 5016

1721201225.6731412 66547161
cloud0_tkemenade 24804178394 29693 4077

1721201226.675747 66547307
cloud_controller_tkemenade 11562565280 27963 5022

1721201226.6762626 66547307
cloud0_tkemenade 24804178394 29820 4084

1721201227.6790009 66547459
cloud_controller_tkemenade 11562565280 28000 5033

1721201227.6795437 66547459
cloud0_tkemenade 24804178394 29933 4095

1721201228.6823628 66547591
cloud_controller_tkemenade 11562565280 28020 5039

1721201228.6829584 66547591
cloud0_tkemenade 24804178394 30050 4103

1721201229.685753 66547741
cloud_controller_tkemenade 11562565280 28041 5048

1721201229.6863284 66547743
cloud0_tkemenade 24804178394 30158 4123

1721201230.6892173 66547869
cloud_controller_tkemenade 11562565280 28063 5057

1721201230.6897807 66547869
cloud0_tkemenade 24804178394 30263 4132

1721201231.6927252 66548011
cloud_controller_tkemenade 11563462734 28094 5064

1721201231.6932547 66548011
cloud0_tkemenade 24807518917 30372 4139

1721201232.6961472 66548181
cloud_controller_tkemenade 11563462734 28131 5072

1721201232.6967013 66548181
cloud0_tkemenade 24807518917 30493 4148

1721201233.6992857 66548227
cloud_controller_tkemenade 11563462734 28158 5082

1721201233.6998382 66548227
cloud0_tkemenade 24807518917 30517 4154

1721201234.7025163 66548284
cloud_controller_tkemenade 11563462734 28179 5089

1721201234.703086 66548284
cloud0_tkemenade 24807518917 30554 4159

1721201235.7057142 66548339
cloud_controller_tkemenade 11563462734 28208 5099

1721201235.7062764 66548340
cloud0_tkemenade 24807518917 30585 4166

1721201236.7090747 66548396
cloud_controller_tkemenade 11563462734 28237 5106

1721201236.7096016 66548396
cloud0_tkemenade 24807518917 30615 4172

1721201237.7121491 66548440
cloud_controller_tkemenade 11563462734 28270 5115

1721201237.7127192 66548440
cloud0_tkemenade 24807518917 30629 4175

1721201238.7152848 66548503
cloud_controller_tkemenade 11563462734 28309 5123

1721201238.7158086 66548503
cloud0_tkemenade 24807518917 30657 4181

1721201238.8163216 66548510
cloud_controller_tkemenade 11564345449 28310 5123

1721201238.816809 66548510
cloud0_tkemenade 24808580087 30660 4181

1721201239.8194416 66548579
cloud_controller_tkemenade 11564345449 28330 5132

1721201239.8199508 66548579
cloud0_tkemenade 24808580087 30703 4193

1721201240.8225472 66548613
cloud_controller_tkemenade 11564345449 28345 5139

1721201240.8231046 66548613
cloud0_tkemenade 24808580087 30719 4194

1721201241.8258 66548705
cloud_controller_tkemenade 11564345449 28386 5149

1721201241.826383 66548705
cloud0_tkemenade 24808580087 30765 4197

1721201242.8289454 66548757
cloud_controller_tkemenade 11564345449 28412 5156

1721201242.8295043 66548757
cloud0_tkemenade 24808580087 30788 4200

1721201243.8322716 66548833
cloud_controller_tkemenade 11564345449 28446 5162

1721201243.832807 66548833
cloud0_tkemenade 24808580087 30837 4203

1721201244.8353164 66548875
cloud_controller_tkemenade 11564345449 28466 5168

1721201244.8358767 66548875
cloud0_tkemenade 24808580087 30861 4206

1721201245.83847 66548942
cloud_controller_tkemenade 11565076286 28498 5176

1721201245.8390203 66548942
cloud0_tkemenade 24809409187 30897 4212

1721201246.8418088 66549025
cloud_controller_tkemenade 11565076286 28532 5181

1721201246.8424423 66549025
cloud0_tkemenade 24809409187 30951 4220

1721201247.8452039 66549076
cloud_controller_tkemenade 11565076286 28569 5187

1721201247.845769 66549076
cloud0_tkemenade 24809409187 30966 4227

1721201248.84839 66549125
cloud_controller_tkemenade 11565076286 28592 5196

1721201248.8489544 66549125
cloud0_tkemenade 24809409187 30992 4230

1721201249.8516111 66549205
cloud_controller_tkemenade 11565076286 28626 5204

1721201249.8521988 66549205
cloud0_tkemenade 24809409187 31041 4236

1721201250.8545332 66549258
cloud_controller_tkemenade 11565076286 28657 5213

1721201250.8550506 66549258
cloud0_tkemenade 24809409187 31059 4240

1721201251.8576853 66549320
cloud_controller_tkemenade 11565076286 28693 5223

1721201251.858261 66549321
cloud0_tkemenade 24809409187 31088 4246

1721201252.8608863 66549373
cloud_controller_tkemenade 11565927129 28723 5230

1721201252.8614295 66549373
cloud0_tkemenade 24810174946 31111 4250

1721201253.8640409 66549429
cloud_controller_tkemenade 11565927129 28754 5240

1721201253.8646135 66549429
cloud0_tkemenade 24810174946 31138 4255

1721201254.8671117 66549479
cloud_controller_tkemenade 11565927129 28778 5245

1721201254.8676815 66549479
cloud0_tkemenade 24810174946 31164 4258

1721201255.870202 66549521
cloud_controller_tkemenade 11565927129 28804 5251

1721201255.8707814 66549521
cloud0_tkemenade 24810174946 31178 4262

1721201256.8732831 66549562
cloud_controller_tkemenade 11565927129 28823 5256

1721201256.8738403 66549562
cloud0_tkemenade 24810174946 31201 4263

1721201257.8763397 66549605
cloud_controller_tkemenade 11565927129 28852 5263

1721201257.876846 66549605
cloud0_tkemenade 24810174946 31219 4266

1721201258.879346 66549646
cloud_controller_tkemenade 11565927129 28879 5267

1721201258.879893 66549646
cloud0_tkemenade 24810174946 31236 4269

1721201259.8825772 66549708
cloud_controller_tkemenade 11565927129 28902 5273

1721201259.883141 66549708
cloud0_tkemenade 24810174946 31276 4275

1721201259.9836495 66549721
cloud_controller_tkemenade 11566637687 28904 5275

1721201259.984177 66549721
cloud0_tkemenade 24810791182 31281 4275

1721201260.9866872 66549777
cloud_controller_tkemenade 11566637687 28922 5283

1721201260.987264 66549777
cloud0_tkemenade 24810791182 31295 4281

1721201261.9897618 66549832
cloud_controller_tkemenade 11566637687 28959 5293

1721201261.9902756 66549833
cloud0_tkemenade 24810791182 31314 4285

1721201262.992912 66549892
cloud_controller_tkemenade 11566637687 28989 5300

1721201262.9934342 66549892
cloud0_tkemenade 24810791182 31340 4292

1721201263.9960008 66549950
cloud_controller_tkemenade 11566637687 29016 5311

1721201263.996531 66549950
cloud0_tkemenade 24810791182 31374 4298

1721201264.9990737 66550003
cloud_controller_tkemenade 11566637687 29037 5318

1721201264.9996078 66550003
cloud0_tkemenade 24810791182 31410 4304

1721201266.002222 66550107
cloud_controller_tkemenade 11566637687 29119 5329

1721201266.0027885 66550107
cloud0_tkemenade 24810791182 31432 4313

1721201267.0052824 66550167
cloud_controller_tkemenade 11567834228 29154 5336

1721201267.0057917 66550167
cloud0_tkemenade 24811646960 31458 4321

1721201268.0083287 66550230
cloud_controller_tkemenade 11567834228 29196 5344

1721201268.0088983 66550230
cloud0_tkemenade 24811646960 31479 4327

1721201269.011484 66550280
cloud_controller_tkemenade 11567834228 29221 5351

1721201269.0120416 66550280
cloud0_tkemenade 24811646960 31501 4334

1721201270.014857 66550350
cloud_controller_tkemenade 11567834228 29250 5357

1721201270.015443 66550350
cloud0_tkemenade 24811646960 31543 4344

1721201271.018114 66550411
cloud_controller_tkemenade 11567834228 29276 5370

1721201271.0187 66550411
cloud0_tkemenade 24811646960 31553 4350

1721201272.021528 66550480
cloud_controller_tkemenade 11567834228 29317 5381

1721201272.0220575 66550480
cloud0_tkemenade 24811646960 31585 4364

1721201273.024817 66550535
cloud_controller_tkemenade 11567834228 29342 5391

1721201273.0253816 66550535
cloud0_tkemenade 24811646960 31610 4373

1721201274.0279841 66550590
cloud_controller_tkemenade 11567834228 29373 5399

1721201274.0284996 66550590
cloud0_tkemenade 24811646960 31634 4378

1721201274.1289964 66550602
cloud_controller_tkemenade 11568711781 29377 5401

1721201274.1295063 66550602
cloud0_tkemenade 24812368571 31639 4379

1721201275.1320527 66550635
cloud_controller_tkemenade 11568711781 29396 5407

1721201275.1326149 66550635
cloud0_tkemenade 24812368571 31655 4385

1721201276.136291 66550702
cloud_controller_tkemenade 11568711781 29427 5419

1721201276.1369002 66550702
cloud0_tkemenade 24812368571 31692 4396

1721201277.1396465 66550800
cloud_controller_tkemenade 11568711781 29466 5425

1721201277.1402342 66550800
cloud0_tkemenade 24812368571 31754 4420

1721201278.1427543 66550842
cloud_controller_tkemenade 11568711781 29492 5437

1721201278.1433063 66550842
cloud0_tkemenade 24812368571 31773 4425

1721201279.1459548 66550895
cloud_controller_tkemenade 11568711781 29514 5444

1721201279.146515 66550896
cloud0_tkemenade 24812368571 31800 4440

1721201280.1492424 66551007
cloud_controller_tkemenade 11568711781 29556 5454

1721201280.1498206 66551007
cloud0_tkemenade 24812368571 31866 4454

1721201281.1522176 66551083
cloud_controller_tkemenade 11569617248 29598 5463

1721201281.1528811 66551083
cloud0_tkemenade 24813418017 31888 4461

1721201282.1555152 66551144
cloud_controller_tkemenade 11569617248 29631 5471

1721201282.156097 66551144
cloud0_tkemenade 24813418017 31916 4466

1721201283.1587198 66551204
cloud_controller_tkemenade 11569617248 29664 5482

1721201283.1592824 66551204
cloud0_tkemenade 24813418017 31947 4472

1721201284.161869 66551259
cloud_controller_tkemenade 11569617248 29698 5488

1721201284.1624627 66551259
cloud0_tkemenade 24813418017 31972 4475

1721201285.164971 66551304
cloud_controller_tkemenade 11569617248 29728 5496

1721201285.1655283 66551304
cloud0_tkemenade 24813418017 31992 4478

1721201286.1681106 66551362
cloud_controller_tkemenade 11569617248 29754 5503

1721201286.1686356 66551362
cloud0_tkemenade 24813418017 32028 4484

1721201287.171122 66551407
cloud_controller_tkemenade 11569617248 29777 5510

1721201287.1716733 66551407
cloud0_tkemenade 24813418017 32052 4488

1721201288.0739694 66551447
cloud_controller_tkemenade 11570417943 29803 5516

1721201288.0744958 66551447
cloud0_tkemenade 24814086289 32063 4495

1721201289.0770226 66551488
cloud_controller_tkemenade 11570417943 29833 5522

1721201289.077583 66551488
cloud0_tkemenade 24814086289 32079 4499

1721201290.0800028 66551546
cloud_controller_tkemenade 11570417943 29857 5527

1721201290.080559 66551546
cloud0_tkemenade 24814086289 32112 4506

1721201291.083118 66551595
cloud_controller_tkemenade 11570417943 29877 5534

1721201291.0836828 66551595
cloud0_tkemenade 24814086289 32130 4508

1721201292.0862336 66551643
cloud_controller_tkemenade 11570417943 29912 5542

1721201292.0868058 66551643
cloud0_tkemenade 24814086289 32152 4514

1721201293.0894783 66551699
cloud_controller_tkemenade 11570417943 29941 5548

1721201293.0899937 66551699
cloud0_tkemenade 24814086289 32185 4516

1721201294.092553 66551757
cloud_controller_tkemenade 11570417943 29971 5557

1721201294.0930982 66551757
cloud0_tkemenade 24814086289 32216 4518

1721201295.0956495 66551807
cloud_controller_tkemenade 11570417943 29994 5567

1721201295.0962193 66551807
cloud0_tkemenade 24814086289 32247 4522

1721201295.1967235 66551815
cloud_controller_tkemenade 11571164889 29998 5567

1721201295.1972303 66551815
cloud0_tkemenade 24814726962 32248 4523

1721201296.199554 66551869
cloud_controller_tkemenade 11571164889 30033 5574

1721201296.2001424 66551869
cloud0_tkemenade 24814726962 32268 4527

1721201297.2023644 66551914
cloud_controller_tkemenade 11571164889 30058 5584

1721201297.2029245 66551914
cloud0_tkemenade 24814726962 32291 4532

1721201298.205299 66551970
cloud_controller_tkemenade 11571164889 30098 5592

1721201298.2058604 66551970
cloud0_tkemenade 24814726962 32309 4536

1721201299.2083786 66552006
cloud_controller_tkemenade 11571164889 30122 5599

1721201299.208943 66552006
cloud0_tkemenade 24814726962 32322 4539

1721201300.2114825 66552067
cloud_controller_tkemenade 11571164889 30138 5608

1721201300.212003 66552067
cloud0_tkemenade 24814726962 32358 4544

1721201301.2143953 66552113
cloud_controller_tkemenade 11571164889 30161 5614

1721201301.2148268 66552113
cloud0_tkemenade 24814726962 32375 4547

1721201302.2173753 66552186
cloud_controller_tkemenade 11571941847 30196 5622

1721201302.217925 66552186
cloud0_tkemenade 24815307377 32410 4552

1721201303.2204578 66552241
cloud_controller_tkemenade 11571941847 30227 5631

1721201303.221038 66552241
cloud0_tkemenade 24815307377 32439 4556

1721201304.2235234 66552281
cloud_controller_tkemenade 11571941847 30253 5638

1721201304.224089 66552281
cloud0_tkemenade 24815307377 32457 4559

1721201305.226568 66552311
cloud_controller_tkemenade 11571941847 30275 5646

1721201305.2271338 66552311
cloud0_tkemenade 24815307377 32470 4562

1721201306.2297952 66552385
cloud_controller_tkemenade 11571941847 30308 5654

1721201306.2303774 66552385
cloud0_tkemenade 24815307377 32511 4566

1721201307.233084 66552480
cloud_controller_tkemenade 11571941847 30352 5661

1721201307.233621 66552480
cloud0_tkemenade 24815307377 32564 4574

1721201308.2360609 66552514
cloud_controller_tkemenade 11571941847 30376 5666

1721201308.2366128 66552514
cloud0_tkemenade 24815307377 32577 4577

1721201309.239223 66552571
cloud_controller_tkemenade 11572738064 30404 5673

1721201309.2397492 66552571
cloud0_tkemenade 24815999071 32605 4579

1721201310.2422051 66552663
cloud_controller_tkemenade 11572738064 30449 5685

1721201310.2427967 66552663
cloud0_tkemenade 24815999071 32651 4591

1721201311.245193 66552721
cloud_controller_tkemenade 11572738064 30477 5696

1721201311.2457778 66552721
cloud0_tkemenade 24815999071 32682 4596

1721201312.2482145 66552770
cloud_controller_tkemenade 11572738064 30498 5703

1721201312.248786 66552770
cloud0_tkemenade 24815999071 32706 4599

1721201313.2514386 66552823
cloud_controller_tkemenade 11572738064 30530 5712

1721201313.2520099 66552823
cloud0_tkemenade 24815999071 32732 4605

1721201314.2545927 66552884
cloud_controller_tkemenade 11572738064 30568 5724

1721201314.255116 66552884
cloud0_tkemenade 24815999071 32758 4612

1721201315.2577164 66552933
cloud_controller_tkemenade 11572738064 30593 5730

1721201315.2583334 66552933
cloud0_tkemenade 24815999071 32785 4618

1721201316.2609823 66552981
cloud_controller_tkemenade 11572738064 30613 5741

1721201316.2615144 66552981
cloud0_tkemenade 24815999071 32805 4624

1721201316.3619735 66552983
cloud_controller_tkemenade 11573589963 30616 5741

1721201316.3624237 66552984
cloud0_tkemenade 24816744483 32805 4625

1721201317.3649778 66553033
cloud_controller_tkemenade 11573589963 30643 5747

1721201317.365559 66553033
cloud0_tkemenade 24816744483 32829 4636

1721201318.3680918 66553071
cloud_controller_tkemenade 11573589963 30670 5755

1721201318.3686635 66553071
cloud0_tkemenade 24816744483 32841 4642

1721201319.37121 66553113
cloud_controller_tkemenade 11573589963 30696 5762

1721201319.3717716 66553113
cloud0_tkemenade 24816744483 32857 4646

1721201320.374412 66553175
cloud_controller_tkemenade 11573589963 30719 5766

1721201320.374979 66553175
cloud0_tkemenade 24816744483 32900 4655

1721201321.377413 66553213
cloud_controller_tkemenade 11573589963 30740 5776

1721201321.3779225 66553213
cloud0_tkemenade 24816744483 32919 4659

1721201322.380299 66553265
cloud_controller_tkemenade 11573589963 30763 5783

1721201322.3808222 66553265
cloud0_tkemenade 24816744483 32940 4665

1721201323.2830873 66553315
cloud_controller_tkemenade 11574347416 30791 5791

1721201323.2835834 66553315
cloud0_tkemenade 24817408916 32959 4669

1721201324.286059 66553369
cloud_controller_tkemenade 11574347416 30822 5798

1721201324.286642 66553370
cloud0_tkemenade 24817408916 32989 4675

1721201325.2890477 66553435
cloud_controller_tkemenade 11574347416 30853 5805

1721201325.289617 66553435
cloud0_tkemenade 24817408916 33029 4678

1721201326.2920582 66553481
cloud_controller_tkemenade 11574347416 30879 5816

1721201326.2926183 66553481
cloud0_tkemenade 24817408916 33050 4683

1721201327.2950654 66553531
cloud_controller_tkemenade 11574347416 30905 5826

1721201327.2956207 66553531
cloud0_tkemenade 24817408916 33074 4689

1721201328.2981944 66553586
cloud_controller_tkemenade 11574347416 30942 5835

1721201328.2987459 66553586
cloud0_tkemenade 24817408916 33100 4692

1721201329.3009188 66553624
cloud_controller_tkemenade 11574347416 30971 5841

1721201329.301442 66553624
cloud0_tkemenade 24817408916 33115 4694

1721201330.3038306 66553694
cloud_controller_tkemenade 11574347416 30998 5850

1721201330.3043973 66553694
cloud0_tkemenade 24817408916 33153 4698

1721201330.4048882 66553698
cloud_controller_tkemenade 11575154775 31000 5850

1721201330.4053903 66553698
cloud0_tkemenade 24818088797 33154 4698

1721201331.4077904 66553737
cloud_controller_tkemenade 11575154775 31022 5859

1721201331.4083254 66553737
cloud0_tkemenade 24818088797 33172 4700

1721201332.4108176 66553811
cloud_controller_tkemenade 11575154775 31053 5867

1721201332.4113612 66553811
cloud0_tkemenade 24818088797 33207 4703

1721201333.4138236 66553877
cloud_controller_tkemenade 11575154775 31086 5875

1721201333.414274 66553877
cloud0_tkemenade 24818088797 33248 4707

1721201334.4167295 66553923
cloud_controller_tkemenade 11575154775 31117 5882

1721201334.417252 66553923
cloud0_tkemenade 24818088797 33265 4709

1721201335.4196155 66553957
cloud_controller_tkemenade 11575154775 31138 5889

1721201335.420099 66553957
cloud0_tkemenade 24818088797 33281 4713

1721201336.4225998 66554031
cloud_controller_tkemenade 11575154775 31178 5897

1721201336.4231517 66554031
cloud0_tkemenade 24818088797 33324 4726

1721201337.4257529 66554117
cloud_controller_tkemenade 11575154775 31215 5907

1721201337.4262648 66554118
cloud0_tkemenade 24818088797 33378 4740

1721201337.5267255 66554122
cloud_controller_tkemenade 11576014799 31216 5910

1721201337.5272012 66554122
cloud0_tkemenade 24818920675 33378 4742

1721201338.5296729 66554163
cloud_controller_tkemenade 11576014799 31244 5919

1721201338.5302393 66554163
cloud0_tkemenade 24818920675 33394 4748

1721201339.532766 66554234
cloud_controller_tkemenade 11576014799 31272 5929

1721201339.5333292 66554234
cloud0_tkemenade 24818920675 33438 4758

1721201340.5357566 66554341
cloud_controller_tkemenade 11576014799 31325 5937

1721201340.5363264 66554341
cloud0_tkemenade 24818920675 33491 4778

1721201341.5387917 66554389
cloud_controller_tkemenade 11576014799 31349 5946

1721201341.5393567 66554389
cloud0_tkemenade 24818920675 33519 4795

1721201342.5420134 66554455
cloud_controller_tkemenade 11576014799 31376 5953

1721201342.5425868 66554455
cloud0_tkemenade 24818920675 33554 4808

1721201343.5452049 66554517
cloud_controller_tkemenade 11576014799 31410 5962

1721201343.5457506 66554517
cloud0_tkemenade 24818920675 33585 4827

1721201344.5481167 66554581
cloud_controller_tkemenade 11576939675 31451 5969

1721201344.5486782 66554581
cloud0_tkemenade 24819943405 33612 4835

1721201345.5511363 66554633
cloud_controller_tkemenade 11576939675 31477 5975

1721201345.5517008 66554633
cloud0_tkemenade 24819943405 33637 4842

1721201346.5540178 66554684
cloud_controller_tkemenade 11576939675 31496 5984

1721201346.5546005 66554684
cloud0_tkemenade 24819943405 33674 4848

1721201347.556819 66554741
cloud_controller_tkemenade 11576939675 31524 5991

1721201347.5573266 66554741
cloud0_tkemenade 24819943405 33708 4853

1721201348.5597324 66554776
cloud_controller_tkemenade 11576939675 31548 6001

1721201348.5602627 66554776
cloud0_tkemenade 24819943405 33723 4856

1721201349.5627568 66554826
cloud_controller_tkemenade 11576939675 31575 6010

1721201349.5632582 66554826
cloud0_tkemenade 24819943405 33743 4859

1721201350.5656893 66554878
cloud_controller_tkemenade 11576939675 31597 6015

1721201350.5662374 66554878
cloud0_tkemenade 24819943405 33775 4868

1721201351.5685418 66554929
cloud_controller_tkemenade 11576939675 31623 6023

1721201351.5690947 66554929
cloud0_tkemenade 24819943405 33798 4875

1721201351.669587 66554933
cloud_controller_tkemenade 11577671349 31625 6023

1721201351.6700673 66554933
cloud0_tkemenade 24820681414 33799 4876

1721201352.6722891 66555025
cloud_controller_tkemenade 11577671349 31659 6032

1721201352.6728494 66555025
cloud0_tkemenade 24820681414 33831 4881

1721201353.6751995 66555072
cloud_controller_tkemenade 11577671349 31687 6038

1721201353.675748 66555072
cloud0_tkemenade 24820681414 33848 4886

1721201354.678102 66555129
cloud_controller_tkemenade 11577671349 31718 6047

1721201354.6786814 66555129
cloud0_tkemenade 24820681414 33879 4890

1721201355.6811047 66555195
cloud_controller_tkemenade 11577671349 31749 6055

1721201355.6816714 66555195
cloud0_tkemenade 24820681414 33920 4895

1721201356.684021 66555245
cloud_controller_tkemenade 11577671349 31781 6064

1721201356.6845372 66555245
cloud0_tkemenade 24820681414 33949 4900

1721201357.6868472 66555297
cloud_controller_tkemenade 11577671349 31811 6078

1721201357.68739 66555297
cloud0_tkemenade 24820681414 33970 4910

1721201358.6898496 66555356
cloud_controller_tkemenade 11577671349 31843 6088

1721201358.6904233 66555357
cloud0_tkemenade 24820681414 33996 4916

1721201358.8910487 66555370
cloud_controller_tkemenade 11578556615 31854 6088

1721201358.8915317 66555370
cloud0_tkemenade 24821401069 33999 4918

1721201359.8940105 66555421
cloud_controller_tkemenade 11578556615 31877 6095

1721201359.8945956 66555421
cloud0_tkemenade 24821401069 34029 4926

1721201360.8970532 66555473
cloud_controller_tkemenade 11578556615 31899 6102

1721201360.8976073 66555473
cloud0_tkemenade 24821401069 34057 4934

1721201361.899957 66555551
cloud_controller_tkemenade 11578556615 31929 6112

1721201361.9005249 66555551
cloud0_tkemenade 24821401069 34109 4951

1721201362.9029343 66555627
cloud_controller_tkemenade 11578556615 31961 6121

1721201362.9034836 66555627
cloud0_tkemenade 24821401069 34132 4956

1721201363.906006 66555680
cloud_controller_tkemenade 11578556615 31986 6130

1721201363.9065454 66555681
cloud0_tkemenade 24821401069 34161 4962

1721201364.9089308 66555730
cloud_controller_tkemenade 11578556615 32021 6139

1721201364.9094713 66555730
cloud0_tkemenade 24821401069 34178 4968

1721201365.9118514 66555803
cloud_controller_tkemenade 11579346059 32051 6145

1721201365.9123843 66555803
cloud0_tkemenade 24822311727 34218 4991

1721201366.9150324 66555912
cloud_controller_tkemenade 11579346059 32092 6154

1721201366.9156017 66555912
cloud0_tkemenade 24822311727 34289 5009

1721201367.9180784 66555960
cloud_controller_tkemenade 11579346059 32125 6164

1721201367.9186482 66555960
cloud0_tkemenade 24822311727 34311 5013

1721201368.9211695 66556003
cloud_controller_tkemenade 11579346059 32149 6173

1721201368.9217353 66556003
cloud0_tkemenade 24822311727 34336 5015

1721201369.9241667 66556076
cloud_controller_tkemenade 11579346059 32186 6181

1721201369.9247262 66556076
cloud0_tkemenade 24822311727 34370 5024

1721201370.9271798 66556147
cloud_controller_tkemenade 11579346059 32221 6190

1721201370.9277391 66556147
cloud0_tkemenade 24822311727 34413 5034

1721201371.9302611 66556207
cloud_controller_tkemenade 11579346059 32249 6197

1721201371.9308333 66556207
cloud0_tkemenade 24822311727 34450 5041

1721201372.9333174 66556267
cloud_controller_tkemenade 11579346059 32282 6204

1721201372.9338446 66556267
cloud0_tkemenade 24822311727 34476 5045

1721201373.0343835 66556286
cloud_controller_tkemenade 11580234564 32285 6205

1721201373.0349417 66556286
cloud0_tkemenade 24823270458 34479 5045

1721201374.0373783 66556335
cloud_controller_tkemenade 11580234564 32318 6213

1721201374.037908 66556335
cloud0_tkemenade 24823270458 34499 5050

1721201375.040341 66556376
cloud_controller_tkemenade 11580234564 32352 6221

1721201375.0408604 66556376
cloud0_tkemenade 24823270458 34509 5056

1721201376.043208 66556408
cloud_controller_tkemenade 11580234564 32370 6228

1721201376.0437486 66556408
cloud0_tkemenade 24823270458 34528 5061

1721201377.046271 66556466
cloud_controller_tkemenade 11580234564 32395 6236

1721201377.0468378 66556466
cloud0_tkemenade 24823270458 34562 5067

1721201378.0493279 66556507
cloud_controller_tkemenade 11580234564 32418 6243

1721201378.0498304 66556507
cloud0_tkemenade 24823270458 34578 5068

1721201379.052146 66556551
cloud_controller_tkemenade 11580234564 32448 6249

1721201379.0526912 66556551
cloud0_tkemenade 24823270458 34595 5072

1721201380.0550458 66556594
cloud_controller_tkemenade 11580962348 32471 6258

1721201380.0555484 66556594
cloud0_tkemenade 24823762782 34608 5075

1721201381.0580354 66556644
cloud_controller_tkemenade 11580962348 32492 6265

1721201381.0586283 66556644
cloud0_tkemenade 24823762782 34636 5083

1721201382.0612357 66556700
cloud_controller_tkemenade 11580962348 32521 6274

1721201382.0618184 66556700
cloud0_tkemenade 24823762782 34665 5095

1721201383.0643702 66556769
cloud_controller_tkemenade 11580962348 32551 6282

1721201383.0648882 66556769
cloud0_tkemenade 24823762782 34697 5109

1721201384.0674284 66556827
cloud_controller_tkemenade 11580962348 32574 6288

1721201384.0679955 66556827
cloud0_tkemenade 24823762782 34729 5119

1721201385.0706198 66556898
cloud_controller_tkemenade 11580962348 32608 6298

1721201385.0711937 66556898
cloud0_tkemenade 24823762782 34764 5126

1721201386.0737014 66556953
cloud_controller_tkemenade 11580962348 32631 6312

1721201386.0744033 66556954
cloud0_tkemenade 24823762782 34788 5132

1721201386.9765382 66557040
cloud_controller_tkemenade 11581821454 32678 6321

1721201386.9769282 66557040
cloud0_tkemenade 24824628182 34818 5140

1721201387.9794228 66557135
cloud_controller_tkemenade 11581821454 32744 6323

1721201387.9799871 66557135
cloud0_tkemenade 24824628182 34832 5149

1721201388.9825382 66557194
cloud_controller_tkemenade 11581821454 32769 6326

1721201388.9830942 66557194
cloud0_tkemenade 24824628182 34847 5156

1721201389.9857638 66557275
cloud_controller_tkemenade 11581821454 32801 6343

1721201389.9863603 66557276
cloud0_tkemenade 24824628182 34876 5166

1721201390.988843 66557349
cloud_controller_tkemenade 11581821454 32813 6371

1721201390.9893978 66557349
cloud0_tkemenade 24824628182 34913 5180

1721201391.9920988 66557435
cloud_controller_tkemenade 11581821454 32840 6385

1721201391.9926193 66557435
cloud0_tkemenade 24824628182 34950 5190

1721201392.9952123 66557521
cloud_controller_tkemenade 11581821454 32875 6391

1721201392.995773 66557521
cloud0_tkemenade 24824628182 34975 5195

1721201393.9981477 66557588
cloud_controller_tkemenade 11581821454 32892 6406

1721201393.9987247 66557588
cloud0_tkemenade 24824628182 34988 5198

1721201394.0991733 66557604
cloud_controller_tkemenade 11582724079 32897 6408

1721201394.0996954 66557604
cloud0_tkemenade 24825320894 34995 5199

1721201395.102203 66557675
cloud_controller_tkemenade 11582724079 32932 6412

1721201395.102774 66557675
cloud0_tkemenade 24825320894 35003 5204

1721201396.1054168 66557778
cloud_controller_tkemenade 11582724079 32973 6416

1721201396.1059804 66557778
cloud0_tkemenade 24825320894 35047 5213

1721201397.1085658 66557876
cloud_controller_tkemenade 11582724079 33010 6425

1721201397.1091337 66557876
cloud0_tkemenade 24825320894 35097 5227

1721201398.1116836 66557930
cloud_controller_tkemenade 11582724079 33036 6433

1721201398.112239 66557930
cloud0_tkemenade 24825320894 35116 5229

1721201399.1147993 66557995
cloud_controller_tkemenade 11582724079 33058 6442

1721201399.1153471 66557995
cloud0_tkemenade 24825320894 35142 5236

1721201400.1179438 66558086
cloud_controller_tkemenade 11582724079 33103 6455

1721201400.1185336 66558086
cloud0_tkemenade 24825320894 35176 5238

1721201401.1211443 66558189
cloud_controller_tkemenade 11582724079 33146 6463

1721201401.1216834 66558189
cloud0_tkemenade 24825320894 35225 5242

1721201401.2221756 66558201
cloud_controller_tkemenade 11583661471 33151 6464

1721201401.2227156 66558201
cloud0_tkemenade 24826165147 35229 5244

1721201402.2251635 66558267
cloud_controller_tkemenade 11583661471 33179 6471

1721201402.2257307 66558267
cloud0_tkemenade 24826165147 35243 5267

1721201403.2281733 66558339
cloud_controller_tkemenade 11583661471 33210 6481

1721201403.2287343 66558339
cloud0_tkemenade 24826165147 35251 5296

1721201404.2310293 66558429
cloud_controller_tkemenade 11583661471 33236 6487

1721201404.2315862 66558429
cloud0_tkemenade 24826165147 35269 5301

1721201405.2341056 66558495
cloud_controller_tkemenade 11583661471 33268 6498

1721201405.234683 66558495
cloud0_tkemenade 24826165147 35279 5311

1721201406.2372313 66558607
cloud_controller_tkemenade 11583661471 33291 6505

1721201406.2377877 66558607
cloud0_tkemenade 24826165147 35319 5313

1721201407.2403388 66558679
cloud_controller_tkemenade 11583661471 33317 6511

1721201407.2408717 66558679
cloud0_tkemenade 24826165147 35348 5320

1721201408.2432077 66558737
cloud_controller_tkemenade 11583661471 33339 6520

1721201408.2437038 66558737
cloud0_tkemenade 24826165147 35361 5323

1721201408.3441763 66558743
cloud_controller_tkemenade 11584402873 33342 6520

1721201408.3446803 66558743
cloud0_tkemenade 24826805314 35364 5323

1721201409.3471153 66558795
cloud_controller_tkemenade 11584402873 33366 6531

1721201409.3476677 66558795
cloud0_tkemenade 24826805314 35379 5327

1721201410.3503063 66558858
cloud_controller_tkemenade 11584402873 33390 6541

1721201410.3508708 66558858
cloud0_tkemenade 24826805314 35392 5336

1721201411.353519 66558939
cloud_controller_tkemenade 11584402873 33416 6547

1721201411.354101 66558939
cloud0_tkemenade 24826805314 35420 5347

1721201412.3567827 66559034
cloud_controller_tkemenade 11584402873 33445 6551

1721201412.3573532 66559034
cloud0_tkemenade 24826805314 35457 5353

1721201413.3601124 66559123
cloud_controller_tkemenade 11584402873 33471 6564

1721201413.360667 66559123
cloud0_tkemenade 24826805314 35484 5356

1721201414.3633869 66559219
cloud_controller_tkemenade 11584402873 33485 6578

1721201414.3639383 66559219
cloud0_tkemenade 24826805314 35518 5363

1721201415.3664386 66559303
cloud_controller_tkemenade 11584402873 33509 6607

1721201415.3670084 66559303
cloud0_tkemenade 24826805314 35549 5370

1721201415.4675107 66559311
cloud_controller_tkemenade 11585163458 33511 6608

1721201415.4680223 66559311
cloud0_tkemenade 24827503991 35550 5371

1721201416.4705935 66559368
cloud_controller_tkemenade 11585163458 33532 6616

1721201416.4711492 66559368
cloud0_tkemenade 24827503991 35573 5376

1721201417.4739172 66559445
cloud_controller_tkemenade 11585163458 33562 6625

1721201417.4745004 66559445
cloud0_tkemenade 24827503991 35604 5385

1721201418.476882 66559511
cloud_controller_tkemenade 11585163458 33593 6631

1721201418.47742 66559511
cloud0_tkemenade 24827503991 35623 5391

1721201419.480078 66559551
cloud_controller_tkemenade 11585163458 33617 6642

1721201419.480646 66559551
cloud0_tkemenade 24827503991 35636 5396

1721201420.4833825 66559606
cloud_controller_tkemenade 11585163458 33645 6647

1721201420.483907 66559606
cloud0_tkemenade 24827503991 35663 5403

1721201421.4865186 66559655
cloud_controller_tkemenade 11585163458 33673 6657

1721201421.4870358 66559655
cloud0_tkemenade 24827503991 35689 5412

1721201422.4894037 66559741
cloud_controller_tkemenade 11585163458 33704 6663

1721201422.489931 66559741
cloud0_tkemenade 24827503991 35742 5420

1721201422.5903542 66559750
cloud_controller_tkemenade 11585970148 33705 6664

1721201422.590803 66559750
cloud0_tkemenade 24828278670 35745 5421

1721201423.5932643 66559803
cloud_controller_tkemenade 11585970148 33734 6676

1721201423.5937855 66559803
cloud0_tkemenade 24828278670 35770 5427

1721201424.5962746 66559859
cloud_controller_tkemenade 11585970148 33758 6682

1721201424.596831 66559859
cloud0_tkemenade 24828278670 35785 5433

1721201425.5994098 66559916
cloud_controller_tkemenade 11585970148 33792 6693

1721201425.599968 66559916
cloud0_tkemenade 24828278670 35801 5440

1721201426.6025748 66560010
cloud_controller_tkemenade 11585970148 33833 6703

1721201426.6030955 66560010
cloud0_tkemenade 24828278670 35852 5455

1721201427.6056693 66560100
cloud_controller_tkemenade 11585970148 33863 6713

1721201427.6061869 66560100
cloud0_tkemenade 24828278670 35907 5470

1721201428.6086814 66560154
cloud_controller_tkemenade 11585970148 33886 6718

1721201428.6092548 66560154
cloud0_tkemenade 24828278670 35938 5477

1721201429.6113412 66560195
cloud_controller_tkemenade 11585970148 33914 6726

1721201429.6119063 66560195
cloud0_tkemenade 24828278670 35951 5486

1721201429.7123551 66560203
cloud_controller_tkemenade 11586840961 33918 6726

1721201429.7128794 66560203
cloud0_tkemenade 24829159087 35952 5487

1721201430.715504 66560297
cloud_controller_tkemenade 11586840961 33980 6736

1721201430.7160554 66560297
cloud0_tkemenade 24829159087 35985 5496

1721201431.7186368 66560359
cloud_controller_tkemenade 11586840961 34008 6746

1721201431.719156 66560359
cloud0_tkemenade 24829159087 36024 5501

1721201432.7216747 66560412
cloud_controller_tkemenade 11586840961 34034 6752

1721201432.7222097 66560412
cloud0_tkemenade 24829159087 36054 5507

1721201433.7246556 66560470
cloud_controller_tkemenade 11586840961 34071 6759

1721201433.725231 66560470
cloud0_tkemenade 24829159087 36077 5512

1721201434.727805 66560522
cloud_controller_tkemenade 11586840961 34095 6765

1721201434.728317 66560522
cloud0_tkemenade 24829159087 36096 5516

1721201435.730715 66560570
cloud_controller_tkemenade 11586840961 34129 6775

1721201435.7312574 66560570
cloud0_tkemenade 24829159087 36109 5520

1721201436.7339206 66560614
cloud_controller_tkemenade 11587810681 34148 6782

1721201436.7344868 66560614
cloud0_tkemenade 24829874510 36131 5524

1721201437.7369943 66560684
cloud_controller_tkemenade 11587810681 34178 6795

1721201437.7375498 66560684
cloud0_tkemenade 24829874510 36168 5527

1721201438.7400122 66560722
cloud_controller_tkemenade 11587810681 34196 6802

1721201438.7405772 66560722
cloud0_tkemenade 24829874510 36183 5532

1721201439.7429605 66560759
cloud_controller_tkemenade 11587810681 34222 6810

1721201439.743512 66560759
cloud0_tkemenade 24829874510 36199 5537

1721201440.7459886 66560801
cloud_controller_tkemenade 11587810681 34251 6816

1721201440.7465658 66560801
cloud0_tkemenade 24829874510 36209 5541

1721201441.7491915 66560863
cloud_controller_tkemenade 11587810681 34279 6827

1721201441.7497401 66560863
cloud0_tkemenade 24829874510 36248 5548

1721201442.752282 66560919
cloud_controller_tkemenade 11587810681 34300 6836

1721201442.7528443 66560919
cloud0_tkemenade 24829874510 36281 5551

1721201443.7553544 66560985
cloud_controller_tkemenade 11588560956 34336 6842

1721201443.7559273 66560985
cloud0_tkemenade 24830496689 36310 5558

1721201444.758354 66561042
cloud_controller_tkemenade 11588560956 34358 6848

1721201444.758923 66561042
cloud0_tkemenade 24830496689 36325 5563

1721201445.761606 66561111
cloud_controller_tkemenade 11588560956 34397 6862

1721201445.7622082 66561111
cloud0_tkemenade 24830496689 36362 5571

1721201446.7647724 66561169
cloud_controller_tkemenade 11588560956 34419 6871

1721201446.7653427 66561169
cloud0_tkemenade 24830496689 36395 5575

1721201447.7676814 66561224
cloud_controller_tkemenade 11588560956 34448 6879

1721201447.7682538 66561224
cloud0_tkemenade 24830496689 36423 5580

1721201448.7708287 66561271
cloud_controller_tkemenade 11588560956 34477 6890

1721201448.7713823 66561271
cloud0_tkemenade 24830496689 36442 5584

1721201449.774018 66561320
cloud_controller_tkemenade 11588560956 34508 6898

1721201449.7745929 66561320
cloud0_tkemenade 24830496689 36461 5591

1721201450.7771857 66561373
cloud_controller_tkemenade 11589390704 34537 6909

1721201450.777701 66561373
cloud0_tkemenade 24831162311 36478 5594

1721201451.7804813 66561478
cloud_controller_tkemenade 11589390704 34574 6919

1721201451.781063 66561478
cloud0_tkemenade 24831162311 36550 5602

1721201452.7837107 66561524
cloud_controller_tkemenade 11589390704 34593 6924

1721201452.7842803 66561524
cloud0_tkemenade 24831162311 36576 5610

1721201453.7867978 66561578
cloud_controller_tkemenade 11589390704 34624 6935

1721201453.7873595 66561578
cloud0_tkemenade 24831162311 36602 5616

1721201454.7897847 66561613
cloud_controller_tkemenade 11589390704 34645 6942

1721201454.7903523 66561613
cloud0_tkemenade 24831162311 36618 5619

1721201455.7929578 66561693
cloud_controller_tkemenade 11589390704 34679 6955

1721201455.793486 66561693
cloud0_tkemenade 24831162311 36651 5631

1721201456.7958844 66561762
cloud_controller_tkemenade 11589390704 34711 6963

1721201456.7964597 66561762
cloud0_tkemenade 24831162311 36690 5642

1721201457.7989933 66561831
cloud_controller_tkemenade 11589390704 34743 6973

1721201457.7995474 66561831
cloud0_tkemenade 24831162311 36730 5654

1721201457.9000504 66561838
cloud_controller_tkemenade 11590230809 34744 6973

1721201457.9005754 66561838
cloud0_tkemenade 24832133100 36733 5654

1721201458.9030263 66561878
cloud_controller_tkemenade 11590230809 34761 6978

1721201458.9035852 66561878
cloud0_tkemenade 24832133100 36761 5657

1721201459.9062395 66561952
cloud_controller_tkemenade 11590230809 34803 6994

1721201459.9068334 66561952
cloud0_tkemenade 24832133100 36792 5669

1721201460.90951 66562017
cloud_controller_tkemenade 11590230809 34845 7002

1721201460.9100683 66562017
cloud0_tkemenade 24832133100 36812 5678

1721201461.9128065 66562093
cloud_controller_tkemenade 11590230809 34874 7010

1721201461.9133577 66562093
cloud0_tkemenade 24832133100 36860 5692

1721201462.9160202 66562149
cloud_controller_tkemenade 11590230809 34896 7015

1721201462.916543 66562149
cloud0_tkemenade 24832133100 36891 5699

1721201463.9190462 66562211
cloud_controller_tkemenade 11590230809 34938 7023

1721201463.919598 66562211
cloud0_tkemenade 24832133100 36916 5703

1721201464.9221528 66562260
cloud_controller_tkemenade 11591092965 34967 7032

1721201464.9226868 66562260
cloud0_tkemenade 24832927516 36936 5707

1721201465.9252641 66562323
cloud_controller_tkemenade 11591092965 34992 7043

1721201465.9258313 66562323
cloud0_tkemenade 24832927516 36966 5714

1721201466.9283667 66562361
cloud_controller_tkemenade 11591092965 35011 7049

1721201466.9289327 66562361
cloud0_tkemenade 24832927516 36986 5721

1721201467.931429 66562421
cloud_controller_tkemenade 11591092965 35047 7057

1721201467.9319854 66562421
cloud0_tkemenade 24832927516 37014 5727

1721201468.9344974 66562449
cloud_controller_tkemenade 11591092965 35062 7065

1721201468.935056 66562449
cloud0_tkemenade 24832927516 37025 5733

1721201469.9375937 66562498
cloud_controller_tkemenade 11591092965 35097 7073

1721201469.9381196 66562498
cloud0_tkemenade 24832927516 37044 5736

1721201470.9406013 66562529
cloud_controller_tkemenade 11591092965 35120 7081

1721201470.941161 66562529
cloud0_tkemenade 24832927516 37056 5740

1721201471.943608 66562596
cloud_controller_tkemenade 11591092965 35144 7091

1721201471.9441645 66562596
cloud0_tkemenade 24832927516 37093 5750

1721201472.144809 66562611
cloud_controller_tkemenade 11591816069 35149 7091

1721201472.1453347 66562611
cloud0_tkemenade 24833528110 37097 5750

1721201473.147677 66562670
cloud_controller_tkemenade 11591816069 35171 7100

1721201473.148233 66562670
cloud0_tkemenade 24833528110 37130 5753

1721201474.1507812 66562726
cloud_controller_tkemenade 11591816069 35199 7109

1721201474.1513443 66562726
cloud0_tkemenade 24833528110 37160 5757

1721201475.153927 66562784
cloud_controller_tkemenade 11591816069 35225 7119

1721201475.1545186 66562785
cloud0_tkemenade 24833528110 37194 5762

1721201476.1571665 66562840
cloud_controller_tkemenade 11591816069 35255 7135

1721201476.1577225 66562840
cloud0_tkemenade 24833528110 37210 5766

1721201477.1602423 66562883
cloud_controller_tkemenade 11591816069 35274 7141

1721201477.1607854 66562883
cloud0_tkemenade 24833528110 37236 5771

1721201478.1633577 66562951
cloud_controller_tkemenade 11591816069 35315 7149

1721201478.1639261 66562951
cloud0_tkemenade 24833528110 37265 5775

1721201479.1665637 66562982
cloud_controller_tkemenade 11592577160 35335 7154

1721201479.1670797 66562982
cloud0_tkemenade 24834170944 37276 5779

1721201480.1696374 66563033
cloud_controller_tkemenade 11592577160 35367 7164

1721201480.170201 66563033
cloud0_tkemenade 24834170944 37302 5783

1721201481.172641 66563061
cloud_controller_tkemenade 11592577160 35393 7174

1721201481.173179 66563061
cloud0_tkemenade 24834170944 37310 5786

1721201482.1758156 66563131
cloud_controller_tkemenade 11592577160 35421 7184

1721201482.1763756 66563131
cloud0_tkemenade 24834170944 37359 5792

1721201483.1789885 66563195
cloud_controller_tkemenade 11592577160 35445 7190

1721201483.1795697 66563195
cloud0_tkemenade 24834170944 37399 5796

1721201484.1821742 66563238
cloud_controller_tkemenade 11592577160 35472 7198

1721201484.1827288 66563238
cloud0_tkemenade 24834170944 37422 5800

1721201485.1852002 66563271
cloud_controller_tkemenade 11592577160 35496 7206

1721201485.1857374 66563271
cloud0_tkemenade 24834170944 37435 5802

1721201486.1882489 66563370
cloud_controller_tkemenade 11593381412 35535 7216

1721201486.188773 66563370
cloud0_tkemenade 24834851939 37471 5806

1721201487.1914408 66563461
cloud_controller_tkemenade 11593381412 35570 7224

1721201487.192027 66563461
cloud0_tkemenade 24834851939 37529 5814

1721201488.1946714 66563511
cloud_controller_tkemenade 11593381412 35600 7232

1721201488.1952426 66563511
cloud0_tkemenade 24834851939 37551 5821

1721201489.1978545 66563546
cloud_controller_tkemenade 11593381412 35613 7236

1721201489.1984627 66563546
cloud0_tkemenade 24834851939 37574 5823

1721201490.2011154 66563628
cloud_controller_tkemenade 11593381412 35665 7247

1721201490.2017963 66563628
cloud0_tkemenade 24834851939 37606 5829

1721201491.2044797 66563689
cloud_controller_tkemenade 11593381412 35710 7257

1721201491.2050107 66563689
cloud0_tkemenade 24834851939 37629 5837

1721201492.2076912 66563752
cloud_controller_tkemenade 11593381412 35731 7268

1721201492.2082553 66563752
cloud0_tkemenade 24834851939 37675 5844

1721201493.210879 66563812
cloud_controller_tkemenade 11593381412 35752 7273

1721201493.2114532 66563812
cloud0_tkemenade 24834851939 37713 5848

1721201493.3119583 66563819
cloud_controller_tkemenade 11594218877 35753 7274

1721201493.312454 66563819
cloud0_tkemenade 24835719857 37714 5848

1721201494.3147686 66563860
cloud_controller_tkemenade 11594218877 35784 7284

1721201494.3153276 66563860
cloud0_tkemenade 24835719857 37726 5851

1721201495.3178132 66563898
cloud_controller_tkemenade 11594218877 35808 7291

1721201495.3183713 66563898
cloud0_tkemenade 24835719857 37741 5857

1721201496.3208134 66563953
cloud_controller_tkemenade 11594218877 35836 7302

1721201496.3213687 66563953
cloud0_tkemenade 24835719857 37756 5859

1721201497.323649 66564001
cloud_controller_tkemenade 11594218877 35856 7309

1721201497.3241603 66564001
cloud0_tkemenade 24835719857 37791 5861

1721201498.326483 66564047
cloud_controller_tkemenade 11594218877 35888 7319

1721201498.3270092 66564047
cloud0_tkemenade 24835719857 37811 5864

1721201499.329339 66564072
cloud_controller_tkemenade 11594218877 35906 7327

1721201499.3298805 66564072
cloud0_tkemenade 24835719857 37825 5867

1721201500.3324313 66564125
cloud_controller_tkemenade 11594218877 35930 7336

1721201500.3329453 66564125
cloud0_tkemenade 24835719857 37850 5870

1721201500.4333818 66564131
cloud_controller_tkemenade 11594985410 35933 7338

1721201500.4338624 66564131
cloud0_tkemenade 24836225577 37851 5870

1721201501.4364219 66564181
cloud_controller_tkemenade 11594985410 35965 7347

1721201501.4369855 66564181
cloud0_tkemenade 24836225577 37867 5874

1721201502.4396455 66564244
cloud_controller_tkemenade 11594985410 35988 7355

1721201502.4402084 66564244
cloud0_tkemenade 24836225577 37911 5881

1721201503.4427807 66564304
cloud_controller_tkemenade 11594985410 36013 7360

1721201503.443352 66564304
cloud0_tkemenade 24836225577 37942 5889

1721201504.4458125 66564361
cloud_controller_tkemenade 11594985410 36044 7368

1721201504.4463997 66564361
cloud0_tkemenade 24836225577 37971 5895

1721201505.4489198 66564421
cloud_controller_tkemenade 11594985410 36071 7376

1721201505.449495 66564421
cloud0_tkemenade 24836225577 38005 5902

1721201506.4518087 66564506
cloud_controller_tkemenade 11594985410 36133 7384

1721201506.4523177 66564506
cloud0_tkemenade 24836225577 38021 5906

1721201507.4549847 66564565
cloud_controller_tkemenade 11594985410 36156 7392

1721201507.4555054 66564565
cloud0_tkemenade 24836225577 38057 5912

1721201507.555993 66564575
cloud_controller_tkemenade 11595846717 36164 7392

1721201507.5564709 66564575
cloud0_tkemenade 24836988799 38059 5913

1721201508.5590956 66564633
cloud_controller_tkemenade 11595846717 36198 7407

1721201508.5596576 66564633
cloud0_tkemenade 24836988799 38083 5920

1721201509.5622303 66564672
cloud_controller_tkemenade 11595846717 36218 7416

1721201509.562822 66564672
cloud0_tkemenade 24836988799 38100 5922

1721201510.5653105 66564727
cloud_controller_tkemenade 11595846717 36260 7421

1721201510.5658236 66564727
cloud0_tkemenade 24836988799 38115 5925

1721201511.56827 66564779
cloud_controller_tkemenade 11595846717 36294 7431

1721201511.5688162 66564779
cloud0_tkemenade 24836988799 38138 5930

1721201512.5712495 66564847
cloud_controller_tkemenade 11595846717 36323 7437

1721201512.5717783 66564847
cloud0_tkemenade 24836988799 38186 5937

1721201513.5744193 66564903
cloud_controller_tkemenade 11595846717 36346 7446

1721201513.57498 66564903
cloud0_tkemenade 24836988799 38225 5942

1721201514.477025 66564943
cloud_controller_tkemenade 11596832996 36373 7456

1721201514.4775412 66564943
cloud0_tkemenade 24837742598 38236 5947

1721201515.4798753 66564980
cloud_controller_tkemenade 11596832996 36396 7464

1721201515.4803915 66564980
cloud0_tkemenade 24837742598 38250 5948

1721201516.4827745 66565075
cloud_controller_tkemenade 11596832996 36441 7478

1721201516.483133 66565075
cloud0_tkemenade 24837742598 38287 5956

1721201517.4857533 66565147
cloud_controller_tkemenade 11596832996 36462 7486

1721201517.4863575 66565147
cloud0_tkemenade 24837742598 38341 5967

1721201518.4889896 66565193
cloud_controller_tkemenade 11596832996 36494 7495

1721201518.4895499 66565193
cloud0_tkemenade 24837742598 38360 5976

1721201519.4921417 66565240
cloud_controller_tkemenade 11596832996 36509 7502

1721201519.492669 66565240
cloud0_tkemenade 24837742598 38396 5979

1721201520.495354 66565335
cloud_controller_tkemenade 11596832996 36569 7518

1721201520.495924 66565335
cloud0_tkemenade 24837742598 38435 5988

1721201521.4984658 66565392
cloud_controller_tkemenade 11597769207 36603 7528

1721201521.49898 66565392
cloud0_tkemenade 24838557907 38456 5991

1721201522.501633 66565459
cloud_controller_tkemenade 11597769207 36626 7539

1721201522.5022082 66565459
cloud0_tkemenade 24838557907 38506 6001

1721201523.5049117 66565510
cloud_controller_tkemenade 11597769207 36650 7548

1721201523.5054774 66565510
cloud0_tkemenade 24838557907 38542 6003

1721201524.5080497 66565558
cloud_controller_tkemenade 11597769207 36680 7564

1721201524.508627 66565558
cloud0_tkemenade 24838557907 38559 6008

1721201525.5111368 66565595
cloud_controller_tkemenade 11597769207 36708 7570

1721201525.5116909 66565595
cloud0_tkemenade 24838557907 38574 6012

1721201526.5142863 66565649
cloud_controller_tkemenade 11597769207 36737 7579

1721201526.5148346 66565649
cloud0_tkemenade 24838557907 38602 6020

1721201527.5174267 66565709
cloud_controller_tkemenade 11597769207 36760 7587

1721201527.517985 66565709
cloud0_tkemenade 24838557907 38631 6026

1721201528.520461 66565760
cloud_controller_tkemenade 11597769207 36787 7599

1721201528.5210216 66565760
cloud0_tkemenade 24838557907 38652 6029

1721201528.7217326 66565766
cloud_controller_tkemenade 11598546307 36790 7601

1721201528.7222106 66565766
cloud0_tkemenade 24839260285 38653 6030

1721201529.7247157 66565799
cloud_controller_tkemenade 11598546307 36810 7609

1721201529.7252638 66565799
cloud0_tkemenade 24839260285 38668 6034

1721201530.7277248 66565845
cloud_controller_tkemenade 11598546307 36835 7621

1721201530.7282732 66565845
cloud0_tkemenade 24839260285 38680 6037

1721201531.7307718 66565900
cloud_controller_tkemenade 11598546307 36872 7627

1721201531.7313433 66565900
cloud0_tkemenade 24839260285 38704 6041

1721201532.733952 66565977
cloud_controller_tkemenade 11598546307 36900 7633

1721201532.7345567 66565977
cloud0_tkemenade 24839260285 38749 6047

1721201533.7371132 66566026
cloud_controller_tkemenade 11598546307 36920 7640

1721201533.7376595 66566026
cloud0_tkemenade 24839260285 38779 6050

1721201534.740235 66566072
cloud_controller_tkemenade 11598546307 36949 7651

1721201534.7407994 66566072
cloud0_tkemenade 24839260285 38799 6053

1721201535.7434003 66566140
cloud_controller_tkemenade 11599299599 36978 7658

1721201535.7439485 66566140
cloud0_tkemenade 24839899349 38833 6059

1721201536.7464705 66566197
cloud_controller_tkemenade 11599299599 37011 7669

1721201536.747053 66566197
cloud0_tkemenade 24839899349 38856 6065

1721201537.7496822 66566289
cloud_controller_tkemenade 11599299599 37039 7676

1721201537.7502527 66566289
cloud0_tkemenade 24839899349 38904 6069

1721201538.7528524 66566341
cloud_controller_tkemenade 11599299599 37071 7685

1721201538.7534032 66566341
cloud0_tkemenade 24839899349 38926 6072

1721201539.7558193 66566372
cloud_controller_tkemenade 11599299599 37091 7694

1721201539.7563343 66566372
cloud0_tkemenade 24839899349 38943 6075

1721201540.7588508 66566418
cloud_controller_tkemenade 11599299599 37116 7703

1721201540.759371 66566418
cloud0_tkemenade 24839899349 38964 6080

1721201541.7618647 66566494
cloud_controller_tkemenade 11599299599 37156 7709

1721201541.7624469 66566494
cloud0_tkemenade 24839899349 39003 6083

1721201542.6649287 66566561
cloud_controller_tkemenade 11600185343 37176 7714

1721201542.6654675 66566561
cloud0_tkemenade 24840722570 39038 6088

1721201543.6678395 66566611
cloud_controller_tkemenade 11600185343 37200 7720

1721201543.6684203 66566611
cloud0_tkemenade 24840722570 39066 6091

1721201544.6708198 66566655
cloud_controller_tkemenade 11600185343 37232 7726

1721201544.6713707 66566655
cloud0_tkemenade 24840722570 39080 6093

1721201545.6739314 66566707
cloud_controller_tkemenade 11600185343 37258 7735

1721201545.674552 66566709
cloud0_tkemenade 24840722570 39111 6096

1721201546.6772094 66566799
cloud_controller_tkemenade 11600185343 37307 7744

1721201546.6778045 66566799
cloud0_tkemenade 24840722570 39154 6100

1721201547.6804683 66566889
cloud_controller_tkemenade 11600185343 37330 7752

1721201547.680993 66566889
cloud0_tkemenade 24840722570 39206 6106

1721201548.6836207 66566945
cloud_controller_tkemenade 11600185343 37358 7763

1721201548.6841986 66566945
cloud0_tkemenade 24840722570 39238 6110

1721201549.6866283 66566973
cloud_controller_tkemenade 11600185343 37376 7768

1721201549.6871984 66566973
cloud0_tkemenade 24840722570 39253 6115

1721201549.7876384 66567002
cloud_controller_tkemenade 11600989903 37389 7769

1721201549.7881598 66567002
cloud0_tkemenade 24841481416 39259 6116

1721201550.7908056 66567081
cloud_controller_tkemenade 11600989903 37435 7784

1721201550.7913787 66567081
cloud0_tkemenade 24841481416 39289 6122

1721201551.7940109 66567147
cloud_controller_tkemenade 11600989903 37471 7791

1721201551.7946591 66567147
cloud0_tkemenade 24841481416 39322 6128

1721201552.7973995 66567219
cloud_controller_tkemenade 11600989903 37497 7798

1721201552.7979965 66567219
cloud0_tkemenade 24841481416 39368 6137

1721201553.8006392 66567263
cloud_controller_tkemenade 11600989903 37518 7808

1721201553.8012176 66567263
cloud0_tkemenade 24841481416 39396 6141

1721201554.803815 66567305
cloud_controller_tkemenade 11600989903 37546 7818

1721201554.8043306 66567305
cloud0_tkemenade 24841481416 39413 6144

1721201555.806922 66567342
cloud_controller_tkemenade 11600989903 37571 7829

1721201555.807488 66567342
cloud0_tkemenade 24841481416 39429 6148

1721201556.8100348 66567393
cloud_controller_tkemenade 11601851994 37594 7839

1721201556.810609 66567393
cloud0_tkemenade 24842180326 39452 6151

1721201557.8131065 66567448
cloud_controller_tkemenade 11601851994 37619 7844

1721201557.8136635 66567448
cloud0_tkemenade 24842180326 39477 6157

1721201558.816274 66567490
cloud_controller_tkemenade 11601851994 37644 7850

1721201558.8168373 66567490
cloud0_tkemenade 24842180326 39497 6162

1721201559.819476 66567533
cloud_controller_tkemenade 11601851994 37665 7855

1721201559.8200462 66567533
cloud0_tkemenade 24842180326 39515 6173

1721201560.8226795 66567575
cloud_controller_tkemenade 11601851994 37688 7862

1721201560.8232334 66567575
cloud0_tkemenade 24842180326 39530 6178

1721201561.8258474 66567635
cloud_controller_tkemenade 11601851994 37730 7868

1721201561.8264403 66567635
cloud0_tkemenade 24842180326 39551 6183

1721201562.8292868 66567708
cloud_controller_tkemenade 11601851994 37758 7877

1721201562.8298886 66567708
cloud0_tkemenade 24842180326 39591 6199

1721201563.8325763 66567775
cloud_controller_tkemenade 11601851994 37786 7885

1721201563.8331656 66567775
cloud0_tkemenade 24842180326 39635 6209

1721201564.0338945 66567797
cloud_controller_tkemenade 11602574104 37800 7887

1721201564.034462 66567797
cloud0_tkemenade 24842914421 39638 6210

1721201565.0367663 66567850
cloud_controller_tkemenade 11602574104 37825 7896

1721201565.0373516 66567850
cloud0_tkemenade 24842914421 39669 6218

1721201566.0396233 66567961
cloud_controller_tkemenade 11602574104 37911 7903

1721201566.0401738 66567961
cloud0_tkemenade 24842914421 39694 6222

1721201567.0427341 66568010
cloud_controller_tkemenade 11602574104 37938 7913

1721201567.0432935 66568010
cloud0_tkemenade 24842914421 39714 6231

1721201568.045896 66568075
cloud_controller_tkemenade 11602574104 37972 7920

1721201568.0464666 66568076
cloud0_tkemenade 24842914421 39737 6238

1721201569.0489712 66568126
cloud_controller_tkemenade 11602574104 37997 7932

1721201569.0492811 66568126
cloud0_tkemenade 24842914421 39765 6242

1721201570.051626 66568177
cloud_controller_tkemenade 11602574104 38025 7938

1721201570.0521555 66568177
cloud0_tkemenade 24842914421 39786 6249

1721201570.9543834 66568210
cloud_controller_tkemenade 11603681751 38052 7946

1721201570.9548628 66568210
cloud0_tkemenade 24843594735 39794 6251

1721201571.9573596 66568284
cloud_controller_tkemenade 11603681751 38089 7954

1721201571.9579237 66568284
cloud0_tkemenade 24843594735 39830 6257

1721201572.960725 66568353
cloud_controller_tkemenade 11603681751 38120 7960

1721201572.9613063 66568353
cloud0_tkemenade 24843594735 39866 6263

1721201573.9640346 66568402
cloud_controller_tkemenade 11603681751 38140 7966

1721201573.9645972 66568402
cloud0_tkemenade 24843594735 39899 6265

1721201574.9670708 66568447
cloud_controller_tkemenade 11603681751 38170 7979

1721201574.967629 66568447
cloud0_tkemenade 24843594735 39911 6270

1721201575.9702773 66568526
cloud_controller_tkemenade 11603681751 38202 7985

1721201575.9708219 66568526
cloud0_tkemenade 24843594735 39950 6277

1721201576.9735575 66568614
cloud_controller_tkemenade 11603681751 38247 7996

1721201576.9741218 66568614
cloud0_tkemenade 24843594735 39993 6286

1721201577.976736 66568678
cloud_controller_tkemenade 11604571145 38275 8003

1721201577.9770908 66568678
cloud0_tkemenade 24844442835 40021 6291

1721201578.9796698 66568735
cloud_controller_tkemenade 11604571145 38301 8012

1721201578.9802325 66568735
cloud0_tkemenade 24844442835 40052 6296

1721201579.9829109 66568805
cloud_controller_tkemenade 11604571145 38338 8022

1721201579.9834952 66568805
cloud0_tkemenade 24844442835 40085 6303

1721201580.9861724 66568877
cloud_controller_tkemenade 11604571145 38393 8034

1721201580.9867628 66568877
cloud0_tkemenade 24844442835 40106 6306

1721201581.989434 66568944
cloud_controller_tkemenade 11604571145 38423 8043

1721201581.9900014 66568944
cloud0_tkemenade 24844442835 40142 6311

1721201582.9926414 66569001
cloud_controller_tkemenade 11604571145 38451 8051

1721201582.9931874 66569001
cloud0_tkemenade 24844442835 40170 6315

1721201583.9958375 66569085
cloud_controller_tkemenade 11604571145 38484 8060

1721201583.9963677 66569085
cloud0_tkemenade 24844442835 40221 6322

1721201584.9991002 66569139
cloud_controller_tkemenade 11604571145 38518 8069

1721201584.999655 66569139
cloud0_tkemenade 24844442835 40243 6325

1721201585.1001399 66569147
cloud_controller_tkemenade 11605523421 38521 8070

1721201585.100651 66569147
cloud0_tkemenade 24845226702 40244 6325

1721201586.103205 66569199
cloud_controller_tkemenade 11605523421 38546 8078

1721201586.1037781 66569199
cloud0_tkemenade 24845226702 40276 6331

1721201587.1064384 66569251
cloud_controller_tkemenade 11605523421 38579 8086

1721201587.1070063 66569251
cloud0_tkemenade 24845226702 40299 6336

1721201588.1093483 66569300
cloud_controller_tkemenade 11605523421 38601 8097

1721201588.1098714 66569300
cloud0_tkemenade 24845226702 40325 6341

1721201589.1123357 66569358
cloud_controller_tkemenade 11605523421 38626 8109

1721201589.1129158 66569358
cloud0_tkemenade 24845226702 40350 6346

1721201590.1154842 66569415
cloud_controller_tkemenade 11605523421 38651 8113

1721201590.116003 66569415
cloud0_tkemenade 24845226702 40374 6355

1721201591.118641 66569462
cloud_controller_tkemenade 11605523421 38682 8125

1721201591.1191905 66569462
cloud0_tkemenade 24845226702 40391 6360

1721201592.1217518 66569523
cloud_controller_tkemenade 11605523421 38713 8132

1721201592.122276 66569523
cloud0_tkemenade 24845226702 40411 6369

1721201592.2228105 66569535
cloud_controller_tkemenade 11606331053 38714 8133

1721201592.2233713 66569535
cloud0_tkemenade 24845896063 40419 6373

1721201593.2261448 66569597
cloud_controller_tkemenade 11606331053 38743 8141

1721201593.2267342 66569597
cloud0_tkemenade 24845896063 40452 6380

1721201594.2294838 66569673
cloud_controller_tkemenade 11606331053 38769 8152

1721201594.230173 66569673
cloud0_tkemenade 24845896063 40498 6396

1721201595.2328699 66569747
cloud_controller_tkemenade 11606331053 38811 8160

1721201595.2334325 66569747
cloud0_tkemenade 24845896063 40531 6403

1721201596.2361119 66569789
cloud_controller_tkemenade 11606331053 38839 8173

1721201596.2366903 66569789
cloud0_tkemenade 24845896063 40551 6412

1721201597.2393916 66569834
cloud_controller_tkemenade 11606331053 38869 8181

1721201597.2399173 66569834
cloud0_tkemenade 24845896063 40572 6420

1721201598.242717 66569905
cloud_controller_tkemenade 11606331053 38908 8194

1721201598.243291 66569905
cloud0_tkemenade 24845896063 40605 6436

1721201599.2456799 66569959
cloud_controller_tkemenade 11607240830 38930 8209

1721201599.246014 66569959
cloud0_tkemenade 24846799587 40624 6446

1721201600.2482276 66570007
cloud_controller_tkemenade 11607240830 38948 8216

1721201600.2487993 66570007
cloud0_tkemenade 24846799587 40651 6453

1721201601.251401 66570043
cloud_controller_tkemenade 11607240830 38979 8231

1721201601.2519257 66570043
cloud0_tkemenade 24846799587 40660 6458

1721201602.25455 66570123
cloud_controller_tkemenade 11607240830 39015 8242

1721201602.255071 66570123
cloud0_tkemenade 24846799587 40706 6465

1721201603.2576222 66570177
cloud_controller_tkemenade 11607240830 39038 8250

1721201603.2581432 66570177
cloud0_tkemenade 24846799587 40739 6469

1721201604.2606523 66570236
cloud_controller_tkemenade 11607240830 39063 8258

1721201604.2611392 66570236
cloud0_tkemenade 24846799587 40780 6478

1721201605.263533 66570283
cloud_controller_tkemenade 11607240830 39095 8269

1721201605.2640922 66570283
cloud0_tkemenade 24846799587 40797 6481

1721201606.26671 66570355
cloud_controller_tkemenade 11608206509 39128 8277

1721201606.2672186 66570355
cloud0_tkemenade 24847704238 40834 6488

1721201607.269959 66570444
cloud_controller_tkemenade 11608206509 39170 8289

1721201607.2705607 66570445
cloud0_tkemenade 24847704238 40884 6496

1721201608.2731876 66570502
cloud_controller_tkemenade 11608206509 39198 8295

1721201608.2737472 66570502
cloud0_tkemenade 24847704238 40913 6502

1721201609.2763112 66570573
cloud_controller_tkemenade 11608206509 39228 8305

1721201609.2768774 66570573
cloud0_tkemenade 24847704238 40945 6506

1721201610.2791553 66570654
cloud_controller_tkemenade 11608206509 39279 8314

1721201610.2797124 66570654
cloud0_tkemenade 24847704238 40980 6513

1721201611.2822285 66570709
cloud_controller_tkemenade 11608206509 39314 8320

1721201611.282728 66570709
cloud0_tkemenade 24847704238 41003 6517

1721201612.2852678 66570758
cloud_controller_tkemenade 11608206509 39345 8328

1721201612.285786 66570758
cloud0_tkemenade 24847704238 41026 6523

1721201613.288295 66570807
cloud_controller_tkemenade 11608206509 39372 8338

1721201613.2888174 66570807
cloud0_tkemenade 24847704238 41052 6527

1721201613.3892999 66570809
cloud_controller_tkemenade 11609259396 39374 8338

1721201613.38977 66570809
cloud0_tkemenade 24848588525 41053 6527

1721201614.392391 66570880
cloud_controller_tkemenade 11609259396 39404 8346

1721201614.3929641 66570880
cloud0_tkemenade 24848588525 41096 6532

1721201615.3955925 66570929
cloud_controller_tkemenade 11609259396 39433 8354

1721201615.3961508 66570929
cloud0_tkemenade 24848588525 41120 6535

1721201616.3987231 66570962
cloud_controller_tkemenade 11609259396 39461 8362

1721201616.399282 66570962
cloud0_tkemenade 24848588525 41131 6541

1721201617.4019115 66571019
cloud_controller_tkemenade 11609259396 39486 8372

1721201617.4024916 66571019
cloud0_tkemenade 24848588525 41164 6546

1721201618.405107 66571073
cloud_controller_tkemenade 11609259396 39512 8377

1721201618.4056737 66571073
cloud0_tkemenade 24848588525 41192 6558

1721201619.4080873 66571130
cloud_controller_tkemenade 11609259396 39537 8390

1721201619.408638 66571130
cloud0_tkemenade 24848588525 41217 6564

1721201620.4109633 66571171
cloud_controller_tkemenade 11610006229 39557 8395

1721201620.411492 66571171
cloud0_tkemenade 24849300985 41238 6569

1721201621.4141135 66571225
cloud_controller_tkemenade 11610006229 39592 8403

1721201621.4147077 66571225
cloud0_tkemenade 24849300985 41258 6574

1721201622.4172275 66571268
cloud_controller_tkemenade 11610006229 39617 8412

1721201622.417792 66571268
cloud0_tkemenade 24849300985 41285 6581

1721201623.42023 66571337
cloud_controller_tkemenade 11610006229 39647 8423

1721201623.4207904 66571337
cloud0_tkemenade 24849300985 41321 6589

1721201624.4232023 66571400
cloud_controller_tkemenade 11610006229 39669 8428

1721201624.423767 66571400
cloud0_tkemenade 24849300985 41370 6597

1721201625.4264038 66571467
cloud_controller_tkemenade 11610006229 39712 8438

1721201625.426963 66571467
cloud0_tkemenade 24849300985 41403 6604

1721201626.4294999 66571515
cloud_controller_tkemenade 11610006229 39741 8444

1721201626.4300709 66571515
cloud0_tkemenade 24849300985 41421 6614

1721201627.432506 66571562
cloud_controller_tkemenade 11610006229 39771 8453

1721201627.43306 66571562
cloud0_tkemenade 24849300985 41446 6622

1721201627.5335474 66571569
cloud_controller_tkemenade 11610851998 39773 8454

1721201627.5340424 66571569
cloud0_tkemenade 24850103697 41447 6623

1721201628.5366662 66571639
cloud_controller_tkemenade 11610851998 39810 8464

1721201628.5372376 66571639
cloud0_tkemenade 24850103697 41487 6629

1721201629.539866 66571694
cloud_controller_tkemenade 11610851998 39837 8472

1721201629.5404363 66571694
cloud0_tkemenade 24850103697 41507 6633

1721201630.543058 66571743
cloud_controller_tkemenade 11610851998 39863 8478

1721201630.5436254 66571743
cloud0_tkemenade 24850103697 41530 6636

1721201631.5462644 66571795
cloud_controller_tkemenade 11610851998 39899 8488

1721201631.5468616 66571795
cloud0_tkemenade 24850103697 41553 6640

1721201632.549428 66571855
cloud_controller_tkemenade 11610851998 39935 8496

1721201632.549972 66571855
cloud0_tkemenade 24850103697 41578 6645

1721201633.5527155 66571914
cloud_controller_tkemenade 11610851998 39960 8508

1721201633.5532746 66571914
cloud0_tkemenade 24850103697 41614 6652

1721201634.55573 66571974
cloud_controller_tkemenade 11610851998 39986 8515

1721201634.5562346 66571974
cloud0_tkemenade 24850103697 41649 6662

1721201634.6567202 66571978
cloud_controller_tkemenade 11611693994 39988 8515

1721201634.6572053 66571978
cloud0_tkemenade 24850847357 41651 6662

1721201635.6597528 66572038
cloud_controller_tkemenade 11611693994 40015 8521

1721201635.6603334 66572038
cloud0_tkemenade 24850847357 41676 6670

1721201636.662885 66572122
cloud_controller_tkemenade 11611693994 40064 8526

1721201636.663467 66572122
cloud0_tkemenade 24850847357 41714 6677

1721201637.6660862 66572190
cloud_controller_tkemenade 11611693994 40090 8539

1721201637.666697 66572191
cloud0_tkemenade 24850847357 41756 6683

1721201638.6694613 66572250
cloud_controller_tkemenade 11611693994 40115 8544

1721201638.6700325 66572250
cloud0_tkemenade 24850847357 41793 6690

1721201639.6725738 66572299
cloud_controller_tkemenade 11611693994 40142 8550

1721201639.6731107 66572299
cloud0_tkemenade 24850847357 41812 6696

1721201640.6757216 66572389
cloud_controller_tkemenade 11611693994 40198 8560

1721201640.6762805 66572389
cloud0_tkemenade 24850847357 41848 6706

1721201641.6789255 66572445
cloud_controller_tkemenade 11611693994 40233 8571

1721201641.6794906 66572445
cloud0_tkemenade 24850847357 41872 6711

1721201641.780001 66572467
cloud_controller_tkemenade 11612637507 40240 8571

1721201641.7805688 66572467
cloud0_tkemenade 24851699856 41880 6711

1721201642.7830975 66572517
cloud_controller_tkemenade 11612637507 40267 8577

1721201642.7836795 66572517
cloud0_tkemenade 24851699856 41903 6715

1721201643.786432 66572571
cloud_controller_tkemenade 11612637507 40303 8592

1721201643.7870095 66572571
cloud0_tkemenade 24851699856 41924 6718

1721201644.7897646 66572640
cloud_controller_tkemenade 11612637507 40331 8601

1721201644.790354 66572640
cloud0_tkemenade 24851699856 41962 6722

1721201645.792986 66572690
cloud_controller_tkemenade 11612637507 40357 8610

1721201645.7935536 66572690
cloud0_tkemenade 24851699856 41986 6728

1721201646.7962606 66572737
cloud_controller_tkemenade 11612637507 40381 8619

1721201646.7968442 66572737
cloud0_tkemenade 24851699856 42007 6734

1721201647.7995331 66572787
cloud_controller_tkemenade 11612637507 40411 8629

1721201647.8001082 66572787
cloud0_tkemenade 24851699856 42029 6737

1721201648.8026645 66572841
cloud_controller_tkemenade 11613429591 40435 8635

1721201648.8032243 66572841
cloud0_tkemenade 24852320014 42052 6741

1721201649.8057716 66572897
cloud_controller_tkemenade 11613429591 40459 8644

1721201649.80616 66572897
cloud0_tkemenade 24852320014 42073 6746

1721201650.808774 66572938
cloud_controller_tkemenade 11613429591 40482 8651

1721201650.809345 66572938
cloud0_tkemenade 24852320014 42087 6750

1721201651.8119912 66572990
cloud_controller_tkemenade 11613429591 40516 8660

1721201651.8125668 66572990
cloud0_tkemenade 24852320014 42106 6756

1721201652.815346 66573036
cloud_controller_tkemenade 11613429591 40539 8669

1721201652.815921 66573036
cloud0_tkemenade 24852320014 42132 6760

1721201653.8186753 66573111
cloud_controller_tkemenade 11613429591 40570 8679

1721201653.819261 66573111
cloud0_tkemenade 24852320014 42177 6764

1721201654.8220315 66573157
cloud_controller_tkemenade 11613429591 40594 8697

1721201654.8226485 66573157
cloud0_tkemenade 24852320014 42206 6773

1721201655.8253577 66573232
cloud_controller_tkemenade 11614237038 40625 8708

1721201655.8259623 66573232
cloud0_tkemenade 24853022276 42246 6778

1721201656.828748 66573282
cloud_controller_tkemenade 11614237038 40658 8712

1721201656.829341 66573282
cloud0_tkemenade 24853022276 42267 6787

1721201657.8321455 66573328
cloud_controller_tkemenade 11614237038 40694 8723

1721201657.8327146 66573328
cloud0_tkemenade 24853022276 42281 6790

1721201658.8354127 66573379
cloud_controller_tkemenade 11614237038 40723 8731

1721201658.8359876 66573379
cloud0_tkemenade 24853022276 42307 6796

1721201659.8387234 66573436
cloud_controller_tkemenade 11614237038 40754 8742

1721201659.8393188 66573436
cloud0_tkemenade 24853022276 42331 6804

1721201660.8419712 66573485
cloud_controller_tkemenade 11614237038 40773 8748

1721201660.8425705 66573485
cloud0_tkemenade 24853022276 42348 6808

1721201661.8453279 66573561
cloud_controller_tkemenade 11614237038 40816 8758

1721201661.845913 66573561
cloud0_tkemenade 24853022276 42382 6813

1721201662.8486316 66573608
cloud_controller_tkemenade 11614237038 40840 8766

1721201662.8491943 66573608
cloud0_tkemenade 24853022276 42404 6819

1721201662.9496865 66573613
cloud_controller_tkemenade 11615079920 40843 8767

1721201662.9501932 66573613
cloud0_tkemenade 24853636941 42407 6819

1721201663.9527624 66573667
cloud_controller_tkemenade 11615079920 40874 8776

1721201663.9533396 66573667
cloud0_tkemenade 24853636941 42434 6822

1721201664.9561062 66573726
cloud_controller_tkemenade 11615079920 40903 8784

1721201664.956684 66573726
cloud0_tkemenade 24853636941 42464 6828

1721201665.9592645 66573800
cloud_controller_tkemenade 11615079920 40935 8794

1721201665.9598372 66573800
cloud0_tkemenade 24853636941 42505 6834

1721201666.9626665 66573882
cloud_controller_tkemenade 11615079920 40972 8800

1721201666.9632566 66573882
cloud0_tkemenade 24853636941 42553 6844

1721201667.9658997 66573934
cloud_controller_tkemenade 11615079920 41005 8814

1721201667.9665062 66573935
cloud0_tkemenade 24853636941 42575 6849

1721201668.9692302 66573987
cloud_controller_tkemenade 11615079920 41028 8823

1721201668.969818 66573987
cloud0_tkemenade 24853636941 42607 6855

1721201669.8719938 66574057
cloud_controller_tkemenade 11615995078 41058 8839

1721201669.8725774 66574057
cloud0_tkemenade 24854498636 42639 6861

1721201670.8750799 66574128
cloud_controller_tkemenade 11615995078 41094 8849

1721201670.8756568 66574128
cloud0_tkemenade 24854498636 42664 6867

1721201671.8782604 66574195
cloud_controller_tkemenade 11615995078 41130 8863

1721201671.8788376 66574195
cloud0_tkemenade 24854498636 42696 6874

1721201672.8815699 66574240
cloud_controller_tkemenade 11615995078 41153 8871

1721201672.8821528 66574240
cloud0_tkemenade 24854498636 42722 6878

1721201673.8848748 66574289
cloud_controller_tkemenade 11615995078 41186 8882

1721201673.8854415 66574289
cloud0_tkemenade 24854498636 42739 6884

1721201674.8882263 66574362
cloud_controller_tkemenade 11615995078 41220 8890

1721201674.8888106 66574362
cloud0_tkemenade 24854498636 42780 6891

1721201675.8914669 66574408
cloud_controller_tkemenade 11615995078 41248 8904

1721201675.8920074 66574408
cloud0_tkemenade 24854498636 42801 6894

1721201676.8946373 66574448
cloud_controller_tkemenade 11616856766 41267 8910

1721201676.8951876 66574448
cloud0_tkemenade 24855171248 42816 6898

1721201677.89784 66574499
cloud_controller_tkemenade 11616856766 41301 8918

1721201677.8984547 66574500
cloud0_tkemenade 24855171248 42835 6903

1721201678.9011037 66574547
cloud_controller_tkemenade 11616856766 41323 8926

1721201678.9016771 66574547
cloud0_tkemenade 24855171248 42859 6908

1721201679.9043355 66574589
cloud_controller_tkemenade 11616856766 41345 8938

1721201679.9049053 66574589
cloud0_tkemenade 24855171248 42881 6914

1721201680.9074745 66574640
cloud_controller_tkemenade 11616856766 41367 8946

1721201680.9080334 66574640
cloud0_tkemenade 24855171248 42897 6919

1721201681.9105735 66574682
cloud_controller_tkemenade 11616856766 41399 8955

1721201681.9110863 66574682
cloud0_tkemenade 24855171248 42918 6924

1721201682.9135725 66574729
cloud_controller_tkemenade 11616856766 41421 8961

1721201682.9141014 66574729
cloud0_tkemenade 24855171248 42944 6931

1721201683.9167852 66574803
cloud_controller_tkemenade 11616856766 41449 8969

1721201683.9172993 66574803
cloud0_tkemenade 24855171248 42993 6940

1721201684.0177953 66574815
cloud_controller_tkemenade 11617673687 41453 8971

1721201684.0183463 66574816
cloud0_tkemenade 24855911165 42994 6941

1721201685.0210447 66574894
cloud_controller_tkemenade 11617673687 41489 8982

1721201685.0216334 66574894
cloud0_tkemenade 24855911165 43041 6949

1721201686.0243769 66574961
cloud_controller_tkemenade 11617673687 41526 8994

1721201686.0249605 66574961
cloud0_tkemenade 24855911165 43065 6957

1721201687.0277174 66575039
cloud_controller_tkemenade 11617673687 41583 9002

1721201687.028282 66575039
cloud0_tkemenade 24855911165 43088 6961

1721201688.0309455 66575103
cloud_controller_tkemenade 11617673687 41629 9008

1721201688.0315173 66575103
cloud0_tkemenade 24855911165 43108 6966

1721201689.0341392 66575138
cloud_controller_tkemenade 11617673687 41651 9013

1721201689.0347078 66575138
cloud0_tkemenade 24855911165 43124 6971

1721201690.0374327 66575196
cloud_controller_tkemenade 11617673687 41683 9021

1721201690.0380228 66575196
cloud0_tkemenade 24855911165 43145 6978

1721201691.0406716 66575247
cloud_controller_tkemenade 11617673687 41710 9031

1721201691.0412176 66575247
cloud0_tkemenade 24855911165 43160 6981

1721201691.1416512 66575254
cloud_controller_tkemenade 11618664252 41717 9031

1721201691.1421733 66575254
cloud0_tkemenade 24856547957 43162 6981

1721201692.1449177 66575337
cloud_controller_tkemenade 11618664252 41753 9040

1721201692.145452 66575337
cloud0_tkemenade 24856547957 43210 6985

1721201693.1480997 66575387
cloud_controller_tkemenade 11618664252 41778 9046

1721201693.1486635 66575387
cloud0_tkemenade 24856547957 43240 6990

1721201694.1513574 66575438
cloud_controller_tkemenade 11618664252 41806 9051

1721201694.1519332 66575438
cloud0_tkemenade 24856547957 43262 6993

1721201695.1545887 66575494
cloud_controller_tkemenade 11618664252 41837 9057

1721201695.1551535 66575494
cloud0_tkemenade 24856547957 43287 7000

1721201696.1579123 66575568
cloud_controller_tkemenade 11618664252 41870 9068

1721201696.1585064 66575568
cloud0_tkemenade 24856547957 43331 7006

1721201697.1612368 66575659
cloud_controller_tkemenade 11618664252 41916 9080

1721201697.161774 66575659
cloud0_tkemenade 24856547957 43378 7011

1721201698.0638537 66575717
cloud_controller_tkemenade 11619639669 41947 9089

1721201698.064362 66575717
cloud0_tkemenade 24857440431 43397 7013

1721201699.0670052 66575767
cloud_controller_tkemenade 11619639669 41966 9096

1721201699.0677097 66575767
cloud0_tkemenade 24857440431 43422 7019

1721201700.070204 66575854
cloud_controller_tkemenade 11619639669 42006 9103

1721201700.0708175 66575854
cloud0_tkemenade 24857440431 43453 7027

1721201701.07356 66575953
cloud_controller_tkemenade 11619639669 42056 9111

1721201701.074123 66575953
cloud0_tkemenade 24857440431 43487 7034

1721201702.0768914 66576019
cloud_controller_tkemenade 11619639669 42091 9119

1721201702.0774612 66576019
cloud0_tkemenade 24857440431 43513 7041

1721201703.0801823 66576063
cloud_controller_tkemenade 11619639669 42112 9128

1721201703.080777 66576063
cloud0_tkemenade 24857440431 43513 7065

1721201704.0835223 66576147
cloud_controller_tkemenade 11619639669 42150 9137

1721201704.0841222 66576147
cloud0_tkemenade 24857440431 43521 7087

1721201705.0869339 66576227
cloud_controller_tkemenade 11619639669 42178 9144

1721201705.0875092 66576227
cloud0_tkemenade 24857440431 43551 7103

1721201705.1880126 66576236
cloud_controller_tkemenade 11620522636 42182 9144

1721201705.188597 66576236
cloud0_tkemenade 24858189431 43553 7104

1721201706.1913629 66576326
cloud_controller_tkemenade 11620522636 42209 9150

1721201706.191944 66576326
cloud0_tkemenade 24858189431 43581 7116

1721201707.194769 66576412
cloud_controller_tkemenade 11620522636 42235 9157

1721201707.1953444 66576412
cloud0_tkemenade 24858189431 43610 7122

1721201708.1980622 66576495
cloud_controller_tkemenade 11620522636 42267 9165

1721201708.1986651 66576495
cloud0_tkemenade 24858189431 43630 7128

1721201709.2015288 66576562
cloud_controller_tkemenade 11620522636 42293 9170

1721201709.2021015 66576562
cloud0_tkemenade 24858189431 43649 7147

1721201710.2048464 66576618
cloud_controller_tkemenade 11620522636 42316 9182

1721201710.205387 66576618
cloud0_tkemenade 24858189431 43672 7159

1721201711.2081952 66576677
cloud_controller_tkemenade 11620522636 42344 9190

1721201711.2087955 66576677
cloud0_tkemenade 24858189431 43691 7168

1721201712.2115853 66576775
cloud_controller_tkemenade 11621276863 42374 9198

1721201712.2121677 66576775
cloud0_tkemenade 24858897481 43722 7173

1721201713.2148147 66576831
cloud_controller_tkemenade 11621276863 42401 9206

1721201713.215403 66576831
cloud0_tkemenade 24858897481 43749 7184

1721201714.218161 66576908
cloud_controller_tkemenade 11621276863 42429 9212

1721201714.218748 66576908
cloud0_tkemenade 24858897481 43795 7191

1721201715.221419 66576986
cloud_controller_tkemenade 11621276863 42465 9218

1721201715.222011 66576986
cloud0_tkemenade 24858897481 43838 7207

1721201716.2246647 66577045
cloud_controller_tkemenade 11621276863 42498 9226

1721201716.2252343 66577045
cloud0_tkemenade 24858897481 43861 7213

1721201717.227816 66577090
cloud_controller_tkemenade 11621276863 42521 9236

1721201717.228344 66577090
cloud0_tkemenade 24858897481 43881 7218

1721201718.2310183 66577159
cloud_controller_tkemenade 11621276863 42564 9244

1721201718.2316031 66577159
cloud0_tkemenade 24858897481 43902 7222

1721201719.2341855 66577189
cloud_controller_tkemenade 11621276863 42586 9250

1721201719.2347715 66577189
cloud0_tkemenade 24858897481 43914 7226

1721201719.4354568 66577196
cloud_controller_tkemenade 11622082471 42588 9251

1721201719.4359603 66577196
cloud0_tkemenade 24859664011 43916 7226

1721201720.4384675 66577250
cloud_controller_tkemenade 11622082471 42610 9260

1721201720.439031 66577250
cloud0_tkemenade 24859664011 43946 7232

1721201721.4414487 66577286
cloud_controller_tkemenade 11622082471 42632 9270

1721201721.4418526 66577286
cloud0_tkemenade 24859664011 43958 7234

1721201722.4444332 66577365
cloud_controller_tkemenade 11622082471 42670 9281

1721201722.4450068 66577365
cloud0_tkemenade 24859664011 43992 7240

1721201723.4478288 66577426
cloud_controller_tkemenade 11622082471 42700 9291

1721201723.4484096 66577426
cloud0_tkemenade 24859664011 44026 7246

1721201724.4511573 66577465
cloud_controller_tkemenade 11622082471 42723 9306

1721201724.451691 66577465
cloud0_tkemenade 24859664011 44041 7250

1721201725.4544241 66577529
cloud_controller_tkemenade 11622082471 42753 9315

1721201725.4550002 66577529
cloud0_tkemenade 24859664011 44076 7256

1721201726.4576313 66577601
cloud_controller_tkemenade 11622913583 42787 9329

1721201726.4582546 66577602
cloud0_tkemenade 24860374178 44114 7259

1721201727.461118 66577701
cloud_controller_tkemenade 11622913583 42825 9339

1721201727.4616978 66577701
cloud0_tkemenade 24860374178 44173 7270

1721201728.4645314 66577764
cloud_controller_tkemenade 11622913583 42867 9352

1721201728.4651136 66577764
cloud0_tkemenade 24860374178 44192 7276

1721201729.4678204 66577806
cloud_controller_tkemenade 11622913583 42885 9356

1721201729.4683983 66577806
cloud0_tkemenade 24860374178 44218 7280

1721201730.471064 66577907
cloud_controller_tkemenade 11622913583 42938 9379

1721201730.4716527 66577907
cloud0_tkemenade 24860374178 44262 7286

1721201731.474393 66577959
cloud_controller_tkemenade 11622913583 42972 9390

1721201731.4749525 66577959
cloud0_tkemenade 24860374178 44285 7294

1721201732.4775064 66578019
cloud_controller_tkemenade 11622913583 42999 9398

1721201732.4780636 66578019
cloud0_tkemenade 24860374178 44304 7300

1721201733.480654 66578070
cloud_controller_tkemenade 11623922790 43029 9407

1721201733.4812 66578070
cloud0_tkemenade 24861167346 44324 7303

1721201734.4838893 66578129
cloud_controller_tkemenade 11623922790 43057 9420

1721201734.4844332 66578129
cloud0_tkemenade 24861167346 44352 7307

1721201735.4870129 66578193
cloud_controller_tkemenade 11623922790 43088 9431

1721201735.4875424 66578193
cloud0_tkemenade 24861167346 44388 7315

1721201736.4902115 66578230
cloud_controller_tkemenade 11623922790 43114 9442

1721201736.4908028 66578230
cloud0_tkemenade 24861167346 44402 7319

1721201737.4935324 66578276
cloud_controller_tkemenade 11623922790 43139 9451

1721201737.4940925 66578276
cloud0_tkemenade 24861167346 44423 7325

1721201738.49675 66578328
cloud_controller_tkemenade 11623922790 43175 9468

1721201738.4972942 66578328
cloud0_tkemenade 24861167346 44440 7331

1721201739.4998796 66578354
cloud_controller_tkemenade 11623922790 43191 9475

1721201739.5004132 66578354
cloud0_tkemenade 24861167346 44452 7336

1721201740.5031765 66578409
cloud_controller_tkemenade 11623922790 43218 9486

1721201740.5037699 66578409
cloud0_tkemenade 24861167346 44482 7340

1721201740.604281 66578417
cloud_controller_tkemenade 11624802925 43219 9486

1721201740.6047835 66578417
cloud0_tkemenade 24861800653 44482 7341

1721201741.6074202 66578459
cloud_controller_tkemenade 11624802925 43247 9495

1721201741.60797 66578459
cloud0_tkemenade 24861800653 44499 7345

1721201742.6106575 66578536
cloud_controller_tkemenade 11624802925 43273 9511

1721201742.611231 66578536
cloud0_tkemenade 24861800653 44531 7349

1721201743.614075 66578595
cloud_controller_tkemenade 11624802925 43304 9519

1721201743.6146636 66578595
cloud0_tkemenade 24861800653 44556 7355

1721201744.617333 66578655
cloud_controller_tkemenade 11624802925 43330 9526

1721201744.6178968 66578655
cloud0_tkemenade 24861800653 44595 7359

1721201745.6205482 66578751
cloud_controller_tkemenade 11624802925 43370 9535

1721201745.6211069 66578751
cloud0_tkemenade 24861800653 44645 7370

1721201746.6235223 66578800
cloud_controller_tkemenade 11624802925 43404 9543

1721201746.624075 66578800
cloud0_tkemenade 24861800653 44665 7377

1721201747.6266055 66578845
cloud_controller_tkemenade 11625636071 43426 9549

1721201747.6271245 66578845
cloud0_tkemenade 24862541228 44680 7383

1721201748.6294537 66578907
cloud_controller_tkemenade 11625636071 43464 9561

1721201748.630017 66578907
cloud0_tkemenade 24862541228 44707 7386

1721201749.632447 66578941
cloud_controller_tkemenade 11625636071 43483 9566

1721201749.6329985 66578941
cloud0_tkemenade 24862541228 44722 7389

1721201750.635331 66579000
cloud_controller_tkemenade 11625636071 43520 9570

1721201750.6358926 66579000
cloud0_tkemenade 24862541228 44748 7392

1721201751.63847 66579063
cloud_controller_tkemenade 11625636071 43548 9581

1721201751.639052 66579063
cloud0_tkemenade 24862541228 44779 7395

1721201752.6418438 66579143
cloud_controller_tkemenade 11625636071 43571 9600

1721201752.6423843 66579143
cloud0_tkemenade 24862541228 44807 7399

1721201753.645043 66579203
cloud_controller_tkemenade 11625636071 43597 9606

1721201753.6456044 66579203
cloud0_tkemenade 24862541228 44830 7402

1721201754.6480722 66579271
cloud_controller_tkemenade 11626424957 43628 9611

1721201754.648605 66579271
cloud0_tkemenade 24863119133 44848 7406

1721201755.6510973 66579359
cloud_controller_tkemenade 11626424957 43658 9615

1721201755.6516883 66579359
cloud0_tkemenade 24863119133 44888 7413

1721201756.6544685 66579465
cloud_controller_tkemenade 11626424957 43712 9623

1721201756.6550333 66579465
cloud0_tkemenade 24863119133 44927 7419

1721201757.6576924 66579547
cloud_controller_tkemenade 11626424957 43745 9625

1721201757.6582735 66579548
cloud0_tkemenade 24863119133 44967 7425

1721201758.661079 66579617
cloud_controller_tkemenade 11626424957 43779 9631

1721201758.6616607 66579617
cloud0_tkemenade 24863119133 44993 7431

1721201759.6642232 66579667
cloud_controller_tkemenade 11626424957 43797 9639

1721201759.664746 66579667
cloud0_tkemenade 24863119133 45013 7435

1721201760.6672947 66579779
cloud_controller_tkemenade 11626424957 43834 9670

1721201760.667864 66579779
cloud0_tkemenade 24863119133 45056 7444

1721201761.6702335 66579849
cloud_controller_tkemenade 11627351631 43839 9701

1721201761.6707695 66579849
cloud0_tkemenade 24863985437 45086 7452

1721201762.6732512 66579939
cloud_controller_tkemenade 11627351631 43862 9718

1721201762.6738136 66579939
cloud0_tkemenade 24863985437 45113 7462

1721201763.676436 66580015
cloud_controller_tkemenade 11627351631 43893 9726

1721201763.6769943 66580015
cloud0_tkemenade 24863985437 45130 7469

1721201764.679502 66580096
cloud_controller_tkemenade 11627351631 43925 9736

1721201764.6800737 66580096
cloud0_tkemenade 24863985437 45158 7479

1721201765.6826153 66580190
cloud_controller_tkemenade 11627351631 43953 9745

1721201765.6831872 66580190
cloud0_tkemenade 24863985437 45200 7486

1721201766.6858118 66580274
cloud_controller_tkemenade 11627351631 43982 9756

1721201766.6863554 66580275
cloud0_tkemenade 24863985437 45223 7497

1721201767.6889427 66580363
cloud_controller_tkemenade 11627351631 44012 9760

1721201767.6895175 66580363
cloud0_tkemenade 24863985437 45255 7505

1721201768.6920786 66580449
cloud_controller_tkemenade 11627351631 44048 9765

1721201768.6926584 66580449
cloud0_tkemenade 24863985437 45278 7516

1721201768.793153 66580457
cloud_controller_tkemenade 11628177029 44053 9765

1721201768.793663 66580457
cloud0_tkemenade 24864756809 45279 7517

1721201769.7961905 66580533
cloud_controller_tkemenade 11628177029 44081 9765

1721201769.7967668 66580533
cloud0_tkemenade 24864756809 45301 7524

1721201770.7993317 66580603
cloud_controller_tkemenade 11628177029 44110 9767

1721201770.7998977 66580603
cloud0_tkemenade 24864756809 45322 7536

1721201771.8024476 66580683
cloud_controller_tkemenade 11628177029 44143 9774

1721201771.8030267 66580683
cloud0_tkemenade 24864756809 45351 7543

1721201772.8057764 66580771
cloud_controller_tkemenade 11628177029 44170 9785

1721201772.8062556 66580771
cloud0_tkemenade 24864756809 45381 7551

1721201773.808678 66580857
cloud_controller_tkemenade 11628177029 44194 9793

1721201773.8092186 66580857
cloud0_tkemenade 24864756809 45425 7557

