1717340520.3035023 340530043
cloud_controller_tkemenade 7940613818 18810 4034
cloud0_tkemenade 19481883613 14508 2950

1717340521.3058972 340530409
cloud_controller_tkemenade 7940613818 18838 4044

1717340521.3064394 340530409
cloud0_tkemenade 19481883613 14573 2960

1717340522.3090878 340530557
cloud_controller_tkemenade 7940613818 18864 4052

1717340522.30966 340530557
cloud0_tkemenade 19481883613 14631 2968

1717340523.3121517 340530698
cloud_controller_tkemenade 7940613818 18894 4068

1717340523.3127222 340530698
cloud0_tkemenade 19481883613 14664 2973

1717340524.315082 340530857
cloud_controller_tkemenade 7940613818 18931 4075

1717340524.3156176 340530857
cloud0_tkemenade 19481883613 14704 2978

1717340525.31812 340531035
cloud_controller_tkemenade 7940613818 18962 4089

1717340525.3186886 340531035
cloud0_tkemenade 19481883613 14764 2990

1717340526.3212872 340531216
cloud_controller_tkemenade 7940613818 19010 4103

1717340526.3218195 340531216
cloud0_tkemenade 19481883613 14825 3002

1717340527.3242135 340531361
cloud_controller_tkemenade 7940613818 19051 4114

1717340527.32477 340531361
cloud0_tkemenade 19481883613 14846 3006

1717340528.3270783 340531493
cloud_controller_tkemenade 7940613818 19088 4124

1717340528.3276412 340531493
cloud0_tkemenade 19481883613 14871 3012

1717340529.33017 340531648
cloud_controller_tkemenade 7940613818 19121 4140

1717340529.330732 340531648
cloud0_tkemenade 19481883613 14898 3019

1717340530.3332334 340531848
cloud_controller_tkemenade 7940613818 19144 4147

1717340530.3335838 340531848
cloud0_tkemenade 19481883613 14937 3026

1717340531.335686 340532199
cloud_controller_tkemenade 7940613818 19167 4155

1717340531.336229 340532199
cloud0_tkemenade 19481883613 14971 3033

1717340532.338644 340532346
cloud_controller_tkemenade 7940613818 19192 4166

1717340532.3391821 340532346
cloud0_tkemenade 19481883613 15008 3039

1717340533.3417242 340532482
cloud_controller_tkemenade 7940613818 19233 4182

1717340533.3420944 340532482
cloud0_tkemenade 19481883613 15036 3045

1717340534.3447483 340532652
cloud_controller_tkemenade 7940613818 19261 4190

1717340534.3453698 340532655
cloud0_tkemenade 19481883613 15099 3058

1717340534.746468 340532747
cloud_controller_tkemenade 7941894504 19270 4194

1717340534.7469785 340532747
cloud0_tkemenade 19483396307 15130 3062

1717340535.749508 340532910
cloud_controller_tkemenade 7941894504 19296 4205

1717340535.7500622 340532910
cloud0_tkemenade 19483396307 15198 3073

1717340536.752608 340533062
cloud_controller_tkemenade 7941894504 19333 4217

1717340536.7531707 340533064
cloud0_tkemenade 19483396307 15228 3081

1717340537.755616 340533201
cloud_controller_tkemenade 7941894504 19363 4227

1717340537.755987 340533201
cloud0_tkemenade 19483396307 15256 3085

1717340538.7583745 340533348
cloud_controller_tkemenade 7941894504 19407 4241

1717340538.7589464 340533348
cloud0_tkemenade 19483396307 15296 3093

1717340539.761486 340533507
cloud_controller_tkemenade 7941894504 19438 4257

1717340539.7620077 340533507
cloud0_tkemenade 19483396307 15332 3100

1717340540.7643359 340533796
cloud_controller_tkemenade 7941894504 19457 4264

1717340540.7647176 340533796
cloud0_tkemenade 19483396307 15356 3106

1717340541.7677495 340534038
cloud_controller_tkemenade 7941894504 19493 4279

1717340541.7683132 340534038
cloud0_tkemenade 19483396307 15390 3113

1717340541.969049 340534062
cloud_controller_tkemenade 7943329415 19496 4282

1717340541.9696383 340534062
cloud0_tkemenade 19484831218 15394 3113

1717340542.9720614 340534166
cloud_controller_tkemenade 7943329415 19529 4293

1717340542.9726155 340534166
cloud0_tkemenade 19484831218 15409 3118

1717340543.9750357 340534327
cloud_controller_tkemenade 7943329415 19565 4306

1717340543.9756067 340534327
cloud0_tkemenade 19484831218 15441 3134

1717340544.9779963 340534587
cloud_controller_tkemenade 7943329415 19604 4316

1717340544.9786363 340534587
cloud0_tkemenade 19484831218 15495 3156

1717340545.9812593 340534818
cloud_controller_tkemenade 7943329415 19650 4328

1717340545.981812 340534818
cloud0_tkemenade 19484831218 15542 3190

1717340546.9844568 340535051
cloud_controller_tkemenade 7943329415 19696 4347

1717340546.9850059 340535051
cloud0_tkemenade 19484831218 15634 3204

1717340547.9876409 340535198
cloud_controller_tkemenade 7943329415 19723 4361

1717340547.9881878 340535198
cloud0_tkemenade 19484831218 15659 3210

1717340548.990635 340535356
cloud_controller_tkemenade 7943329415 19763 4378

1717340548.9911203 340535356
cloud0_tkemenade 19484831218 15692 3214

1717340549.0916224 340535379
cloud_controller_tkemenade 7944923981 19771 4381

1717340549.0922034 340535379
cloud0_tkemenade 19486583056 15698 3216

1717340550.0947587 340535570
cloud_controller_tkemenade 7944923981 19813 4397

1717340550.0951056 340535570
cloud0_tkemenade 19486583056 15751 3226

1717340551.0974767 340535958
cloud_controller_tkemenade 7944923981 19839 4409

1717340551.098082 340535958
cloud0_tkemenade 19486583056 15783 3231

1717340552.1005695 340536127
cloud_controller_tkemenade 7944923981 19860 4418

1717340552.1011224 340536128
cloud0_tkemenade 19486583056 15817 3235

1717340553.1037626 340536282
cloud_controller_tkemenade 7944923981 19902 4433

1717340553.1043231 340536282
cloud0_tkemenade 19486583056 15859 3239

1717340554.1067307 340536472
cloud_controller_tkemenade 7944923981 19944 4448

1717340554.1070895 340536472
cloud0_tkemenade 19486583056 15896 3246

1717340555.109425 340536652
cloud_controller_tkemenade 7944923981 19973 4461

1717340555.1099908 340536652
cloud0_tkemenade 19486583056 15950 3259

1717340556.112589 340536803
cloud_controller_tkemenade 7944923981 20010 4478

1717340556.1131425 340536804
cloud0_tkemenade 19486583056 15976 3267

1717340556.313796 340536831
cloud_controller_tkemenade 7946493289 20017 4482

1717340556.314324 340536831
cloud0_tkemenade 19488107527 15979 3268

1717340557.3166401 340536968
cloud_controller_tkemenade 7946493289 20049 4497

1717340557.3172157 340536969
cloud0_tkemenade 19488107527 16000 3277

1717340558.3195822 340537100
cloud_controller_tkemenade 7946493289 20076 4504

1717340558.32012 340537100
cloud0_tkemenade 19488107527 16024 3286

1717340559.3224745 340537241
cloud_controller_tkemenade 7946493289 20120 4516

1717340559.323012 340537241
cloud0_tkemenade 19488107527 16047 3295

1717340560.325489 340537403
cloud_controller_tkemenade 7946493289 20141 4531

1717340560.3260605 340537403
cloud0_tkemenade 19488107527 16080 3307

1717340561.3284671 340537795
cloud_controller_tkemenade 7946493289 20166 4540

1717340561.3289936 340537795
cloud0_tkemenade 19488107527 16111 3315

1717340562.3319945 340537940
cloud_controller_tkemenade 7946493289 20184 4550

1717340562.332538 340537940
cloud0_tkemenade 19488107527 16147 3319

1717340563.3350072 340538071
cloud_controller_tkemenade 7946493289 20219 4565

1717340563.3355417 340538071
cloud0_tkemenade 19488107527 16167 3326

1717340563.4360523 340538090
cloud_controller_tkemenade 7947812858 20224 4568

1717340563.4365664 340538090
cloud0_tkemenade 19489222028 16170 3326

1717340564.439103 340538278
cloud_controller_tkemenade 7947812858 20254 4577

1717340564.4396636 340538278
cloud0_tkemenade 19489222028 16226 3335

1717340565.4421246 340538461
cloud_controller_tkemenade 7947812858 20280 4588

1717340565.442674 340538461
cloud0_tkemenade 19489222028 16287 3346

1717340566.444979 340538634
cloud_controller_tkemenade 7947812858 20315 4599

1717340566.4455357 340538635
cloud0_tkemenade 19489222028 16321 3351

1717340567.4480786 340538798
cloud_controller_tkemenade 7947812858 20356 4616

1717340567.448613 340538798
cloud0_tkemenade 19489222028 16339 3360

1717340568.451112 340538942
cloud_controller_tkemenade 7947812858 20397 4631

1717340568.4516559 340538942
cloud0_tkemenade 19489222028 16363 3367

1717340569.454018 340539068
cloud_controller_tkemenade 7947812858 20433 4644

1717340569.454556 340539068
cloud0_tkemenade 19489222028 16380 3371

1717340570.4570017 340539242
cloud_controller_tkemenade 7947812858 20458 4652

1717340570.4575696 340539242
cloud0_tkemenade 19489222028 16400 3377

1717340570.5580387 340539289
cloud_controller_tkemenade 7949275590 20459 4653

1717340570.5586953 340539289
cloud0_tkemenade 19490490632 16407 3378

1717340571.5612311 340539604
cloud_controller_tkemenade 7949275590 20488 4662

1717340571.5617702 340539604
cloud0_tkemenade 19490490632 16425 3383

1717340572.5641427 340539732
cloud_controller_tkemenade 7949275590 20522 4669

1717340572.564687 340539732
cloud0_tkemenade 19490490632 16438 3386

1717340573.5671868 340539889
cloud_controller_tkemenade 7949275590 20561 4678

1717340573.5677512 340539889
cloud0_tkemenade 19490490632 16467 3391

1717340574.5699716 340540036
cloud_controller_tkemenade 7949275590 20588 4686

1717340574.5704794 340540036
cloud0_tkemenade 19490490632 16485 3395

1717340575.573073 340540224
cloud_controller_tkemenade 7949275590 20617 4695

1717340575.573647 340540224
cloud0_tkemenade 19490490632 16542 3407

1717340576.5762591 340540416
cloud_controller_tkemenade 7949275590 20662 4711

1717340576.5768182 340540416
cloud0_tkemenade 19490490632 16595 3424

1717340577.5791838 340540571
cloud_controller_tkemenade 7949275590 20691 4723

1717340577.579724 340540571
cloud0_tkemenade 19490490632 16636 3434

1717340577.6802332 340540585
cloud_controller_tkemenade 7950659527 20693 4724

1717340577.6808126 340540585
cloud0_tkemenade 19491828895 16638 3434

1717340578.6832392 340540738
cloud_controller_tkemenade 7950659527 20732 4741

1717340578.6837916 340540738
cloud0_tkemenade 19491828895 16669 3444

1717340579.6861246 340540864
cloud_controller_tkemenade 7950659527 20773 4759

1717340579.6866734 340540864
cloud0_tkemenade 19491828895 16688 3451

1717340580.6891863 340541184
cloud_controller_tkemenade 7950659527 20817 4770

1717340580.689714 340541184
cloud0_tkemenade 19491828895 16735 3463

1717340581.6921225 340541459
cloud_controller_tkemenade 7950659527 20840 4779

1717340581.692659 340541459
cloud0_tkemenade 19491828895 16775 3473

1717340582.695089 340541584
cloud_controller_tkemenade 7950659527 20866 4792

1717340582.6956193 340541584
cloud0_tkemenade 19491828895 16800 3480

1717340583.698021 340541746
cloud_controller_tkemenade 7950659527 20901 4810

1717340583.6985352 340541746
cloud0_tkemenade 19491828895 16848 3488

1717340584.7008636 340541901
cloud_controller_tkemenade 7952292469 20933 4827

1717340584.7011855 340541902
cloud0_tkemenade 19493219744 16871 3493

1717340585.7032857 340542084
cloud_controller_tkemenade 7952292469 20968 4841

1717340585.7038274 340542084
cloud0_tkemenade 19493219744 16934 3507

1717340586.7061594 340542226
cloud_controller_tkemenade 7952292469 20993 4854

1717340586.7066708 340542226
cloud0_tkemenade 19493219744 16947 3512

1717340587.7091143 340542376
cloud_controller_tkemenade 7952292469 21026 4870

1717340587.7097063 340542376
cloud0_tkemenade 19493219744 16960 3517

1717340588.7120807 340542493
cloud_controller_tkemenade 7952292469 21051 4880

1717340588.7126193 340542493
cloud0_tkemenade 19493219744 16980 3521

1717340589.7151225 340542637
cloud_controller_tkemenade 7952292469 21094 4895

1717340589.7156756 340542637
cloud0_tkemenade 19493219744 17012 3525

1717340590.7178304 340542880
cloud_controller_tkemenade 7952292469 21112 4905

1717340590.7182956 340542880
cloud0_tkemenade 19493219744 17040 3534

1717340591.620105 340543127
cloud_controller_tkemenade 7953655081 21135 4917

1717340591.6206443 340543127
cloud0_tkemenade 19494313541 17060 3539

1717340592.6231043 340543300
cloud_controller_tkemenade 7953655081 21155 4930

1717340592.6236398 340543300
cloud0_tkemenade 19494313541 17118 3544

1717340593.626081 340543466
cloud_controller_tkemenade 7953655081 21191 4949

1717340593.6266332 340543466
cloud0_tkemenade 19494313541 17149 3553

1717340594.6293306 340543626
cloud_controller_tkemenade 7953655081 21225 4958

1717340594.6298919 340543626
cloud0_tkemenade 19494313541 17193 3562

1717340595.6324584 340543805
cloud_controller_tkemenade 7953655081 21252 4972

1717340595.6330535 340543805
cloud0_tkemenade 19494313541 17257 3582

1717340596.6357012 340543967
cloud_controller_tkemenade 7953655081 21277 4982

1717340596.6362615 340543967
cloud0_tkemenade 19494313541 17277 3589

1717340597.6387854 340544108
cloud_controller_tkemenade 7953655081 21319 5002

1717340597.6391294 340544108
cloud0_tkemenade 19494313541 17292 3591

1717340598.6419315 340544237
cloud_controller_tkemenade 7953655081 21362 5015

1717340598.6424963 340544237
cloud0_tkemenade 19494313541 17312 3596

1717340598.8431447 340544264
cloud_controller_tkemenade 7955070560 21365 5017

1717340598.8436847 340544264
cloud0_tkemenade 19495655657 17313 3597

1717340599.8461318 340544388
cloud_controller_tkemenade 7955070560 21398 5032

1717340599.846692 340544388
cloud0_tkemenade 19495655657 17332 3600

1717340600.8489351 340544658
cloud_controller_tkemenade 7955070560 21417 5043

1717340600.8495038 340544658
cloud0_tkemenade 19495655657 17352 3605

1717340601.8520238 340544931
cloud_controller_tkemenade 7955070560 21450 5058

1717340601.8525887 340544931
cloud0_tkemenade 19495655657 17367 3611

1717340602.8550777 340545058
cloud_controller_tkemenade 7955070560 21483 5069

1717340602.8556323 340545058
cloud0_tkemenade 19495655657 17376 3614

1717340603.8581145 340545203
cloud_controller_tkemenade 7955070560 21514 5082

1717340603.8586662 340545203
cloud0_tkemenade 19495655657 17412 3620

1717340604.8613086 340545344
cloud_controller_tkemenade 7955070560 21545 5091

1717340604.8618891 340545344
cloud0_tkemenade 19495655657 17431 3623

1717340605.864287 340545538
cloud_controller_tkemenade 7955070560 21577 5106

1717340605.864644 340545538
cloud0_tkemenade 19495655657 17507 3646

1717340605.9650376 340545555
cloud_controller_tkemenade 7956455366 21579 5106

1717340605.9656386 340545555
cloud0_tkemenade 19496766244 17512 3646

1717340606.9681797 340545769
cloud_controller_tkemenade 7956455366 21617 5120

1717340606.9687376 340545769
cloud0_tkemenade 19496766244 17576 3666

1717340607.9712496 340545912
cloud_controller_tkemenade 7956455366 21647 5138

1717340607.9717915 340545912
cloud0_tkemenade 19496766244 17602 3676

1717340608.9741635 340546062
cloud_controller_tkemenade 7956455366 21714 5150

1717340608.9746988 340546062
cloud0_tkemenade 19496766244 17620 3682

1717340609.977243 340546252
cloud_controller_tkemenade 7956455366 21767 5171

1717340609.9777944 340546252
cloud0_tkemenade 19496766244 17673 3690

1717340610.9801638 340546563
cloud_controller_tkemenade 7956455366 21792 5182

1717340610.9807217 340546563
cloud0_tkemenade 19496766244 17702 3699

1717340611.9831662 340546808
cloud_controller_tkemenade 7956455366 21815 5190

1717340611.9837117 340546808
cloud0_tkemenade 19496766244 17734 3704

1717340612.9861283 340546939
cloud_controller_tkemenade 7956455366 21847 5202

1717340612.9866688 340546939
cloud0_tkemenade 19496766244 17752 3707

1717340613.1873598 340546966
cloud_controller_tkemenade 7958120943 21852 5205

1717340613.1879 340546966
cloud0_tkemenade 19498149748 17757 3707

1717340614.190398 340547114
cloud_controller_tkemenade 7958120943 21883 5215

1717340614.1909528 340547114
cloud0_tkemenade 19498149748 17783 3714

1717340615.1934905 340547296
cloud_controller_tkemenade 7958120943 21924 5230

1717340615.1940255 340547296
cloud0_tkemenade 19498149748 17807 3720

1717340616.1967194 340547453
cloud_controller_tkemenade 7958120943 21953 5246

1717340616.197072 340547453
cloud0_tkemenade 19498149748 17843 3733

1717340617.1994905 340547599
cloud_controller_tkemenade 7958120943 21984 5259

1717340617.2000725 340547599
cloud0_tkemenade 19498149748 17854 3738

1717340618.2025733 340547722
cloud_controller_tkemenade 7958120943 22012 5269

1717340618.2031212 340547722
cloud0_tkemenade 19498149748 17868 3743

1717340619.2055707 340547846
cloud_controller_tkemenade 7958120943 22040 5280

1717340619.2061198 340547846
cloud0_tkemenade 19498149748 17882 3747

1717340620.2084212 340547982
cloud_controller_tkemenade 7959504429 22071 5297

1717340620.2087104 340547982
cloud0_tkemenade 19499024924 17905 3755

1717340621.2109358 340548302
cloud_controller_tkemenade 7959504429 22094 5308

1717340621.2115066 340548302
cloud0_tkemenade 19499024924 17931 3766

1717340622.214105 340548524
cloud_controller_tkemenade 7959504429 22118 5318

1717340622.2147653 340548524
cloud0_tkemenade 19499024924 17972 3776

1717340623.2174761 340548657
cloud_controller_tkemenade 7959504429 22145 5328

1717340623.218029 340548657
cloud0_tkemenade 19499024924 17990 3783

1717340624.2205544 340548844
cloud_controller_tkemenade 7959504429 22181 5339

1717340624.2211218 340548844
cloud0_tkemenade 19499024924 18034 3793

1717340625.2238455 340549005
cloud_controller_tkemenade 7959504429 22216 5356

1717340625.2243617 340549005
cloud0_tkemenade 19499024924 18078 3801

1717340626.2266934 340549192
cloud_controller_tkemenade 7959504429 22256 5376

1717340626.227242 340549192
cloud0_tkemenade 19499024924 18112 3812

1717340627.2295012 340549360
cloud_controller_tkemenade 7959504429 22285 5386

1717340627.2300901 340549360
cloud0_tkemenade 19499024924 18137 3817

1717340627.4308388 340549406
cloud_controller_tkemenade 7960872110 22294 5390

1717340627.4314482 340549406
cloud0_tkemenade 19500356613 18139 3818

1717340628.4341106 340549554
cloud_controller_tkemenade 7960872110 22337 5404

1717340628.4346752 340549554
cloud0_tkemenade 19500356613 18161 3823

1717340629.4373395 340549676
cloud_controller_tkemenade 7960872110 22367 5416

1717340629.437911 340549676
cloud0_tkemenade 19500356613 18179 3828

1717340630.4402814 340549854
cloud_controller_tkemenade 7960872110 22409 5429

1717340630.4406605 340549854
cloud0_tkemenade 19500356613 18206 3834

1717340631.4427934 340550232
cloud_controller_tkemenade 7960872110 22432 5442

1717340631.4433465 340550232
cloud0_tkemenade 19500356613 18290 3848

1717340632.44593 340550543
cloud_controller_tkemenade 7960872110 22472 5457

1717340632.4464974 340550543
cloud0_tkemenade 19500356613 18405 3890

1717340633.4491441 340550746
cloud_controller_tkemenade 7960872110 22494 5467

1717340633.4497175 340550746
cloud0_tkemenade 19500356613 18514 3902

1717340634.4519906 340551020
cloud_controller_tkemenade 7960872110 22523 5484

1717340634.4525552 340551020
cloud0_tkemenade 19500356613 18675 3921

1717340634.75355 340551079
cloud_controller_tkemenade 7962401599 22534 5485

1717340634.7540972 340551079
cloud0_tkemenade 19503274136 18698 3927

1717340635.7565155 340551348
cloud_controller_tkemenade 7962401599 22603 5503

1717340635.7568872 340551348
cloud0_tkemenade 19503274136 18819 3951

1717340636.7592633 340551578
cloud_controller_tkemenade 7962401599 22688 5527

1717340636.7598186 340551578
cloud0_tkemenade 19503274136 18871 3961

1717340637.7622776 340551796
cloud_controller_tkemenade 7962401599 22748 5568

1717340637.7628303 340551796
cloud0_tkemenade 19503274136 18918 3975

1717340638.7652926 340552064
cloud_controller_tkemenade 7962401599 22884 5614

1717340638.7658486 340552064
cloud0_tkemenade 19503274136 18957 3984

1717340639.768488 340552363
cloud_controller_tkemenade 7962401599 22999 5644

1717340639.769028 340552363
cloud0_tkemenade 19503274136 19064 3997

1717340640.771286 340552827
cloud_controller_tkemenade 7962401599 23149 5665

1717340640.7716954 340552827
cloud0_tkemenade 19503274136 19175 4018

1717340641.7739925 340553160
cloud_controller_tkemenade 7962401599 23256 5685

1717340641.7743177 340553160
cloud0_tkemenade 19503274136 19237 4039

1717340641.8746564 340553228
cloud_controller_tkemenade 7966934165 23276 5687

1717340641.8752038 340553228
cloud0_tkemenade 19506514480 19266 4039

1717340642.8774788 340553754
cloud_controller_tkemenade 7966934165 23424 5709

1717340642.8778412 340553754
cloud0_tkemenade 19506514480 19517 4046

1717340643.8803148 340554073
cloud_controller_tkemenade 7966934165 23478 5721

1717340643.8808115 340554073
cloud0_tkemenade 19506514480 19701 4063

1717340644.8833091 340554307
cloud_controller_tkemenade 7966934165 23520 5735

1717340644.883846 340554307
cloud0_tkemenade 19506514480 19803 4080

1717340645.8864436 340554637
cloud_controller_tkemenade 7966934165 23641 5756

1717340645.8869946 340554637
cloud0_tkemenade 19506514480 19943 4107

1717340646.8894665 340554934
cloud_controller_tkemenade 7966934165 23759 5773

1717340646.890014 340554934
cloud0_tkemenade 19506514480 20033 4150

1717340647.8924475 340555209
cloud_controller_tkemenade 7966934165 23853 5804

1717340647.8929887 340555209
cloud0_tkemenade 19506514480 20128 4154

1717340648.895288 340555701
cloud_controller_tkemenade 7966934165 24126 5816

1717340648.8958242 340555701
cloud0_tkemenade 19506514480 20254 4168

1717340649.0965583 340555768
cloud_controller_tkemenade 7971872598 24151 5818

1717340649.097147 340555770
cloud0_tkemenade 19512172388 20281 4171

1717340650.0994768 340556175
cloud_controller_tkemenade 7971872598 24337 5832

1717340650.0998223 340556175
cloud0_tkemenade 19512172388 20428 4186

1717340651.1020072 340556516
cloud_controller_tkemenade 7971872598 24376 5855

1717340651.1025715 340556516
cloud0_tkemenade 19512172388 20471 4207

1717340652.1050878 340556861
cloud_controller_tkemenade 7971872598 24525 5886

1717340652.1056616 340556861
cloud0_tkemenade 19512172388 20555 4224

1717340653.1082594 340557150
cloud_controller_tkemenade 7971872598 24654 5900

1717340653.1088312 340557150
cloud0_tkemenade 19512172388 20579 4231

1717340654.1113088 340557405
cloud_controller_tkemenade 7971872598 24785 5918

1717340654.1118553 340557405
cloud0_tkemenade 19512172388 20635 4242

1717340655.1142313 340557703
cloud_controller_tkemenade 7971872598 24959 5943

1717340655.114795 340557703
cloud0_tkemenade 19512172388 20669 4247

1717340656.1172588 340557877
cloud_controller_tkemenade 7971872598 25011 5973

1717340656.1178038 340557877
cloud0_tkemenade 19512172388 20722 4262

1717340656.2182863 340557895
cloud_controller_tkemenade 7976821551 25018 5980

1717340656.2188625 340557895
cloud0_tkemenade 19514815032 20723 4262

1717340657.2211118 340558041
cloud_controller_tkemenade 7976821551 25054 5995

1717340657.2217042 340558041
cloud0_tkemenade 19514815032 20734 4267

1717340658.224325 340558225
cloud_controller_tkemenade 7976821551 25112 6015

1717340658.2248998 340558225
cloud0_tkemenade 19514815032 20753 4273

1717340659.2274687 340558360
cloud_controller_tkemenade 7976821551 25144 6023

1717340659.2280242 340558360
cloud0_tkemenade 19514815032 20767 4276

1717340660.230483 340558500
cloud_controller_tkemenade 7976821551 25183 6036

1717340660.2308302 340558500
cloud0_tkemenade 19514815032 20785 4283

1717340661.2334826 340558843
cloud_controller_tkemenade 7976821551 25205 6042

1717340661.2340348 340558843
cloud0_tkemenade 19514815032 20811 4291

1717340662.236725 340558972
cloud_controller_tkemenade 7976821551 25239 6055

1717340662.237298 340558972
cloud0_tkemenade 19514815032 20829 4297

1717340663.239767 340559149
cloud_controller_tkemenade 7978394466 25267 6067

1717340663.2402787 340559149
cloud0_tkemenade 19515525090 20839 4303

1717340664.2429464 340559295
cloud_controller_tkemenade 7978394466 25297 6078

1717340664.2435205 340559295
cloud0_tkemenade 19515525090 20874 4312

1717340665.2460845 340559426
cloud_controller_tkemenade 7978394466 25328 6088

1717340665.2466288 340559426
cloud0_tkemenade 19515525090 20897 4315

1717340666.24931 340559642
cloud_controller_tkemenade 7978394466 25367 6103

1717340666.2499034 340559642
cloud0_tkemenade 19515525090 20980 4332

1717340667.252448 340559806
cloud_controller_tkemenade 7978394466 25403 6115

1717340667.253014 340559806
cloud0_tkemenade 19515525090 21021 4346

1717340668.255547 340559978
cloud_controller_tkemenade 7978394466 25448 6126

1717340668.2560744 340559978
cloud0_tkemenade 19515525090 21050 4351

1717340669.258536 340560108
cloud_controller_tkemenade 7978394466 25479 6135

1717340669.259083 340560108
cloud0_tkemenade 19515525090 21071 4361

1717340670.2616117 340560263
cloud_controller_tkemenade 7978394466 25526 6158

1717340670.2619572 340560263
cloud0_tkemenade 19515525090 21102 4367

1717340670.462413 340560342
cloud_controller_tkemenade 7979971218 25530 6160

1717340670.4627926 340560342
cloud0_tkemenade 19517070751 21125 4370

1717340671.465114 340560654
cloud_controller_tkemenade 7979971218 25552 6173

1717340671.4656806 340560654
cloud0_tkemenade 19517070751 21172 4381

1717340672.4682233 340560804
cloud_controller_tkemenade 7979971218 25585 6189

1717340672.4688787 340560804
cloud0_tkemenade 19517070751 21202 4390

1717340673.471449 340560990
cloud_controller_tkemenade 7979971218 25613 6198

1717340673.4720573 340560990
cloud0_tkemenade 19517070751 21234 4393

1717340674.4745882 340561154
cloud_controller_tkemenade 7979971218 25645 6207

1717340674.47515 340561154
cloud0_tkemenade 19517070751 21248 4401

1717340675.4778137 340561280
cloud_controller_tkemenade 7979971218 25675 6218

1717340675.4783466 340561280
cloud0_tkemenade 19517070751 21271 4407

1717340676.4810593 340561446
cloud_controller_tkemenade 7979971218 25716 6233

1717340676.4816463 340561446
cloud0_tkemenade 19517070751 21322 4421

1717340677.4840412 340561576
cloud_controller_tkemenade 7981273804 25739 6242

1717340677.48459 340561576
cloud0_tkemenade 19518300719 21336 4426

1717340678.4870336 340561737
cloud_controller_tkemenade 7981273804 25772 6255

1717340678.4876356 340561737
cloud0_tkemenade 19518300719 21354 4435

1717340679.4903324 340561863
cloud_controller_tkemenade 7981273804 25807 6265

1717340679.4907053 340561863
cloud0_tkemenade 19518300719 21371 4444

1717340680.493039 340562097
cloud_controller_tkemenade 7981273804 25895 6280

1717340680.4936128 340562097
cloud0_tkemenade 19518300719 21394 4450

1717340681.496024 340562386
cloud_controller_tkemenade 7981273804 25919 6287

1717340681.4965076 340562386
cloud0_tkemenade 19518300719 21426 4464

1717340682.4996533 340562543
cloud_controller_tkemenade 7981273804 25951 6301

1717340682.5002038 340562543
cloud0_tkemenade 19518300719 21460 4471

1717340683.5028365 340562682
cloud_controller_tkemenade 7981273804 25979 6309

1717340683.5034025 340562682
cloud0_tkemenade 19518300719 21477 4479

1717340684.5058851 340562885
cloud_controller_tkemenade 7981273804 26008 6320

1717340684.5064359 340562885
cloud0_tkemenade 19518300719 21518 4489

1717340684.7070575 340562912
cloud_controller_tkemenade 7982876266 26013 6321

1717340684.7076209 340562912
cloud0_tkemenade 19519420185 21522 4496

1717340685.7101285 340563072
cloud_controller_tkemenade 7982876266 26054 6332

1717340685.7106762 340563072
cloud0_tkemenade 19519420185 21568 4511

1717340686.7132711 340563243
cloud_controller_tkemenade 7982876266 26090 6348

1717340686.7138402 340563243
cloud0_tkemenade 19519420185 21609 4529

1717340687.7161741 340563376
cloud_controller_tkemenade 7982876266 26123 6358

1717340687.7167256 340563376
cloud0_tkemenade 19519420185 21617 4537

1717340688.7189932 340563524
cloud_controller_tkemenade 7982876266 26163 6371

1717340688.7195332 340563524
cloud0_tkemenade 19519420185 21641 4550

1717340689.7216868 340563651
cloud_controller_tkemenade 7982876266 26188 6383

1717340689.7222278 340563651
cloud0_tkemenade 19519420185 21659 4558

1717340690.7245557 340563934
cloud_controller_tkemenade 7982876266 26222 6396

1717340690.7249212 340563934
cloud0_tkemenade 19519420185 21686 4569

1717340691.727065 340564137
cloud_controller_tkemenade 7982876266 26259 6405

1717340691.72761 340564137
cloud0_tkemenade 19519420185 21710 4579

1717340692.028581 340564187
cloud_controller_tkemenade 7984380793 26266 6407

1717340692.0291471 340564188
cloud0_tkemenade 19520670990 21712 4579

1717340693.0315487 340564309
cloud_controller_tkemenade 7984380793 26302 6420

1717340693.032114 340564309
cloud0_tkemenade 19520670990 21718 4585

1717340694.0345838 340564532
cloud_controller_tkemenade 7984380793 26330 6425

1717340694.0351677 340564532
cloud0_tkemenade 19520670990 21756 4590

1717340695.0375414 340564674
cloud_controller_tkemenade 7984380793 26356 6433

1717340695.0380957 340564674
cloud0_tkemenade 19520670990 21775 4596

1717340696.0404372 340564885
cloud_controller_tkemenade 7984380793 26397 6448

1717340696.0409896 340564885
cloud0_tkemenade 19520670990 21843 4614

1717340697.0443168 340565090
cloud_controller_tkemenade 7984380793 26443 6462

1717340697.044873 340565090
cloud0_tkemenade 19520670990 21903 4635

1717340698.0471554 340565216
cloud_controller_tkemenade 7984380793 26465 6476

1717340698.0477026 340565216
cloud0_tkemenade 19520670990 21918 4642

1717340699.05004 340565398
cloud_controller_tkemenade 7985795329 26508 6486

1717340699.0504599 340565398
cloud0_tkemenade 19521970595 21937 4648

1717340700.0528536 340565549
cloud_controller_tkemenade 7985795329 26542 6496

1717340700.053213 340565550
cloud0_tkemenade 19521970595 21970 4656

1717340701.0554302 340565902
cloud_controller_tkemenade 7985795329 26580 6512

1717340701.0558696 340565902
cloud0_tkemenade 19521970595 22002 4664

1717340702.0582068 340566072
cloud_controller_tkemenade 7985795329 26605 6523

1717340702.058754 340566072
cloud0_tkemenade 19521970595 22040 4674

1717340703.0612864 340566218
cloud_controller_tkemenade 7985795329 26644 6540

1717340703.0618455 340566218
cloud0_tkemenade 19521970595 22060 4678

1717340704.0645864 340566376
cloud_controller_tkemenade 7985795329 26666 6552

1717340704.0651815 340566378
cloud0_tkemenade 19521970595 22097 4686

1717340705.06782 340566538
cloud_controller_tkemenade 7985795329 26698 6563

1717340705.0683815 340566538
cloud0_tkemenade 19521970595 22112 4691

1717340706.0707808 340566658
cloud_controller_tkemenade 7985795329 26730 6574

1717340706.0713408 340566658
cloud0_tkemenade 19521970595 22140 4698

1717340706.272057 340566694
cloud_controller_tkemenade 7987243307 26738 6580

1717340706.2726088 340566694
cloud0_tkemenade 19523153260 22149 4700

1717340707.2750409 340566819
cloud_controller_tkemenade 7987243307 26763 6591

1717340707.2756174 340566819
cloud0_tkemenade 19523153260 22177 4711

1717340708.2781637 340566969
cloud_controller_tkemenade 7987243307 26794 6604

1717340708.2787087 340566969
cloud0_tkemenade 19523153260 22190 4716

1717340709.2814562 340567113
cloud_controller_tkemenade 7987243307 26824 6614

1717340709.2820406 340567113
cloud0_tkemenade 19523153260 22205 4720

1717340710.2845726 340567244
cloud_controller_tkemenade 7987243307 26847 6628

1717340710.285135 340567245
cloud0_tkemenade 19523153260 22226 4727

1717340711.2875786 340567623
cloud_controller_tkemenade 7987243307 26876 6642

1717340711.2881393 340567623
cloud0_tkemenade 19523153260 22262 4733

1717340712.2907248 340567787
cloud_controller_tkemenade 7987243307 26904 6658

1717340712.2912843 340567787
cloud0_tkemenade 19523153260 22290 4740

1717340713.293815 340567934
cloud_controller_tkemenade 7987243307 26934 6675

1717340713.294322 340567934
cloud0_tkemenade 19523153260 22310 4748

1717340713.3948255 340567947
cloud_controller_tkemenade 7988591728 26936 6675

1717340713.3953602 340567947
cloud0_tkemenade 19524104821 22314 4748

1717340714.3978467 340568138
cloud_controller_tkemenade 7988591728 26962 6687

1717340714.3984036 340568138
cloud0_tkemenade 19524104821 22361 4758

1717340715.4009297 340568316
cloud_controller_tkemenade 7988591728 26992 6697

1717340715.401523 340568316
cloud0_tkemenade 19524104821 22398 4765

1717340716.4039006 340568466
cloud_controller_tkemenade 7988591728 27032 6712

1717340716.4044642 340568466
cloud0_tkemenade 19524104821 22447 4776

1717340717.4069328 340568585
cloud_controller_tkemenade 7988591728 27059 6723

1717340717.4074767 340568585
cloud0_tkemenade 19524104821 22465 4780

1717340718.409937 340568738
cloud_controller_tkemenade 7988591728 27104 6735

1717340718.4104495 340568738
cloud0_tkemenade 19524104821 22480 4789

1717340719.4131331 340568851
cloud_controller_tkemenade 7988591728 27127 6745

1717340719.4137135 340568851
cloud0_tkemenade 19524104821 22492 4792

1717340720.4162514 340569012
cloud_controller_tkemenade 7989879630 27148 6753

1717340720.4165723 340569012
cloud0_tkemenade 19525184711 22505 4797

1717340721.4186943 340569325
cloud_controller_tkemenade 7989879630 27173 6764

1717340721.4192476 340569325
cloud0_tkemenade 19525184711 22532 4805

1717340722.4216027 340569462
cloud_controller_tkemenade 7989879630 27216 6781

1717340722.422135 340569462
cloud0_tkemenade 19525184711 22543 4808

1717340723.4246871 340569591
cloud_controller_tkemenade 7989879630 27249 6791

1717340723.4252574 340569592
cloud0_tkemenade 19525184711 22560 4811

1717340724.427655 340569744
cloud_controller_tkemenade 7989879630 27277 6801

1717340724.4282806 340569744
cloud0_tkemenade 19525184711 22590 4818

1717340725.4305446 340569936
cloud_controller_tkemenade 7989879630 27306 6811

1717340725.4310782 340569936
cloud0_tkemenade 19525184711 22616 4825

1717340726.433517 340570110
cloud_controller_tkemenade 7989879630 27351 6826

1717340726.434067 340570110
cloud0_tkemenade 19525184711 22674 4838

1717340727.4366632 340570283
cloud_controller_tkemenade 7989879630 27384 6838

1717340727.437234 340570283
cloud0_tkemenade 19525184711 22740 4852

1717340727.537666 340570303
cloud_controller_tkemenade 7991339861 27386 6838

1717340727.5381727 340570303
cloud0_tkemenade 19526500275 22741 4852

1717340728.5406199 340570440
cloud_controller_tkemenade 7991339861 27417 6850

1717340728.5411906 340570441
cloud0_tkemenade 19526500275 22766 4856

1717340729.5437858 340570549
cloud_controller_tkemenade 7991339861 27448 6860

1717340729.54439 340570549
cloud0_tkemenade 19526500275 22780 4859

1717340730.546675 340570811
cloud_controller_tkemenade 7991339861 27492 6874

1717340730.5472376 340570811
cloud0_tkemenade 19526500275 22835 4870

1717340731.5496862 340571116
cloud_controller_tkemenade 7991339861 27518 6882

1717340731.5502279 340571116
cloud0_tkemenade 19526500275 22878 4878

1717340732.5527434 340571264
cloud_controller_tkemenade 7991339861 27553 6899

1717340732.5533 340571264
cloud0_tkemenade 19526500275 22906 4883

1717340733.555683 340571388
cloud_controller_tkemenade 7991339861 27587 6912

1717340733.5562425 340571388
cloud0_tkemenade 19526500275 22927 4889

1717340734.558577 340571554
cloud_controller_tkemenade 7991339861 27612 6920

1717340734.5591137 340571554
cloud0_tkemenade 19526500275 22941 4897

1717340734.6595662 340571567
cloud_controller_tkemenade 7992753640 27614 6921

1717340734.660093 340571567
cloud0_tkemenade 19527617616 22941 4897

1717340735.6627584 340571768
cloud_controller_tkemenade 7992753640 27650 6931

1717340735.6633205 340571768
cloud0_tkemenade 19527617616 22970 4904

1717340736.6658423 340571926
cloud_controller_tkemenade 7992753640 27684 6942

1717340736.6663842 340571926
cloud0_tkemenade 19527617616 23010 4918

1717340737.668811 340572044
cloud_controller_tkemenade 7992753640 27714 6952

1717340737.6691494 340572044
cloud0_tkemenade 19527617616 23026 4925

1717340738.6714816 340572209
cloud_controller_tkemenade 7992753640 27753 6961

1717340738.6720386 340572209
cloud0_tkemenade 19527617616 23046 4931

1717340739.674987 340572321
cloud_controller_tkemenade 7992753640 27780 6969

1717340739.6755161 340572321
cloud0_tkemenade 19527617616 23064 4940

1717340740.6779275 340572593
cloud_controller_tkemenade 7992753640 27809 6979

1717340740.6783829 340572593
cloud0_tkemenade 19527617616 23092 4948

1717340741.680825 340572832
cloud_controller_tkemenade 7992753640 27844 6988

1717340741.6813643 340572833
cloud0_tkemenade 19527617616 23119 4956

1717340741.7818716 340572850
cloud_controller_tkemenade 7994097158 27845 6989

1717340741.7824233 340572850
cloud0_tkemenade 19528682545 23121 4956

1717340742.7847495 340573005
cloud_controller_tkemenade 7994097158 27878 7002

1717340742.7853081 340573005
cloud0_tkemenade 19528682545 23159 4965

1717340743.787885 340573158
cloud_controller_tkemenade 7994097158 27906 7013

1717340743.788452 340573158
cloud0_tkemenade 19528682545 23201 4974

1717340744.791032 340573306
cloud_controller_tkemenade 7994097158 27929 7021

1717340744.79159 340573306
cloud0_tkemenade 19528682545 23227 4977

1717340745.7941365 340573526
cloud_controller_tkemenade 7994097158 27973 7033

1717340745.7946587 340573526
cloud0_tkemenade 19528682545 23275 4984

1717340746.797389 340573667
cloud_controller_tkemenade 7994097158 28007 7046

1717340746.7979558 340573667
cloud0_tkemenade 19528682545 23320 5000

1717340747.8005059 340573798
cloud_controller_tkemenade 7994097158 28041 7057

1717340747.8010328 340573798
cloud0_tkemenade 19528682545 23333 5003

1717340748.803541 340573960
cloud_controller_tkemenade 7994097158 28086 7075

1717340748.804044 340573960
cloud0_tkemenade 19528682545 23350 5010

1717340748.9045074 340573981
cloud_controller_tkemenade 7995559679 28093 7076

1717340748.905062 340573981
cloud0_tkemenade 19529949470 23351 5010

1717340749.9074798 340574107
cloud_controller_tkemenade 7995559679 28124 7087

1717340749.9080245 340574107
cloud0_tkemenade 19529949470 23370 5013

1717340750.9103785 340574422
cloud_controller_tkemenade 7995559679 28148 7094

1717340750.910929 340574422
cloud0_tkemenade 19529949470 23391 5018

1717340751.9133313 340574612
cloud_controller_tkemenade 7995559679 28194 7107

1717340751.9138753 340574612
cloud0_tkemenade 19529949470 23418 5030

1717340752.9165037 340574741
cloud_controller_tkemenade 7995559679 28226 7126

1717340752.917051 340574741
cloud0_tkemenade 19529949470 23429 5033

1717340753.9196682 340574876
cloud_controller_tkemenade 7995559679 28249 7137

1717340753.9202273 340574876
cloud0_tkemenade 19529949470 23454 5038

1717340754.9227371 340575032
cloud_controller_tkemenade 7995559679 28276 7146

1717340754.9232674 340575032
cloud0_tkemenade 19529949470 23496 5046

1717340755.9256084 340575261
cloud_controller_tkemenade 7995559679 28322 7159

1717340755.9261365 340575261
cloud0_tkemenade 19529949470 23560 5064

1717340756.1268098 340575308
cloud_controller_tkemenade 7997020070 28335 7162

1717340756.1273925 340575308
cloud0_tkemenade 19531174021 23571 5068

1717340757.129728 340575489
cloud_controller_tkemenade 7997020070 28378 7177

1717340757.1300864 340575489
cloud0_tkemenade 19531174021 23631 5089

1717340758.1325622 340575644
cloud_controller_tkemenade 7997020070 28414 7193

1717340758.1329234 340575644
cloud0_tkemenade 19531174021 23654 5092

1717340759.1352227 340575776
cloud_controller_tkemenade 7997020070 28446 7206

1717340759.135791 340575776
cloud0_tkemenade 19531174021 23671 5099

1717340760.1381967 340575914
cloud_controller_tkemenade 7997020070 28491 7217

1717340760.138542 340575914
cloud0_tkemenade 19531174021 23705 5108

1717340761.1409075 340576287
cloud_controller_tkemenade 7997020070 28528 7229

1717340761.14129 340576287
cloud0_tkemenade 19531174021 23743 5117

1717340762.1436179 340576425
cloud_controller_tkemenade 7997020070 28555 7241

1717340762.1441677 340576425
cloud0_tkemenade 19531174021 23773 5123

1717340763.1465394 340576572
cloud_controller_tkemenade 7997020070 28595 7263

1717340763.1471028 340576572
cloud0_tkemenade 19531174021 23802 5128

1717340763.3478599 340576614
cloud_controller_tkemenade 7998742581 28604 7265

1717340763.3484218 340576614
cloud0_tkemenade 19532582532 23816 5130

1717340764.3507504 340576760
cloud_controller_tkemenade 7998742581 28631 7275

1717340764.3512962 340576760
cloud0_tkemenade 19532582532 23839 5139

1717340765.353751 340576902
cloud_controller_tkemenade 7998742581 28661 7284

1717340765.3543048 340576902
cloud0_tkemenade 19532582532 23860 5144

1717340766.3569257 340577077
cloud_controller_tkemenade 7998742581 28703 7301

1717340766.3575237 340577078
cloud0_tkemenade 19532582532 23882 5150

1717340767.3600166 340577198
cloud_controller_tkemenade 7998742581 28729 7310

1717340767.3605812 340577198
cloud0_tkemenade 19532582532 23915 5160

1717340768.3628519 340577324
cloud_controller_tkemenade 7998742581 28758 7324

1717340768.3633978 340577324
cloud0_tkemenade 19532582532 23931 5167

1717340769.3658636 340577455
cloud_controller_tkemenade 7998742581 28786 7336

1717340769.3664286 340577455
cloud0_tkemenade 19532582532 23950 5170

1717340770.3687887 340577577
cloud_controller_tkemenade 7998742581 28806 7350

1717340770.3691437 340577579
cloud0_tkemenade 19532582532 23968 5176

1717340770.4694443 340577620
cloud_controller_tkemenade 8000048631 28809 7352

1717340770.4697926 340577620
cloud0_tkemenade 19533483256 23969 5176

1717340771.4721575 340577914
cloud_controller_tkemenade 8000048631 28841 7364

1717340771.4727063 340577914
cloud0_tkemenade 19533483256 23992 5183

1717340772.4751506 340578044
cloud_controller_tkemenade 8000048631 28863 7377

1717340772.4757032 340578044
cloud0_tkemenade 19533483256 24027 5189

1717340773.478217 340578184
cloud_controller_tkemenade 8000048631 28894 7392

1717340773.4788723 340578184
cloud0_tkemenade 19533483256 24049 5194

1717340774.4814243 340578348
cloud_controller_tkemenade 8000048631 28922 7403

1717340774.4819782 340578348
cloud0_tkemenade 19533483256 24095 5202

1717340775.4845388 340578475
cloud_controller_tkemenade 8000048631 28951 7413

1717340775.4850893 340578475
cloud0_tkemenade 19533483256 24125 5208

1717340776.487614 340578666
cloud_controller_tkemenade 8000048631 28989 7425

1717340776.488207 340578666
cloud0_tkemenade 19533483256 24157 5216

1717340777.494572 340578818
cloud_controller_tkemenade 8001399983 29020 7436

1717340777.4951303 340578818
cloud0_tkemenade 19534737422 24193 5226

1717340778.4975755 340578958
cloud_controller_tkemenade 8001399983 29062 7454

1717340778.498187 340578958
cloud0_tkemenade 19534737422 24212 5233

1717340779.500749 340579090
cloud_controller_tkemenade 8001399983 29091 7464

1717340779.5013597 340579091
cloud0_tkemenade 19534737422 24227 5235

1717340780.5038385 340579256
cloud_controller_tkemenade 8001399983 29108 7476

1717340780.5042553 340579256
cloud0_tkemenade 19534737422 24242 5241

1717340781.5065598 340579579
cloud_controller_tkemenade 8001399983 29147 7486

1717340781.5071106 340579579
cloud0_tkemenade 19534737422 24261 5246

1717340782.5096292 340579681
cloud_controller_tkemenade 8001399983 29182 7494

1717340782.5101717 340579681
cloud0_tkemenade 19534737422 24278 5250

1717340783.5128505 340579837
cloud_controller_tkemenade 8001399983 29222 7507

1717340783.5134406 340579837
cloud0_tkemenade 19534737422 24307 5254

1717340784.515863 340579984
cloud_controller_tkemenade 8001399983 29250 7516

1717340784.516416 340579984
cloud0_tkemenade 19534737422 24337 5261

1717340784.717224 340580010
cloud_controller_tkemenade 8002836893 29253 7517

1717340784.717767 340580010
cloud0_tkemenade 19535564323 24340 5262

1717340785.720314 340580198
cloud_controller_tkemenade 8002836893 29299 7529

1717340785.7208712 340580198
cloud0_tkemenade 19535564323 24401 5276

1717340786.7233706 340580404
cloud_controller_tkemenade 8002836893 29344 7542

1717340786.7239304 340580404
cloud0_tkemenade 19535564323 24438 5288

1717340787.7263446 340580563
cloud_controller_tkemenade 8002836893 29370 7552

1717340787.7267225 340580563
cloud0_tkemenade 19535564323 24500 5313

1717340788.7288613 340580714
cloud_controller_tkemenade 8002836893 29408 7568

1717340788.7294192 340580715
cloud0_tkemenade 19535564323 24520 5317

1717340789.7320745 340580849
cloud_controller_tkemenade 8002836893 29440 7581

1717340789.7326634 340580849
cloud0_tkemenade 19535564323 24537 5326

1717340790.7349415 340581119
cloud_controller_tkemenade 8002836893 29468 7597

1717340790.7355218 340581119
cloud0_tkemenade 19535564323 24571 5334

1717340791.737925 340581381
cloud_controller_tkemenade 8004439936 29505 7610

1717340791.7384846 340581381
cloud0_tkemenade 19537223124 24613 5343

1717340792.741113 340581515
cloud_controller_tkemenade 8004439936 29538 7621

1717340792.741749 340581515
cloud0_tkemenade 19537223124 24644 5350

1717340793.7442877 340581649
cloud_controller_tkemenade 8004439936 29572 7635

1717340793.7448285 340581649
cloud0_tkemenade 19537223124 24668 5354

1717340794.7472599 340581780
cloud_controller_tkemenade 8004439936 29601 7644

1717340794.7477996 340581780
cloud0_tkemenade 19537223124 24683 5361

1717340795.7503748 340581918
cloud_controller_tkemenade 8004439936 29643 7658

1717340795.7509344 340581918
cloud0_tkemenade 19537223124 24711 5372

1717340796.7535014 340582075
cloud_controller_tkemenade 8004439936 29672 7666

1717340796.7540724 340582075
cloud0_tkemenade 19537223124 24729 5376

1717340797.75679 340582224
cloud_controller_tkemenade 8004439936 29703 7674

1717340797.7573872 340582224
cloud0_tkemenade 19537223124 24771 5390

1717340798.7598083 340582371
cloud_controller_tkemenade 8004439936 29738 7691

1717340798.7603583 340582371
cloud0_tkemenade 19537223124 24793 5395

1717340798.9610467 340582404
cloud_controller_tkemenade 8005831044 29742 7693

1717340798.9615953 340582404
cloud0_tkemenade 19538234053 24795 5396

1717340799.9641123 340582530
cloud_controller_tkemenade 8005831044 29768 7704

1717340799.964468 340582530
cloud0_tkemenade 19538234053 24815 5409

1717340800.9665911 340582842
cloud_controller_tkemenade 8005831044 29813 7713

1717340800.9671338 340582842
cloud0_tkemenade 19538234053 24842 5415

1717340801.9695141 340583028
cloud_controller_tkemenade 8005831044 29846 7724

1717340801.9700685 340583028
cloud0_tkemenade 19538234053 24882 5422

1717340802.9725945 340583143
cloud_controller_tkemenade 8005831044 29873 7738

1717340802.9731011 340583143
cloud0_tkemenade 19538234053 24906 5430

1717340803.9757552 340583320
cloud_controller_tkemenade 8005831044 29911 7747

1717340803.9761093 340583320
cloud0_tkemenade 19538234053 24957 5440

1717340804.978552 340583472
cloud_controller_tkemenade 8005831044 29938 7755

1717340804.9791055 340583472
cloud0_tkemenade 19538234053 24995 5451

1717340805.9816387 340583631
cloud_controller_tkemenade 8005831044 29980 7772

1717340805.9821904 340583631
cloud0_tkemenade 19538234053 25028 5460

1717340806.1829386 340583659
cloud_controller_tkemenade 8007288812 29986 7774

1717340806.1835024 340583659
cloud0_tkemenade 19539601835 25034 5460

1717340807.1860979 340583872
cloud_controller_tkemenade 8007288812 30019 7791

1717340807.1866548 340583872
cloud0_tkemenade 19539601835 25072 5469

1717340808.1892443 340584036
cloud_controller_tkemenade 8007288812 30078 7809

1717340808.189801 340584036
cloud0_tkemenade 19539601835 25103 5477

1717340809.1924818 340584163
cloud_controller_tkemenade 8007288812 30106 7819

1717340809.193034 340584163
cloud0_tkemenade 19539601835 25120 5485

1717340810.195504 340584299
cloud_controller_tkemenade 8007288812 30140 7831

1717340810.1958513 340584299
cloud0_tkemenade 19539601835 25131 5492

1717340811.198176 340584656
cloud_controller_tkemenade 8007288812 30167 7844

1717340811.1987276 340584656
cloud0_tkemenade 19539601835 25150 5498

1717340812.201296 340584826
cloud_controller_tkemenade 8007288812 30210 7860

1717340812.201856 340584826
cloud0_tkemenade 19539601835 25178 5506

1717340813.2043247 340584963
cloud_controller_tkemenade 8007288812 30248 7874

1717340813.2048357 340584963
cloud0_tkemenade 19539601835 25195 5514

1717340813.3053277 340584978
cloud_controller_tkemenade 8008953286 30251 7875

1717340813.3058777 340584978
cloud0_tkemenade 19540587680 25199 5514

1717340814.3084445 340585119
cloud_controller_tkemenade 8008953286 30277 7885

1717340814.308991 340585119
cloud0_tkemenade 19540587680 25237 5523

1717340815.3117435 340585243
cloud_controller_tkemenade 8008953286 30305 7896

1717340815.312329 340585243
cloud0_tkemenade 19540587680 25258 5528

1717340816.3148324 340585474
cloud_controller_tkemenade 8008953286 30350 7906

1717340816.3153727 340585474
cloud0_tkemenade 19540587680 25358 5541

1717340817.3180056 340585700
cloud_controller_tkemenade 8008953286 30396 7920

1717340817.318542 340585700
cloud0_tkemenade 19540587680 25426 5560

1717340818.3207605 340585858
cloud_controller_tkemenade 8008953286 30433 7938

1717340818.321342 340585858
cloud0_tkemenade 19540587680 25467 5566

1717340819.3239176 340585995
cloud_controller_tkemenade 8008953286 30466 7954

1717340819.32446 340585995
cloud0_tkemenade 19540587680 25483 5572

