1721202953.2232695 66726784
cloud_controller_tkemenade 11810376429 26135 4477
cloud0_tkemenade 25055297189 23480 3563

1721202954.2260795 66726993
cloud_controller_tkemenade 11810376429 26227 4485

1721202954.2266543 66726993
cloud0_tkemenade 25055297189 23596 3568

1721202955.2291563 66727179
cloud_controller_tkemenade 11810376429 26249 4493

1721202955.2296662 66727179
cloud0_tkemenade 25055297189 23759 3572

1721202956.232193 66727377
cloud_controller_tkemenade 11810376429 26295 4504

1721202956.2327645 66727377
cloud0_tkemenade 25055297189 23915 3579

1721202957.2352839 66727599
cloud_controller_tkemenade 11810376429 26343 4512

1721202957.2358353 66727599
cloud0_tkemenade 25055297189 24091 3599

1721202958.2384148 66727807
cloud_controller_tkemenade 11810376429 26371 4521

1721202958.2387557 66727807
cloud0_tkemenade 25055297189 24273 3608

1721202959.2411072 66727999
cloud_controller_tkemenade 11812447731 26391 4526

1721202959.2415743 66727999
cloud0_tkemenade 25060203350 24443 3618

1721202960.2439125 66728169
cloud_controller_tkemenade 11812447731 26438 4538

1721202960.2445064 66728169
cloud0_tkemenade 25060203350 24566 3631

1721202961.2469988 66728342
cloud_controller_tkemenade 11812447731 26474 4545

1721202961.2475586 66728342
cloud0_tkemenade 25060203350 24712 3647

1721202962.250032 66728500
cloud_controller_tkemenade 11812447731 26496 4552

1721202962.2506194 66728500
cloud0_tkemenade 25060203350 24840 3660

1721202963.2530944 66728628
cloud_controller_tkemenade 11812447731 26517 4561

1721202963.253635 66728628
cloud0_tkemenade 25060203350 24950 3667

1721202964.256236 66728749
cloud_controller_tkemenade 11812447731 26543 4567

1721202964.2568104 66728749
cloud0_tkemenade 25060203350 25053 3673

1721202965.259305 66728889
cloud_controller_tkemenade 11812447731 26564 4571

1721202965.2598786 66728889
cloud0_tkemenade 25060203350 25173 3676

1721202966.2625396 66729041
cloud_controller_tkemenade 11813394861 26605 4582

1721202966.263124 66729041
cloud0_tkemenade 25063500232 25286 3682

1721202967.2656982 66729187
cloud_controller_tkemenade 11813394861 26628 4587

1721202967.2662494 66729188
cloud0_tkemenade 25063500232 25416 3686

1721202968.2688026 66729321
cloud_controller_tkemenade 11813394861 26649 4594

1721202968.2693067 66729321
cloud0_tkemenade 25063500232 25535 3691

1721202969.2716057 66729451
cloud_controller_tkemenade 11813394861 26679 4602

1721202969.2721794 66729451
cloud0_tkemenade 25063500232 25640 3701

1721202970.2746823 66729611
cloud_controller_tkemenade 11813394861 26716 4609

1721202970.2752435 66729611
cloud0_tkemenade 25063500232 25762 3704

1721202971.2778325 66729739
cloud_controller_tkemenade 11813394861 26745 4615

1721202971.2784326 66729740
cloud0_tkemenade 25063500232 25864 3714

1721202972.2809339 66729889
cloud_controller_tkemenade 11813394861 26767 4622

1721202972.2814982 66729889
cloud0_tkemenade 25063500232 25982 3719

1721202973.2840695 66730034
cloud_controller_tkemenade 11814218311 26793 4629

1721202973.2846293 66730034
cloud0_tkemenade 25066404156 26099 3725

1721202974.2869651 66730166
cloud_controller_tkemenade 11814218311 26818 4635

1721202974.2873356 66730166
cloud0_tkemenade 25066404156 26213 3735

1721202975.289698 66730311
cloud_controller_tkemenade 11814218311 26842 4639

1721202975.2902641 66730312
cloud0_tkemenade 25066404156 26336 3742

1721202976.2929258 66730486
cloud_controller_tkemenade 11814218311 26882 4646

1721202976.2934694 66730486
cloud0_tkemenade 25066404156 26470 3746

1721202977.2959967 66730643
cloud_controller_tkemenade 11814218311 26911 4653

1721202977.2965302 66730643
cloud0_tkemenade 25066404156 26607 3747

1721202978.2991288 66730816
cloud_controller_tkemenade 11814218311 26949 4662

1721202978.2996585 66730816
cloud0_tkemenade 25066404156 26746 3750

1721202979.3022013 66730971
cloud_controller_tkemenade 11814218311 26970 4671

1721202979.3027458 66730971
cloud0_tkemenade 25066404156 26882 3753

1721202980.3049588 66731132
cloud_controller_tkemenade 11814218311 27000 4679

1721202980.3054833 66731132
cloud0_tkemenade 25066404156 27016 3755

1721202980.405993 66731151
cloud_controller_tkemenade 11815234100 27003 4680

1721202980.4065385 66731152
cloud0_tkemenade 25070175964 27032 3755

1721202981.4091215 66731299
cloud_controller_tkemenade 11815234100 27041 4685

1721202981.4096525 66731299
cloud0_tkemenade 25070175964 27142 3764

1721202982.4123006 66731434
cloud_controller_tkemenade 11815234100 27077 4693

1721202982.4128735 66731434
cloud0_tkemenade 25070175964 27239 3771

1721202983.4152436 66731551
cloud_controller_tkemenade 11815234100 27100 4698

1721202983.4158204 66731551
cloud0_tkemenade 25070175964 27340 3776

1721202984.4184597 66731671
cloud_controller_tkemenade 11815234100 27121 4705

1721202984.4190328 66731671
cloud0_tkemenade 25070175964 27449 3782

1721202985.4215603 66731804
cloud_controller_tkemenade 11815234100 27141 4710

1721202985.422112 66731804
cloud0_tkemenade 25070175964 27571 3789

1721202986.424805 66731973
cloud_controller_tkemenade 11815234100 27187 4719

1721202986.4253414 66731973
cloud0_tkemenade 25070175964 27686 3797

1721202987.4279428 66732128
cloud_controller_tkemenade 11816145839 27212 4725

1721202987.4284768 66732128
cloud0_tkemenade 25073149802 27817 3805

1721202988.431015 66732261
cloud_controller_tkemenade 11816145839 27240 4730

1721202988.4315429 66732261
cloud0_tkemenade 25073149802 27929 3810

1721202989.4343739 66732394
cloud_controller_tkemenade 11816145839 27260 4738

1721202989.4349577 66732394
cloud0_tkemenade 25073149802 28046 3816

1721202990.4378245 66732569
cloud_controller_tkemenade 11816145839 27307 4749

1721202990.4384217 66732570
cloud0_tkemenade 25073149802 28173 3822

1721202991.441161 66732714
cloud_controller_tkemenade 11816145839 27337 4758

1721202991.4417121 66732714
cloud0_tkemenade 25073149802 28287 3825

1721202992.4442582 66732843
cloud_controller_tkemenade 11816145839 27359 4767

1721202992.4446332 66732843
cloud0_tkemenade 25073149802 28400 3828

1721202993.4471562 66732989
cloud_controller_tkemenade 11816145839 27385 4774

1721202993.4476998 66732989
cloud0_tkemenade 25073149802 28525 3832

1721202994.4504123 66733133
cloud_controller_tkemenade 11816145839 27408 4784

1721202994.4508696 66733133
cloud0_tkemenade 25073149802 28644 3842

1721202994.5512764 66733151
cloud_controller_tkemenade 11817056585 27412 4785

1721202994.5518486 66733151
cloud0_tkemenade 25076255589 28657 3842

1721202995.5545096 66733297
cloud_controller_tkemenade 11817056585 27431 4790

1721202995.5550508 66733297
cloud0_tkemenade 25076255589 28783 3847

1721202996.5577853 66733440
cloud_controller_tkemenade 11817056585 27467 4801

1721202996.5583887 66733441
cloud0_tkemenade 25076255589 28895 3861

1721202997.5611444 66733564
cloud_controller_tkemenade 11817056585 27486 4806

1721202997.561682 66733564
cloud0_tkemenade 25076255589 29004 3868

1721202998.564452 66733704
cloud_controller_tkemenade 11817056585 27517 4815

1721202998.5649755 66733704
cloud0_tkemenade 25076255589 29118 3876

1721202999.567789 66733841
cloud_controller_tkemenade 11817056585 27539 4824

1721202999.5683837 66733841
cloud0_tkemenade 25076255589 29235 3891

1721203000.571213 66733998
cloud_controller_tkemenade 11817056585 27580 4839

1721203000.571794 66733998
cloud0_tkemenade 25076255589 29349 3899

1721203001.5745275 66734135
cloud_controller_tkemenade 11818098902 27613 4858

1721203001.575018 66734135
cloud0_tkemenade 25079546922 29460 3910

1721203002.5777907 66734263
cloud_controller_tkemenade 11818098902 27635 4870

1721203002.5783818 66734264
cloud0_tkemenade 25079546922 29574 3922

1721203003.5810025 66734409
cloud_controller_tkemenade 11818098902 27660 4886

1721203003.5815573 66734409
cloud0_tkemenade 25079546922 29687 3932

1721203004.583935 66734550
cloud_controller_tkemenade 11818098902 27685 4894

1721203004.5843396 66734550
cloud0_tkemenade 25079546922 29805 3939

1721203005.586777 66734702
cloud_controller_tkemenade 11818098902 27710 4906

1721203005.5871587 66734702
cloud0_tkemenade 25079546922 29936 3942

1721203006.5896015 66734861
cloud_controller_tkemenade 11818098902 27748 4920

1721203006.5900044 66734861
cloud0_tkemenade 25079546922 30061 3948

1721203007.592524 66734993
cloud_controller_tkemenade 11818098902 27769 4940

1721203007.5929055 66734993
cloud0_tkemenade 25079546922 30176 3952

1721203008.5953434 66735156
cloud_controller_tkemenade 11819347114 27810 4964

1721203008.5957992 66735156
cloud0_tkemenade 25083184453 30295 3959

1721203009.598258 66735296
cloud_controller_tkemenade 11819347114 27829 4976

1721203009.5986722 66735296
cloud0_tkemenade 25083184453 30420 3963

1721203010.6009734 66735439
cloud_controller_tkemenade 11819347114 27860 4989

1721203010.6015282 66735439
cloud0_tkemenade 25083184453 30524 3970

1721203011.604252 66735595
cloud_controller_tkemenade 11819347114 27902 4996

1721203011.6048424 66735595
cloud0_tkemenade 25083184453 30638 3975

1721203012.6073298 66735733
cloud_controller_tkemenade 11819347114 27935 5006

1721203012.6077018 66735733
cloud0_tkemenade 25083184453 30746 3984

1721203013.6099348 66735875
cloud_controller_tkemenade 11819347114 27956 5014

1721203013.6104786 66735876
cloud0_tkemenade 25083184453 30855 3985

1721203014.61261 66735978
cloud_controller_tkemenade 11819347114 27976 5020

1721203014.6131303 66735978
cloud0_tkemenade 25083184453 30941 3991

1721203015.6156003 66736033
cloud_controller_tkemenade 11819347114 27996 5029

1721203015.6161373 66736033
cloud0_tkemenade 25083184453 30972 3997

1721203015.7166066 66736063
cloud_controller_tkemenade 11820229789 28007 5032

1721203015.7171881 66736063
cloud0_tkemenade 25085717348 30988 3999

1721203016.7197878 66736149
cloud_controller_tkemenade 11820229789 28056 5042

1721203016.7203567 66736149
cloud0_tkemenade 25085717348 31033 4005

1721203017.7228918 66736225
cloud_controller_tkemenade 11820229789 28080 5048

1721203017.7234297 66736225
cloud0_tkemenade 25085717348 31090 4011

1721203018.72601 66736293
cloud_controller_tkemenade 11820229789 28105 5057

1721203018.7265916 66736293
cloud0_tkemenade 25085717348 31135 4021

1721203019.729157 66736347
cloud_controller_tkemenade 11820229789 28131 5066

1721203019.729708 66736347
cloud0_tkemenade 25085717348 31166 4026

1721203020.7322953 66736436
cloud_controller_tkemenade 11820229789 28185 5079

1721203020.732853 66736436
cloud0_tkemenade 25085717348 31199 4034

1721203021.7354608 66736500
cloud_controller_tkemenade 11820229789 28221 5086

1721203021.7360086 66736500
cloud0_tkemenade 25085717348 31226 4041

1721203022.7385871 66736554
cloud_controller_tkemenade 11821202439 28246 5095

1721203022.739159 66736554
cloud0_tkemenade 25086686880 31247 4046

1721203023.74175 66736613
cloud_controller_tkemenade 11821202439 28274 5103

1721203023.7423387 66736615
cloud0_tkemenade 25086686880 31268 4047

1721203024.744777 66736668
cloud_controller_tkemenade 11821202439 28298 5108

1721203024.745313 66736668
cloud0_tkemenade 25086686880 31305 4053

1721203025.7478485 66736717
cloud_controller_tkemenade 11821202439 28320 5116

1721203025.7483869 66736717
cloud0_tkemenade 25086686880 31332 4059

1721203026.7509606 66736775
cloud_controller_tkemenade 11821202439 28358 5124

1721203026.7515168 66736775
cloud0_tkemenade 25086686880 31355 4063

1721203027.7540917 66736813
cloud_controller_tkemenade 11821202439 28382 5130

1721203027.754656 66736813
cloud0_tkemenade 25086686880 31375 4066

1721203028.7571886 66736862
cloud_controller_tkemenade 11821202439 28405 5136

1721203028.7577224 66736862
cloud0_tkemenade 25086686880 31401 4072

1721203029.7602077 66736926
cloud_controller_tkemenade 11821899941 28424 5145

1721203029.7607214 66736926
cloud0_tkemenade 25087405986 31442 4079

1721203030.7631326 66737024
cloud_controller_tkemenade 11821899941 28464 5153

1721203030.7636943 66737024
cloud0_tkemenade 25087405986 31474 4086

1721203031.7662413 66737091
cloud_controller_tkemenade 11821899941 28487 5174

1721203031.7668085 66737091
cloud0_tkemenade 25087405986 31496 4090

1721203032.769382 66737160
cloud_controller_tkemenade 11821899941 28509 5182

1721203032.769929 66737160
cloud0_tkemenade 25087405986 31507 4094

1721203033.7724824 66737315
cloud_controller_tkemenade 11821899941 28577 5186

1721203033.7730343 66737315
cloud0_tkemenade 25087405986 31541 4101

1721203034.7755883 66737391
cloud_controller_tkemenade 11821899941 28621 5194

1721203034.7761452 66737391
cloud0_tkemenade 25087405986 31567 4103

1721203035.7786362 66737467
cloud_controller_tkemenade 11821899941 28645 5200

1721203035.7791665 66737467
cloud0_tkemenade 25087405986 31613 4109

1721203036.7817533 66737534
cloud_controller_tkemenade 11822928365 28681 5214

1721203036.7822826 66737535
cloud0_tkemenade 25088124944 31639 4113

1721203037.784841 66737588
cloud_controller_tkemenade 11822928365 28705 5223

1721203037.785393 66737588
cloud0_tkemenade 25088124944 31664 4116

1721203038.7879186 66737659
cloud_controller_tkemenade 11822928365 28746 5236

1721203038.7884314 66737659
cloud0_tkemenade 25088124944 31692 4121

1721203039.7908657 66737707
cloud_controller_tkemenade 11822928365 28769 5245

1721203039.7913744 66737707
cloud0_tkemenade 25088124944 31717 4127

1721203040.7938318 66737764
cloud_controller_tkemenade 11822928365 28804 5252

1721203040.794374 66737765
cloud0_tkemenade 25088124944 31740 4131

1721203041.7968433 66737821
cloud_controller_tkemenade 11822928365 28847 5262

1721203041.797333 66737821
cloud0_tkemenade 25088124944 31759 4137

1721203042.7997432 66737865
cloud_controller_tkemenade 11822928365 28874 5271

1721203042.800246 66737865
cloud0_tkemenade 25088124944 31781 4142

1721203043.8025763 66737914
cloud_controller_tkemenade 11824000540 28896 5278

1721203043.8029022 66737914
cloud0_tkemenade 25088877009 31799 4145

1721203044.8052092 66737964
cloud_controller_tkemenade 11824000540 28921 5291

1721203044.8057528 66737964
cloud0_tkemenade 25088877009 31823 4147

1721203045.8081872 66738054
cloud_controller_tkemenade 11824000540 28958 5307

1721203045.8087478 66738054
cloud0_tkemenade 25088877009 31875 4154

1721203046.8111985 66738147
cloud_controller_tkemenade 11824000540 29000 5321

1721203046.8117568 66738147
cloud0_tkemenade 25088877009 31925 4160

1721203047.814206 66738211
cloud_controller_tkemenade 11824000540 29022 5328

1721203047.8147755 66738211
cloud0_tkemenade 25088877009 31970 4164

1721203048.8172317 66738261
cloud_controller_tkemenade 11824000540 29046 5335

1721203048.8177114 66738261
cloud0_tkemenade 25088877009 31998 4166

1721203049.8201733 66738324
cloud_controller_tkemenade 11824000540 29081 5343

1721203049.820743 66738324
cloud0_tkemenade 25088877009 32025 4171

1721203050.823234 66738418
cloud_controller_tkemenade 11825012991 29129 5354

1721203050.8237417 66738418
cloud0_tkemenade 25089830672 32063 4175

1721203051.8262446 66738464
cloud_controller_tkemenade 11825012991 29164 5365

1721203051.826814 66738464
cloud0_tkemenade 25089830672 32077 4179

1721203052.8294127 66738507
cloud_controller_tkemenade 11825012991 29192 5374

1721203052.8299665 66738507
cloud0_tkemenade 25089830672 32097 4181

1721203053.8324544 66738540
cloud_controller_tkemenade 11825012991 29213 5380

1721203053.8330183 66738540
cloud0_tkemenade 25089830672 32113 4185

1721203054.8356032 66738605
cloud_controller_tkemenade 11825012991 29235 5390

1721203054.8361595 66738605
cloud0_tkemenade 25089830672 32144 4188

1721203055.8387098 66738658
cloud_controller_tkemenade 11825012991 29261 5398

1721203055.8392568 66738658
cloud0_tkemenade 25089830672 32173 4194

1721203056.84185 66738706
cloud_controller_tkemenade 11825012991 29291 5407

1721203056.8424442 66738706
cloud0_tkemenade 25089830672 32199 4198

1721203057.8449247 66738748
cloud_controller_tkemenade 11825012991 29320 5413

1721203057.8451924 66738748
cloud0_tkemenade 25089830672 32215 4208

1721203057.9454844 66738761
cloud_controller_tkemenade 11825802182 29322 5413

1721203057.9457378 66738761
cloud0_tkemenade 25090418635 32224 4209

1721203058.9478333 66738795
cloud_controller_tkemenade 11825802182 29341 5422

1721203058.9483738 66738795
cloud0_tkemenade 25090418635 32243 4212

1721203059.950826 66738845
cloud_controller_tkemenade 11825802182 29364 5430

1721203059.9513707 66738845
cloud0_tkemenade 25090418635 32268 4218

1721203060.953952 66738925
cloud_controller_tkemenade 11825802182 29398 5445

1721203060.9546444 66738925
cloud0_tkemenade 25090418635 32311 4223

1721203061.957057 66738969
cloud_controller_tkemenade 11825802182 29430 5453

1721203061.957625 66738969
cloud0_tkemenade 25090418635 32326 4227

1721203062.9600384 66739011
cloud_controller_tkemenade 11825802182 29452 5461

1721203062.9605875 66739011
cloud0_tkemenade 25090418635 32344 4231

1721203063.9630477 66739066
cloud_controller_tkemenade 11825802182 29479 5469

1721203063.9635909 66739066
cloud0_tkemenade 25090418635 32375 4241

1721203064.8658245 66739122
cloud_controller_tkemenade 11826549300 29499 5475

1721203064.8665478 66739123
cloud0_tkemenade 25091100380 32397 4248

1721203065.8689597 66739187
cloud_controller_tkemenade 11826549300 29530 5480

1721203065.869522 66739187
cloud0_tkemenade 25091100380 32435 4251

1721203066.871958 66739240
cloud_controller_tkemenade 11826549300 29563 5489

1721203066.8725128 66739240
cloud0_tkemenade 25091100380 32460 4255

1721203067.875032 66739297
cloud_controller_tkemenade 11826549300 29586 5496

1721203067.8755724 66739297
cloud0_tkemenade 25091100380 32495 4262

1721203068.878066 66739347
cloud_controller_tkemenade 11826549300 29621 5502

1721203068.878642 66739347
cloud0_tkemenade 25091100380 32517 4266

1721203069.881152 66739376
cloud_controller_tkemenade 11826549300 29640 5510

1721203069.8817003 66739376
cloud0_tkemenade 25091100380 32529 4269

1721203070.8841949 66739444
cloud_controller_tkemenade 11826549300 29674 5515

1721203070.8847618 66739444
cloud0_tkemenade 25091100380 32562 4274

1721203071.8871741 66739506
cloud_controller_tkemenade 11826549300 29720 5526

1721203071.8877363 66739506
cloud0_tkemenade 25091100380 32582 4284

1721203071.9882195 66739514
cloud_controller_tkemenade 11827379561 29721 5526

1721203071.98871 66739514
cloud0_tkemenade 25091781620 32582 4284

1721203072.9911575 66739558
cloud_controller_tkemenade 11827379561 29747 5533

1721203072.9916878 66739558
cloud0_tkemenade 25091781620 32606 4290

1721203073.994176 66739593
cloud_controller_tkemenade 11827379561 29772 5541

1721203073.9947577 66739593
cloud0_tkemenade 25091781620 32621 4292

1721203074.9971366 66739633
cloud_controller_tkemenade 11827379561 29791 5546

1721203074.9976985 66739633
cloud0_tkemenade 25091781620 32639 4297

1721203076.0000467 66739739
cloud_controller_tkemenade 11827379561 29835 5554

1721203076.000596 66739739
cloud0_tkemenade 25091781620 32696 4303

1721203077.0030603 66739853
cloud_controller_tkemenade 11827379561 29885 5562

1721203077.0036147 66739853
cloud0_tkemenade 25091781620 32753 4313

1721203078.0060697 66739906
cloud_controller_tkemenade 11827379561 29907 5569

1721203078.0066051 66739907
cloud0_tkemenade 25091781620 32792 4319

1721203079.0090768 66739956
cloud_controller_tkemenade 11827379561 29932 5576

1721203079.0096257 66739956
cloud0_tkemenade 25091781620 32819 4322

1721203079.110065 66739961
cloud_controller_tkemenade 11828183895 29933 5577

1721203079.1105645 66739962
cloud0_tkemenade 25092625712 32822 4322

1721203080.112948 66740028
cloud_controller_tkemenade 11828183895 29973 5584

1721203080.1135087 66740028
cloud0_tkemenade 25092625712 32850 4330

1721203081.1160676 66740105
cloud_controller_tkemenade 11828183895 30013 5593

1721203081.1166208 66740105
cloud0_tkemenade 25092625712 32884 4338

1721203082.1191685 66740155
cloud_controller_tkemenade 11828183895 30053 5599

1721203082.1197305 66740155
cloud0_tkemenade 25092625712 32904 4344

1721203083.122241 66740195
cloud_controller_tkemenade 11828183895 30075 5606

1721203083.1228108 66740195
cloud0_tkemenade 25092625712 32926 4347

1721203084.125316 66740227
cloud_controller_tkemenade 11828183895 30096 5613

1721203084.125861 66740227
cloud0_tkemenade 25092625712 32939 4352

1721203085.1284397 66740275
cloud_controller_tkemenade 11828183895 30121 5620

1721203085.1289766 66740275
cloud0_tkemenade 25092625712 32959 4357

1721203086.131448 66740342
cloud_controller_tkemenade 11828183895 30150 5630

1721203086.13201 66740342
cloud0_tkemenade 25092625712 33000 4366

1721203086.2325008 66740348
cloud_controller_tkemenade 11829011701 30153 5631

1721203086.2330236 66740348
cloud0_tkemenade 25093309950 33001 4366

1721203087.23534 66740400
cloud_controller_tkemenade 11829011701 30189 5639

1721203087.2358956 66740400
cloud0_tkemenade 25093309950 33021 4376

1721203088.2384098 66740439
cloud_controller_tkemenade 11829011701 30214 5645

1721203088.2389576 66740439
cloud0_tkemenade 25093309950 33042 4388

1721203089.2414587 66740481
cloud_controller_tkemenade 11829011701 30242 5653

1721203089.2420156 66740481
cloud0_tkemenade 25093309950 33058 4391

1721203090.2445152 66740533
cloud_controller_tkemenade 11829011701 30273 5664

1721203090.2450714 66740533
cloud0_tkemenade 25093309950 33082 4396

1721203091.2475057 66740605
cloud_controller_tkemenade 11829011701 30304 5670

1721203091.24806 66740605
cloud0_tkemenade 25093309950 33124 4407

1721203092.2505834 66740658
cloud_controller_tkemenade 11829011701 30340 5681

1721203092.2511313 66740658
cloud0_tkemenade 25093309950 33144 4413

1721203093.2536082 66740711
cloud_controller_tkemenade 11829011701 30367 5686

1721203093.254167 66740711
cloud0_tkemenade 25093309950 33162 4418

1721203093.3546207 66740715
cloud_controller_tkemenade 11829842846 30369 5686

1721203093.355045 66740715
cloud0_tkemenade 25093961470 33163 4418

1721203094.3575506 66740772
cloud_controller_tkemenade 11829842846 30398 5692

1721203094.3581004 66740772
cloud0_tkemenade 25093961470 33192 4428

1721203095.3606696 66740849
cloud_controller_tkemenade 11829842846 30422 5698

1721203095.3612368 66740849
cloud0_tkemenade 25093961470 33232 4439

1721203096.3635893 66740901
cloud_controller_tkemenade 11829842846 30448 5709

1721203096.364149 66740901
cloud0_tkemenade 25093961470 33258 4450

1721203097.3665051 66740949
cloud_controller_tkemenade 11829842846 30480 5720

1721203097.3670502 66740949
cloud0_tkemenade 25093961470 33285 4453

1721203098.3695338 66741021
cloud_controller_tkemenade 11829842846 30526 5731

1721203098.3700871 66741021
cloud0_tkemenade 25093961470 33316 4455

1721203099.3724334 66741047
cloud_controller_tkemenade 11829842846 30546 5739

1721203099.3729851 66741047
cloud0_tkemenade 25093961470 33324 4458

1721203100.275158 66741094
cloud_controller_tkemenade 11830666853 30572 5749

1721203100.2757206 66741094
cloud0_tkemenade 25094643513 33340 4461

1721203101.2782085 66741167
cloud_controller_tkemenade 11830666853 30604 5756

1721203101.278783 66741167
cloud0_tkemenade 25094643513 33380 4471

1721203102.281304 66741228
cloud_controller_tkemenade 11830666853 30653 5766

1721203102.2818644 66741228
cloud0_tkemenade 25094643513 33394 4479

1721203103.2843802 66741266
cloud_controller_tkemenade 11830666853 30676 5770

1721203103.284932 66741266
cloud0_tkemenade 25094643513 33414 4484

1721203104.287426 66741301
cloud_controller_tkemenade 11830666853 30694 5778

1721203104.2879841 66741301
cloud0_tkemenade 25094643513 33430 4487

1721203105.2903633 66741345
cloud_controller_tkemenade 11830666853 30715 5784

1721203105.2907991 66741345
cloud0_tkemenade 25094643513 33449 4490

1721203106.2932498 66741430
cloud_controller_tkemenade 11830666853 30747 5796

1721203106.2938204 66741430
cloud0_tkemenade 25094643513 33498 4495

1721203107.2961626 66741552
cloud_controller_tkemenade 11831504017 30793 5804

1721203107.296724 66741552
cloud0_tkemenade 25095496123 33576 4501

1721203108.2992783 66741606
cloud_controller_tkemenade 11831504017 30819 5811

1721203108.299841 66741606
cloud0_tkemenade 25095496123 33605 4506

1721203109.3023727 66741635
cloud_controller_tkemenade 11831504017 30844 5816

1721203109.302937 66741635
cloud0_tkemenade 25095496123 33615 4508

1721203110.3055465 66741715
cloud_controller_tkemenade 11831504017 30890 5826

1721203110.3061225 66741715
cloud0_tkemenade 25095496123 33655 4516

1721203111.3087194 66741778
cloud_controller_tkemenade 11831504017 30922 5835

1721203111.3092797 66741778
cloud0_tkemenade 25095496123 33689 4523

1721203112.3117938 66741833
cloud_controller_tkemenade 11831504017 30954 5845

1721203112.3123555 66741833
cloud0_tkemenade 25095496123 33708 4527

1721203113.3149486 66741881
cloud_controller_tkemenade 11831504017 30982 5854

1721203113.315524 66741881
cloud0_tkemenade 25095496123 33729 4531

1721203114.3178418 66741917
cloud_controller_tkemenade 11831504017 31003 5866

1721203114.3184233 66741918
cloud0_tkemenade 25095496123 33745 4532

1721203114.4188604 66741922
cloud_controller_tkemenade 11832351252 31005 5866

1721203114.4193249 66741922
cloud0_tkemenade 25096103460 33747 4532

1721203115.4218607 66741968
cloud_controller_tkemenade 11832351252 31028 5873

1721203115.4224455 66741969
cloud0_tkemenade 25096103460 33773 4536

1721203116.4250848 66742050
cloud_controller_tkemenade 11832351252 31059 5883

1721203116.4256382 66742050
cloud0_tkemenade 25096103460 33806 4539

1721203117.4282584 66742110
cloud_controller_tkemenade 11832351252 31094 5889

1721203117.4288151 66742110
cloud0_tkemenade 25096103460 33840 4543

1721203118.4312868 66742154
cloud_controller_tkemenade 11832351252 31122 5894

1721203118.4318542 66742154
cloud0_tkemenade 25096103460 33862 4547

1721203119.4345706 66742195
cloud_controller_tkemenade 11832351252 31144 5905

1721203119.435129 66742195
cloud0_tkemenade 25096103460 33880 4551

1721203120.4378324 66742239
cloud_controller_tkemenade 11832351252 31170 5917

1721203120.4384148 66742239
cloud0_tkemenade 25096103460 33899 4556

1721203121.4409933 66742313
cloud_controller_tkemenade 11832351252 31203 5941

1721203121.441561 66742313
cloud0_tkemenade 25096103460 33941 4564

1721203121.542036 66742327
cloud_controller_tkemenade 11833190027 31204 5942

1721203121.542527 66742327
cloud0_tkemenade 25096801419 33949 4565

1721203122.5453296 66742381
cloud_controller_tkemenade 11833190027 31245 5972

1721203122.5459094 66742381
cloud0_tkemenade 25096801419 33962 4568

1721203123.5484943 66742431
cloud_controller_tkemenade 11833190027 31271 5990

1721203123.5490804 66742431
cloud0_tkemenade 25096801419 33984 4570

1721203124.551632 66742493
cloud_controller_tkemenade 11833190027 31302 6012

1721203124.5521915 66742493
cloud0_tkemenade 25096801419 34020 4577

1721203125.5548618 66742565
cloud_controller_tkemenade 11833190027 31325 6026

1721203125.555431 66742565
cloud0_tkemenade 25096801419 34061 4579

1721203126.5579746 66742636
cloud_controller_tkemenade 11833190027 31350 6040

1721203126.5585816 66742637
cloud0_tkemenade 25096801419 34093 4582

1721203127.56109 66742691
cloud_controller_tkemenade 11833190027 31387 6053

1721203127.5616536 66742691
cloud0_tkemenade 25096801419 34112 4585

1721203128.564057 66742764
cloud_controller_tkemenade 11833190027 31424 6067

1721203128.5645905 66742764
cloud0_tkemenade 25096801419 34145 4590

1721203128.6650815 66742771
cloud_controller_tkemenade 11834258593 31430 6070

1721203128.6656158 66742771
cloud0_tkemenade 25097506611 34146 4590

1721203129.6678863 66742801
cloud_controller_tkemenade 11834258593 31452 6076

1721203129.668457 66742801
cloud0_tkemenade 25097506611 34160 4593

1721203130.6707773 66742837
cloud_controller_tkemenade 11834258593 31479 6084

1721203130.6713312 66742837
cloud0_tkemenade 25097506611 34170 4597

1721203131.6738539 66742931
cloud_controller_tkemenade 11834258593 31519 6097

1721203131.6744576 66742931
cloud0_tkemenade 25097506611 34220 4603

1721203132.6771288 66742983
cloud_controller_tkemenade 11834258593 31558 6106

1721203132.6776855 66742983
cloud0_tkemenade 25097506611 34234 4606

1721203133.6802266 66743033
cloud_controller_tkemenade 11834258593 31580 6112

1721203133.6807582 66743033
cloud0_tkemenade 25097506611 34250 4613

1721203134.6832473 66743096
cloud_controller_tkemenade 11834258593 31594 6123

1721203134.683762 66743096
cloud0_tkemenade 25097506611 34271 4620

1721203135.6862545 66743192
cloud_controller_tkemenade 11835030807 31626 6130

1721203135.6869266 66743192
cloud0_tkemenade 25098059480 34303 4623

1721203136.689381 66743329
cloud_controller_tkemenade 11835030807 31671 6144

1721203136.6899343 66743329
cloud0_tkemenade 25098059480 34356 4629

1721203137.692492 66743415
cloud_controller_tkemenade 11835030807 31704 6154

1721203137.6930366 66743415
cloud0_tkemenade 25098059480 34402 4634

1721203138.695594 66743475
cloud_controller_tkemenade 11835030807 31733 6160

1721203138.6961577 66743475
cloud0_tkemenade 25098059480 34426 4641

1721203139.6986585 66743509
cloud_controller_tkemenade 11835030807 31751 6165

1721203139.6991994 66743509
cloud0_tkemenade 25098059480 34426 4659

1721203140.701785 66743593
cloud_controller_tkemenade 11835030807 31798 6175

1721203140.7023237 66743593
cloud0_tkemenade 25098059480 34427 4690

1721203141.7048128 66743687
cloud_controller_tkemenade 11835030807 31831 6186

1721203141.7053535 66743687
cloud0_tkemenade 25098059480 34455 4709

1721203142.7077014 66743785
cloud_controller_tkemenade 11835975493 31866 6195

1721203142.7082274 66743785
cloud0_tkemenade 25098902949 34485 4713

1721203143.7108104 66743851
cloud_controller_tkemenade 11835975493 31889 6201

1721203143.7113743 66743851
cloud0_tkemenade 25098902949 34494 4725

1721203144.7139003 66743913
cloud_controller_tkemenade 11835975493 31908 6210

1721203144.714488 66743914
cloud0_tkemenade 25098902949 34507 4733

1721203145.7170596 66743985
cloud_controller_tkemenade 11835975493 31932 6216

1721203145.7176158 66743985
cloud0_tkemenade 25098902949 34525 4737

1721203146.7202594 66744087
cloud_controller_tkemenade 11835975493 31958 6224

1721203146.7208254 66744087
cloud0_tkemenade 25098902949 34555 4739

1721203147.723455 66744175
cloud_controller_tkemenade 11835975493 31987 6231

1721203147.7239764 66744175
cloud0_tkemenade 25098902949 34583 4743

1721203148.7264087 66744248
cloud_controller_tkemenade 11835975493 32015 6243

1721203148.7269683 66744248
cloud0_tkemenade 25098902949 34608 4748

1721203149.7294185 66744304
cloud_controller_tkemenade 11835975493 32036 6249

1721203149.7299495 66744304
cloud0_tkemenade 25098902949 34628 4753

1721203149.830447 66744313
cloud_controller_tkemenade 11836660152 32038 6249

1721203149.830956 66744313
cloud0_tkemenade 25099465027 34628 4753

1721203150.833599 66744388
cloud_controller_tkemenade 11836660152 32061 6258

1721203150.8341725 66744388
cloud0_tkemenade 25099465027 34659 4759

1721203151.836905 66744467
cloud_controller_tkemenade 11836660152 32092 6270

1721203151.837483 66744467
cloud0_tkemenade 25099465027 34699 4769

1721203152.8401284 66744527
cloud_controller_tkemenade 11836660152 32131 6279

1721203152.8407106 66744527
cloud0_tkemenade 25099465027 34710 4778

1721203153.843412 66744607
cloud_controller_tkemenade 11836660152 32158 6290

1721203153.8439763 66744607
cloud0_tkemenade 25099465027 34747 4787

1721203154.8467228 66744687
cloud_controller_tkemenade 11836660152 32216 6298

1721203154.8472514 66744687
cloud0_tkemenade 25099465027 34768 4795

1721203155.8498933 66744736
cloud_controller_tkemenade 11836660152 32241 6309

1721203155.8504963 66744736
cloud0_tkemenade 25099465027 34793 4802

1721203156.8531885 66744813
cloud_controller_tkemenade 11836660152 32261 6322

1721203156.8537252 66744813
cloud0_tkemenade 25099465027 34827 4805

1721203156.954241 66744829
cloud_controller_tkemenade 11837565141 32265 6323

1721203156.9548337 66744829
cloud0_tkemenade 25100227283 34837 4806

1721203157.9575737 66744901
cloud_controller_tkemenade 11837565141 32307 6336

1721203157.9581752 66744901
cloud0_tkemenade 25100227283 34866 4810

1721203158.960994 66744947
cloud_controller_tkemenade 11837565141 32331 6348

1721203158.9615693 66744947
cloud0_tkemenade 25100227283 34885 4812

1721203159.964306 66744981
cloud_controller_tkemenade 11837565141 32349 6358

1721203159.9648912 66744981
cloud0_tkemenade 25100227283 34899 4814

1721203160.9677029 66745027
cloud_controller_tkemenade 11837565141 32379 6366

1721203160.9682727 66745027
cloud0_tkemenade 25100227283 34917 4818

1721203161.971102 66745111
cloud_controller_tkemenade 11837565141 32417 6378

1721203161.9716892 66745111
cloud0_tkemenade 25100227283 34962 4830

1721203162.974539 66745193
cloud_controller_tkemenade 11837565141 32465 6391

1721203162.9751122 66745193
cloud0_tkemenade 25100227283 34992 4840

1721203163.8777044 66745232
cloud_controller_tkemenade 11838474695 32485 6395

1721203163.8784478 66745233
cloud0_tkemenade 25100900230 35005 4846

1721203164.881143 66745281
cloud_controller_tkemenade 11838474695 32507 6398

1721203164.8817072 66745281
cloud0_tkemenade 25100900230 35032 4854

1721203165.8843489 66745365
cloud_controller_tkemenade 11838474695 32550 6404

1721203165.8849165 66745365
cloud0_tkemenade 25100900230 35073 4865

1721203166.8877046 66745472
cloud_controller_tkemenade 11838474695 32581 6415

1721203166.888264 66745472
cloud0_tkemenade 25100900230 35127 4886

1721203167.8911622 66745561
cloud_controller_tkemenade 11838474695 32610 6423

1721203167.891755 66745561
cloud0_tkemenade 25100900230 35184 4908

1721203168.894408 66745606
cloud_controller_tkemenade 11838474695 32640 6431

1721203168.894935 66745606
cloud0_tkemenade 25100900230 35203 4921

1721203169.8974814 66745670
cloud_controller_tkemenade 11838474695 32674 6438

1721203169.898044 66745670
cloud0_tkemenade 25100900230 35229 4940

1721203170.900433 66745725
cloud_controller_tkemenade 11838474695 32704 6451

1721203170.9009964 66745725
cloud0_tkemenade 25100900230 35244 4949

1721203171.001487 66745733
cloud_controller_tkemenade 11839339064 32705 6451

1721203171.0019863 66745733
cloud0_tkemenade 25101970550 35245 4949

1721203172.0045037 66745809
cloud_controller_tkemenade 11839339064 32734 6460

1721203172.005065 66745809
cloud0_tkemenade 25101970550 35291 4959

1721203173.0077112 66745876
cloud_controller_tkemenade 11839339064 32767 6473

1721203173.008272 66745876
cloud0_tkemenade 25101970550 35321 4964

1721203174.0108945 66745921
cloud_controller_tkemenade 11839339064 32797 6486

1721203174.0114577 66745921
cloud0_tkemenade 25101970550 35336 4968

1721203175.0139623 66745967
cloud_controller_tkemenade 11839339064 32816 6492

1721203175.0145423 66745967
cloud0_tkemenade 25101970550 35361 4972

1721203176.0171313 66746017
cloud_controller_tkemenade 11839339064 32846 6499

1721203176.0176609 66746017
cloud0_tkemenade 25101970550 35384 4977

1721203177.0201933 66746087
cloud_controller_tkemenade 11839339064 32867 6508

1721203177.0206313 66746087
cloud0_tkemenade 25101970550 35418 4982

1721203178.0230973 66746155
cloud_controller_tkemenade 11840133316 32899 6517

1721203178.0236144 66746155
cloud0_tkemenade 25102702992 35446 4986

1721203179.0261655 66746206
cloud_controller_tkemenade 11840133316 32930 6528

1721203179.0267587 66746206
cloud0_tkemenade 25102702992 35463 4994

1721203180.029271 66746244
cloud_controller_tkemenade 11840133316 32956 6534

1721203180.0298345 66746244
cloud0_tkemenade 25102702992 35479 5000

1721203181.032318 66746293
cloud_controller_tkemenade 11840133316 32977 6541

1721203181.0328603 66746293
cloud0_tkemenade 25102702992 35506 5004

1721203182.0353544 66746379
cloud_controller_tkemenade 11840133316 33010 6550

1721203182.0359285 66746379
cloud0_tkemenade 25102702992 35549 5008

1721203183.0384521 66746433
cloud_controller_tkemenade 11840133316 33038 6556

1721203183.038978 66746433
cloud0_tkemenade 25102702992 35572 5012

1721203184.0415485 66746509
cloud_controller_tkemenade 11840133316 33078 6566

1721203184.0421114 66746509
cloud0_tkemenade 25102702992 35610 5022

1721203185.0445583 66746569
cloud_controller_tkemenade 11840928908 33103 6571

1721203185.0450687 66746569
cloud0_tkemenade 25103431005 35643 5027

1721203186.0475872 66746614
cloud_controller_tkemenade 11840928908 33130 6579

1721203186.0481358 66746614
cloud0_tkemenade 25103431005 35661 5030

1721203187.0506575 66746675
cloud_controller_tkemenade 11840928908 33155 6586

1721203187.051214 66746675
cloud0_tkemenade 25103431005 35694 5034

1721203188.0538037 66746763
cloud_controller_tkemenade 11840928908 33201 6595

1721203188.0543962 66746763
cloud0_tkemenade 25103431005 35728 5040

1721203189.0569334 66746809
cloud_controller_tkemenade 11840928908 33232 6604

1721203189.0574963 66746809
cloud0_tkemenade 25103431005 35745 5045

1721203190.0600014 66746850
cloud_controller_tkemenade 11840928908 33254 6608

1721203190.0605226 66746850
cloud0_tkemenade 25103431005 35764 5052

1721203191.0630407 66746887
cloud_controller_tkemenade 11840928908 33277 6614

1721203191.0636013 66746887
cloud0_tkemenade 25103431005 35778 5057

1721203192.0662138 66746965
cloud_controller_tkemenade 11840928908 33325 6626

1721203192.0668132 66746965
cloud0_tkemenade 25103431005 35812 5067

1721203192.167312 66746971
cloud_controller_tkemenade 11841769661 33328 6626

1721203192.1678264 66746971
cloud0_tkemenade 25104065309 35813 5067

1721203193.1701033 66747027
cloud_controller_tkemenade 11841769661 33357 6633

1721203193.1706784 66747027
cloud0_tkemenade 25104065309 35843 5072

1721203194.1732116 66747073
cloud_controller_tkemenade 11841769661 33387 6644

1721203194.1737766 66747073
cloud0_tkemenade 25104065309 35864 5074

1721203195.1760716 66747113
cloud_controller_tkemenade 11841769661 33408 6655

1721203195.1766315 66747113
cloud0_tkemenade 25104065309 35884 5079

1721203196.1789951 66747196
cloud_controller_tkemenade 11841769661 33450 6665

1721203196.1795595 66747196
cloud0_tkemenade 25104065309 35925 5085

1721203197.1820703 66747304
cloud_controller_tkemenade 11841769661 33490 6673

1721203197.1825922 66747304
cloud0_tkemenade 25104065309 35990 5097

1721203198.1852002 66747398
cloud_controller_tkemenade 11841769661 33522 6682

1721203198.1857383 66747398
cloud0_tkemenade 25104065309 36043 5106

1721203199.1879992 66747444
cloud_controller_tkemenade 11842670288 33551 6693

1721203199.1885004 66747444
cloud0_tkemenade 25104947303 36056 5108

1721203200.1908 66747504
cloud_controller_tkemenade 11842670288 33583 6700

1721203200.191361 66747504
cloud0_tkemenade 25104947303 36082 5115

1721203201.193954 66747556
cloud_controller_tkemenade 11842670288 33616 6718

1721203201.194539 66747557
cloud0_tkemenade 25104947303 36101 5119

1721203202.197216 66747630
cloud_controller_tkemenade 11842670288 33657 6731

1721203202.1977794 66747630
cloud0_tkemenade 25104947303 36136 5129

1721203203.2002022 66747687
cloud_controller_tkemenade 11842670288 33685 6743

1721203203.2007651 66747687
cloud0_tkemenade 25104947303 36166 5132

1721203204.2033236 66747736
cloud_controller_tkemenade 11842670288 33717 6755

1721203204.203848 66747736
cloud0_tkemenade 25104947303 36182 5136

1721203205.2063835 66747781
cloud_controller_tkemenade 11842670288 33739 6767

1721203205.206952 66747781
cloud0_tkemenade 25104947303 36199 5141

1721203206.2095125 66747840
cloud_controller_tkemenade 11843591580 33770 6777

1721203206.2100487 66747840
cloud0_tkemenade 25105570710 36220 5148

1721203207.2126002 66747902
cloud_controller_tkemenade 11843591580 33796 6789

1721203207.2131588 66747902
cloud0_tkemenade 25105570710 36256 5152

1721203208.215736 66747967
cloud_controller_tkemenade 11843591580 33822 6801

1721203208.2162983 66747967
cloud0_tkemenade 25105570710 36290 5160

1721203209.2188194 66748021
cloud_controller_tkemenade 11843591580 33856 6813

1721203209.2193818 66748021
cloud0_tkemenade 25105570710 36308 5166

1721203210.2218792 66748083
cloud_controller_tkemenade 11843591580 33885 6821

1721203210.2224846 66748083
cloud0_tkemenade 25105570710 36326 5176

1721203211.224975 66748159
cloud_controller_tkemenade 11843591580 33910 6827

1721203211.2254846 66748159
cloud0_tkemenade 25105570710 36353 5187

1721203212.2279315 66748240
cloud_controller_tkemenade 11843591580 33932 6847

1721203212.228487 66748240
cloud0_tkemenade 25105570710 36386 5200

1721203213.2310205 66748323
cloud_controller_tkemenade 11843591580 33969 6854

1721203213.2315469 66748323
cloud0_tkemenade 25105570710 36412 5219

1721203213.332031 66748331
cloud_controller_tkemenade 11844439355 33973 6854

1721203213.3325403 66748331
cloud0_tkemenade 25106367196 36413 5220

1721203214.334966 66748402
cloud_controller_tkemenade 11844439355 34004 6864

1721203214.3355148 66748402
cloud0_tkemenade 25106367196 36455 5233

1721203215.337923 66748466
cloud_controller_tkemenade 11844439355 34027 6869

1721203215.338476 66748467
cloud0_tkemenade 25106367196 36499 5249

1721203216.340784 66748521
cloud_controller_tkemenade 11844439355 34058 6876

1721203216.3413398 66748521
cloud0_tkemenade 25106367196 36516 5257

1721203217.3439443 66748575
cloud_controller_tkemenade 11844439355 34084 6882

1721203217.3444915 66748575
cloud0_tkemenade 25106367196 36541 5271

1721203218.3470569 66748667
cloud_controller_tkemenade 11844439355 34132 6890

1721203218.3475888 66748667
cloud0_tkemenade 25106367196 36576 5281

1721203219.3500936 66748698
cloud_controller_tkemenade 11844439355 34157 6900

1721203219.3506672 66748698
cloud0_tkemenade 25106367196 36584 5283

1721203220.3531408 66748747
cloud_controller_tkemenade 11845239284 34181 6906

1721203220.3536797 66748747
cloud0_tkemenade 25107151622 36598 5286

1721203221.3561757 66748799
cloud_controller_tkemenade 11845239284 34212 6913

1721203221.356731 66748799
cloud0_tkemenade 25107151622 36617 5295

1721203222.359267 66748872
cloud_controller_tkemenade 11845239284 34252 6922

1721203222.359835 66748872
cloud0_tkemenade 25107151622 36653 5301

1721203223.3623755 66748933
cloud_controller_tkemenade 11845239284 34284 6929

1721203223.3629558 66748933
cloud0_tkemenade 25107151622 36676 5305

1721203224.3654842 66748980
cloud_controller_tkemenade 11845239284 34315 6935

1721203224.3660438 66748980
cloud0_tkemenade 25107151622 36694 5311

1721203225.3685827 66749023
cloud_controller_tkemenade 11845239284 34336 6942

1721203225.3691113 66749023
cloud0_tkemenade 25107151622 36713 5316

1721203226.3716135 66749099
cloud_controller_tkemenade 11845239284 34371 6950

1721203226.372169 66749099
cloud0_tkemenade 25107151622 36749 5326

1721203227.37467 66749222
cloud_controller_tkemenade 11846100839 34410 6957

1721203227.3751786 66749222
cloud0_tkemenade 25108025312 36835 5337

1721203228.3777425 66749304
cloud_controller_tkemenade 11846100839 34444 6962

1721203228.3783097 66749304
cloud0_tkemenade 25108025312 36874 5340

1721203229.3806548 66749348
cloud_controller_tkemenade 11846100839 34475 6970

1721203229.381218 66749348
cloud0_tkemenade 25108025312 36886 5344

1721203230.3836994 66749427
cloud_controller_tkemenade 11846100839 34515 6979

1721203230.384266 66749427
cloud0_tkemenade 25108025312 36917 5350

1721203231.3867617 66749473
cloud_controller_tkemenade 11846100839 34543 6986

1721203231.3873117 66749473
cloud0_tkemenade 25108025312 36932 5355

1721203232.389875 66749542
cloud_controller_tkemenade 11846100839 34573 6996

1721203232.3904154 66749542
cloud0_tkemenade 25108025312 36966 5361

1721203233.3928285 66749598
cloud_controller_tkemenade 11846100839 34601 7007

1721203233.3933353 66749598
cloud0_tkemenade 25108025312 36994 5366

1721203234.395603 66749647
cloud_controller_tkemenade 11846100839 34633 7017

1721203234.3961618 66749647
cloud0_tkemenade 25108025312 37011 5370

1721203234.4967062 66749660
cloud_controller_tkemenade 11847001349 34636 7018

1721203234.4972227 66749660
cloud0_tkemenade 25108687359 37015 5370

1721203235.4997108 66749707
cloud_controller_tkemenade 11847001349 34658 7024

1721203235.5002394 66749707
cloud0_tkemenade 25108687359 37039 5375

1721203236.5027764 66749766
cloud_controller_tkemenade 11847001349 34689 7034

1721203236.5033267 66749766
cloud0_tkemenade 25108687359 37064 5381

1721203237.5058367 66749827
cloud_controller_tkemenade 11847001349 34721 7042

1721203237.5064318 66749827
cloud0_tkemenade 25108687359 37096 5386

1721203238.5089366 66749895
cloud_controller_tkemenade 11847001349 34750 7048

1721203238.5094032 66749895
cloud0_tkemenade 25108687359 37125 5392

1721203239.511462 66749945
cloud_controller_tkemenade 11847001349 34774 7059

1721203239.5119803 66749945
cloud0_tkemenade 25108687359 37147 5396

1721203240.5142238 66749991
cloud_controller_tkemenade 11847001349 34796 7065

1721203240.5148013 66749991
cloud0_tkemenade 25108687359 37170 5400

1721203241.516986 66750048
cloud_controller_tkemenade 11847732820 34823 7073

1721203241.5174987 66750048
cloud0_tkemenade 25109357619 37196 5407

1721203242.5199926 66750111
cloud_controller_tkemenade 11847732820 34854 7079

1721203242.5205216 66750111
cloud0_tkemenade 25109357619 37229 5418

1721203243.5230436 66750177
cloud_controller_tkemenade 11847732820 34886 7089

1721203243.523611 66750177
cloud0_tkemenade 25109357619 37254 5427

1721203244.5261536 66750247
cloud_controller_tkemenade 11847732820 34918 7094

1721203244.5267375 66750247
cloud0_tkemenade 25109357619 37292 5433

1721203245.5292518 66750308
cloud_controller_tkemenade 11847732820 34938 7104

1721203245.529798 66750308
cloud0_tkemenade 25109357619 37330 5439

1721203246.5323038 66750373
cloud_controller_tkemenade 11847732820 34966 7110

1721203246.5328286 66750373
cloud0_tkemenade 25109357619 37358 5444

1721203247.5352929 66750419
cloud_controller_tkemenade 11847732820 34994 7118

1721203247.535821 66750419
cloud0_tkemenade 25109357619 37377 5449

1721203248.5383596 66750491
cloud_controller_tkemenade 11847732820 35031 7132

1721203248.5388815 66750491
cloud0_tkemenade 25109357619 37413 5457

1721203248.6393802 66750504
cloud_controller_tkemenade 11848555151 35038 7132

1721203248.6399207 66750504
cloud0_tkemenade 25110167857 37414 5458

1721203249.6422522 66750557
cloud_controller_tkemenade 11848555151 35066 7143

1721203249.6428463 66750557
cloud0_tkemenade 25110167857 37423 5462

1721203250.6453824 66750594
cloud_controller_tkemenade 11848555151 35084 7152

1721203250.6459274 66750594
cloud0_tkemenade 25110167857 37439 5470

1721203251.6484387 66750653
cloud_controller_tkemenade 11848555151 35118 7166

1721203251.6490188 66750653
cloud0_tkemenade 25110167857 37456 5476

1721203252.6515586 66750733
cloud_controller_tkemenade 11848555151 35156 7181

1721203252.6521282 66750733
cloud0_tkemenade 25110167857 37494 5482

1721203253.6546066 66750800
cloud_controller_tkemenade 11848555151 35190 7193

1721203253.6551268 66750800
cloud0_tkemenade 25110167857 37520 5487

1721203254.6576216 66750850
cloud_controller_tkemenade 11848555151 35211 7205

1721203254.6581674 66750850
cloud0_tkemenade 25110167857 37539 5492

1721203255.6608207 66750923
cloud_controller_tkemenade 11849415861 35235 7216

1721203255.6614065 66750923
cloud0_tkemenade 25110742688 37573 5498

1721203256.6639242 66751022
cloud_controller_tkemenade 11849415861 35281 7231

1721203256.6643202 66751022
cloud0_tkemenade 25110742688 37619 5512

1721203257.6668603 66751114
cloud_controller_tkemenade 11849415861 35302 7238

1721203257.6674237 66751114
cloud0_tkemenade 25110742688 37683 5516

1721203258.6701443 66751213
cloud_controller_tkemenade 11849415861 35335 7244

1721203258.6707306 66751213
cloud0_tkemenade 25110742688 37736 5520

1721203259.6733353 66751288
cloud_controller_tkemenade 11849415861 35372 7254

1721203259.6739187 66751288
cloud0_tkemenade 25110742688 37747 5525

1721203260.6766255 66751386
cloud_controller_tkemenade 11849415861 35421 7264

1721203260.6771579 66751386
cloud0_tkemenade 25110742688 37777 5532

1721203261.6797574 66751451
cloud_controller_tkemenade 11849415861 35450 7278

1721203261.680283 66751451
cloud0_tkemenade 25110742688 37796 5537

1721203262.5828085 66751545
cloud_controller_tkemenade 11850453779 35480 7282

1721203262.583352 66751545
cloud0_tkemenade 25111800251 37835 5546

1721203263.5862367 66751659
cloud_controller_tkemenade 11850453779 35515 7296

1721203263.5868874 66751659
cloud0_tkemenade 25111800251 37877 5551

1721203264.5897033 66751735
cloud_controller_tkemenade 11850453779 35540 7308

1721203264.5903232 66751736
cloud0_tkemenade 25111800251 37898 5557

1721203265.5931308 66751811
cloud_controller_tkemenade 11850453779 35565 7328

1721203265.593713 66751811
cloud0_tkemenade 25111800251 37919 5561

1721203266.5966597 66751915
cloud_controller_tkemenade 11850453779 35594 7337

1721203266.5972462 66751915
cloud0_tkemenade 25111800251 37959 5575

1721203267.6000245 66752010
cloud_controller_tkemenade 11850453779 35627 7348

1721203267.6005654 66752010
cloud0_tkemenade 25111800251 37997 5579

1721203268.603279 66752090
cloud_controller_tkemenade 11850453779 35651 7358

1721203268.603863 66752090
cloud0_tkemenade 25111800251 38025 5594

1721203269.6065495 66752196
cloud_controller_tkemenade 11850453779 35686 7369

1721203269.607121 66752196
cloud0_tkemenade 25111800251 38046 5598

1721203269.7076147 66752204
cloud_controller_tkemenade 11851357445 35689 7369

1721203269.7082143 66752204
cloud0_tkemenade 25112603510 38046 5598

1721203270.7106805 66752278
cloud_controller_tkemenade 11851357445 35708 7378

1721203270.7112432 66752278
cloud0_tkemenade 25112603510 38078 5611

1721203271.7139735 66752356
cloud_controller_tkemenade 11851357445 35734 7386

1721203271.7145627 66752357
cloud0_tkemenade 25112603510 38107 5624

1721203272.7172694 66752447
cloud_controller_tkemenade 11851357445 35766 7394

1721203272.717794 66752447
cloud0_tkemenade 25112603510 38137 5643

1721203273.7203572 66752529
cloud_controller_tkemenade 11851357445 35795 7403

1721203273.7208905 66752529
cloud0_tkemenade 25112603510 38163 5658

1721203274.7234743 66752641
cloud_controller_tkemenade 11851357445 35844 7410

1721203274.7239645 66752641
cloud0_tkemenade 25112603510 38183 5676

1721203275.726476 66752725
cloud_controller_tkemenade 11851357445 35867 7418

1721203275.7270458 66752725
cloud0_tkemenade 25112603510 38213 5684

1721203276.729546 66752820
cloud_controller_tkemenade 11852278836 35895 7422

1721203276.7300763 66752820
cloud0_tkemenade 25113625286 38242 5689

1721203277.7325184 66752904
cloud_controller_tkemenade 11852278836 35921 7430

1721203277.7330732 66752904
cloud0_tkemenade 25113625286 38271 5691

1721203278.7356634 66753026
cloud_controller_tkemenade 11852278836 35972 7440

1721203278.7362297 66753026
cloud0_tkemenade 25113625286 38304 5693

1721203279.738796 66753119
cloud_controller_tkemenade 11852278836 36000 7450

1721203279.7393494 66753119
cloud0_tkemenade 25113625286 38313 5696

1721203280.7418864 66753179
cloud_controller_tkemenade 11852278836 36017 7456

1721203280.7424614 66753179
cloud0_tkemenade 25113625286 38329 5701

1721203281.745156 66753271
cloud_controller_tkemenade 11852278836 36059 7466

1721203281.7456884 66753271
cloud0_tkemenade 25113625286 38339 5714

1721203282.7482405 66753349
cloud_controller_tkemenade 11852278836 36089 7473

1721203282.748804 66753349
cloud0_tkemenade 25113625286 38367 5733

1721203283.7514184 66753436
cloud_controller_tkemenade 11853115538 36116 7479

1721203283.751977 66753436
cloud0_tkemenade 25114224220 38392 5743

1721203284.7546082 66753496
cloud_controller_tkemenade 11853115538 36140 7485

1721203284.7551782 66753496
cloud0_tkemenade 25114224220 38400 5756

1721203285.7579648 66753574
cloud_controller_tkemenade 11853115538 36170 7493

1721203285.7586043 66753575
cloud0_tkemenade 25114224220 38424 5785

1721203286.7612135 66753660
cloud_controller_tkemenade 11853115538 36211 7501

1721203286.7618215 66753660
cloud0_tkemenade 25114224220 38445 5819

1721203287.7647712 66753741
cloud_controller_tkemenade 11853115538 36234 7508

1721203287.7653794 66753741
cloud0_tkemenade 25114224220 38485 5848

1721203288.7682555 66753809
cloud_controller_tkemenade 11853115538 36265 7514

1721203288.7688487 66753809
cloud0_tkemenade 25114224220 38499 5884

1721203289.7716365 66753896
cloud_controller_tkemenade 11853115538 36306 7523

1721203289.772062 66753896
cloud0_tkemenade 25114224220 38515 5910

1721203290.7746537 66753973
cloud_controller_tkemenade 11853115538 36339 7531

1721203290.7752204 66753973
cloud0_tkemenade 25114224220 38528 5935

1721203290.8757215 66753981
cloud_controller_tkemenade 11853953786 36341 7531

1721203290.8762598 66753981
cloud0_tkemenade 25115240369 38528 5938

1721203291.878768 66754029
cloud_controller_tkemenade 11853953786 36370 7539

1721203291.8793328 66754029
cloud0_tkemenade 25115240369 38528 5968

1721203292.8818636 66754097
cloud_controller_tkemenade 11853953786 36398 7546

1721203292.8825142 66754099
cloud0_tkemenade 25115240369 38534 6007

1721203293.8851097 66754163
cloud_controller_tkemenade 11853953786 36424 7558

1721203293.885677 66754163
cloud0_tkemenade 25115240369 38556 6040

1721203294.88827 66754211
cloud_controller_tkemenade 11853953786 36446 7565

1721203294.8888307 66754211
cloud0_tkemenade 25115240369 38572 6054

1721203295.8914914 66754271
cloud_controller_tkemenade 11853953786 36474 7576

1721203295.892035 66754271
cloud0_tkemenade 25115240369 38593 6067

1721203296.8948545 66754335
cloud_controller_tkemenade 11853953786 36497 7583

1721203296.8954058 66754335
cloud0_tkemenade 25115240369 38628 6074

1721203297.8978574 66754410
cloud_controller_tkemenade 11854717807 36528 7591

1721203297.8983934 66754410
cloud0_tkemenade 25116078328 38662 6081

1721203298.9009886 66754468
cloud_controller_tkemenade 11854717807 36554 7599

1721203298.9015574 66754468
cloud0_tkemenade 25116078328 38689 6086

1721203299.9041739 66754513
cloud_controller_tkemenade 11854717807 36585 7609

1721203299.9047408 66754513
cloud0_tkemenade 25116078328 38702 6087

1721203300.9072666 66754595
cloud_controller_tkemenade 11854717807 36603 7621

1721203300.9078312 66754595
cloud0_tkemenade 25116078328 38741 6092

1721203301.9104466 66754651
cloud_controller_tkemenade 11854717807 36633 7626

1721203301.9110122 66754651
cloud0_tkemenade 25116078328 38759 6096

1721203302.9135919 66754721
cloud_controller_tkemenade 11854717807 36664 7636

1721203302.914113 66754721
cloud0_tkemenade 25116078328 38787 6097

1721203303.9167578 66754813
cloud_controller_tkemenade 11854717807 36697 7646

1721203303.9173267 66754813
cloud0_tkemenade 25116078328 38844 6106

1721203304.9195783 66754884
cloud_controller_tkemenade 11855501840 36721 7656

1721203304.9201283 66754884
cloud0_tkemenade 25116810296 38876 6112

1721203305.9227943 66754944
cloud_controller_tkemenade 11855501840 36749 7666

1721203305.923339 66754944
cloud0_tkemenade 25116810296 38901 6115

1721203306.9259715 66755009
cloud_controller_tkemenade 11855501840 36774 7674

1721203306.92664 66755010
cloud0_tkemenade 25116810296 38927 6120

1721203307.9292464 66755099
cloud_controller_tkemenade 11855501840 36806 7684

1721203307.929838 66755099
cloud0_tkemenade 25116810296 38975 6124

1721203308.9325466 66755157
cloud_controller_tkemenade 11855501840 36836 7696

1721203308.9331264 66755157
cloud0_tkemenade 25116810296 38998 6126

1721203309.9357612 66755207
cloud_controller_tkemenade 11855501840 36864 7706

1721203309.9362833 66755207
cloud0_tkemenade 25116810296 39012 6129

1721203310.938914 66755271
cloud_controller_tkemenade 11855501840 36886 7716

1721203310.9394798 66755271
cloud0_tkemenade 25116810296 39034 6135

1721203311.9420958 66755336
cloud_controller_tkemenade 11855501840 36927 7726

1721203311.9426079 66755339
cloud0_tkemenade 25116810296 39053 6138

1721203312.0430598 66755346
cloud_controller_tkemenade 11856347445 36930 7728

1721203312.043585 66755346
cloud0_tkemenade 25117464271 39054 6138

1721203313.046206 66755402
cloud_controller_tkemenade 11856347445 36958 7736

1721203313.0467947 66755402
cloud0_tkemenade 25117464271 39082 6141

1721203314.049217 66755473
cloud_controller_tkemenade 11856347445 36986 7743

1721203314.0497756 66755473
cloud0_tkemenade 25117464271 39121 6148

1721203315.0520391 66755508
cloud_controller_tkemenade 11856347445 37008 7749

1721203315.0525956 66755508
cloud0_tkemenade 25117464271 39133 6151

1721203316.0550375 66755598
cloud_controller_tkemenade 11856347445 37047 7760

1721203316.0555964 66755598
cloud0_tkemenade 25117464271 39186 6156

1721203317.05821 66755704
cloud_controller_tkemenade 11856347445 37079 7769

1721203317.0587451 66755704
cloud0_tkemenade 25117464271 39249 6166

1721203318.0613332 66755779
cloud_controller_tkemenade 11856347445 37103 7775

1721203318.0619168 66755779
cloud0_tkemenade 25117464271 39297 6174

1721203319.064598 66755840
cloud_controller_tkemenade 11857143086 37130 7784

1721203319.0651433 66755840
cloud0_tkemenade 25118407938 39324 6176

1721203320.06797 66755928
cloud_controller_tkemenade 11857143086 37169 7793

1721203320.0685587 66755928
cloud0_tkemenade 25118407938 39367 6181

1721203321.0713532 66755997
cloud_controller_tkemenade 11857143086 37196 7800

1721203321.0719345 66755997
cloud0_tkemenade 25118407938 39393 6189

1721203322.0747025 66756051
cloud_controller_tkemenade 11857143086 37225 7808

1721203322.0752716 66756051
cloud0_tkemenade 25118407938 39417 6199

1721203323.0778334 66756116
cloud_controller_tkemenade 11857143086 37254 7814

1721203323.0785124 66756116
cloud0_tkemenade 25118407938 39446 6204

1721203324.081317 66756209
cloud_controller_tkemenade 11857143086 37292 7820

1721203324.081818 66756209
cloud0_tkemenade 25118407938 39492 6214

1721203325.0840905 66756253
cloud_controller_tkemenade 11857143086 37317 7825

1721203325.0846052 66756253
cloud0_tkemenade 25118407938 39505 6219

1721203325.98672 66756310
cloud_controller_tkemenade 11858013740 37337 7834

1721203325.987215 66756310
cloud0_tkemenade 25119248338 39528 6221

1721203326.989692 66756366
cloud_controller_tkemenade 11858013740 37360 7841

1721203326.9902122 66756366
cloud0_tkemenade 25119248338 39563 6225

1721203327.9927309 66756432
cloud_controller_tkemenade 11858013740 37383 7847

1721203327.9932504 66756432
cloud0_tkemenade 25119248338 39600 6229

1721203328.9957116 66756475
cloud_controller_tkemenade 11858013740 37406 7858

1721203328.9962387 66756475
cloud0_tkemenade 25119248338 39617 6231

1721203329.998803 66756535
cloud_controller_tkemenade 11858013740 37438 7869

1721203329.9993296 66756535
cloud0_tkemenade 25119248338 39637 6235

1721203331.0017927 66756608
cloud_controller_tkemenade 11858013740 37460 7875

1721203331.0023344 66756609
cloud0_tkemenade 25119248338 39666 6238

1721203332.0049856 66756663
cloud_controller_tkemenade 11858013740 37496 7886

1721203332.0055509 66756663
cloud0_tkemenade 25119248338 39683 6242

1721203333.0076916 66756718
cloud_controller_tkemenade 11858013740 37522 7894

1721203333.008267 66756718
cloud0_tkemenade 25119248338 39704 6245

1721203333.1087277 66756730
cloud_controller_tkemenade 11858907581 37527 7894

1721203333.1092432 66756730
cloud0_tkemenade 25119982952 39708 6246

1721203334.1118178 66756884
cloud_controller_tkemenade 11858907581 37614 7904

1721203334.1123915 66756884
cloud0_tkemenade 25119982952 39762 6261

1721203335.114905 66756953
cloud_controller_tkemenade 11858907581 37638 7910

1721203335.1154585 66756953
cloud0_tkemenade 25119982952 39800 6268

1721203336.1180375 66756996
cloud_controller_tkemenade 11858907581 37661 7920

1721203336.1185787 66756997
cloud0_tkemenade 25119982952 39816 6271

1721203337.1210225 66757051
cloud_controller_tkemenade 11858907581 37685 7925

1721203337.121541 66757051
cloud0_tkemenade 25119982952 39840 6275

1721203338.1240969 66757128
cloud_controller_tkemenade 11858907581 37727 7933

1721203338.1246097 66757128
cloud0_tkemenade 25119982952 39866 6286

1721203339.1270735 66757171
cloud_controller_tkemenade 11858907581 37750 7940

1721203339.127593 66757171
cloud0_tkemenade 25119982952 39878 6293

1721203340.1300428 66757237
cloud_controller_tkemenade 11859992016 37782 7945

1721203340.1306164 66757237
cloud0_tkemenade 25120838529 39884 6309

1721203341.1328273 66757298
cloud_controller_tkemenade 11859992016 37801 7952

1721203341.1333005 66757298
cloud0_tkemenade 25120838529 39897 6320

1721203342.1355884 66757357
cloud_controller_tkemenade 11859992016 37840 7962

1721203342.1361554 66757357
cloud0_tkemenade 25120838529 39904 6336

1721203343.1386817 66757423
cloud_controller_tkemenade 11859992016 37872 7970

1721203343.1392393 66757423
cloud0_tkemenade 25120838529 39920 6355

1721203344.1416225 66757487
cloud_controller_tkemenade 11859992016 37897 7978

1721203344.1421912 66757487
cloud0_tkemenade 25120838529 39940 6380

1721203345.1445065 66757535
cloud_controller_tkemenade 11859992016 37925 7984

1721203345.1450658 66757535
cloud0_tkemenade 25120838529 39940 6405

1721203346.1473932 66757608
cloud_controller_tkemenade 11859992016 37957 7993

1721203346.1479492 66757608
cloud0_tkemenade 25120838529 39960 6436

1721203347.150383 66757745
cloud_controller_tkemenade 11859992016 38000 8000

1721203347.15094 66757745
cloud0_tkemenade 25120838529 40024 6463

1721203347.251418 66757751
cloud_controller_tkemenade 11860823586 38001 8000

1721203347.2518377 66757751
cloud0_tkemenade 25121724529 40026 6465

1721203348.2543786 66757823
cloud_controller_tkemenade 11860823586 38025 8009

1721203348.2549326 66757823
cloud0_tkemenade 25121724529 40061 6488

1721203349.2574406 66757859
cloud_controller_tkemenade 11860823586 38046 8014

1721203349.2579973 66757859
cloud0_tkemenade 25121724529 40061 6505

1721203350.2606936 66757948
cloud_controller_tkemenade 11860823586 38099 8025

1721203350.2612786 66757948
cloud0_tkemenade 25121724529 40061 6542

1721203351.2638125 66758002
cloud_controller_tkemenade 11860823586 38121 8030

1721203351.2643778 66758002
cloud0_tkemenade 25121724529 40061 6564

1721203352.2667394 66758064
cloud_controller_tkemenade 11860823586 38150 8038

1721203352.2672956 66758064
cloud0_tkemenade 25121724529 40061 6588

1721203353.2698305 66758137
cloud_controller_tkemenade 11860823586 38177 8045

1721203353.2704153 66758138
cloud0_tkemenade 25121724529 40061 6624

1721203354.1726646 66758228
cloud_controller_tkemenade 11861605641 38209 8051

1721203354.1731808 66758228
cloud0_tkemenade 25122467025 40074 6656

1721203355.1757176 66758310
cloud_controller_tkemenade 11861605641 38229 8055

1721203355.1762931 66758310
cloud0_tkemenade 25122467025 40096 6666

1721203356.1789293 66758400
cloud_controller_tkemenade 11861605641 38258 8066

1721203356.1794975 66758400
cloud0_tkemenade 25122467025 40119 6674

1721203357.1820843 66758491
cloud_controller_tkemenade 11861605641 38282 8073

1721203357.1826794 66758491
cloud0_tkemenade 25122467025 40156 6682

1721203358.1853907 66758563
cloud_controller_tkemenade 11861605641 38307 8085

1721203358.1859586 66758563
cloud0_tkemenade 25122467025 40180 6689

1721203359.1885424 66758637
cloud_controller_tkemenade 11861605641 38334 8095

1721203359.189069 66758637
cloud0_tkemenade 25122467025 40203 6697

1721203360.1917694 66758729
cloud_controller_tkemenade 11861605641 38363 8103

1721203360.1923428 66758729
cloud0_tkemenade 25122467025 40232 6704

1721203361.1948318 66758832
cloud_controller_tkemenade 11862341758 38390 8112

1721203361.195345 66758832
cloud0_tkemenade 25123218227 40265 6714

1721203362.1977162 66758916
cloud_controller_tkemenade 11862341758 38416 8123

1721203362.1982887 66758916
cloud0_tkemenade 25123218227 40283 6716

1721203363.2009068 66759002
cloud_controller_tkemenade 11862341758 38448 8129

1721203363.201484 66759002
cloud0_tkemenade 25123218227 40309 6720

1721203364.2041507 66759100
cloud_controller_tkemenade 11862341758 38478 8142

1721203364.2047143 66759100
cloud0_tkemenade 25123218227 40356 6730

1721203365.207291 66759191
cloud_controller_tkemenade 11862341758 38500 8149

1721203365.2078567 66759191
cloud0_tkemenade 25123218227 40394 6740

1721203366.2104776 66759263
cloud_controller_tkemenade 11862341758 38535 8160

1721203366.211025 66759263
cloud0_tkemenade 25123218227 40406 6752

1721203367.2135773 66759325
cloud_controller_tkemenade 11862341758 38558 8170

1721203367.2141 66759325
cloud0_tkemenade 25123218227 40420 6766

1721203368.216769 66759400
cloud_controller_tkemenade 11862341758 38589 8183

1721203368.217333 66759400
cloud0_tkemenade 25123218227 40445 6773

1721203368.4180741 66759421
cloud_controller_tkemenade 11863152732 38593 8184

1721203368.4194245 66759421
cloud0_tkemenade 25123958166 40453 6777

1721203369.4219604 66759475
cloud_controller_tkemenade 11863152732 38617 8189

1721203369.4225514 66759475
cloud0_tkemenade 25123958166 40463 6780

1721203370.4250965 66759556
cloud_controller_tkemenade 11863152732 38645 8197

1721203370.4256675 66759556
cloud0_tkemenade 25123958166 40484 6783

1721203371.4281769 66759647
cloud_controller_tkemenade 11863152732 38673 8206

1721203371.428743 66759647
cloud0_tkemenade 25123958166 40509 6785

1721203372.431265 66759739
cloud_controller_tkemenade 11863152732 38711 8213

1721203372.431773 66759739
cloud0_tkemenade 25123958166 40524 6787

1721203373.434235 66759827
cloud_controller_tkemenade 11863152732 38735 8219

1721203373.4347532 66759827
cloud0_tkemenade 25123958166 40555 6788

1721203374.4371395 66759906
cloud_controller_tkemenade 11863152732 38759 8227

1721203374.4376843 66759906
cloud0_tkemenade 25123958166 40587 6791

1721203375.4399807 66759973
cloud_controller_tkemenade 11863152732 38782 8231

1721203375.4404452 66759973
cloud0_tkemenade 25123958166 40611 6793

1721203375.5408843 66759977
cloud_controller_tkemenade 11863956480 38784 8231

1721203375.541481 66759977
cloud0_tkemenade 25124549157 40612 6793

1721203376.5440047 66760104
cloud_controller_tkemenade 11863956480 38837 8246

1721203376.5445774 66760104
cloud0_tkemenade 25124549157 40665 6801

1721203377.547085 66760197
cloud_controller_tkemenade 11863956480 38856 8254

1721203377.547652 66760197
cloud0_tkemenade 25124549157 40726 6804

1721203378.550185 66760291
cloud_controller_tkemenade 11863956480 38882 8264

1721203378.55076 66760291
cloud0_tkemenade 25124549157 40766 6808

1721203379.5530837 66760346
cloud_controller_tkemenade 11863956480 38905 8270

1721203379.5536368 66760346
cloud0_tkemenade 25124549157 40778 6808

1721203380.5561562 66760461
cloud_controller_tkemenade 11863956480 38955 8280

1721203380.5566847 66760461
cloud0_tkemenade 25124549157 40814 6813

1721203381.5592132 66760546
cloud_controller_tkemenade 11863956480 38979 8291

1721203381.5597692 66760546
cloud0_tkemenade 25124549157 40844 6814

1721203382.4621496 66760603
cloud_controller_tkemenade 11864833247 39001 8300

1721203382.4626825 66760603
cloud0_tkemenade 25125358716 40853 6816

1721203383.4652934 66760673
cloud_controller_tkemenade 11864833247 39031 8310

1721203383.4658675 66760673
cloud0_tkemenade 25125358716 40882 6821

1721203384.4684114 66760751
cloud_controller_tkemenade 11864833247 39061 8319

1721203384.4689908 66760751
cloud0_tkemenade 25125358716 40918 6825

1721203385.4714327 66760810
cloud_controller_tkemenade 11864833247 39079 8323

1721203385.4719849 66760810
cloud0_tkemenade 25125358716 40935 6831

1721203386.4745913 66760889
cloud_controller_tkemenade 11864833247 39118 8334

1721203386.4751585 66760889
cloud0_tkemenade 25125358716 40958 6837

1721203387.4777167 66760959
cloud_controller_tkemenade 11864833247 39137 8346

1721203387.4783156 66760960
cloud0_tkemenade 25125358716 40992 6844

1721203388.4808807 66761030
cloud_controller_tkemenade 11864833247 39171 8355

1721203388.481453 66761030
cloud0_tkemenade 25125358716 41017 6848

1721203389.4839294 66761073
cloud_controller_tkemenade 11864833247 39195 8361

1721203389.4844959 66761073
cloud0_tkemenade 25125358716 41035 6852

1721203389.5850074 66761090
cloud_controller_tkemenade 11865613041 39199 8362

1721203389.585526 66761090
cloud0_tkemenade 25126018542 41037 6853

1721203390.5881085 66761146
cloud_controller_tkemenade 11865613041 39226 8377

1721203390.5886889 66761146
cloud0_tkemenade 25126018542 41057 6858

1721203391.5913355 66761207
cloud_controller_tkemenade 11865613041 39254 8388

1721203391.5918944 66761207
cloud0_tkemenade 25126018542 41086 6864

1721203392.5944395 66761258
cloud_controller_tkemenade 11865613041 39280 8397

1721203392.594997 66761258
cloud0_tkemenade 25126018542 41096 6869

1721203393.5976233 66761321
cloud_controller_tkemenade 11865613041 39313 8406

1721203393.598187 66761321
cloud0_tkemenade 25126018542 41119 6879

1721203394.600768 66761412
cloud_controller_tkemenade 11865613041 39341 8413

1721203394.6012971 66761412
cloud0_tkemenade 25126018542 41172 6888

1721203395.6038153 66761461
cloud_controller_tkemenade 11865613041 39356 8419

1721203395.6043663 66761461
cloud0_tkemenade 25126018542 41200 6897

1721203396.6070404 66761541
cloud_controller_tkemenade 11866413389 39394 8429

1721203396.6075912 66761541
cloud0_tkemenade 25126745295 41227 6902

1721203397.6098745 66761570
cloud_controller_tkemenade 11866413389 39410 8434

1721203397.610455 66761571
cloud0_tkemenade 25126745295 41241 6908

1721203398.6130629 66761648
cloud_controller_tkemenade 11866413389 39455 8444

1721203398.6136239 66761648
cloud0_tkemenade 25126745295 41274 6917

1721203399.616113 66761688
cloud_controller_tkemenade 11866413389 39481 8450

1721203399.6166923 66761688
cloud0_tkemenade 25126745295 41284 6922

1721203400.6192112 66761732
cloud_controller_tkemenade 11866413389 39504 8459

1721203400.61977 66761732
cloud0_tkemenade 25126745295 41302 6929

1721203401.6223981 66761791
cloud_controller_tkemenade 11866413389 39546 8466

1721203401.6229768 66761791
cloud0_tkemenade 25126745295 41319 6941

1721203402.625636 66761841
cloud_controller_tkemenade 11866413389 39574 8470

1721203402.6262155 66761841
cloud0_tkemenade 25126745295 41336 6946

1721203403.6287303 66761893
cloud_controller_tkemenade 11867178478 39600 8476

1721203403.6292863 66761893
cloud0_tkemenade 25127283917 41358 6950

1721203404.6317265 66761956
cloud_controller_tkemenade 11867178478 39624 8482

1721203404.6323006 66761956
cloud0_tkemenade 25127283917 41393 6959

1721203405.634732 66762016
cloud_controller_tkemenade 11867178478 39643 8488

1721203405.6352828 66762016
cloud0_tkemenade 25127283917 41440 6970

1721203406.6378677 66762123
cloud_controller_tkemenade 11867178478 39697 8502

1721203406.6384706 66762123
cloud0_tkemenade 25127283917 41492 6982

1721203407.6409738 66762197
cloud_controller_tkemenade 11867178478 39716 8507

1721203407.6415243 66762197
cloud0_tkemenade 25127283917 41548 6986

1721203408.6441467 66762257
cloud_controller_tkemenade 11867178478 39743 8515

1721203408.6447186 66762257
cloud0_tkemenade 25127283917 41582 6995

1721203409.6472695 66762287
cloud_controller_tkemenade 11867178478 39762 8521

1721203409.6478264 66762287
cloud0_tkemenade 25127283917 41596 7002

1721203410.6504784 66762376
cloud_controller_tkemenade 11867178478 39813 8532

1721203410.6510448 66762376
cloud0_tkemenade 25127283917 41629 7013

1721203410.8517976 66762395
cloud_controller_tkemenade 11868007543 39821 8534

1721203410.8523376 66762395
cloud0_tkemenade 25128308233 41633 7015

1721203411.8549588 66762434
cloud_controller_tkemenade 11868007543 39842 8543

1721203411.8555224 66762434
cloud0_tkemenade 25128308233 41648 7020

1721203412.8581314 66762509
cloud_controller_tkemenade 11868007543 39872 8552

1721203412.858728 66762509
cloud0_tkemenade 25128308233 41666 7027

1721203413.861308 66762557
cloud_controller_tkemenade 11868007543 39892 8558

1721203413.8618693 66762557
cloud0_tkemenade 25128308233 41690 7036

1721203414.8643405 66762615
cloud_controller_tkemenade 11868007543 39913 8567

1721203414.8648996 66762615
cloud0_tkemenade 25128308233 41725 7041

1721203415.8673973 66762662
cloud_controller_tkemenade 11868007543 39937 8574

1721203415.8679552 66762662
cloud0_tkemenade 25128308233 41750 7045

1721203416.870521 66762719
cloud_controller_tkemenade 11868007543 39962 8586

1721203416.8710823 66762719
cloud0_tkemenade 25128308233 41783 7055

1721203417.8735893 66762767
cloud_controller_tkemenade 11868685614 39982 8590

1721203417.874104 66762767
cloud0_tkemenade 25128968222 41807 7062

1721203418.876387 66762811
cloud_controller_tkemenade 11868685614 40001 8599

1721203418.8769515 66762811
cloud0_tkemenade 25128968222 41829 7066

1721203419.8794103 66762847
cloud_controller_tkemenade 11868685614 40026 8602

1721203419.879975 66762847
cloud0_tkemenade 25128968222 41842 7068

1721203420.8825696 66762913
cloud_controller_tkemenade 11868685614 40048 8609

1721203420.8831284 66762913
cloud0_tkemenade 25128968222 41878 7075

1721203421.8857336 66762971
cloud_controller_tkemenade 11868685614 40078 8619

1721203421.8862896 66762972
cloud0_tkemenade 25128968222 41896 7086

1721203422.888866 66763036
cloud_controller_tkemenade 11868685614 40112 8630

1721203422.8894074 66763036
cloud0_tkemenade 25128968222 41916 7090

1721203423.8918128 66763095
cloud_controller_tkemenade 11868685614 40130 8635

1721203423.8923311 66763095
cloud0_tkemenade 25128968222 41950 7100

1721203424.894743 66763159
cloud_controller_tkemenade 11868685614 40158 8642

1721203424.8952901 66763159
cloud0_tkemenade 25128968222 41985 7114

1721203424.9957447 66763172
cloud_controller_tkemenade 11869425289 40159 8642

1721203424.99625 66763172
cloud0_tkemenade 25129756347 41992 7115

1721203425.9986432 66763225
cloud_controller_tkemenade 11869425289 40189 8648

1721203425.9992044 66763225
cloud0_tkemenade 25129756347 42015 7120

1721203427.0018094 66763279
cloud_controller_tkemenade 11869425289 40214 8657

1721203427.0023942 66763280
cloud0_tkemenade 25129756347 42046 7132

1721203428.0048864 66763333
cloud_controller_tkemenade 11869425289 40245 8664

1721203428.0055585 66763333
cloud0_tkemenade 25129756347 42069 7141

1721203429.0081406 66763381
cloud_controller_tkemenade 11869425289 40271 8672

1721203429.008702 66763381
cloud0_tkemenade 25129756347 42092 7145

1721203430.0111895 66763419
cloud_controller_tkemenade 11869425289 40295 8675

1721203430.0117457 66763419
cloud0_tkemenade 25129756347 42103 7148

1721203431.014229 66763471
cloud_controller_tkemenade 11869425289 40318 8688

1721203431.0148137 66763471
cloud0_tkemenade 25129756347 42128 7155

1721203432.0172508 66763525
cloud_controller_tkemenade 11870174237 40355 8694

1721203432.0178096 66763525
cloud0_tkemenade 25130356114 42144 7160

1721203433.020458 66763584
cloud_controller_tkemenade 11870174237 40390 8704

1721203433.0210354 66763584
cloud0_tkemenade 25130356114 42168 7173

1721203434.0233302 66763634
cloud_controller_tkemenade 11870174237 40407 8707

1721203434.0238903 66763634
cloud0_tkemenade 25130356114 42196 7178

1721203435.0264554 66763687
cloud_controller_tkemenade 11870174237 40433 8717

1721203435.027011 66763687
cloud0_tkemenade 25130356114 42223 7184

1721203436.029575 66763768
cloud_controller_tkemenade 11870174237 40463 8723

1721203436.0301292 66763768
cloud0_tkemenade 25130356114 42275 7189

1721203437.0327222 66763880
cloud_controller_tkemenade 11870174237 40511 8736

1721203437.0332766 66763880
cloud0_tkemenade 25130356114 42337 7195

1721203438.0357573 66763932
cloud_controller_tkemenade 11870174237 40531 8742

1721203438.0363128 66763932
cloud0_tkemenade 25130356114 42374 7198

1721203439.0388415 66763991
cloud_controller_tkemenade 11870966789 40556 8751

1721203439.0394053 66763991
cloud0_tkemenade 25131268470 42397 7205

1721203440.0420609 66764072
cloud_controller_tkemenade 11870966789 40599 8754

1721203440.0426645 66764072
cloud0_tkemenade 25131268470 42420 7212

1721203441.0454261 66764138
cloud_controller_tkemenade 11870966789 40621 8772

1721203441.0459824 66764138
cloud0_tkemenade 25131268470 42447 7216

1721203442.0485373 66764221
cloud_controller_tkemenade 11870966789 40648 8787

1721203442.0491104 66764221
cloud0_tkemenade 25131268470 42467 7221

1721203443.0517464 66764307
cloud_controller_tkemenade 11870966789 40679 8800

1721203443.052319 66764307
cloud0_tkemenade 25131268470 42488 7223

1721203444.0547395 66764385
cloud_controller_tkemenade 11870966789 40700 8803

1721203444.055295 66764385
cloud0_tkemenade 25131268470 42505 7227

1721203445.0579755 66764444
cloud_controller_tkemenade 11870966789 40726 8807

1721203445.0585797 66764444
cloud0_tkemenade 25131268470 42535 7235

1721203446.0611346 66764499
cloud_controller_tkemenade 11870966789 40746 8815

1721203446.0616825 66764499
cloud0_tkemenade 25131268470 42560 7241

1721203446.1621513 66764501
cloud_controller_tkemenade 11871735799 40748 8816

1721203446.1625724 66764501
cloud0_tkemenade 25131872263 42560 7241

1721203447.165028 66764567
cloud_controller_tkemenade 11871735799 40779 8823

1721203447.1655746 66764567
cloud0_tkemenade 25131872263 42591 7245

1721203448.1681314 66764619
cloud_controller_tkemenade 11871735799 40807 8827

1721203448.1686954 66764619
cloud0_tkemenade 25131872263 42618 7250

1721203449.1712356 66764665
cloud_controller_tkemenade 11871735799 40833 8835

1721203449.171806 66764665
cloud0_tkemenade 25131872263 42634 7258

1721203450.1743588 66764713
cloud_controller_tkemenade 11871735799 40860 8842

1721203450.1749222 66764713
cloud0_tkemenade 25131872263 42652 7264

1721203451.1774838 66764779
cloud_controller_tkemenade 11871735799 40879 8851

1721203451.1780467 66764779
cloud0_tkemenade 25131872263 42694 7272

1721203452.180641 66764822
cloud_controller_tkemenade 11871735799 40911 8857

1721203452.181208 66764822
cloud0_tkemenade 25131872263 42706 7275

1721203453.0835617 66764886
cloud_controller_tkemenade 11872502643 40940 8869

1721203453.084137 66764886
cloud0_tkemenade 25132518194 42725 7282

1721203454.0866365 66764985
cloud_controller_tkemenade 11872502643 40992 8873

1721203454.0872188 66764985
cloud0_tkemenade 25132518194 42759 7292

1721203455.0898216 66765055
cloud_controller_tkemenade 11872502643 41020 8879

1721203455.0904195 66765055
cloud0_tkemenade 25132518194 42803 7298

1721203456.0929656 66765100
cloud_controller_tkemenade 11872502643 41043 8885

1721203456.0935233 66765100
cloud0_tkemenade 25132518194 42826 7304

1721203457.0958724 66765163
cloud_controller_tkemenade 11872502643 41076 8890

1721203457.0964375 66765163
cloud0_tkemenade 25132518194 42851 7309

1721203458.0988986 66765224
cloud_controller_tkemenade 11872502643 41114 8896

1721203458.0994673 66765224
cloud0_tkemenade 25132518194 42879 7316

1721203459.1019914 66765267
cloud_controller_tkemenade 11872502643 41141 8905

1721203459.1025767 66765268
cloud0_tkemenade 25132518194 42897 7321

1721203460.1050694 66765302
cloud_controller_tkemenade 11872502643 41162 8912

1721203460.105635 66765302
cloud0_tkemenade 25132518194 42908 7326

1721203460.2061343 66765308
cloud_controller_tkemenade 11873340257 41166 8913

1721203460.2066636 66765308
cloud0_tkemenade 25133216206 42909 7326

1721203461.2091355 66765362
cloud_controller_tkemenade 11873340257 41189 8921

1721203461.2096698 66765362
cloud0_tkemenade 25133216206 42939 7332

1721203462.212 66765425
cloud_controller_tkemenade 11873340257 41238 8926

1721203462.2125547 66765425
cloud0_tkemenade 25133216206 42956 7337

1721203463.2148902 66765490
cloud_controller_tkemenade 11873340257 41267 8934

1721203463.215453 66765490
cloud0_tkemenade 25133216206 42993 7342

1721203464.2179878 66765532
cloud_controller_tkemenade 11873340257 41280 8943

1721203464.2185843 66765533
cloud0_tkemenade 25133216206 43013 7346

1721203465.2211134 66765583
cloud_controller_tkemenade 11873340257 41303 8951

1721203465.2216363 66765583
cloud0_tkemenade 25133216206 43042 7352

1721203466.2239723 66765655
cloud_controller_tkemenade 11873340257 41331 8958

1721203466.2245305 66765655
cloud0_tkemenade 25133216206 43082 7358

1721203467.2270725 66765771
cloud_controller_tkemenade 11873340257 41374 8967

1721203467.2275872 66765771
cloud0_tkemenade 25133216206 43156 7365

1721203467.328065 66765775
cloud_controller_tkemenade 11874136792 41375 8967

1721203467.3285537 66765775
cloud0_tkemenade 25134085429 43157 7365

1721203468.3310552 66765834
cloud_controller_tkemenade 11874136792 41400 8975

1721203468.3316107 66765834
cloud0_tkemenade 25134085429 43185 7371

1721203469.3341799 66765882
cloud_controller_tkemenade 11874136792 41424 8983

1721203469.3347836 66765882
cloud0_tkemenade 25134085429 43206 7373

1721203470.3374708 66765974
cloud_controller_tkemenade 11874136792 41475 8993

1721203470.3380508 66765974
cloud0_tkemenade 25134085429 43244 7381

1721203471.3407266 66766032
cloud_controller_tkemenade 11874136792 41505 9002

1721203471.341304 66766032
cloud0_tkemenade 25134085429 43271 7386

1721203472.3437889 66766077
cloud_controller_tkemenade 11874136792 41534 9013

1721203472.3443327 66766077
cloud0_tkemenade 25134085429 43286 7389

1721203473.34678 66766129
cloud_controller_tkemenade 11874136792 41565 9026

1721203473.3473647 66766129
cloud0_tkemenade 25134085429 43307 7393

1721203474.3498383 66766179
cloud_controller_tkemenade 11875011005 41591 9035

1721203474.350403 66766179
cloud0_tkemenade 25134690891 43321 7398

1721203475.352737 66766243
cloud_controller_tkemenade 11875011005 41619 9045

1721203475.3533072 66766243
cloud0_tkemenade 25134690891 43360 7403

1721203476.3559413 66766297
cloud_controller_tkemenade 11875011005 41639 9055

1721203476.3565032 66766297
cloud0_tkemenade 25134690891 43392 7409

1721203477.359192 66766357
cloud_controller_tkemenade 11875011005 41676 9069

1721203477.3597548 66766357
cloud0_tkemenade 25134690891 43420 7413

1721203478.3624046 66766406
cloud_controller_tkemenade 11875011005 41695 9079

1721203478.3629653 66766406
cloud0_tkemenade 25134690891 43445 7418

1721203479.365602 66766446
cloud_controller_tkemenade 11875011005 41722 9088

1721203479.3661215 66766446
cloud0_tkemenade 25134690891 43461 7421

1721203480.3687656 66766497
cloud_controller_tkemenade 11875011005 41754 9096

1721203480.3693316 66766497
cloud0_tkemenade 25134690891 43480 7427

1721203481.2716262 66766559
cloud_controller_tkemenade 11875776312 41776 9103

1721203481.2722456 66766559
cloud0_tkemenade 25135388851 43515 7430

1721203482.274819 66766602
cloud_controller_tkemenade 11875776312 41806 9111

1721203482.2753959 66766602
cloud0_tkemenade 25135388851 43529 7434

1721203483.2780275 66766669
cloud_controller_tkemenade 11875776312 41845 9121

1721203483.2786398 66766670
cloud0_tkemenade 25135388851 43556 7439

1721203484.28118 66766725
cloud_controller_tkemenade 11875776312 41864 9134

1721203484.2817433 66766725
cloud0_tkemenade 25135388851 43591 7445

1721203485.2842324 66766803
cloud_controller_tkemenade 11875776312 41884 9142

1721203485.284807 66766803
cloud0_tkemenade 25135388851 43631 7452

1721203486.2873206 66766858
cloud_controller_tkemenade 11875776312 41911 9151

1721203486.2878187 66766858
cloud0_tkemenade 25135388851 43666 7458

1721203487.2903886 66766912
cloud_controller_tkemenade 11875776312 41941 9158

1721203487.2909536 66766912
cloud0_tkemenade 25135388851 43688 7463

1721203488.2935257 66766973
cloud_controller_tkemenade 11875776312 41971 9165

1721203488.2940757 66766973
cloud0_tkemenade 25135388851 43720 7467

1721203488.3945513 66766978
cloud_controller_tkemenade 11876575970 41972 9166

1721203488.3950658 66766978
cloud0_tkemenade 25136121871 43721 7467

1721203489.397636 66767012
cloud_controller_tkemenade 11876575970 41996 9174

1721203489.3982 66767012
cloud0_tkemenade 25136121871 43734 7469

1721203490.4007983 66767048
cloud_controller_tkemenade 11876575970 42019 9183

1721203490.4013665 66767048
cloud0_tkemenade 25136121871 43744 7472

1721203491.4039705 66767103
cloud_controller_tkemenade 11876575970 42042 9189

1721203491.404544 66767103
cloud0_tkemenade 25136121871 43778 7481

1721203492.4071538 66767154
cloud_controller_tkemenade 11876575970 42080 9197

1721203492.407722 66767154
cloud0_tkemenade 25136121871 43794 7484

1721203493.4103694 66767215
cloud_controller_tkemenade 11876575970 42117 9208

1721203493.4109068 66767215
cloud0_tkemenade 25136121871 43814 7489

1721203494.4133456 66767255
cloud_controller_tkemenade 11876575970 42134 9213

1721203494.4138615 66767255
cloud0_tkemenade 25136121871 43837 7493

1721203495.4163134 66767309
cloud_controller_tkemenade 11877282657 42152 9223

1721203495.4168656 66767309
cloud0_tkemenade 25136612287 43860 7500

1721203496.4194565 66767398
cloud_controller_tkemenade 11877282657 42189 9232

1721203496.4200106 66767398
cloud0_tkemenade 25136612287 43912 7507

1721203497.4226153 66767523
cloud_controller_tkemenade 11877282657 42230 9241

1721203497.4231842 66767523
cloud0_tkemenade 25136612287 43994 7517

1721203498.425751 66767577
cloud_controller_tkemenade 11877282657 42255 9247

1721203498.4263468 66767577
cloud0_tkemenade 25136612287 44026 7523

1721203499.4289546 66767611
cloud_controller_tkemenade 11877282657 42276 9251

1721203499.4295247 66767611
cloud0_tkemenade 25136612287 44039 7527

1721203500.4321275 66767683
cloud_controller_tkemenade 11877282657 42320 9262

1721203500.4326735 66767683
cloud0_tkemenade 25136612287 44066 7533

1721203501.4352505 66767739
cloud_controller_tkemenade 11877282657 42350 9268

1721203501.4358077 66767739
cloud0_tkemenade 25136612287 44092 7538

1721203502.4384034 66767783
cloud_controller_tkemenade 11877282657 42380 9277

1721203502.4389791 66767783
cloud0_tkemenade 25136612287 44107 7542

1721203502.6397188 66767799
cloud_controller_tkemenade 11878157764 42388 9278

1721203502.6402683 66767799
cloud0_tkemenade 25137536011 44112 7542

1721203503.642919 66767855
cloud_controller_tkemenade 11878157764 42426 9287

1721203503.6434977 66767855
cloud0_tkemenade 25137536011 44136 7546

1721203504.6461146 66767893
cloud_controller_tkemenade 11878157764 42444 9292

1721203504.6467178 66767893
cloud0_tkemenade 25137536011 44153 7550

1721203505.6493554 66767974
cloud_controller_tkemenade 11878157764 42471 9300

1721203505.6499329 66767974
cloud0_tkemenade 25137536011 44183 7553

1721203506.652525 66768029
cloud_controller_tkemenade 11878157764 42493 9308

1721203506.6530988 66768029
cloud0_tkemenade 25137536011 44220 7559

1721203507.6557455 66768087
cloud_controller_tkemenade 11878157764 42527 9314

1721203507.656286 66768087
cloud0_tkemenade 25137536011 44244 7564

1721203508.6588068 66768123
cloud_controller_tkemenade 11878157764 42545 9320

1721203508.6593733 66768123
cloud0_tkemenade 25137536011 44263 7571

1721203509.6619663 66768170
cloud_controller_tkemenade 11878157764 42569 9327

1721203509.6625092 66768171
cloud0_tkemenade 25137536011 44284 7574

1721203509.7629917 66768173
cloud_controller_tkemenade 11878873787 42571 9329

1721203509.7634673 66768173
cloud0_tkemenade 25138155762 44284 7574

1721203510.7659874 66768218
cloud_controller_tkemenade 11878873787 42598 9337

1721203510.7676582 66768219
cloud0_tkemenade 25138155762 44304 7579

1721203511.7702367 66768271
cloud_controller_tkemenade 11878873787 42620 9347

1721203511.7708142 66768271
cloud0_tkemenade 25138155762 44334 7583

1721203512.7734373 66768326
cloud_controller_tkemenade 11878873787 42652 9356

1721203512.7740066 66768326
cloud0_tkemenade 25138155762 44348 7590

1721203513.776524 66768391
cloud_controller_tkemenade 11878873787 42684 9363

1721203513.7770944 66768391
cloud0_tkemenade 25138155762 44384 7597

1721203514.779632 66768450
cloud_controller_tkemenade 11878873787 42705 9372

1721203514.7801533 66768450
cloud0_tkemenade 25138155762 44413 7602

1721203515.7827957 66768526
cloud_controller_tkemenade 11878873787 42734 9378

1721203515.783361 66768526
cloud0_tkemenade 25138155762 44451 7610

1721203516.6856952 66768591
cloud_controller_tkemenade 11879630484 42758 9384

1721203516.6862175 66768591
cloud0_tkemenade 25138894003 44486 7614

1721203517.68883 66768640
cloud_controller_tkemenade 11879630484 42787 9393

1721203517.689408 66768640
cloud0_tkemenade 25138894003 44503 7620

1721203518.692099 66768702
cloud_controller_tkemenade 11879630484 42827 9399

1721203518.6926699 66768702
cloud0_tkemenade 25138894003 44527 7625

1721203519.6952436 66768742
cloud_controller_tkemenade 11879630484 42853 9407

1721203519.695812 66768742
cloud0_tkemenade 25138894003 44539 7630

1721203520.6983902 66768775
cloud_controller_tkemenade 11879630484 42874 9416

1721203520.6989803 66768775
cloud0_tkemenade 25138894003 44552 7632

1721203521.7016776 66768835
cloud_controller_tkemenade 11879630484 42910 9424

1721203521.7022197 66768835
cloud0_tkemenade 25138894003 44579 7638

1721203522.7048516 66768879
cloud_controller_tkemenade 11879630484 42946 9432

1721203522.705416 66768879
cloud0_tkemenade 25138894003 44593 7642

1721203523.707647 66768925
cloud_controller_tkemenade 11879630484 42973 9440

1721203523.7082434 66768925
cloud0_tkemenade 25138894003 44616 7645

1721203523.8087533 66768935
cloud_controller_tkemenade 11880446693 42976 9441

1721203523.8092976 66768935
cloud0_tkemenade 25139384933 44618 7645

1721203524.811834 66768979
cloud_controller_tkemenade 11880446693 42997 9447

1721203524.8124044 66768979
cloud0_tkemenade 25139384933 44640 7650

1721203525.8150935 66769076
cloud_controller_tkemenade 11880446693 43032 9456

1721203525.8156831 66769076
cloud0_tkemenade 25139384933 44686 7655

1721203526.818236 66769167
cloud_controller_tkemenade 11880446693 43066 9462

1721203526.818824 66769167
cloud0_tkemenade 25139384933 44745 7659

1721203527.8214421 66769237
cloud_controller_tkemenade 11880446693 43098 9469

1721203527.8220167 66769237
cloud0_tkemenade 25139384933 44781 7663

1721203528.824573 66769282
cloud_controller_tkemenade 11880446693 43114 9479

1721203528.8250966 66769282
cloud0_tkemenade 25139384933 44811 7665

1721203529.827689 66769328
cloud_controller_tkemenade 11880446693 43147 9486

1721203529.8282678 66769328
cloud0_tkemenade 25139384933 44830 7672

1721203530.8309176 66769388
cloud_controller_tkemenade 11880446693 43186 9495

1721203530.8314483 66769388
cloud0_tkemenade 25139384933 44852 7674

1721203530.9319375 66769391
cloud_controller_tkemenade 11881263082 43187 9495

1721203530.9324355 66769391
cloud0_tkemenade 25140192184 44853 7675

1721203531.935033 66769441
cloud_controller_tkemenade 11881263082 43212 9505

1721203531.9356043 66769441
cloud0_tkemenade 25140192184 44877 7681

1721203532.9384036 66769495
cloud_controller_tkemenade 11881263082 43245 9513

1721203532.9389648 66769495
cloud0_tkemenade 25140192184 44901 7683

1721203533.9416354 66769539
cloud_controller_tkemenade 11881263082 43280 9523

1721203533.9422069 66769539
cloud0_tkemenade 25140192184 44913 7686

1721203534.9448397 66769587
cloud_controller_tkemenade 11881263082 43295 9529

1721203534.9454055 66769587
cloud0_tkemenade 25140192184 44946 7690

1721203535.9481232 66769647
cloud_controller_tkemenade 11881263082 43327 9540

1721203535.948658 66769647
cloud0_tkemenade 25140192184 44970 7696

1721203536.9510994 66769703
cloud_controller_tkemenade 11881263082 43350 9549

1721203536.9516544 66769703
cloud0_tkemenade 25140192184 45006 7702

1721203537.9541848 66769769
cloud_controller_tkemenade 11882067419 43386 9557

1721203537.9547412 66769769
cloud0_tkemenade 25140829466 45032 7708

1721203538.9572225 66769802
cloud_controller_tkemenade 11882067419 43405 9567

1721203538.9577894 66769802
cloud0_tkemenade 25140829466 45050 7712

1721203539.9603226 66769847
cloud_controller_tkemenade 11882067419 43434 9573

1721203539.9608965 66769847
cloud0_tkemenade 25140829466 45066 7714

1721203540.96352 66769896
cloud_controller_tkemenade 11882067419 43456 9583

1721203540.964083 66769896
cloud0_tkemenade 25140829466 45095 7720

1721203541.966659 66769950
cloud_controller_tkemenade 11882067419 43483 9588

1721203541.9671783 66769950
cloud0_tkemenade 25140829466 45119 7726

1721203542.9697168 66770001
cloud_controller_tkemenade 11882067419 43510 9601

1721203542.9702032 66770001
cloud0_tkemenade 25140829466 45139 7728

1721203543.9727902 66770068
cloud_controller_tkemenade 11882067419 43547 9610

1721203543.9733355 66770068
cloud0_tkemenade 25140829466 45174 7737

1721203544.9758 66770123
cloud_controller_tkemenade 11882880108 43566 9617

1721203544.9763238 66770123
cloud0_tkemenade 25141567967 45211 7742

1721203545.9789836 66770184
cloud_controller_tkemenade 11882880108 43595 9627

1721203545.9794204 66770184
cloud0_tkemenade 25141567967 45235 7749

1721203546.9820464 66770239
cloud_controller_tkemenade 11882880108 43614 9634

1721203546.982635 66770239
cloud0_tkemenade 25141567967 45264 7757

1721203547.9855006 66770303
cloud_controller_tkemenade 11882880108 43657 9644

1721203547.986097 66770303
cloud0_tkemenade 25141567967 45288 7765

1721203548.988825 66770339
cloud_controller_tkemenade 11882880108 43672 9650

1721203548.9893935 66770339
cloud0_tkemenade 25141567967 45309 7771

1721203549.9921224 66770377
cloud_controller_tkemenade 11882880108 43695 9657

1721203549.992667 66770377
cloud0_tkemenade 25141567967 45325 7776

1721203550.9950614 66770421
cloud_controller_tkemenade 11882880108 43719 9663

1721203550.9956264 66770421
cloud0_tkemenade 25141567967 45348 7781

1721203551.9983556 66770491
cloud_controller_tkemenade 11883636241 43752 9676

1721203551.9989038 66770491
cloud0_tkemenade 25142231133 45376 7789

1721203553.0016732 66770546
cloud_controller_tkemenade 11883636241 43782 9686

1721203553.0022595 66770547
cloud0_tkemenade 25142231133 45403 7796

