1722774211.347977 28771524
cloud_controller_tkemenade 20894706225 25262 4360
cloud0_tkemenade 36050339274 32082 4447

1722774212.3508093 28771586
cloud_controller_tkemenade 20894706225 25289 4368

1722774212.3513782 28771586
cloud0_tkemenade 36050339274 32116 4449

1722774213.3540628 28771674
cloud_controller_tkemenade 20894706225 25317 4376

1722774213.3546412 28771674
cloud0_tkemenade 36050339274 32173 4455

1722774214.3573246 28771817
cloud_controller_tkemenade 20894706225 25353 4384

1722774214.3579297 28771818
cloud0_tkemenade 36050339274 32282 4467

1722774215.360575 28771936
cloud_controller_tkemenade 20894706225 25437 4390

1722774215.361151 28771936
cloud0_tkemenade 36050339274 32317 4475

1722774215.7623334 28771967
cloud_controller_tkemenade 20897406792 25452 4395

1722774215.762885 28771967
cloud0_tkemenade 36054014486 32325 4477

1722774216.7653768 28772028
cloud_controller_tkemenade 20897406792 25480 4403

1722774216.7659686 28772029
cloud0_tkemenade 36054014486 32362 4482

1722774217.7684886 28772094
cloud_controller_tkemenade 20897406792 25513 4410

1722774217.7690432 28772094
cloud0_tkemenade 36054014486 32391 4487

1722774218.0698743 28772140
cloud_controller_tkemenade 20898424710 25519 4413

1722774218.0704215 28772140
cloud0_tkemenade 36055177821 32406 4489

1722774219.0727332 28772209
cloud_controller_tkemenade 20898424710 25540 4420

1722774219.0732853 28772209
cloud0_tkemenade 36055177821 32452 4493

1722774220.0756567 28772279
cloud_controller_tkemenade 20898424710 25564 4430

1722774220.0761554 28772279
cloud0_tkemenade 36055177821 32504 4509

1722774221.0785801 28772372
cloud_controller_tkemenade 20898424710 25598 4437

1722774221.0792964 28772372
cloud0_tkemenade 36055177821 32564 4512

1722774222.0819058 28772422
cloud_controller_tkemenade 20898424710 25620 4443

1722774222.08244 28772422
cloud0_tkemenade 36055177821 32596 4518

1722774222.984874 28772496
cloud_controller_tkemenade 20900082056 25647 4447

1722774222.9854128 28772496
cloud0_tkemenade 36057560255 32641 4525

1722774223.9882166 28772602
cloud_controller_tkemenade 20900082056 25673 4454

1722774223.9887834 28772602
cloud0_tkemenade 36057560255 32723 4534

1722774224.9915648 28772675
cloud_controller_tkemenade 20900082056 25697 4460

1722774224.9921265 28772675
cloud0_tkemenade 36057560255 32771 4540

1722774225.1929076 28772696
cloud_controller_tkemenade 20900860738 25700 4463

1722774225.1934648 28772696
cloud0_tkemenade 36059049014 32783 4541

1722774226.1959388 28772764
cloud_controller_tkemenade 20900860738 25736 4470

1722774226.1964767 28772764
cloud0_tkemenade 36059049014 32813 4545

1722774227.199113 28772824
cloud_controller_tkemenade 20900860738 25771 4480

1722774227.1996703 28772824
cloud0_tkemenade 36059049014 32841 4549

1722774228.2023313 28772911
cloud_controller_tkemenade 20900860738 25809 4489

1722774228.202692 28772911
cloud0_tkemenade 36059049014 32881 4555

1722774229.2051966 28773077
cloud_controller_tkemenade 20900860738 25833 4496

1722774229.205759 28773077
cloud0_tkemenade 36059049014 33029 4558

1722774230.1082299 28773156
cloud_controller_tkemenade 20902533983 25860 4501

1722774230.108785 28773156
cloud0_tkemenade 36062056418 33073 4565

1722774231.1113014 28773230
cloud_controller_tkemenade 20902533983 25898 4509

1722774231.1118546 28773230
cloud0_tkemenade 36062056418 33109 4571

1722774232.1144257 28773302
cloud_controller_tkemenade 20902533983 25931 4517

1722774232.1149786 28773302
cloud0_tkemenade 36062056418 33152 4575

1722774232.3171768 28773321
cloud_controller_tkemenade 20903443592 25941 4518

1722774232.3177612 28773321
cloud0_tkemenade 36063328620 33156 4576

1722774233.3201175 28773402
cloud_controller_tkemenade 20903443592 25967 4523

1722774233.3206825 28773402
cloud0_tkemenade 36063328620 33206 4587

1722774234.3233488 28773495
cloud_controller_tkemenade 20903443592 25994 4530

1722774234.3239295 28773495
cloud0_tkemenade 36063328620 33271 4593

1722774235.326667 28773543
cloud_controller_tkemenade 20903443592 26022 4537

1722774235.327235 28773543
cloud0_tkemenade 36063328620 33296 4596

1722774236.3298573 28773644
cloud_controller_tkemenade 20903443592 26064 4547

1722774236.33042 28773644
cloud0_tkemenade 36063328620 33346 4602

1722774237.3331006 28773769
cloud_controller_tkemenade 20905291889 26111 4557

1722774237.3336782 28773769
cloud0_tkemenade 36065715494 33422 4607

1722774238.336474 28773824
cloud_controller_tkemenade 20905291889 26135 4563

1722774238.3370137 28773824
cloud0_tkemenade 36065715494 33457 4611

1722774239.339792 28773890
cloud_controller_tkemenade 20905291889 26155 4571

1722774239.3403227 28773890
cloud0_tkemenade 36065715494 33492 4617

1722774239.5410612 28773910
cloud_controller_tkemenade 20906143431 26158 4573

1722774239.5416183 28773910
cloud0_tkemenade 36066895488 33504 4619

1722774240.5446186 28774008
cloud_controller_tkemenade 20906143431 26206 4582

1722774240.5452073 28774008
cloud0_tkemenade 36066895488 33551 4629

1722774241.5479083 28774064
cloud_controller_tkemenade 20906143431 26232 4589

1722774241.5484755 28774064
cloud0_tkemenade 36066895488 33586 4633

1722774242.5511014 28774185
cloud_controller_tkemenade 20906143431 26312 4595

1722774242.551661 28774185
cloud0_tkemenade 36066895488 33628 4638

1722774243.5544124 28774292
cloud_controller_tkemenade 20906143431 26358 4602

1722774243.5549812 28774292
cloud0_tkemenade 36066895488 33688 4648

1722774244.4574466 28774394
cloud_controller_tkemenade 20908196231 26386 4606

1722774244.4579833 28774394
cloud0_tkemenade 36069252178 33753 4653

1722774245.460689 28774451
cloud_controller_tkemenade 20908196231 26412 4613

1722774245.4612646 28774451
cloud0_tkemenade 36069252178 33791 4657

1722774246.4637842 28774524
cloud_controller_tkemenade 20908196231 26446 4622

1722774246.4643414 28774524
cloud0_tkemenade 36069252178 33831 4665

1722774246.765291 28774540
cloud_controller_tkemenade 20909253220 26451 4625

1722774246.7658792 28774540
cloud0_tkemenade 36070435145 33841 4665

1722774247.7686067 28774594
cloud_controller_tkemenade 20909253220 26481 4631

1722774247.7691674 28774594
cloud0_tkemenade 36070435145 33870 4670

1722774248.7718585 28774658
cloud_controller_tkemenade 20909253220 26501 4637

1722774248.7723548 28774658
cloud0_tkemenade 36070435145 33899 4676

1722774249.7750225 28774720
cloud_controller_tkemenade 20909253220 26526 4641

1722774249.775602 28774720
cloud0_tkemenade 36070435145 33938 4681

1722774250.778426 28774783
cloud_controller_tkemenade 20909253220 26559 4649

1722774250.7789931 28774783
cloud0_tkemenade 36070435145 33972 4688

1722774251.6815662 28774859
cloud_controller_tkemenade 20910770941 26586 4655

1722774251.682138 28774859
cloud0_tkemenade 36072289457 34015 4691

1722774252.6848962 28774912
cloud_controller_tkemenade 20910770941 26615 4665

1722774252.6854615 28774912
cloud0_tkemenade 36072289457 34043 4695

1722774253.6882882 28775006
cloud_controller_tkemenade 20910770941 26651 4671

1722774253.6888173 28775006
cloud0_tkemenade 36072289457 34105 4701

1722774254.090116 28775057
cloud_controller_tkemenade 20911569761 26660 4673

1722774254.0906482 28775057
cloud0_tkemenade 36073355586 34145 4704

1722774255.0934474 28775140
cloud_controller_tkemenade 20911569761 26684 4680

1722774255.0940504 28775141
cloud0_tkemenade 36073355586 34207 4710

1722774256.0968597 28775193
cloud_controller_tkemenade 20911569761 26721 4688

1722774256.097412 28775193
cloud0_tkemenade 36073355586 34229 4715

1722774257.100184 28775249
cloud_controller_tkemenade 20911569761 26746 4697

1722774257.1007361 28775249
cloud0_tkemenade 36073355586 34264 4719

1722774258.1034653 28775320
cloud_controller_tkemenade 20911569761 26790 4705

1722774258.1040137 28775320
cloud0_tkemenade 36073355586 34292 4725

1722774258.7058566 28775362
cloud_controller_tkemenade 20913317401 26803 4710

1722774258.706408 28775362
cloud0_tkemenade 36075524847 34315 4728

1722774259.708906 28775436
cloud_controller_tkemenade 20913317401 26827 4715

1722774259.7094696 28775436
cloud0_tkemenade 36075524847 34360 4731

1722774260.7119591 28775504
cloud_controller_tkemenade 20913317401 26854 4722

1722774260.7125072 28775504
cloud0_tkemenade 36075524847 34404 4736

1722774261.3147638 28775558
cloud_controller_tkemenade 20914144176 26881 4728

1722774261.3153734 28775558
cloud0_tkemenade 36076503602 34432 4739

1722774262.3182333 28775632
cloud_controller_tkemenade 20914144176 26916 4736

1722774262.3188102 28775632
cloud0_tkemenade 36076503602 34473 4744

1722774263.3216574 28775700
cloud_controller_tkemenade 20914144176 26950 4744

1722774263.3222868 28775700
cloud0_tkemenade 36076503602 34503 4749

1722774264.324891 28775806
cloud_controller_tkemenade 20914144176 26976 4749

1722774264.325463 28775806
cloud0_tkemenade 36076503602 34586 4754

1722774265.3281775 28775879
cloud_controller_tkemenade 20914144176 27003 4753

1722774265.3287401 28775879
cloud0_tkemenade 36076503602 34610 4759

1722774265.830187 28775954
cloud_controller_tkemenade 20915865903 27035 4758

1722774265.8307772 28775954
cloud0_tkemenade 36078753158 34647 4765

1722774266.8335102 28776055
cloud_controller_tkemenade 20915865903 27077 4766

1722774266.8340905 28776056
cloud0_tkemenade 36078753158 34708 4771

1722774267.8369508 28776141
cloud_controller_tkemenade 20915865903 27109 4776

1722774267.837526 28776141
cloud0_tkemenade 36078753158 34760 4776

1722774268.3389888 28776169
cloud_controller_tkemenade 20916786382 27119 4778

1722774268.3395674 28776169
cloud0_tkemenade 36079953237 34771 4779

1722774269.3423617 28776311
cloud_controller_tkemenade 20916786382 27147 4783

1722774269.3429523 28776311
cloud0_tkemenade 36079953237 34873 4786

1722774270.3458226 28776445
cloud_controller_tkemenade 20916786382 27195 4792

1722774270.3463876 28776445
cloud0_tkemenade 36079953237 34962 4794

1722774271.349163 28776506
cloud_controller_tkemenade 20916786382 27223 4797

1722774271.3497095 28776506
cloud0_tkemenade 36079953237 34996 4799

1722774272.352491 28776576
cloud_controller_tkemenade 20916786382 27246 4804

1722774272.3530455 28776576
cloud0_tkemenade 36079953237 35028 4802

1722774272.8545127 28776620
cloud_controller_tkemenade 20918550552 27258 4815

1722774272.8550372 28776620
cloud0_tkemenade 36082737122 35040 4804

1722774273.8578649 28776751
cloud_controller_tkemenade 20918550552 27297 4825

1722774273.8584561 28776751
cloud0_tkemenade 36082737122 35107 4810

1722774274.8612685 28776838
cloud_controller_tkemenade 20918550552 27322 4833

1722774274.8618572 28776838
cloud0_tkemenade 36082737122 35166 4819

1722774275.5638173 28776940
cloud_controller_tkemenade 20919611797 27399 4837

1722774275.5643241 28776940
cloud0_tkemenade 36084174030 35187 4824

1722774276.567089 28777005
cloud_controller_tkemenade 20919611797 27434 4844

1722774276.5676606 28777005
cloud0_tkemenade 36084174030 35217 4830

1722774277.5704396 28777063
cloud_controller_tkemenade 20919611797 27463 4849

1722774277.5709963 28777063
cloud0_tkemenade 36084174030 35253 4835

1722774278.5738 28777120
cloud_controller_tkemenade 20919611797 27493 4856

1722774278.5743525 28777120
cloud0_tkemenade 36084174030 35288 4839

1722774279.5770202 28777194
cloud_controller_tkemenade 20919611797 27519 4861

1722774279.5775783 28777194
cloud0_tkemenade 36084174030 35324 4843

1722774279.978734 28777229
cloud_controller_tkemenade 20921652111 27528 4864

1722774279.9792607 28777229
cloud0_tkemenade 36086299489 35338 4844

1722774280.981947 28777286
cloud_controller_tkemenade 20921652111 27556 4872

1722774280.9825056 28777286
cloud0_tkemenade 36086299489 35371 4849

1722774281.9852443 28777338
cloud_controller_tkemenade 20921652111 27580 4882

1722774281.9858332 28777338
cloud0_tkemenade 36086299489 35403 4856

1722774282.68778 28777385
cloud_controller_tkemenade 20922430994 27600 4889

1722774282.688314 28777385
cloud0_tkemenade 36087146370 35427 4857

1722774283.691014 28777465
cloud_controller_tkemenade 20922430994 27632 4896

1722774283.6915503 28777465
cloud0_tkemenade 36087146370 35476 4862

1722774284.69436 28777552
cloud_controller_tkemenade 20922430994 27652 4904

1722774284.6948962 28777552
cloud0_tkemenade 36087146370 35549 4869

1722774285.6976922 28777629
cloud_controller_tkemenade 20922430994 27678 4913

1722774285.69825 28777629
cloud0_tkemenade 36087146370 35604 4878

1722774286.7009773 28777691
cloud_controller_tkemenade 20922430994 27714 4920

1722774286.7015212 28777691
cloud0_tkemenade 36087146370 35633 4881

1722774287.2029488 28777721
cloud_controller_tkemenade 20924009191 27729 4924

1722774287.2034526 28777721
cloud0_tkemenade 36089254696 35646 4882

1722774288.206254 28777802
cloud_controller_tkemenade 20924009191 27775 4934

1722774288.2068198 28777802
cloud0_tkemenade 36089254696 35692 4886

1722774289.2096238 28777978
cloud_controller_tkemenade 20924009191 27798 4940

1722774289.2101998 28777978
cloud0_tkemenade 36089254696 35843 4890

1722774289.8118699 28778028
cloud_controller_tkemenade 20924842275 27811 4943

1722774289.812333 28778028
cloud0_tkemenade 36090732950 35870 4895

1722774290.814883 28778098
cloud_controller_tkemenade 20924842275 27835 4947

1722774290.8154328 28778098
cloud0_tkemenade 36090732950 35919 4897

1722774291.8181586 28778177
cloud_controller_tkemenade 20924842275 27875 4960

1722774291.8187063 28778177
cloud0_tkemenade 36090732950 35960 4901

1722774292.821432 28778241
cloud_controller_tkemenade 20924842275 27901 4966

1722774292.8220093 28778242
cloud0_tkemenade 36090732950 35999 4907

1722774293.8247275 28778316
cloud_controller_tkemenade 20924842275 27933 4976

1722774293.8252802 28778316
cloud0_tkemenade 36090732950 36045 4914

1722774294.2265387 28778363
cloud_controller_tkemenade 20925707512 27943 4979

1722774294.2270818 28778363
cloud0_tkemenade 36093656807 36076 4916

1722774294.327592 28778379
cloud_controller_tkemenade 20926573044 27945 4981

1722774294.328134 28778379
cloud0_tkemenade 36093656807 36090 4918

1722774295.330801 28778441
cloud_controller_tkemenade 20926573044 27974 4987

1722774295.331353 28778441
cloud0_tkemenade 36093656807 36129 4923

1722774296.3341422 28778543
cloud_controller_tkemenade 20926573044 28020 4995

1722774296.3347 28778543
cloud0_tkemenade 36093656807 36186 4928

1722774296.8362398 28778619
cloud_controller_tkemenade 20927504563 28053 4998

1722774296.8368175 28778619
cloud0_tkemenade 36094916726 36226 4934

1722774297.8396318 28778695
cloud_controller_tkemenade 20927504563 28078 5005

1722774297.8402047 28778695
cloud0_tkemenade 36094916726 36283 4938

1722774298.842908 28778751
cloud_controller_tkemenade 20927504563 28107 5014

1722774298.8434713 28778751
cloud0_tkemenade 36094916726 36307 4944

1722774299.8461795 28778824
cloud_controller_tkemenade 20927504563 28140 5021

1722774299.8467426 28778824
cloud0_tkemenade 36094916726 36350 4952

1722774300.8493605 28778901
cloud_controller_tkemenade 20927504563 28177 5029

1722774300.8499062 28778902
cloud0_tkemenade 36094916726 36392 4956

1722774301.4515262 28778946
cloud_controller_tkemenade 20929405449 28191 5032

1722774301.4520345 28778946
cloud0_tkemenade 36097347209 36414 4959

1722774302.4547093 28779031
cloud_controller_tkemenade 20929405449 28251 5040

1722774302.4552584 28779031
cloud0_tkemenade 36097347209 36442 4963

1722774303.4580772 28779116
cloud_controller_tkemenade 20929405449 28306 5050

1722774303.4586272 28779116
cloud0_tkemenade 36097347209 36474 4969

1722774303.960137 28779181
cloud_controller_tkemenade 20930466643 28323 5053

1722774303.9606535 28779181
cloud0_tkemenade 36098421344 36519 4970

1722774304.9633274 28779256
cloud_controller_tkemenade 20930466643 28345 5062

1722774304.9638777 28779256
cloud0_tkemenade 36098421344 36579 4977

1722774305.9664373 28779328
cloud_controller_tkemenade 20930466643 28377 5071

1722774305.9669902 28779328
cloud0_tkemenade 36098421344 36619 4980

1722774306.969789 28779398
cloud_controller_tkemenade 20930466643 28416 5075

1722774306.9703312 28779398
cloud0_tkemenade 36098421344 36657 4987

1722774307.9730299 28779444
cloud_controller_tkemenade 20930466643 28436 5085

1722774307.9735715 28779444
cloud0_tkemenade 36098421344 36685 4993

1722774308.5752494 28779484
cloud_controller_tkemenade 20932455139 28453 5089

1722774308.5757694 28779484
cloud0_tkemenade 36100456666 36706 4997

1722774309.5784996 28779538
cloud_controller_tkemenade 20932455139 28475 5096

1722774309.5791514 28779538
cloud0_tkemenade 36100456666 36739 5002

1722774310.5819092 28779624
cloud_controller_tkemenade 20932455139 28504 5103

1722774310.5824745 28779624
cloud0_tkemenade 36100456666 36786 5008

1722774311.0839312 28779656
cloud_controller_tkemenade 20933222456 28522 5107

1722774311.0844948 28779656
cloud0_tkemenade 36101448940 36798 5010

1722774312.0872576 28779705
cloud_controller_tkemenade 20933222456 28543 5115

1722774312.0878172 28779705
cloud0_tkemenade 36101448940 36829 5016

1722774313.0906205 28779765
cloud_controller_tkemenade 20933222456 28576 5124

1722774313.091179 28779765
cloud0_tkemenade 36101448940 36864 5021

1722774314.0939825 28779870
cloud_controller_tkemenade 20933222456 28610 5131

1722774314.094542 28779870
cloud0_tkemenade 36101448940 36940 5024

1722774315.0972965 28779965
cloud_controller_tkemenade 20933222456 28631 5140

1722774315.0978756 28779966
cloud0_tkemenade 36101448940 37013 5032

1722774315.7998085 28780003
cloud_controller_tkemenade 20934742397 28646 5145

1722774315.8003352 28780003
cloud0_tkemenade 36103650865 37025 5034

1722774316.8030522 28780065
cloud_controller_tkemenade 20934742397 28680 5156

1722774316.803609 28780065
cloud0_tkemenade 36103650865 37057 5038

1722774317.8061695 28780111
cloud_controller_tkemenade 20934742397 28708 5162

1722774317.8067205 28780111
cloud0_tkemenade 36103650865 37083 5041

1722774318.4085233 28780189
cloud_controller_tkemenade 20935596054 28743 5169

1722774318.4090886 28780189
cloud0_tkemenade 36104702907 37118 5045

1722774319.4116697 28780249
cloud_controller_tkemenade 20935596054 28775 5177

1722774319.4122217 28780249
cloud0_tkemenade 36104702907 37155 5048

1722774320.4148083 28780323
cloud_controller_tkemenade 20935596054 28797 5182

1722774320.415272 28780323
cloud0_tkemenade 36104702907 37202 5053

1722774321.4179091 28780400
cloud_controller_tkemenade 20935596054 28836 5187

1722774321.4184623 28780400
cloud0_tkemenade 36104702907 37242 5061

1722774322.4209387 28780470
cloud_controller_tkemenade 20935596054 28863 5198

1722774322.4215002 28780470
cloud0_tkemenade 36104702907 37279 5066

1722774322.9229639 28780507
cloud_controller_tkemenade 20937363578 28881 5202

1722774322.9235077 28780507
cloud0_tkemenade 36106550772 37292 5069

1722774323.9261668 28780584
cloud_controller_tkemenade 20937363578 28914 5211

1722774323.9267347 28780584
cloud0_tkemenade 36106550772 37345 5071

1722774324.9293015 28780660
cloud_controller_tkemenade 20937363578 28941 5220

1722774324.9298913 28780661
cloud0_tkemenade 36106550772 37399 5078

1722774325.6316564 28780715
cloud_controller_tkemenade 20938188741 28958 5226

1722774325.6322248 28780715
cloud0_tkemenade 36107626266 37433 5084

1722774326.6346948 28780836
cloud_controller_tkemenade 20938188741 29012 5239

1722774326.6352649 28780836
cloud0_tkemenade 36107626266 37500 5093

1722774327.638002 28780952
cloud_controller_tkemenade 20938188741 29036 5243

1722774327.6385498 28780952
cloud0_tkemenade 36107626266 37594 5097

1722774328.6411319 28781018
cloud_controller_tkemenade 20938188741 29071 5252

1722774328.6417048 28781018
cloud0_tkemenade 36107626266 37620 5101

1722774329.6444454 28781209
cloud_controller_tkemenade 20938188741 29114 5259

1722774329.6449785 28781209
cloud0_tkemenade 36107626266 37771 5101

1722774330.0462246 28781272
cloud_controller_tkemenade 20940322777 29146 5264

1722774330.0467067 28781272
cloud0_tkemenade 36111092069 37799 5103

1722774331.0492127 28781376
cloud_controller_tkemenade 20940322777 29183 5271

1722774331.0497625 28781377
cloud0_tkemenade 36111092069 37861 5107

1722774332.0524263 28781440
cloud_controller_tkemenade 20940322777 29217 5282

1722774332.052987 28781440
cloud0_tkemenade 36111092069 37889 5111

1722774332.7548974 28781479
cloud_controller_tkemenade 20941391240 29227 5286

1722774332.7554421 28781479
cloud0_tkemenade 36112758363 37917 5114

1722774333.7580323 28781585
cloud_controller_tkemenade 20941391240 29277 5295

1722774333.758582 28781585
cloud0_tkemenade 36112758363 37983 5117

1722774334.7612615 28781647
cloud_controller_tkemenade 20941391240 29305 5300

1722774334.7618456 28781648
cloud0_tkemenade 36112758363 38023 5123

1722774335.7644315 28781796
cloud_controller_tkemenade 20941391240 29402 5304

1722774335.7649689 28781796
cloud0_tkemenade 36112758363 38079 5134

1722774336.7675946 28781869
cloud_controller_tkemenade 20941391240 29438 5315

1722774336.7681441 28781869
cloud0_tkemenade 36112758363 38115 5141

1722774337.2695465 28781914
cloud_controller_tkemenade 20943641899 29454 5319

1722774337.2700965 28781915
cloud0_tkemenade 36115117376 38143 5143

1722774338.272663 28781962
cloud_controller_tkemenade 20943641899 29475 5325

1722774338.2732227 28781962
cloud0_tkemenade 36115117376 38172 5147

1722774339.2758672 28782031
cloud_controller_tkemenade 20943641899 29507 5333

1722774339.276427 28782031
cloud0_tkemenade 36115117376 38211 5154

1722774339.8780286 28782057
cloud_controller_tkemenade 20944703604 29519 5337

1722774339.878569 28782057
cloud0_tkemenade 36116197817 38222 5155

1722774340.8811607 28782143
cloud_controller_tkemenade 20944703604 29552 5342

1722774340.8815541 28782143
cloud0_tkemenade 36116197817 38271 5161

1722774341.8841174 28782201
cloud_controller_tkemenade 20944703604 29580 5353

1722774341.8846834 28782201
cloud0_tkemenade 36116197817 38298 5167

1722774342.8873014 28782258
cloud_controller_tkemenade 20944703604 29602 5365

1722774342.8878095 28782258
cloud0_tkemenade 36116197817 38337 5175

1722774343.89035 28782354
cloud_controller_tkemenade 20944703604 29636 5374

1722774343.8908818 28782354
cloud0_tkemenade 36116197817 38404 5182

1722774344.492474 28782390
cloud_controller_tkemenade 20946399466 29649 5378

1722774344.4929786 28782390
cloud0_tkemenade 36118383447 38425 5183

1722774345.4956334 28782489
cloud_controller_tkemenade 20946399466 29673 5385

1722774345.4962025 28782489
cloud0_tkemenade 36118383447 38497 5197

1722774346.498601 28782570
cloud_controller_tkemenade 20946399466 29708 5393

1722774346.499157 28782570
cloud0_tkemenade 36118383447 38528 5202

1722774347.0006523 28782627
cloud_controller_tkemenade 20947316436 29716 5406

1722774347.0012095 28782627
cloud0_tkemenade 36119702657 38561 5203

1722774348.0039368 28782714
cloud_controller_tkemenade 20947316436 29760 5411

1722774348.0044816 28782714
cloud0_tkemenade 36119702657 38595 5208

1722774349.0071511 28782884
cloud_controller_tkemenade 20947316436 29794 5420

1722774349.00771 28782884
cloud0_tkemenade 36119702657 38719 5213

1722774350.01041 28782977
cloud_controller_tkemenade 20947316436 29817 5428

1722774350.0109746 28782977
cloud0_tkemenade 36119702657 38794 5218

1722774351.013629 28783072
cloud_controller_tkemenade 20947316436 29852 5437

1722774351.0142102 28783072
cloud0_tkemenade 36119702657 38863 5223

1722774351.7199297 28783152
cloud_controller_tkemenade 20949164835 29881 5444

1722774351.720431 28783152
cloud0_tkemenade 36122820664 38886 5227

1722774352.7229526 28783210
cloud_controller_tkemenade 20949164835 29899 5451

1722774352.7235124 28783210
cloud0_tkemenade 36122820664 38924 5231

1722774353.72591 28783284
cloud_controller_tkemenade 20949164835 29927 5458

1722774353.7264564 28783284
cloud0_tkemenade 36122820664 38973 5237

1722774354.2278292 28783332
cloud_controller_tkemenade 20950046588 29950 5462

1722774354.22838 28783332
cloud0_tkemenade 36124280972 38999 5239

1722774355.2309287 28783380
cloud_controller_tkemenade 20950046588 29977 5469

1722774355.2314982 28783380
cloud0_tkemenade 36124280972 39031 5242

1722774356.2341084 28783496
cloud_controller_tkemenade 20950046588 30015 5478

1722774356.2346578 28783496
cloud0_tkemenade 36124280972 39100 5252

1722774357.2373455 28783609
cloud_controller_tkemenade 20950046588 30061 5488

1722774357.2379436 28783609
cloud0_tkemenade 36124280972 39172 5262

1722774358.2405043 28783664
cloud_controller_tkemenade 20950046588 30081 5496

1722774358.2410724 28783664
cloud0_tkemenade 36124280972 39211 5263

1722774359.1432788 28783722
cloud_controller_tkemenade 20951723985 30107 5503

1722774359.1437721 28783722
cloud0_tkemenade 36126691854 39245 5266

1722774360.1463544 28783791
cloud_controller_tkemenade 20951723985 30148 5511

1722774360.146897 28783791
cloud0_tkemenade 36126691854 39280 5272

1722774361.1495101 28783867
cloud_controller_tkemenade 20951723985 30186 5519

1722774361.1500788 28783867
cloud0_tkemenade 36126691854 39321 5276

1722774361.3507342 28783892
cloud_controller_tkemenade 20952675784 30194 5521

1722774361.3511605 28783892
cloud0_tkemenade 36127825978 39327 5276

1722774362.3535485 28783956
cloud_controller_tkemenade 20952675784 30231 5529

1722774362.3540783 28783957
cloud0_tkemenade 36127825978 39356 5279

1722774363.3565745 28784060
cloud_controller_tkemenade 20952675784 30306 5534

1722774363.357042 28784060
cloud0_tkemenade 36127825978 39386 5285

1722774364.3594599 28784158
cloud_controller_tkemenade 20952675784 30338 5542

1722774364.3598664 28784158
cloud0_tkemenade 36127825978 39458 5288

1722774365.3621895 28784217
cloud_controller_tkemenade 20952675784 30362 5551

1722774365.3625946 28784217
cloud0_tkemenade 36127825978 39492 5293

1722774366.2648358 28784300
cloud_controller_tkemenade 20954762935 30384 5556

1722774366.265325 28784300
cloud0_tkemenade 36129962528 39550 5304

1722774367.2678251 28784364
cloud_controller_tkemenade 20954762935 30420 5567

1722774367.268237 28784364
cloud0_tkemenade 36129962528 39583 5310

1722774368.2707095 28784408
cloud_controller_tkemenade 20954762935 30435 5577

1722774368.2711499 28784408
cloud0_tkemenade 36129962528 39614 5313

1722774368.4718502 28784421
cloud_controller_tkemenade 20955713121 30440 5577

1722774368.4723232 28784421
cloud0_tkemenade 36130997384 39618 5314

1722774369.4745789 28784490
cloud_controller_tkemenade 20955713121 30470 5583

1722774369.4750254 28784490
cloud0_tkemenade 36130997384 39656 5317

1722774370.4773679 28784538
cloud_controller_tkemenade 20955713121 30493 5587

1722774370.477791 28784539
cloud0_tkemenade 36130997384 39688 5319

1722774371.4801705 28784610
cloud_controller_tkemenade 20955713121 30525 5598

1722774371.48057 28784610
cloud0_tkemenade 36130997384 39731 5329

1722774372.4830413 28784671
cloud_controller_tkemenade 20955713121 30547 5604

1722774372.4835858 28784671
cloud0_tkemenade 36130997384 39762 5332

1722774373.4860718 28784726
cloud_controller_tkemenade 20957199290 30571 5612

1722774373.4865763 28784726
cloud0_tkemenade 36132680071 39794 5336

1722774374.4891098 28784830
cloud_controller_tkemenade 20957199290 30607 5620

1722774374.4895897 28784830
cloud0_tkemenade 36132680071 39867 5342

1722774375.4919748 28784904
cloud_controller_tkemenade 20957199290 30634 5625

1722774375.4923856 28784904
cloud0_tkemenade 36132680071 39917 5349

1722774375.6930864 28784914
cloud_controller_tkemenade 20957958118 30636 5626

1722774375.6935635 28784914
cloud0_tkemenade 36133717652 39921 5349

1722774376.6960952 28784995
cloud_controller_tkemenade 20957958118 30667 5635

1722774376.6965353 28784995
cloud0_tkemenade 36133717652 39974 5357

1722774377.6990445 28785048
cloud_controller_tkemenade 20957958118 30697 5646

1722774377.6994443 28785048
cloud0_tkemenade 36133717652 40003 5360

1722774378.7019227 28785110
cloud_controller_tkemenade 20957958118 30730 5656

1722774378.7023265 28785110
cloud0_tkemenade 36133717652 40038 5368

1722774379.7048635 28785180
cloud_controller_tkemenade 20957958118 30763 5662

1722774379.7053723 28785180
cloud0_tkemenade 36133717652 40069 5371

1722774380.7076645 28785250
cloud_controller_tkemenade 20959628146 30786 5669

1722774380.7081485 28785250
cloud0_tkemenade 36135903197 40114 5377

1722774381.7105663 28785332
cloud_controller_tkemenade 20959628146 30825 5680

1722774381.7109723 28785332
cloud0_tkemenade 36135903197 40160 5382

1722774382.7133486 28785405
cloud_controller_tkemenade 20959628146 30844 5688

1722774382.7138395 28785406
cloud0_tkemenade 36135903197 40199 5387

1722774382.814319 28785412
cloud_controller_tkemenade 20960467673 30845 5690

1722774382.8147593 28785412
cloud0_tkemenade 36136895083 40204 5388

1722774383.8172023 28785484
cloud_controller_tkemenade 20960467673 30871 5696

1722774383.8176162 28785484
cloud0_tkemenade 36136895083 40259 5393

1722774384.82005 28785542
cloud_controller_tkemenade 20960467673 30907 5703

1722774384.8204606 28785542
cloud0_tkemenade 36136895083 40287 5398

1722774385.822927 28785631
cloud_controller_tkemenade 20960467673 30946 5713

1722774385.823327 28785631
cloud0_tkemenade 36136895083 40344 5405

1722774386.825789 28785739
cloud_controller_tkemenade 20960467673 30986 5720

1722774386.8261855 28785739
cloud0_tkemenade 36136895083 40416 5414

1722774387.828659 28785825
cloud_controller_tkemenade 20962217652 31012 5725

1722774387.829139 28785825
cloud0_tkemenade 36139434268 40474 5421

1722774388.8315978 28785873
cloud_controller_tkemenade 20962217652 31033 5733

1722774388.8320007 28785873
cloud0_tkemenade 36139434268 40504 5428

1722774389.834477 28786044
cloud_controller_tkemenade 20962217652 31079 5739

1722774389.8348882 28786044
cloud0_tkemenade 36139434268 40634 5432

1722774390.03558 28786069
cloud_controller_tkemenade 20963106857 31083 5741

1722774390.0360327 28786069
cloud0_tkemenade 36140947153 40654 5433

1722774391.0384831 28786146
cloud_controller_tkemenade 20963106857 31117 5749

1722774391.038914 28786146
cloud0_tkemenade 36140947153 40705 5438

1722774392.0413713 28786193
cloud_controller_tkemenade 20963106857 31140 5757

1722774392.041788 28786194
cloud0_tkemenade 36140947153 40735 5440

1722774393.0442138 28786250
cloud_controller_tkemenade 20963106857 31165 5767

1722774393.044711 28786250
cloud0_tkemenade 36140947153 40762 5444

1722774394.0471191 28786369
cloud_controller_tkemenade 20963106857 31197 5778

1722774394.0475655 28786369
cloud0_tkemenade 36140947153 40835 5449

1722774394.8495939 28786437
cloud_controller_tkemenade 20964815077 31226 5786

1722774394.850118 28786438
cloud0_tkemenade 36142288273 40868 5453

1722774395.8525755 28786558
cloud_controller_tkemenade 20964815077 31314 5791

1722774395.8530447 28786558
cloud0_tkemenade 36142288273 40898 5457

1722774396.8555608 28786658
cloud_controller_tkemenade 20964815077 31352 5799

1722774396.856036 28786658
cloud0_tkemenade 36142288273 40959 5469

1722774397.1569462 28786682
cloud_controller_tkemenade 20965855172 31359 5801

1722774397.1574402 28786682
cloud0_tkemenade 36143408139 40971 5470

1722774398.1599097 28786727
cloud_controller_tkemenade 20965855172 31382 5811

1722774398.1603312 28786727
cloud0_tkemenade 36143408139 40999 5476

1722774399.1628077 28786789
cloud_controller_tkemenade 20965855172 31400 5817

1722774399.1632502 28786789
cloud0_tkemenade 36143408139 41043 5478

1722774400.165707 28786838
cloud_controller_tkemenade 20965855172 31431 5822

1722774400.1661327 28786838
cloud0_tkemenade 36143408139 41065 5481

1722774401.1685872 28786912
cloud_controller_tkemenade 20965855172 31461 5829

1722774401.1689947 28786912
cloud0_tkemenade 36143408139 41110 5490

1722774402.0712378 28786969
cloud_controller_tkemenade 20966796062 31485 5835

1722774402.071718 28786969
cloud0_tkemenade 36144355119 41141 5494

1722774403.0740554 28787027
cloud_controller_tkemenade 20966796062 31504 5845

1722774403.074602 28787027
cloud0_tkemenade 36144355119 41175 5500

1722774404.0770893 28787117
cloud_controller_tkemenade 20966796062 31530 5850

1722774404.0775058 28787117
cloud0_tkemenade 36144355119 41244 5507

1722774404.2782068 28787128
cloud_controller_tkemenade 20967494933 31535 5851

1722774404.2786827 28787128
cloud0_tkemenade 36145319932 41247 5508

1722774405.2811973 28787211
cloud_controller_tkemenade 20967494933 31570 5858

1722774405.2816062 28787211
cloud0_tkemenade 36145319932 41297 5514

1722774406.2841191 28787260
cloud_controller_tkemenade 20967494933 31593 5864

1722774406.28453 28787260
cloud0_tkemenade 36145319932 41332 5519

1722774407.287002 28787333
cloud_controller_tkemenade 20967494933 31624 5872

1722774407.2873914 28787333
cloud0_tkemenade 36145319932 41377 5530

1722774408.2898526 28787414
cloud_controller_tkemenade 20967494933 31658 5881

1722774408.290258 28787414
cloud0_tkemenade 36145319932 41428 5538

1722774409.1924214 28787576
cloud_controller_tkemenade 20968308096 31678 5888

1722774409.1929994 28787576
cloud0_tkemenade 36146834776 41564 5540

1722774410.1955578 28787633
cloud_controller_tkemenade 20968308096 31708 5897

1722774410.1960661 28787633
cloud0_tkemenade 36146834776 41593 5546

1722774411.19865 28787722
cloud_controller_tkemenade 20968308096 31744 5904

1722774411.1992054 28787722
cloud0_tkemenade 36146834776 41651 5552

1722774411.500163 28787736
cloud_controller_tkemenade 20969169919 31751 5906

1722774411.5006747 28787736
cloud0_tkemenade 36148295711 41659 5552

1722774412.5031526 28787799
cloud_controller_tkemenade 20969169919 31785 5913

1722774412.5037014 28787799
cloud0_tkemenade 36148295711 41697 5560

1722774413.506272 28787872
cloud_controller_tkemenade 20969169919 31809 5920

1722774413.5067823 28787872
cloud0_tkemenade 36148295711 41730 5565

1722774414.5093775 28787948
cloud_controller_tkemenade 20969169919 31830 5928

1722774414.5099504 28787948
cloud0_tkemenade 36148295711 41790 5569

1722774415.5124211 28787996
cloud_controller_tkemenade 20969169919 31866 5936

1722774415.51292 28787996
cloud0_tkemenade 36148295711 41809 5572

1722774416.414999 28788107
cloud_controller_tkemenade 20970031176 31910 5942

1722774416.4155161 28788107
cloud0_tkemenade 36149382971 41872 5579

1722774417.418067 28788223
cloud_controller_tkemenade 20970031176 31956 5953

1722774417.4185777 28788223
cloud0_tkemenade 36149382971 41951 5591

1722774418.4210427 28788268
cloud_controller_tkemenade 20970031176 31975 5960

1722774418.4215348 28788268
cloud0_tkemenade 36149382971 41984 5594

1722774418.6222293 28788282
cloud_controller_tkemenade 20970943236 31978 5962

1722774418.6227188 28788282
cloud0_tkemenade 36150575417 41987 5595

1722774419.625313 28788337
cloud_controller_tkemenade 20970943236 32002 5968

1722774419.6258926 28788338
cloud0_tkemenade 36150575417 42022 5600

1722774420.6286016 28788434
cloud_controller_tkemenade 20970943236 32055 5975

1722774420.62913 28788434
cloud0_tkemenade 36150575417 42069 5607

1722774421.6316712 28788497
cloud_controller_tkemenade 20970943236 32080 5982

1722774421.6321495 28788497
cloud0_tkemenade 36150575417 42106 5615

1722774422.634568 28788634
cloud_controller_tkemenade 20970943236 32170 5988

1722774422.6350987 28788634
cloud0_tkemenade 36150575417 42152 5617

1722774423.4371061 28788694
cloud_controller_tkemenade 20972153254 32195 5993

1722774423.4376295 28788694
cloud0_tkemenade 36151824468 42180 5621

1722774424.4400713 28788788
cloud_controller_tkemenade 20972153254 32221 5997

1722774424.4406128 28788788
cloud0_tkemenade 36151824468 42249 5623

1722774425.4430614 28788852
cloud_controller_tkemenade 20972153254 32252 6004

1722774425.4435906 28788852
cloud0_tkemenade 36151824468 42285 5632

1722774425.6443305 28788865
cloud_controller_tkemenade 20973254396 32256 6004

1722774425.6448479 28788865
cloud0_tkemenade 36153004263 42292 5633

1722774426.6473477 28788922
cloud_controller_tkemenade 20973254396 32288 6013

1722774426.6478965 28788922
cloud0_tkemenade 36153004263 42330 5641

1722774427.6504965 28789016
cloud_controller_tkemenade 20973254396 32322 6020

1722774427.651042 28789016
cloud0_tkemenade 36153004263 42393 5650

1722774428.6535954 28789081
cloud_controller_tkemenade 20973254396 32352 6024

1722774428.6541739 28789081
cloud0_tkemenade 36153004263 42423 5654

1722774429.6567376 28789132
cloud_controller_tkemenade 20973254396 32374 6034

1722774429.6572678 28789132
cloud0_tkemenade 36153004263 42452 5659

1722774430.5596173 28789216
cloud_controller_tkemenade 20974030182 32406 6039

1722774430.5601456 28789216
cloud0_tkemenade 36154080551 42494 5661

1722774431.5627475 28789293
cloud_controller_tkemenade 20974030182 32435 6047

1722774431.5632792 28789293
cloud0_tkemenade 36154080551 42543 5665

1722774432.5659697 28789344
cloud_controller_tkemenade 20974030182 32457 6057

1722774432.566534 28789344
cloud0_tkemenade 36154080551 42576 5671

1722774432.867476 28789364
cloud_controller_tkemenade 20974830073 32466 6059

1722774432.8679886 28789364
cloud0_tkemenade 36155088047 42583 5672

1722774433.870532 28789468
cloud_controller_tkemenade 20974830073 32487 6067

1722774433.8713357 28789468
cloud0_tkemenade 36155088047 42650 5676

1722774434.8740907 28789539
cloud_controller_tkemenade 20974830073 32503 6079

1722774434.8746703 28789539
cloud0_tkemenade 36155088047 42684 5682

1722774435.8775463 28789627
cloud_controller_tkemenade 20974830073 32533 6092

1722774435.8781445 28789628
cloud0_tkemenade 36155088047 42738 5688

1722774436.8807414 28789694
cloud_controller_tkemenade 20974830073 32559 6101

1722774436.8813312 28789694
cloud0_tkemenade 36155088047 42778 5693

1722774437.7835808 28789766
cloud_controller_tkemenade 20975605538 32585 6109

1722774437.784152 28789766
cloud0_tkemenade 36156223549 42825 5699

1722774438.7868562 28789846
cloud_controller_tkemenade 20975605538 32621 6119

1722774438.787451 28789846
cloud0_tkemenade 36156223549 42869 5704

1722774439.7902253 28789891
cloud_controller_tkemenade 20975605538 32643 6126

1722774439.790825 28789891
cloud0_tkemenade 36156223549 42896 5710

1722774439.9915888 28789913
cloud_controller_tkemenade 20976390322 32649 6130

1722774439.9921844 28789913
cloud0_tkemenade 36157317303 42903 5711

1722774440.9949222 28789995
cloud_controller_tkemenade 20976390322 32682 6137

1722774440.9955208 28789995
cloud0_tkemenade 36157317303 42950 5719

1722774441.9980621 28790091
cloud_controller_tkemenade 20976390322 32727 6148

1722774441.9986596 28790091
cloud0_tkemenade 36157317303 43001 5724

1722774443.0014527 28790159
cloud_controller_tkemenade 20976390322 32744 6153

1722774443.0020585 28790160
cloud0_tkemenade 36157317303 43052 5728

1722774444.0048401 28790247
cloud_controller_tkemenade 20976390322 32772 6161

1722774444.0054436 28790247
cloud0_tkemenade 36157317303 43101 5732

1722774444.9076738 28790299
cloud_controller_tkemenade 20977212025 32792 6172

1722774444.908208 28790299
cloud0_tkemenade 36158376867 43132 5734

1722774445.9107835 28790407
cloud_controller_tkemenade 20977212025 32840 6180

1722774445.911362 28790407
cloud0_tkemenade 36158376867 43195 5741

1722774446.9141285 28790514
cloud_controller_tkemenade 20977212025 32879 6193

1722774446.914723 28790514
cloud0_tkemenade 36158376867 43264 5748

1722774447.2168055 28790557
cloud_controller_tkemenade 20978148171 32894 6197

1722774447.2173808 28790557
cloud0_tkemenade 36159653709 43288 5750

1722774448.220018 28790626
cloud_controller_tkemenade 20978148171 32917 6204

1722774448.2205937 28790626
cloud0_tkemenade 36159653709 43337 5755

1722774449.2232575 28790737
cloud_controller_tkemenade 20978148171 32938 6210

1722774449.223796 28790737
cloud0_tkemenade 36159653709 43426 5758

1722774450.2263336 28790896
cloud_controller_tkemenade 20978148171 33015 6218

1722774450.2268577 28790896
cloud0_tkemenade 36159653709 43510 5763

1722774451.2295175 28790977
cloud_controller_tkemenade 20978148171 33051 6226

1722774451.2301297 28790978
cloud0_tkemenade 36159653709 43555 5768

1722774452.0323372 28791049
cloud_controller_tkemenade 20979281842 33073 6230

1722774452.032931 28791049
cloud0_tkemenade 36161335823 43604 5772

1722774453.035594 28791085
cloud_controller_tkemenade 20979281842 33090 6237

1722774453.036175 28791085
cloud0_tkemenade 36161335823 43630 5777

1722774454.0387492 28791186
cloud_controller_tkemenade 20979281842 33128 6244

1722774454.039233 28791186
cloud0_tkemenade 36161335823 43691 5784

1722774454.3401976 28791202
cloud_controller_tkemenade 20980283860 33139 6246

1722774454.3407822 28791202
cloud0_tkemenade 36162837208 43698 5784

1722774455.343517 28791316
cloud_controller_tkemenade 20980283860 33225 6250

1722774455.344123 28791316
cloud0_tkemenade 36162837208 43732 5789

1722774456.3469768 28791398
cloud_controller_tkemenade 20980283860 33259 6259

1722774456.3475666 28791398
cloud0_tkemenade 36162837208 43776 5794

1722774457.3528907 28791476
cloud_controller_tkemenade 20980283860 33294 6265

1722774457.3544168 28791476
cloud0_tkemenade 36162837208 43820 5801

1722774458.3571637 28791543
cloud_controller_tkemenade 20980283860 33316 6270

1722774458.357741 28791543
cloud0_tkemenade 36162837208 43872 5808

1722774459.1598263 28791594
cloud_controller_tkemenade 20981220187 33330 6274

1722774459.1603408 28791594
cloud0_tkemenade 36163884053 43898 5811

1722774460.1625144 28791650
cloud_controller_tkemenade 20981220187 33354 6281

1722774460.1628861 28791650
cloud0_tkemenade 36163884053 43929 5813

1722774461.165508 28791733
cloud_controller_tkemenade 20981220187 33401 6287

1722774461.1661065 28791733
cloud0_tkemenade 36163884053 43971 5817

1722774461.467062 28791764
cloud_controller_tkemenade 20982193073 33410 6289

1722774461.467603 28791764
cloud0_tkemenade 36164869372 43988 5819

1722774462.4701915 28791820
cloud_controller_tkemenade 20982193073 33431 6295

1722774462.4707506 28791820
cloud0_tkemenade 36164869372 44029 5826

1722774463.4734187 28791872
cloud_controller_tkemenade 20982193073 33458 6304

1722774463.4740133 28791872
cloud0_tkemenade 36164869372 44057 5831

1722774464.4768245 28791982
cloud_controller_tkemenade 20982193073 33478 6311

1722774464.4773798 28791982
cloud0_tkemenade 36164869372 44137 5835

1722774465.4802387 28792048
cloud_controller_tkemenade 20982193073 33498 6320

1722774465.4807951 28792048
cloud0_tkemenade 36164869372 44186 5844

1722774466.2829607 28792099
cloud_controller_tkemenade 20982965826 33527 6327

1722774466.2835307 28792099
cloud0_tkemenade 36165947487 44208 5848

1722774467.2863598 28792160
cloud_controller_tkemenade 20982965826 33556 6334

1722774467.2869377 28792160
cloud0_tkemenade 36165947487 44245 5854

1722774468.28985 28792257
cloud_controller_tkemenade 20982965826 33597 6343

1722774468.2904177 28792257
cloud0_tkemenade 36165947487 44308 5863

1722774468.6917284 28792308
cloud_controller_tkemenade 20983739496 33607 6345

1722774468.692346 28792308
cloud0_tkemenade 36167174262 44345 5864

1722774469.695059 28792443
cloud_controller_tkemenade 20983739496 33633 6349

1722774469.695629 28792443
cloud0_tkemenade 36167174262 44458 5868

1722774470.698477 28792513
cloud_controller_tkemenade 20983739496 33665 6355

1722774470.6990418 28792513
cloud0_tkemenade 36167174262 44500 5871

1722774471.701858 28792592
cloud_controller_tkemenade 20983739496 33701 6364

1722774471.7024271 28792592
cloud0_tkemenade 36167174262 44547 5876

1722774472.7051122 28792657
cloud_controller_tkemenade 20983739496 33723 6369

1722774472.7056777 28792657
cloud0_tkemenade 36167174262 44586 5885

1722774473.4074593 28792694
cloud_controller_tkemenade 20984577424 33743 6377

1722774473.4080253 28792694
cloud0_tkemenade 36168552891 44605 5887

1722774474.4107478 28792772
cloud_controller_tkemenade 20984577424 33761 6384

1722774474.4113164 28792772
cloud0_tkemenade 36168552891 44659 5892

1722774475.4140997 28792810
cloud_controller_tkemenade 20984577424 33784 6393

1722774475.4146676 28792810
cloud0_tkemenade 36168552891 44681 5895

1722774475.8170245 28792883
cloud_controller_tkemenade 20985371137 33810 6396

1722774475.817542 28792883
cloud0_tkemenade 36169843071 44722 5900

1722774476.8201034 28792978
cloud_controller_tkemenade 20985371137 33846 6406

1722774476.8206344 28792978
cloud0_tkemenade 36169843071 44766 5907

1722774477.823154 28793087
cloud_controller_tkemenade 20985371137 33881 6412

1722774477.8235579 28793087
cloud0_tkemenade 36169843071 44842 5916

1722774478.8260524 28793140
cloud_controller_tkemenade 20985371137 33902 6424

1722774478.8264608 28793140
cloud0_tkemenade 36169843071 44878 5919

1722774479.8289175 28793209
cloud_controller_tkemenade 20985371137 33937 6432

1722774479.8293197 28793209
cloud0_tkemenade 36169843071 44913 5923

1722774480.6313198 28793274
cloud_controller_tkemenade 20986239383 33962 6440

1722774480.6318166 28793274
cloud0_tkemenade 36171016127 44948 5927

1722774481.6340294 28793333
cloud_controller_tkemenade 20986239383 33991 6453

1722774481.6344414 28793333
cloud0_tkemenade 36171016127 44979 5930

1722774482.6368952 28793464
cloud_controller_tkemenade 20986239383 34082 6458

1722774482.6373274 28793464
cloud0_tkemenade 36171016127 45025 5935

1722774483.038462 28793490
cloud_controller_tkemenade 20987316242 34092 6461

1722774483.0389442 28793490
cloud0_tkemenade 36172136060 45037 5937

1722774484.0413427 28793587
cloud_controller_tkemenade 20987316242 34119 6470

1722774484.0417511 28793587
cloud0_tkemenade 36172136060 45105 5942

1722774485.0443285 28793639
cloud_controller_tkemenade 20987316242 34137 6479

1722774485.0448818 28793639
cloud0_tkemenade 36172136060 45134 5945

1722774486.0473788 28793698
cloud_controller_tkemenade 20987316242 34169 6488

1722774486.047801 28793698
cloud0_tkemenade 36172136060 45162 5950

1722774487.0502706 28793756
cloud_controller_tkemenade 20987316242 34196 6494

1722774487.0506778 28793756
cloud0_tkemenade 36172136060 45196 5954

1722774487.7524762 28793809
cloud_controller_tkemenade 20988295023 34219 6498

1722774487.7529552 28793809
cloud0_tkemenade 36173084158 45226 5957

1722774488.755391 28793884
cloud_controller_tkemenade 20988295023 34238 6506

1722774488.755877 28793884
cloud0_tkemenade 36173084158 45279 5970

1722774489.7583616 28793939
cloud_controller_tkemenade 20988295023 34260 6512

1722774489.7587676 28793939
cloud0_tkemenade 36173084158 45312 5973

1722774490.159916 28793964
cloud_controller_tkemenade 20989004334 34268 6516

1722774490.1604013 28793964
cloud0_tkemenade 36174086977 45324 5974

1722774491.1628442 28794035
cloud_controller_tkemenade 20989004334 34301 6527

1722774491.16326 28794035
cloud0_tkemenade 36174086977 45366 5977

1722774492.1657503 28794119
cloud_controller_tkemenade 20989004334 34331 6538

1722774492.1661909 28794119
cloud0_tkemenade 36174086977 45418 5981

1722774493.1686869 28794179
cloud_controller_tkemenade 20989004334 34354 6548

1722774493.1690857 28794179
cloud0_tkemenade 36174086977 45455 5987

1722774494.1715133 28794278
cloud_controller_tkemenade 20989004334 34376 6558

1722774494.1719294 28794278
cloud0_tkemenade 36174086977 45530 5993

1722774494.9738975 28794342
cloud_controller_tkemenade 20989738505 34395 6563

1722774494.9744132 28794342
cloud0_tkemenade 36175215764 45564 5997

1722774495.9768739 28794402
cloud_controller_tkemenade 20989738505 34421 6569

1722774495.9772987 28794402
cloud0_tkemenade 36175215764 45598 6001

1722774496.9797595 28794453
cloud_controller_tkemenade 20989738505 34451 6578

1722774496.9802525 28794453
cloud0_tkemenade 36175215764 45629 6006

1722774497.2811744 28794471
cloud_controller_tkemenade 20990521357 34457 6580

1722774497.281648 28794471
cloud0_tkemenade 36176293739 45640 6008

1722774498.2841587 28794575
cloud_controller_tkemenade 20990521357 34500 6592

1722774498.2845602 28794575
cloud0_tkemenade 36176293739 45703 6013

1722774499.287024 28794642
cloud_controller_tkemenade 20990521357 34528 6597

1722774499.2875583 28794642
cloud0_tkemenade 36176293739 45740 6019

1722774500.290046 28794684
cloud_controller_tkemenade 20990521357 34545 6605

1722774500.2904432 28794684
cloud0_tkemenade 36176293739 45772 6025

1722774501.2928638 28794756
cloud_controller_tkemenade 20990521357 34584 6616

1722774501.2932827 28794756
cloud0_tkemenade 36176293739 45812 6029

1722774502.0951216 28794826
cloud_controller_tkemenade 20991376701 34614 6621

1722774502.095607 28794826
cloud0_tkemenade 36177331928 45851 6036

1722774503.0980399 28794884
cloud_controller_tkemenade 20991376701 34638 6628

1722774503.098529 28794884
cloud0_tkemenade 36177331928 45886 6044

1722774504.1010075 28794974
cloud_controller_tkemenade 20991376701 34668 6638

1722774504.101413 28794974
cloud0_tkemenade 36177331928 45949 6050

1722774504.4023263 28794986
cloud_controller_tkemenade 20992238374 34676 6639

1722774504.402807 28794986
cloud0_tkemenade 36178457062 45958 6051

1722774505.4052198 28795048
cloud_controller_tkemenade 20992238374 34697 6649

1722774505.405758 28795049
cloud0_tkemenade 36178457062 45975 6055

1722774506.4082632 28795146
cloud_controller_tkemenade 20992238374 34740 6658

1722774506.408676 28795146
cloud0_tkemenade 36178457062 46034 6064

1722774507.4110887 28795283
cloud_controller_tkemenade 20992238374 34789 6667

1722774507.4114928 28795283
cloud0_tkemenade 36178457062 46126 6070

1722774508.4139328 28795365
cloud_controller_tkemenade 20992238374 34818 6674

1722774508.4144385 28795365
cloud0_tkemenade 36178457062 46184 6074

1722774509.2174442 28795465
cloud_controller_tkemenade 20993100973 34833 6677

1722774509.2179732 28795466
cloud0_tkemenade 36179834085 46268 6076

1722774510.220412 28795661
cloud_controller_tkemenade 20993100973 34939 6684

1722774510.2208142 28795661
cloud0_tkemenade 36179834085 46361 6081

1722774511.2231796 28795739
cloud_controller_tkemenade 20993100973 34983 6692

1722774511.2236013 28795739
cloud0_tkemenade 36179834085 46394 6084

1722774511.6246233 28795762
cloud_controller_tkemenade 20994263492 34991 6698

1722774511.6251013 28795762
cloud0_tkemenade 36181337235 46402 6088

1722774512.627473 28795845
cloud_controller_tkemenade 20994263492 35012 6705

1722774512.627889 28795845
cloud0_tkemenade 36181337235 46449 6094

1722774513.630301 28795962
cloud_controller_tkemenade 20994263492 35047 6715

1722774513.6307526 28795962
cloud0_tkemenade 36181337235 46497 6099

1722774514.6331768 28796067
cloud_controller_tkemenade 20994263492 35059 6738

1722774514.6335936 28796067
cloud0_tkemenade 36181337235 46559 6105

1722774515.6358802 28796200
cloud_controller_tkemenade 20994263492 35141 6745

1722774515.636418 28796200
cloud0_tkemenade 36181337235 46591 6109

1722774516.3382256 28796271
cloud_controller_tkemenade 20995536990 35167 6756

1722774516.3387291 28796271
cloud0_tkemenade 36182586125 46616 6113

1722774517.3411887 28796328
cloud_controller_tkemenade 20995536990 35197 6766

1722774517.341595 28796328
cloud0_tkemenade 36182586125 46646 6121

1722774518.3442655 28796388
cloud_controller_tkemenade 20995536990 35228 6774

1722774518.3448477 28796388
cloud0_tkemenade 36182586125 46679 6128

1722774518.6459665 28796432
cloud_controller_tkemenade 20996530947 35233 6777

1722774518.6465428 28796432
cloud0_tkemenade 36183687786 46712 6134

1722774519.649052 28796479
cloud_controller_tkemenade 20996530947 35255 6782

1722774519.6496246 28796479
cloud0_tkemenade 36183687786 46737 6138

1722774520.652229 28796542
cloud_controller_tkemenade 20996530947 35282 6789

1722774520.652807 28796542
cloud0_tkemenade 36183687786 46775 6141

1722774521.6556551 28796611
cloud_controller_tkemenade 20996530947 35315 6793

1722774521.6562307 28796611
cloud0_tkemenade 36183687786 46813 6143

1722774522.6590402 28796666
cloud_controller_tkemenade 20996530947 35338 6800

1722774522.6596189 28796666
cloud0_tkemenade 36183687786 46849 6151

1722774523.4618137 28796720
cloud_controller_tkemenade 20997280503 35362 6806

1722774523.4623642 28796720
cloud0_tkemenade 36184605609 46875 6155

1722774524.4650528 28796818
cloud_controller_tkemenade 20997280503 35384 6816

1722774524.4656153 28796818
cloud0_tkemenade 36184605609 46950 6161

1722774525.4683752 28796893
cloud_controller_tkemenade 20997280503 35405 6822

1722774525.468897 28796893
cloud0_tkemenade 36184605609 46999 6172

1722774525.7697208 28796906
cloud_controller_tkemenade 20997970087 35408 6824

1722774525.7702756 28796906
cloud0_tkemenade 36185621514 47002 6173

1722774526.7726703 28796956
cloud_controller_tkemenade 20997970087 35440 6829

1722774526.7732346 28796956
cloud0_tkemenade 36185621514 47029 6177

1722774527.7758665 28797020
cloud_controller_tkemenade 20997970087 35477 6835

1722774527.7764344 28797020
cloud0_tkemenade 36185621514 47061 6183

1722774528.7792573 28797159
cloud_controller_tkemenade 20997970087 35514 6845

1722774528.7798371 28797159
cloud0_tkemenade 36185621514 47159 6190

1722774529.7825258 28797275
cloud_controller_tkemenade 20997970087 35535 6849

1722774529.7830982 28797275
cloud0_tkemenade 36185621514 47255 6193

1722774530.5854924 28797333
cloud_controller_tkemenade 20998745650 35560 6855

1722774530.5860918 28797334
cloud0_tkemenade 36187043380 47287 6196

1722774531.589046 28797445
cloud_controller_tkemenade 20998745650 35605 6865

1722774531.5896184 28797445
cloud0_tkemenade 36187043380 47356 6200

1722774532.5924318 28797508
cloud_controller_tkemenade 20998745650 35629 6874

1722774532.5929885 28797508
cloud0_tkemenade 36187043380 47399 6206

1722774532.9942338 28797545
cloud_controller_tkemenade 20999628094 35640 6878

1722774532.994812 28797545
cloud0_tkemenade 36188436713 47417 6210

1722774533.9975026 28797613
cloud_controller_tkemenade 20999628094 35668 6883

1722774533.998096 28797614
cloud0_tkemenade 36188436713 47467 6211

1722774535.0009422 28797663
cloud_controller_tkemenade 20999628094 35689 6893

1722774535.0014646 28797663
cloud0_tkemenade 36188436713 47500 6214

1722774536.0041056 28797759
cloud_controller_tkemenade 20999628094 35719 6898

1722774536.0046706 28797759
cloud0_tkemenade 36188436713 47558 6219

1722774537.0074716 28797870
cloud_controller_tkemenade 20999628094 35760 6905

1722774537.0080256 28797870
cloud0_tkemenade 36188436713 47629 6226

1722774537.8103704 28797926
cloud_controller_tkemenade 21000498487 35779 6914

1722774537.8109307 28797926
cloud0_tkemenade 36189731225 47663 6229

1722774538.813722 28797981
cloud_controller_tkemenade 21000498487 35798 6924

1722774538.814317 28797981
cloud0_tkemenade 36189731225 47702 6233

1722774539.8171177 28798061
cloud_controller_tkemenade 21000498487 35830 6927

1722774539.8177035 28798061
cloud0_tkemenade 36189731225 47750 6239

1722774540.1187315 28798092
cloud_controller_tkemenade 21001308737 35841 6933

1722774540.1193078 28798092
cloud0_tkemenade 36190951404 47767 6240

1722774541.1221232 28798159
cloud_controller_tkemenade 21001308737 35878 6943

1722774541.1226983 28798159
cloud0_tkemenade 36190951404 47801 6243

1722774542.1254323 28798216
cloud_controller_tkemenade 21001308737 35906 6951

1722774542.1260269 28798217
cloud0_tkemenade 36190951404 47836 6246

1722774543.1287718 28798331
cloud_controller_tkemenade 21001308737 35988 6962

1722774543.1293492 28798331
cloud0_tkemenade 36190951404 47874 6252

1722774544.1321924 28798420
cloud_controller_tkemenade 21001308737 36015 6971

1722774544.1327634 28798420
cloud0_tkemenade 36190951404 47935 6258

1722774544.9351926 28798501
cloud_controller_tkemenade 21002369621 36061 6976

1722774544.9357648 28798501
cloud0_tkemenade 36191999880 47969 6261

1722774545.938278 28798562
cloud_controller_tkemenade 21002369621 36083 6984

1722774545.9388435 28798562
cloud0_tkemenade 36191999880 47997 6268

1722774546.9413836 28798624
cloud_controller_tkemenade 21002369621 36119 6996

1722774546.9419734 28798625
cloud0_tkemenade 36191999880 48028 6274

1722774547.2429004 28798646
cloud_controller_tkemenade 21003457786 36128 6997

1722774547.2434704 28798646
cloud0_tkemenade 36192940913 48039 6275

1722774548.2461963 28798712
cloud_controller_tkemenade 21003457786 36159 7012

1722774548.246783 28798712
cloud0_tkemenade 36192940913 48077 6282

1722774549.2496018 28798787
cloud_controller_tkemenade 21003457786 36182 7019

1722774549.2501903 28798787
cloud0_tkemenade 36192940913 48132 6291

1722774550.2529016 28798839
cloud_controller_tkemenade 21003457786 36207 7023

1722774550.2534842 28798839
cloud0_tkemenade 36192940913 48157 6297

1722774551.2560709 28798913
cloud_controller_tkemenade 21003457786 36240 7031

1722774551.2566574 28798913
cloud0_tkemenade 36192940913 48200 6301

1722774552.0587952 28798972
cloud_controller_tkemenade 21004278230 36266 7037

1722774552.0593812 28798972
cloud0_tkemenade 36193874628 48231 6308

1722774553.0620844 28799040
cloud_controller_tkemenade 21004278230 36298 7047

1722774553.0626826 28799040
cloud0_tkemenade 36193874628 48266 6314

1722774554.0654268 28799134
cloud_controller_tkemenade 21004278230 36322 7053

1722774554.0660427 28799134
cloud0_tkemenade 36193874628 48344 6320

1722774554.3668654 28799150
cloud_controller_tkemenade 21005088725 36328 7057

1722774554.3673723 28799150
cloud0_tkemenade 36194987500 48350 6322

1722774555.3700175 28799217
cloud_controller_tkemenade 21005088725 36350 7064

1722774555.370598 28799217
cloud0_tkemenade 36194987500 48397 6333

1722774556.3733056 28799275
cloud_controller_tkemenade 21005088725 36365 7075

1722774556.373879 28799275
cloud0_tkemenade 36194987500 48427 6336

1722774557.3765771 28799340
cloud_controller_tkemenade 21005088725 36400 7089

1722774557.3772533 28799340
cloud0_tkemenade 36194987500 48461 6341

1722774558.380171 28799425
cloud_controller_tkemenade 21005088725 36443 7097

1722774558.3807561 28799425
cloud0_tkemenade 36194987500 48507 6347

1722774559.3833635 28799492
cloud_controller_tkemenade 21005088725 36463 7106

1722774559.3838859 28799492
cloud0_tkemenade 36194987500 48555 6354

1722774559.4843328 28799498
cloud_controller_tkemenade 21005902660 36465 7106

1722774559.4848752 28799498
cloud0_tkemenade 36196115639 48556 6354

1722774560.4873974 28799552
cloud_controller_tkemenade 21005902660 36487 7115

1722774560.487964 28799552
cloud0_tkemenade 36196115639 48593 6360

1722774561.490354 28799629
cloud_controller_tkemenade 21006712308 36523 7123

1722774561.490902 28799629
cloud0_tkemenade 36197117618 48631 6363

1722774562.4936852 28799712
cloud_controller_tkemenade 21006712308 36561 7127

1722774562.4942815 28799712
cloud0_tkemenade 36197117618 48674 6367

1722774563.497094 28799780
cloud_controller_tkemenade 21006712308 36592 7136

1722774563.4976466 28799780
cloud0_tkemenade 36197117618 48714 6373

1722774564.5003567 28799862
cloud_controller_tkemenade 21006712308 36613 7143

1722774564.5009136 28799862
cloud0_tkemenade 36197117618 48780 6376

1722774565.5035768 28799907
cloud_controller_tkemenade 21006712308 36642 7151

1722774565.5041332 28799907
cloud0_tkemenade 36197117618 48801 6380

1722774566.5067186 28800020
cloud_controller_tkemenade 21006712308 36686 7163

1722774566.5072594 28800020
cloud0_tkemenade 36197117618 48861 6388

1722774567.0093675 28800104
cloud_controller_tkemenade 21007592069 36713 7166

1722774567.0099995 28800104
cloud0_tkemenade 36198261011 48917 6395

1722774568.0126753 28800177
cloud_controller_tkemenade 21007592069 36749 7171

1722774568.0132017 28800177
cloud0_tkemenade 36198261011 48958 6397

1722774568.9155512 28800256
cloud_controller_tkemenade 21008486447 36770 7178

1722774568.9161258 28800256
cloud0_tkemenade 36199474595 49002 6404

1722774569.918777 28800444
cloud_controller_tkemenade 21008486447 36803 7185

1722774569.9193642 28800444
cloud0_tkemenade 36199474595 49158 6407

1722774570.9219286 28800510
cloud_controller_tkemenade 21008486447 36839 7194

1722774570.9225008 28800510
cloud0_tkemenade 36199474595 49192 6412

1722774571.925146 28800557
cloud_controller_tkemenade 21008486447 36863 7198

1722774571.9256985 28800557
cloud0_tkemenade 36199474595 49220 6416

1722774572.9283628 28800629
cloud_controller_tkemenade 21008486447 36888 7206

1722774572.9289234 28800629
cloud0_tkemenade 36199474595 49272 6419

1722774573.9313328 28800736
cloud_controller_tkemenade 21008486447 36924 7217

1722774573.9318924 28800736
cloud0_tkemenade 36199474595 49345 6426

1722774574.4332476 28800766
cloud_controller_tkemenade 21009345110 36935 7220

1722774574.4338076 28800767
cloud0_tkemenade 36200939726 49361 6429

1722774575.4363017 28800888
cloud_controller_tkemenade 21009345110 37019 7225

1722774575.4368756 28800888
cloud0_tkemenade 36200939726 49402 6435

1722774576.138716 28800928
cloud_controller_tkemenade 21010336553 37039 7229

1722774576.1392798 28800928
cloud0_tkemenade 36202370454 49426 6439

1722774577.141762 28801003
cloud_controller_tkemenade 21010336553 37067 7234

1722774577.14236 28801003
cloud0_tkemenade 36202370454 49463 6441

1722774578.144959 28801066
cloud_controller_tkemenade 21010336553 37102 7242

1722774578.1455505 28801066
cloud0_tkemenade 36202370454 49493 6447

1722774579.1482644 28801128
cloud_controller_tkemenade 21010336553 37124 7249

1722774579.1488302 28801128
cloud0_tkemenade 36202370454 49532 6452

1722774580.1514587 28801200
cloud_controller_tkemenade 21010336553 37142 7256

1722774580.1520321 28801200
cloud0_tkemenade 36202370454 49583 6461

1722774581.154749 28801274
cloud_controller_tkemenade 21010336553 37179 7266

1722774581.155322 28801274
cloud0_tkemenade 36202370454 49627 6464

1722774581.6566312 28801318
cloud_controller_tkemenade 21011253506 37195 7269

1722774581.657167 28801318
cloud0_tkemenade 36203356328 49647 6466

1722774582.6598337 28801384
cloud_controller_tkemenade 21011253506 37227 7276

1722774582.6604235 28801384
cloud0_tkemenade 36203356328 49680 6471

1722774583.46264 28801438
cloud_controller_tkemenade 21012051962 37255 7282

1722774583.4631922 28801438
cloud0_tkemenade 36204291833 49707 6475

1722774584.4659493 28801552
cloud_controller_tkemenade 21012051962 37285 7286

1722774584.466525 28801552
cloud0_tkemenade 36204291833 49795 6480

1722774585.4692292 28801628
cloud_controller_tkemenade 21012051962 37309 7291

1722774585.46986 28801628
cloud0_tkemenade 36204291833 49847 6487

1722774586.4725733 28801673
cloud_controller_tkemenade 21012051962 37328 7297

1722774586.4731448 28801673
cloud0_tkemenade 36204291833 49875 6494

1722774587.4758506 28801748
cloud_controller_tkemenade 21012051962 37369 7304

1722774587.476416 28801748
cloud0_tkemenade 36204291833 49895 6508

1722774588.4789364 28801838
cloud_controller_tkemenade 21012051962 37415 7310

1722774588.4794793 28801838
cloud0_tkemenade 36204291833 49935 6514

1722774589.0812256 28801967
cloud_controller_tkemenade 21012897065 37428 7315

1722774589.0817194 28801967
cloud0_tkemenade 36205587857 50046 6514

1722774590.0844064 28802075
cloud_controller_tkemenade 21012897065 37451 7321

1722774590.0849814 28802075
cloud0_tkemenade 36205587857 50126 6521

1722774590.8871863 28802137
cloud_controller_tkemenade 21013685343 37472 7327

1722774590.8877604 28802137
cloud0_tkemenade 36207115716 50161 6523

1722774591.8903773 28802214
cloud_controller_tkemenade 21013685343 37515 7338

1722774591.890959 28802214
cloud0_tkemenade 36207115716 50192 6530

1722774592.893642 28802292
cloud_controller_tkemenade 21013685343 37545 7345

1722774592.8942277 28802292
cloud0_tkemenade 36207115716 50241 6536

1722774593.8968647 28802372
cloud_controller_tkemenade 21013685343 37574 7353

1722774593.897469 28802372
cloud0_tkemenade 36207115716 50293 6540

1722774594.9001179 28802438
cloud_controller_tkemenade 21013685343 37602 7361

1722774594.9006844 28802438
cloud0_tkemenade 36207115716 50333 6543

1722774595.903282 28802541
cloud_controller_tkemenade 21013685343 37640 7367

1722774595.9038124 28802541
cloud0_tkemenade 36207115716 50397 6549

1722774596.4052677 28802588
cloud_controller_tkemenade 21014520049 37649 7368

1722774596.4058478 28802588
cloud0_tkemenade 36208369305 50407 6551

1722774597.4086676 28802717
cloud_controller_tkemenade 21014520049 37692 7380

1722774597.4092839 28802717
cloud0_tkemenade 36208369305 50481 6560

1722774598.2114167 28802791
cloud_controller_tkemenade 21015423660 37716 7385

1722774598.2119892 28802791
cloud0_tkemenade 36209585238 50524 6562

1722774599.2148015 28802863
cloud_controller_tkemenade 21015423660 37746 7396

1722774599.2153792 28802863
cloud0_tkemenade 36209585238 50563 6567

1722774600.2181396 28802956
cloud_controller_tkemenade 21015423660 37787 7401

1722774600.2187543 28802956
cloud0_tkemenade 36209585238 50614 6578

1722774601.2216427 28803020
cloud_controller_tkemenade 21015423660 37823 7411

1722774601.2222476 28803020
cloud0_tkemenade 36209585238 50645 6582

1722774602.2249722 28803077
cloud_controller_tkemenade 21015423660 37846 7416

1722774602.2255445 28803077
cloud0_tkemenade 36209585238 50675 6587

1722774603.2281086 28803235
cloud_controller_tkemenade 21015423660 37942 7419

1722774603.228687 28803235
cloud0_tkemenade 36209585238 50729 6592

1722774603.7301815 28803305
cloud_controller_tkemenade 21016533058 37961 7423

1722774603.7307713 28803305
cloud0_tkemenade 36210776702 50773 6596

1722774604.733484 28803360
cloud_controller_tkemenade 21016533058 37982 7431

1722774604.7340817 28803360
cloud0_tkemenade 36210776702 50812 6601

1722774605.6365533 28803413
cloud_controller_tkemenade 21017557860 38003 7437

1722774605.6371238 28803413
cloud0_tkemenade 36211843090 50840 6605

1722774606.6398425 28803479
cloud_controller_tkemenade 21017557860 38040 7449

1722774606.6404133 28803479
cloud0_tkemenade 36211843090 50875 6611

1722774607.643112 28803547
cloud_controller_tkemenade 21017557860 38073 7459

1722774607.6436949 28803547
cloud0_tkemenade 36211843090 50903 6616

1722774608.6465414 28803622
cloud_controller_tkemenade 21017557860 38107 7468

1722774608.6470602 28803622
cloud0_tkemenade 36211843090 50939 6623

1722774609.6498532 28803683
cloud_controller_tkemenade 21017557860 38130 7479

1722774609.6504233 28803683
cloud0_tkemenade 36211843090 50975 6631

1722774610.6531603 28803771
cloud_controller_tkemenade 21017557860 38160 7486

1722774610.653748 28803772
cloud0_tkemenade 36211843090 51037 6639

1722774611.0549564 28803795
cloud_controller_tkemenade 21018370708 38169 7490

1722774611.0555186 28803795
cloud0_tkemenade 36212853260 51052 6640

1722774612.0583756 28803858
cloud_controller_tkemenade 21018370708 38197 7499

1722774612.0589597 28803858
cloud0_tkemenade 36212853260 51092 6646

1722774612.8611455 28803919
cloud_controller_tkemenade 21019222431 38222 7504

1722774612.8616848 28803919
cloud0_tkemenade 36213836017 51123 6649

1722774613.864351 28804010
cloud_controller_tkemenade 21019222431 38248 7513

1722774613.864926 28804010
cloud0_tkemenade 36213836017 51195 6653

1722774614.8677235 28804060
cloud_controller_tkemenade 21019222431 38271 7522

1722774614.8683045 28804060
cloud0_tkemenade 36213836017 51225 6662

1722774615.8711104 28804120
cloud_controller_tkemenade 21019222431 38292 7529

1722774615.871683 28804120
cloud0_tkemenade 36213836017 51266 6670

1722774616.8743768 28804182
cloud_controller_tkemenade 21019222431 38316 7535

1722774616.8749568 28804182
cloud0_tkemenade 36213836017 51303 6675

1722774617.8775334 28804260
cloud_controller_tkemenade 21019222431 38349 7541

1722774617.8781278 28804262
cloud0_tkemenade 36213836017 51330 6679

1722774618.379681 28804316
cloud_controller_tkemenade 21019991808 38375 7548

1722774618.380289 28804316
cloud0_tkemenade 36214849924 51356 6682

1722774619.3831048 28804390
cloud_controller_tkemenade 21019991808 38402 7557

1722774619.3836904 28804390
cloud0_tkemenade 36214849924 51393 6686

1722774620.1858513 28804430
cloud_controller_tkemenade 21020772293 38420 7565

1722774620.1863472 28804430
cloud0_tkemenade 36215842725 51415 6690

1722774621.1887949 28804518
cloud_controller_tkemenade 21020772293 38457 7571

1722774621.1893873 28804518
cloud0_tkemenade 36215842725 51472 6697

1722774622.1921778 28804610
cloud_controller_tkemenade 21020772293 38491 7583

1722774622.1927528 28804610
cloud0_tkemenade 36215842725 51529 6700

1722774623.1954978 28804675
cloud_controller_tkemenade 21020772293 38521 7591

1722774623.19608 28804675
cloud0_tkemenade 36215842725 51567 6706

1722774624.1987402 28804760
cloud_controller_tkemenade 21020772293 38551 7597

1722774624.199312 28804760
cloud0_tkemenade 36215842725 51628 6712

1722774625.2018175 28804812
cloud_controller_tkemenade 21020772293 38579 7605

1722774625.202341 28804812
cloud0_tkemenade 36215842725 51656 6715

1722774625.7036674 28804871
cloud_controller_tkemenade 21021631068 38605 7608

1722774625.704266 28804871
cloud0_tkemenade 36216916942 51685 6721

1722774626.7071111 28804955
cloud_controller_tkemenade 21021631068 38639 7616

1722774626.7075677 28804955
cloud0_tkemenade 36216916942 51737 6730

1722774627.710045 28805054
cloud_controller_tkemenade 21022516475 38665 7625

1722774627.7105746 28805054
cloud0_tkemenade 36218192280 51807 6735

1722774628.7133453 28805119
cloud_controller_tkemenade 21022516475 38693 7633

1722774628.7139792 28805120
cloud0_tkemenade 36218192280 51831 6740

1722774629.7169302 28805304
cloud_controller_tkemenade 21022516475 38740 7643

1722774629.7175128 28805304
cloud0_tkemenade 36218192280 51970 6744

1722774630.720476 28805416
cloud_controller_tkemenade 21022516475 38792 7651

1722774630.7210693 28805416
cloud0_tkemenade 36218192280 52033 6753

1722774631.723986 28805470
cloud_controller_tkemenade 21022516475 38822 7659

1722774631.7245822 28805470
cloud0_tkemenade 36218192280 52061 6757

1722774632.7273006 28805526
cloud_controller_tkemenade 21022516475 38842 7665

1722774632.7278802 28805526
cloud0_tkemenade 36218192280 52095 6762

1722774632.9286716 28805554
cloud_controller_tkemenade 21023504539 38860 7668

1722774632.9292696 28805554
cloud0_tkemenade 36219687045 52103 6762

1722774633.9322257 28805656
cloud_controller_tkemenade 21023504539 38901 7678

1722774633.9328012 28805656
cloud0_tkemenade 36219687045 52169 6769

1722774634.9355917 28805723
cloud_controller_tkemenade 21024503208 38931 7688

1722774634.936152 28805723
cloud0_tkemenade 36221073211 52210 6773

1722774635.9389865 28805827
cloud_controller_tkemenade 21024503208 39011 7693

1722774635.9395769 28805827
cloud0_tkemenade 36221073211 52241 6780

1722774636.942374 28805886
cloud_controller_tkemenade 21024503208 39041 7699

1722774636.9429553 28805886
cloud0_tkemenade 36221073211 52278 6786

1722774637.9456632 28805936
cloud_controller_tkemenade 21024503208 39065 7705

1722774637.9462447 28805936
cloud0_tkemenade 36221073211 52308 6791

1722774638.9489362 28806013
cloud_controller_tkemenade 21024503208 39103 7712

1722774638.9495394 28806013
cloud0_tkemenade 36221073211 52342 6797

1722774639.952348 28806067
cloud_controller_tkemenade 21025533432 39131 7718

1722774639.952896 28806067
cloud0_tkemenade 36222017069 52369 6802

1722774640.955677 28806158
cloud_controller_tkemenade 21025533432 39156 7724

1722774640.9562635 28806158
cloud0_tkemenade 36222017069 52438 6807

1722774641.9591155 28806221
cloud_controller_tkemenade 21025533432 39187 7734

1722774641.9596941 28806221
cloud0_tkemenade 36222017069 52471 6814

1722774642.0601282 28806229
cloud_controller_tkemenade 21026500929 39189 7735

1722774642.0606818 28806229
cloud0_tkemenade 36222957270 52476 6815

1722774643.0631914 28806296
cloud_controller_tkemenade 21026500929 39220 7740

1722774643.063773 28806296
cloud0_tkemenade 36222957270 52518 6820

1722774644.066681 28806392
cloud_controller_tkemenade 21026500929 39252 7744

1722774644.0672581 28806392
cloud0_tkemenade 36222957270 52592 6828

1722774645.069864 28806474
cloud_controller_tkemenade 21026500929 39279 7752

1722774645.0704393 28806474
cloud0_tkemenade 36222957270 52653 6833

1722774646.0731788 28806516
cloud_controller_tkemenade 21026500929 39301 7759

1722774646.0737503 28806516
cloud0_tkemenade 36222957270 52679 6837

1722774647.07645 28806565
cloud_controller_tkemenade 21027261831 39330 7766

1722774647.0769928 28806565
cloud0_tkemenade 36224115567 52704 6842

1722774648.079742 28806650
cloud_controller_tkemenade 21027261831 39370 7774

1722774648.0801504 28806650
cloud0_tkemenade 36224115567 52749 6849

1722774649.0826135 28806828
cloud_controller_tkemenade 21027261831 39403 7784

1722774649.083219 28806828
cloud0_tkemenade 36224115567 52876 6853

1722774649.183746 28806856
cloud_controller_tkemenade 21028087453 39405 7785

1722774649.1843348 28806856
cloud0_tkemenade 36225508221 52895 6853

1722774650.1871343 28806914
cloud_controller_tkemenade 21028087453 39431 7792

1722774650.187717 28806914
cloud0_tkemenade 36225508221 52930 6859

1722774651.1906438 28807008
cloud_controller_tkemenade 21028087453 39465 7798

1722774651.1912456 28807008
cloud0_tkemenade 36225508221 52995 6866

1722774652.1939294 28807081
cloud_controller_tkemenade 21028087453 39502 7809

1722774652.194496 28807081
cloud0_tkemenade 36225508221 53032 6874

1722774653.197331 28807156
cloud_controller_tkemenade 21028087453 39534 7817

1722774653.1979475 28807156
cloud0_tkemenade 36225508221 53076 6880

1722774654.2007751 28807233
cloud_controller_tkemenade 21028087453 39560 7823

1722774654.201328 28807233
cloud0_tkemenade 36225508221 53133 6885

1722774654.3018484 28807242
cloud_controller_tkemenade 21028976752 39563 7823

1722774654.302396 28807242
cloud0_tkemenade 36226966795 53136 6886

1722774655.3050334 28807288
cloud_controller_tkemenade 21028976752 39590 7831

1722774655.3056068 28807288
cloud0_tkemenade 36226966795 53164 6889

1722774656.308325 28807375
cloud_controller_tkemenade 21029845143 39626 7838

1722774656.3089225 28807375
cloud0_tkemenade 36228161625 53217 6895

1722774657.3117168 28807494
cloud_controller_tkemenade 21029845143 39671 7846

1722774657.3123035 28807494
cloud0_tkemenade 36228161625 53296 6904

1722774658.315175 28807567
cloud_controller_tkemenade 21029845143 39699 7852

1722774658.315867 28807567
cloud0_tkemenade 36228161625 53340 6908

1722774659.3185594 28807645
cloud_controller_tkemenade 21029845143 39726 7861

1722774659.3191514 28807645
cloud0_tkemenade 36228161625 53371 6912

1722774660.3219373 28807731
cloud_controller_tkemenade 21029845143 39773 7870

1722774660.3225439 28807731
cloud0_tkemenade 36228161625 53416 6917

1722774661.3252745 28807808
cloud_controller_tkemenade 21029845143 39799 7878

1722774661.3257997 28807808
cloud0_tkemenade 36228161625 53464 6923

1722774661.4262507 28807814
cloud_controller_tkemenade 21030801613 39801 7878

1722774661.4267697 28807814
cloud0_tkemenade 36229362092 53468 6923

1722774662.4293296 28807894
cloud_controller_tkemenade 21030801613 39865 7884

1722774662.4299145 28807896
cloud0_tkemenade 36229362092 53494 6927

1722774663.432636 28808006
cloud_controller_tkemenade 21030801613 39930 7894

1722774663.433186 28808006
cloud0_tkemenade 36229362092 53540 6934

1722774663.533701 28808017
cloud_controller_tkemenade 21031943984 39934 7894

1722774663.534279 28808017
cloud0_tkemenade 36230507628 53546 6935

1722774664.5370862 28808104
cloud_controller_tkemenade 21031943984 39959 7903

1722774664.5376506 28808104
cloud0_tkemenade 36230507628 53611 6942

1722774665.5403166 28808160
cloud_controller_tkemenade 21031943984 39984 7911

1722774665.5408282 28808160
cloud0_tkemenade 36230507628 53644 6946

1722774666.5434477 28808228
cloud_controller_tkemenade 21031943984 40010 7920

1722774666.5439591 28808228
cloud0_tkemenade 36230507628 53684 6950

1722774667.5466053 28808273
cloud_controller_tkemenade 21031943984 40038 7926

1722774667.5471208 28808273
cloud0_tkemenade 36230507628 53713 6954

1722774668.5498195 28808325
cloud_controller_tkemenade 21033063901 40065 7933

1722774668.5503407 28808325
cloud0_tkemenade 36231599547 53741 6960

1722774669.5530207 28808395
cloud_controller_tkemenade 21033063901 40099 7939

1722774669.5536067 28808395
cloud0_tkemenade 36231599547 53767 6963

1722774670.556178 28808458
cloud_controller_tkemenade 21033946309 40126 7946

1722774670.5567346 28808458
cloud0_tkemenade 36232659145 53807 6968

1722774671.5595872 28808543
cloud_controller_tkemenade 21033946309 40154 7954

1722774671.560129 28808543
cloud0_tkemenade 36232659145 53867 6980

1722774672.562709 28808592
cloud_controller_tkemenade 21033946309 40179 7963

1722774672.563231 28808592
cloud0_tkemenade 36232659145 53893 6985

1722774673.5660517 28808660
cloud_controller_tkemenade 21033946309 40214 7971

1722774673.5666263 28808660
cloud0_tkemenade 36232659145 53932 6989

1722774674.5694606 28808747
cloud_controller_tkemenade 21033946309 40236 7981

1722774674.5700397 28808747
cloud0_tkemenade 36232659145 54002 6995

1722774675.5727816 28808829
cloud_controller_tkemenade 21033946309 40256 7987

1722774675.5732741 28808829
cloud0_tkemenade 36232659145 54067 7003

1722774675.673789 28808848
cloud_controller_tkemenade 21034789414 40262 7988

1722774675.6743228 28808848
cloud0_tkemenade 36233925510 54068 7003

1722774676.6769614 28808892
cloud_controller_tkemenade 21034789414 40279 7995

1722774676.6775358 28808892
cloud0_tkemenade 36233925510 54099 7007

1722774677.6800878 28808950
cloud_controller_tkemenade 21035590742 40310 8000

1722774677.6806471 28808950
cloud0_tkemenade 36235156243 54127 7011

1722774678.6835027 28809052
cloud_controller_tkemenade 21035590742 40357 8007

1722774678.68409 28809052
cloud0_tkemenade 36235156243 54179 7017

1722774679.686943 28809129
cloud_controller_tkemenade 21035590742 40388 8011

1722774679.6875112 28809129
cloud0_tkemenade 36235156243 54216 7019

1722774680.690349 28809196
cloud_controller_tkemenade 21035590742 40420 8018

1722774680.690874 28809196
cloud0_tkemenade 36235156243 54261 7024

1722774681.6936414 28809290
cloud_controller_tkemenade 21035590742 40468 8023

1722774681.6942098 28809290
cloud0_tkemenade 36235156243 54312 7037

1722774682.6966453 28809350
cloud_controller_tkemenade 21035590742 40491 8029

1722774682.697209 28809350
cloud0_tkemenade 36235156243 54348 7043

1722774682.7977078 28809362
cloud_controller_tkemenade 21036504885 40494 8030

1722774682.7982788 28809362
cloud0_tkemenade 36236215593 54351 7043

1722774683.801016 28809450
cloud_controller_tkemenade 21036504885 40525 8039

1722774683.8015788 28809450
cloud0_tkemenade 36236215593 54409 7048

1722774684.8043566 28809522
cloud_controller_tkemenade 21036504885 40552 8050

1722774684.8049111 28809522
cloud0_tkemenade 36236215593 54446 7055

1722774684.9054313 28809540
cloud_controller_tkemenade 21037462382 40558 8051

1722774684.9060266 28809540
cloud0_tkemenade 36237404322 54450 7056

1722774685.9086304 28809649
cloud_controller_tkemenade 21037462382 40604 8053

1722774685.909209 28809649
cloud0_tkemenade 36237404322 54502 7063

1722774686.9120424 28809766
cloud_controller_tkemenade 21037462382 40642 8066

1722774686.912631 28809766
cloud0_tkemenade 36237404322 54568 7069

1722774687.915363 28809837
cloud_controller_tkemenade 21037462382 40644 8097

1722774687.915922 28809837
cloud0_tkemenade 36237404322 54615 7075

1722774688.9186077 28809928
cloud_controller_tkemenade 21037462382 40676 8105

1722774688.9191446 28809928
cloud0_tkemenade 36237404322 54652 7079

1722774689.9218452 28810144
cloud_controller_tkemenade 21037462382 40714 8111

1722774689.9223487 28810144
cloud0_tkemenade 36237404322 54794 7084

1722774690.0227988 28810158
cloud_controller_tkemenade 21038407418 40716 8111

1722774690.023382 28810158
cloud0_tkemenade 36238918245 54801 7084

1722774691.0262907 28810258
cloud_controller_tkemenade 21038407418 40755 8118

1722774691.0268846 28810258
cloud0_tkemenade 36238918245 54840 7088

1722774692.0297835 28810346
cloud_controller_tkemenade 21038407418 40781 8125

1722774692.0303442 28810346
cloud0_tkemenade 36238918245 54890 7094

1722774692.1308372 28810353
cloud_controller_tkemenade 21039346893 40785 8125

1722774692.1313448 28810353
cloud0_tkemenade 36240412724 54892 7095

1722774693.1340547 28810451
cloud_controller_tkemenade 21039346893 40813 8131

1722774693.1346483 28810451
cloud0_tkemenade 36240412724 54946 7104

1722774694.1375015 28810585
cloud_controller_tkemenade 21039346893 40856 8139

1722774694.1380827 28810585
cloud0_tkemenade 36240412724 55037 7108

1722774695.140739 28810692
cloud_controller_tkemenade 21039346893 40930 8146

1722774695.1412954 28810692
cloud0_tkemenade 36240412724 55072 7113

1722774696.1440496 28810766
cloud_controller_tkemenade 21039346893 40976 8158

1722774696.1446235 28810766
cloud0_tkemenade 36240412724 55101 7118

1722774697.1473758 28810823
cloud_controller_tkemenade 21040379922 41002 8166

1722774697.1479096 28810823
cloud0_tkemenade 36241567644 55133 7124

1722774698.1505828 28810878
cloud_controller_tkemenade 21040379922 41025 8174

1722774698.1511514 28810878
cloud0_tkemenade 36241567644 55166 7128

1722774699.1540055 28810956
cloud_controller_tkemenade 21040379922 41063 8185

1722774699.1545832 28810956
cloud0_tkemenade 36241567644 55200 7135

1722774699.254993 28810960
cloud_controller_tkemenade 21041424797 41064 8185

1722774699.2555127 28810960
cloud0_tkemenade 36242642982 55201 7136

1722774700.2580502 28811015
cloud_controller_tkemenade 21041424797 41086 8191

1722774700.2584682 28811015
cloud0_tkemenade 36242642982 55230 7140

1722774701.2612903 28811083
cloud_controller_tkemenade 21041424797 41121 8200

1722774701.2618945 28811083
cloud0_tkemenade 36242642982 55268 7144

1722774702.264807 28811174
cloud_controller_tkemenade 21041424797 41145 8210

1722774702.265374 28811174
cloud0_tkemenade 36242642982 55332 7155

1722774703.268228 28811226
cloud_controller_tkemenade 21041424797 41173 8220

1722774703.2687547 28811226
cloud0_tkemenade 36242642982 55361 7159

1722774704.2715836 28811340
cloud_controller_tkemenade 21042232347 41200 8226

1722774704.272148 28811340
cloud0_tkemenade 36243732091 55446 7163

1722774705.2745876 28811418
cloud_controller_tkemenade 21042232347 41230 8231

1722774705.2751496 28811418
cloud0_tkemenade 36243732091 55503 7169

1722774706.2778606 28811477
cloud_controller_tkemenade 21042232347 41249 8236

1722774706.2784193 28811477
cloud0_tkemenade 36243732091 55548 7174

1722774706.4792151 28811496
cloud_controller_tkemenade 21042973178 41254 8238

1722774706.4797714 28811496
cloud0_tkemenade 36244924799 55552 7174

1722774707.482599 28811546
cloud_controller_tkemenade 21042973178 41281 8247

1722774707.4831703 28811546
cloud0_tkemenade 36244924799 55584 7178

1722774708.4859784 28811625
cloud_controller_tkemenade 21042973178 41319 8254

1722774708.4865603 28811625
cloud0_tkemenade 36244924799 55630 7183

1722774709.489399 28811796
cloud_controller_tkemenade 21042973178 41353 8260

1722774709.4899938 28811796
cloud0_tkemenade 36244924799 55767 7185

1722774710.4927816 28811883
cloud_controller_tkemenade 21042973178 41386 8270

1722774710.4933255 28811883
cloud0_tkemenade 36244924799 55813 7190

1722774711.4961567 28811959
cloud_controller_tkemenade 21043822370 41424 8276

1722774711.4967034 28811959
cloud0_tkemenade 36246266770 55849 7196

1722774712.4995728 28812050
cloud_controller_tkemenade 21043822370 41457 8283

1722774712.5001395 28812050
cloud0_tkemenade 36246266770 55907 7207

1722774713.5029514 28812102
cloud_controller_tkemenade 21043822370 41485 8291

1722774713.5035305 28812102
cloud0_tkemenade 36246266770 55936 7213

1722774713.7043061 28812136
cloud_controller_tkemenade 21044717923 41490 8292

1722774713.7048807 28812136
cloud0_tkemenade 36247631866 55963 7214

1722774714.7077487 28812206
cloud_controller_tkemenade 21044717923 41522 8300

1722774714.7083187 28812206
cloud0_tkemenade 36247631866 56008 7221

1722774715.7111144 28812298
cloud_controller_tkemenade 21044717923 41565 8304

1722774715.7117035 28812298
cloud0_tkemenade 36247631866 56059 7227

1722774716.7144244 28812389
cloud_controller_tkemenade 21044717923 41603 8313

1722774716.7149937 28812389
cloud0_tkemenade 36247631866 56102 7233

1722774717.7178936 28812482
cloud_controller_tkemenade 21044717923 41633 8322

1722774717.7184665 28812482
cloud0_tkemenade 36247631866 56170 7242

1722774718.6209264 28812524
cloud_controller_tkemenade 21045574644 41649 8329

1722774718.6215444 28812524
cloud0_tkemenade 36248848159 56195 7245

1722774719.6243079 28812588
cloud_controller_tkemenade 21045574644 41682 8335

1722774719.6248283 28812588
cloud0_tkemenade 36248848159 56227 7252

1722774720.6274707 28812689
cloud_controller_tkemenade 21045574644 41727 8343

1722774720.6280355 28812689
cloud0_tkemenade 36248848159 56270 7257

1722774720.92905 28812703
cloud_controller_tkemenade 21046507059 41734 8347

1722774720.92962 28812703
cloud0_tkemenade 36249992628 56275 7260

1722774721.9321425 28812746
cloud_controller_tkemenade 21046507059 41763 8353

1722774721.9327106 28812746
cloud0_tkemenade 36249992628 56301 7264

1722774722.9355142 28812890
cloud_controller_tkemenade 21046507059 41850 8359

1722774722.936091 28812890
cloud0_tkemenade 36249992628 56355 7270

1722774723.9389777 28812984
cloud_controller_tkemenade 21046507059 41878 8368

1722774723.9395483 28812984
cloud0_tkemenade 36249992628 56424 7275

1722774724.9423697 28813050
cloud_controller_tkemenade 21046507059 41910 8378

1722774724.9429402 28813050
cloud0_tkemenade 36249992628 56462 7282

1722774725.644968 28813089
cloud_controller_tkemenade 21047561861 41923 8382

1722774725.6454923 28813089
cloud0_tkemenade 36251076024 56489 7285

1722774726.6482515 28813148
cloud_controller_tkemenade 21047561861 41956 8392

1722774726.6488225 28813148
cloud0_tkemenade 36251076024 56516 7294

1722774727.6515994 28813196
cloud_controller_tkemenade 21047561861 41979 8398

1722774727.6521664 28813196
cloud0_tkemenade 36251076024 56545 7300

1722774727.9531646 28813215
cloud_controller_tkemenade 21048537584 41991 8401

1722774727.9537065 28813215
cloud0_tkemenade 36252076606 56553 7301

1722774728.9564617 28813282
cloud_controller_tkemenade 21048537584 42018 8407

1722774728.9570513 28813282
cloud0_tkemenade 36252076606 56591 7309

1722774729.9598737 28813346
cloud_controller_tkemenade 21048537584 42061 8414

1722774729.9604588 28813346
cloud0_tkemenade 36252076606 56613 7312

1722774730.963183 28813428
cloud_controller_tkemenade 21048537584 42088 8422

1722774730.9637125 28813428
cloud0_tkemenade 36252076606 56662 7318

1722774731.9664812 28813486
cloud_controller_tkemenade 21048537584 42116 8435

1722774731.967064 28813486
cloud0_tkemenade 36252076606 56694 7325

1722774732.8696089 28813554
cloud_controller_tkemenade 21049405136 42137 8442

1722774732.8702006 28813554
cloud0_tkemenade 36253023896 56739 7332

1722774733.8727498 28813656
cloud_controller_tkemenade 21049405136 42164 8451

1722774733.87331 28813656
cloud0_tkemenade 36253023896 56814 7336

1722774734.8759649 28813724
cloud_controller_tkemenade 21049405136 42193 8458

1722774734.876524 28813724
cloud0_tkemenade 36253023896 56853 7339

1722774735.0772684 28813767
cloud_controller_tkemenade 21050275045 42199 8459

1722774735.0778747 28813768
cloud0_tkemenade 36254196808 56885 7339

1722774736.0805886 28813817
cloud_controller_tkemenade 21050275045 42220 8466

1722774736.0811565 28813817
cloud0_tkemenade 36254196808 56918 7344

1722774737.0838082 28813860
cloud_controller_tkemenade 21050275045 42246 8472

1722774737.08438 28813860
cloud0_tkemenade 36254196808 56941 7350

1722774738.0870793 28813929
cloud_controller_tkemenade 21050275045 42287 8480

1722774738.0876653 28813929
cloud0_tkemenade 36254196808 56974 7356

1722774739.0903609 28814000
cloud_controller_tkemenade 21050275045 42311 8488

1722774739.0909526 28814000
cloud0_tkemenade 36254196808 57014 7364

1722774739.993425 28814061
cloud_controller_tkemenade 21051076328 42346 8494

1722774739.994036 28814062
cloud0_tkemenade 36255223066 57036 7371

1722774740.9969223 28814136
cloud_controller_tkemenade 21051076328 42371 8502

1722774740.9975042 28814136
cloud0_tkemenade 36255223066 57064 7382

1722774742.0001583 28814224
cloud_controller_tkemenade 21051076328 42410 8513

1722774742.00069 28814224
cloud0_tkemenade 36255223066 57104 7392

1722774742.3016133 28814240
cloud_controller_tkemenade 21051893587 42415 8513

1722774742.3021252 28814241
cloud0_tkemenade 36256097836 57113 7392

1722774743.304579 28814327
cloud_controller_tkemenade 21051893587 42445 8522

1722774743.3050663 28814327
cloud0_tkemenade 36256097836 57169 7400

1722774744.3075457 28814409
cloud_controller_tkemenade 21051893587 42470 8529

1722774744.3079917 28814409
cloud0_tkemenade 36256097836 57224 7404

1722774745.3104935 28814464
cloud_controller_tkemenade 21051893587 42504 8539

1722774745.3109128 28814464
cloud0_tkemenade 36256097836 57246 7406

1722774746.3133743 28814554
cloud_controller_tkemenade 21051893587 42543 8546

1722774746.3138165 28814555
cloud0_tkemenade 36256097836 57298 7417

1722774747.2160192 28814661
cloud_controller_tkemenade 21052776377 42576 8552

1722774747.2164905 28814661
cloud0_tkemenade 36257283036 57367 7427

1722774748.2189205 28814730
cloud_controller_tkemenade 21052776377 42605 8557

1722774748.2193859 28814730
cloud0_tkemenade 36257283036 57407 7429

1722774749.221712 28814842
cloud_controller_tkemenade 21052776377 42632 8562

1722774749.2222075 28814842
cloud0_tkemenade 36257283036 57495 7432

1722774749.4228497 28814888
cloud_controller_tkemenade 21053621854 42637 8564

1722774749.423335 28814888
cloud0_tkemenade 36258656937 57535 7432

1722774750.4258156 28815023
cloud_controller_tkemenade 21053621854 42720 8570

1722774750.4262373 28815023
cloud0_tkemenade 36258656937 57585 7436

1722774751.4287758 28815118
cloud_controller_tkemenade 21053621854 42747 8576

1722774751.4293125 28815118
cloud0_tkemenade 36258656937 57630 7440

1722774752.4317183 28815178
cloud_controller_tkemenade 21053621854 42769 8585

1722774752.4321504 28815178
cloud0_tkemenade 36258656937 57660 7444

1722774753.434585 28815267
cloud_controller_tkemenade 21053621854 42795 8594

1722774753.4350836 28815267
cloud0_tkemenade 36258656937 57720 7457

1722774754.337336 28815374
cloud_controller_tkemenade 21054603019 42840 8602

1722774754.337843 28815375
cloud0_tkemenade 36260059500 57782 7459

1722774755.34032 28815520
cloud_controller_tkemenade 21054603019 42941 8607

1722774755.3407507 28815520
cloud0_tkemenade 36260059500 57823 7465

1722774756.343103 28815592
cloud_controller_tkemenade 21054603019 42971 8613

1722774756.3444555 28815592
cloud0_tkemenade 36260059500 57865 7470

1722774756.4450238 28815600
cloud_controller_tkemenade 21055833109 42972 8614

1722774756.445518 28815600
cloud0_tkemenade 36261311840 57869 7470

1722774757.4480064 28815661
cloud_controller_tkemenade 21055833109 43006 8622

1722774757.44857 28815661
cloud0_tkemenade 36261311840 57899 7476

1722774758.451067 28815708
cloud_controller_tkemenade 21055833109 43028 8628

1722774758.4515703 28815708
cloud0_tkemenade 36261311840 57926 7482

1722774759.454029 28815787
cloud_controller_tkemenade 21055833109 43060 8639

1722774759.4545665 28815787
cloud0_tkemenade 36261311840 57974 7487

1722774760.4571276 28815852
cloud_controller_tkemenade 21055833109 43085 8652

1722774760.45765 28815852
cloud0_tkemenade 36261311840 58013 7490

1722774761.3601193 28815930
cloud_controller_tkemenade 21056880327 43115 8660

1722774761.36062 28815930
cloud0_tkemenade 36262271790 58053 7494

1722774762.3624954 28815987
cloud_controller_tkemenade 21056880327 43137 8666

1722774762.363039 28815987
cloud0_tkemenade 36262271790 58082 7499

1722774763.3653088 28816069
cloud_controller_tkemenade 21056880327 43172 8675

1722774763.3658798 28816070
cloud0_tkemenade 36262271790 58130 7509

1722774763.6666148 28816105
cloud_controller_tkemenade 21057682138 43177 8676

1722774763.6671114 28816105
cloud0_tkemenade 36263252118 58155 7515

1722774764.6697197 28816191
cloud_controller_tkemenade 21057682138 43202 8685

1722774764.6702988 28816191
cloud0_tkemenade 36263252118 58215 7520

1722774765.673031 28816297
cloud_controller_tkemenade 21057682138 43256 8691

1722774765.6735487 28816297
cloud0_tkemenade 36263252118 58273 7528

1722774766.6762254 28816350
cloud_controller_tkemenade 21057682138 43276 8699

1722774766.6767871 28816350
cloud0_tkemenade 36263252118 58309 7533

1722774767.6794772 28816402
cloud_controller_tkemenade 21057682138 43306 8704

1722774767.6799836 28816402
cloud0_tkemenade 36263252118 58338 7537

1722774768.6823611 28816509
cloud_controller_tkemenade 21058528403 43342 8711

1722774768.6828487 28816509
cloud0_tkemenade 36264460633 58413 7541

1722774769.6852803 28816654
cloud_controller_tkemenade 21058528403 43371 8720

1722774769.6857102 28816654
cloud0_tkemenade 36264460633 58527 7544

1722774770.6879516 28816716
cloud_controller_tkemenade 21058528403 43400 8727

1722774770.688378 28816716
cloud0_tkemenade 36264460633 58569 7549

1722774770.788795 28816729
cloud_controller_tkemenade 21059407449 43402 8728

1722774770.7892735 28816729
cloud0_tkemenade 36265912969 58574 7550

1722774771.7917018 28816816
cloud_controller_tkemenade 21059407449 43445 8735

1722774771.7922113 28816816
cloud0_tkemenade 36265912969 58618 7559

1722774772.7946982 28816870
cloud_controller_tkemenade 21059407449 43471 8741

1722774772.795129 28816870
cloud0_tkemenade 36265912969 58651 7566

1722774773.7975233 28816965
cloud_controller_tkemenade 21059407449 43503 8752

1722774773.7979884 28816966
cloud0_tkemenade 36265912969 58720 7571

1722774774.8004787 28817028
cloud_controller_tkemenade 21059407449 43530 8760

1722774774.800887 28817028
cloud0_tkemenade 36265912969 58759 7578

1722774775.7031305 28817106
cloud_controller_tkemenade 21060271354 43567 8766

1722774775.7036152 28817106
cloud0_tkemenade 36267246941 58797 7582

1722774776.7058809 28817198
cloud_controller_tkemenade 21060271354 43614 8777

1722774776.7063541 28817198
cloud0_tkemenade 36267246941 58847 7590

1722774777.7086625 28817291
cloud_controller_tkemenade 21060271354 43642 8784

1722774777.7091036 28817291
cloud0_tkemenade 36267246941 58920 7597

1722774778.0099578 28817307
cloud_controller_tkemenade 21061206640 43648 8786

1722774778.0104814 28817307
cloud0_tkemenade 36268481763 58929 7599

1722774779.0129454 28817350
cloud_controller_tkemenade 21061206640 43670 8792

1722774779.013426 28817350
cloud0_tkemenade 36268481763 58956 7604

1722774780.0158622 28817446
cloud_controller_tkemenade 21061206640 43720 8801

1722774780.016287 28817446
cloud0_tkemenade 36268481763 59006 7609

1722774781.0187392 28817509
cloud_controller_tkemenade 21061206640 43753 8812

1722774781.0191503 28817509
cloud0_tkemenade 36268481763 59042 7615

1722774782.0216224 28817582
cloud_controller_tkemenade 21061206640 43778 8818

1722774782.02217 28817582
cloud0_tkemenade 36268481763 59084 7619

1722774782.724044 28817686
cloud_controller_tkemenade 21062343804 43864 8824

1722774782.724561 28817686
cloud0_tkemenade 36269631458 59105 7623

1722774783.7269826 28817772
cloud_controller_tkemenade 21062343804 43890 8829

1722774783.7275653 28817772
cloud0_tkemenade 36269631458 59168 7627

1722774784.730227 28817859
cloud_controller_tkemenade 21062343804 43918 8837

1722774784.7307816 28817859
cloud0_tkemenade 36269631458 59232 7634

1722774785.1319664 28817892
cloud_controller_tkemenade 21063429593 43933 8840

1722774785.1325305 28817892
cloud0_tkemenade 36270791351 59250 7635

1722774786.1351273 28817948
cloud_controller_tkemenade 21063429593 43963 8850

1722774786.135681 28817948
cloud0_tkemenade 36270791351 59284 7639

1722774787.138099 28818016
cloud_controller_tkemenade 21063429593 43992 8856

1722774787.1385906 28818016
cloud0_tkemenade 36270791351 59331 7643

1722774788.1410584 28818069
cloud_controller_tkemenade 21063429593 44020 8859

1722774788.141509 28818069
cloud0_tkemenade 36270791351 59362 7649

1722774789.1439655 28818117
cloud_controller_tkemenade 21063429593 44041 8865

1722774789.1444426 28818117
cloud0_tkemenade 36270791351 59394 7654

1722774789.9464426 28818155
cloud_controller_tkemenade 21064233464 44072 8873

1722774789.946927 28818155
cloud0_tkemenade 36271836071 59407 7656

1722774790.9493957 28818217
cloud_controller_tkemenade 21064233464 44107 8881

1722774790.9498582 28818218
cloud0_tkemenade 36271836071 59449 7662

1722774791.9524567 28818291
cloud_controller_tkemenade 21064233464 44131 8888

1722774791.9528625 28818291
cloud0_tkemenade 36271836071 59486 7666

1722774792.1535268 28818311
cloud_controller_tkemenade 21065015139 44135 8889

1722774792.154108 28818312
cloud0_tkemenade 36272713148 59501 7667

1722774793.1566732 28818355
cloud_controller_tkemenade 21065015139 44161 8896

1722774793.1572454 28818355
cloud0_tkemenade 36272713148 59525 7674

1722774794.15992 28818469
cloud_controller_tkemenade 21065015139 44192 8904

1722774794.1604898 28818469
cloud0_tkemenade 36272713148 59615 7681

1722774795.16304 28818547
cloud_controller_tkemenade 21065015139 44222 8912

1722774795.1636136 28818547
cloud0_tkemenade 36272713148 59668 7688

1722774796.1661806 28818590
cloud_controller_tkemenade 21065015139 44245 8921

1722774796.1667368 28818590
cloud0_tkemenade 36272713148 59698 7692

1722774797.0690508 28818639
cloud_controller_tkemenade 21065791926 44265 8930

1722774797.0696247 28818639
cloud0_tkemenade 36273831722 59729 7696

1722774798.0721831 28818706
cloud_controller_tkemenade 21065791926 44309 8936

1722774798.0727506 28818706
cloud0_tkemenade 36273831722 59758 7703

1722774799.0752165 28818773
cloud_controller_tkemenade 21065791926 44333 8942

1722774799.0757818 28818773
cloud0_tkemenade 36273831722 59803 7709

1722774799.376673 28818788
cloud_controller_tkemenade 21066584902 44342 8945

1722774799.3772295 28818788
cloud0_tkemenade 36274899190 59809 7711

1722774800.3794258 28818848
cloud_controller_tkemenade 21066584902 44376 8952

1722774800.3800051 28818848
cloud0_tkemenade 36274899190 59839 7716

1722774801.3825128 28818920
cloud_controller_tkemenade 21066584902 44415 8958

1722774801.3830767 28818920
cloud0_tkemenade 36274899190 59866 7730

1722774802.3857067 28819038
cloud_controller_tkemenade 21066584902 44445 8967

1722774802.3862922 28819038
cloud0_tkemenade 36274899190 59910 7738

1722774803.3888268 28819117
cloud_controller_tkemenade 21066584902 44477 8975

1722774803.3893914 28819117
cloud0_tkemenade 36274899190 59938 7742

1722774804.2916405 28819226
cloud_controller_tkemenade 21067435823 44496 8982

1722774804.2922032 28819226
cloud0_tkemenade 36275910605 60014 7750

1722774805.2947197 28819294
cloud_controller_tkemenade 21067435823 44532 8990

1722774805.2952678 28819294
cloud0_tkemenade 36275910605 60035 7753

1722774806.2978513 28819421
cloud_controller_tkemenade 21067435823 44575 9001

1722774806.298415 28819421
cloud0_tkemenade 36275910605 60079 7779

1722774806.4991288 28819457
cloud_controller_tkemenade 21068349641 44590 9004

1722774806.49965 28819457
cloud0_tkemenade 36276959349 60079 7788

1722774807.50213 28819602
cloud_controller_tkemenade 21068349641 44624 9012

1722774807.50272 28819602
cloud0_tkemenade 36276959349 60136 7828

1722774808.5052235 28819686
cloud_controller_tkemenade 21068349641 44644 9015

1722774808.5057464 28819686
cloud0_tkemenade 36276959349 60139 7857

1722774809.5085003 28819923
cloud_controller_tkemenade 21068349641 44721 9020

1722774809.5090816 28819923
cloud0_tkemenade 36276959349 60274 7859

1722774810.5118349 28820097
cloud_controller_tkemenade 21068349641 44797 9029

1722774810.5123677 28820097
cloud0_tkemenade 36276959349 60332 7868

