1723796935.329987 197565835
cloud_controller_tkemenade 45177594672 38039 5587
cloud0_tkemenade 60947465993 35673 4696

1723796936.3328562 197566307
cloud_controller_tkemenade 45177594672 38067 5595

1723796936.333425 197566309
cloud0_tkemenade 60947465993 35740 4706

1723796937.336019 197566777
cloud_controller_tkemenade 45177594672 38118 5606

1723796937.3365877 197566777
cloud0_tkemenade 60947465993 35807 4712

1723796938.3390324 197567259
cloud_controller_tkemenade 45177594672 38146 5616

1723796938.3395905 197567259
cloud0_tkemenade 60947465993 35843 4716

1723796939.3423443 197567699
cloud_controller_tkemenade 45177594672 38166 5623

1723796939.3429544 197567699
cloud0_tkemenade 60947465993 35873 4722

1723796940.345582 197568211
cloud_controller_tkemenade 45177594672 38206 5632

1723796940.3461232 197568211
cloud0_tkemenade 60947465993 35920 4728

1723796941.2485864 197568637
cloud_controller_tkemenade 45178809978 38216 5638

1723796941.2491336 197568640
cloud0_tkemenade 60949163847 35935 4733

1723796941.3495874 197568687
cloud_controller_tkemenade 45180026846 38220 5639

1723796941.350119 197568687
cloud0_tkemenade 60950877304 35940 4734

1723796942.3526278 197569189
cloud_controller_tkemenade 45180026846 38246 5646

1723796942.353178 197569193
cloud0_tkemenade 60950877304 35977 4739

1723796943.3558629 197569719
cloud_controller_tkemenade 45180026846 38263 5652

1723796943.3564398 197569719
cloud0_tkemenade 60950877304 36036 4748

1723796944.3591077 197570176
cloud_controller_tkemenade 45180026846 38289 5660

1723796944.3596961 197570176
cloud0_tkemenade 60950877304 36079 4751

1723796945.362302 197570680
cloud_controller_tkemenade 45180026846 38318 5668

1723796945.362864 197570680
cloud0_tkemenade 60950877304 36126 4760

1723796946.3655827 197571139
cloud_controller_tkemenade 45180026846 38345 5675

1723796946.3661296 197571139
cloud0_tkemenade 60950877304 36165 4770

1723796947.3690488 197571569
cloud_controller_tkemenade 45180026846 38378 5685

1723796947.36967 197571569
cloud0_tkemenade 60950877304 36201 4777

1723796948.3721519 197572037
cloud_controller_tkemenade 45182178079 38402 5692

1723796948.372626 197572037
cloud0_tkemenade 60953883629 36218 4784

1723796949.375067 197572471
cloud_controller_tkemenade 45182178079 38420 5700

1723796949.375639 197572471
cloud0_tkemenade 60953883629 36249 4792

1723796950.3780363 197573022
cloud_controller_tkemenade 45182178079 38447 5707

1723796950.3784156 197573022
cloud0_tkemenade 60953883629 36287 4802

1723796951.3811798 197573552
cloud_controller_tkemenade 45182178079 38469 5714

1723796951.381758 197573552
cloud0_tkemenade 60953883629 36309 4807

1723796952.3843832 197574009
cloud_controller_tkemenade 45182178079 38496 5721

1723796952.3847957 197574009
cloud0_tkemenade 60953883629 36357 4814

1723796953.3874717 197574491
cloud_controller_tkemenade 45182178079 38520 5730

1723796953.3880687 197574491
cloud0_tkemenade 60953883629 36406 4818

1723796954.3905284 197575041
cloud_controller_tkemenade 45182178079 38542 5736

1723796954.3910627 197575041
cloud0_tkemenade 60953883629 36547 4822

1723796955.3935652 197575563
cloud_controller_tkemenade 45182178079 38633 5741

1723796955.3941026 197575563
cloud0_tkemenade 60953883629 36622 4828

1723796955.594875 197575642
cloud_controller_tkemenade 45184732341 38637 5743

1723796955.5954227 197575642
cloud0_tkemenade 60957939871 36624 4829

1723796956.5979548 197576131
cloud_controller_tkemenade 45184732341 38664 5748

1723796956.5985124 197576131
cloud0_tkemenade 60957939871 36656 4836

1723796957.6016788 197576600
cloud_controller_tkemenade 45184732341 38690 5758

1723796957.6022387 197576600
cloud0_tkemenade 60957939871 36694 4842

1723796958.6050448 197577037
cloud_controller_tkemenade 45184732341 38723 5765

1723796958.6056592 197577037
cloud0_tkemenade 60957939871 36717 4847

1723796959.6084998 197577489
cloud_controller_tkemenade 45184732341 38743 5770

1723796959.6090937 197577491
cloud0_tkemenade 60957939871 36742 4853

1723796960.6118357 197577946
cloud_controller_tkemenade 45184732341 38768 5778

1723796960.6122344 197577946
cloud0_tkemenade 60957939871 36768 4858

1723796961.6147134 197578522
cloud_controller_tkemenade 45184732341 38795 5782

1723796961.615263 197578522
cloud0_tkemenade 60957939871 36788 4861

1723796962.6177492 197578969
cloud_controller_tkemenade 45184732341 38824 5790

1723796962.61804 197578969
cloud0_tkemenade 60957939871 36825 4864

1723796962.7183444 197579009
cloud_controller_tkemenade 45186861975 38825 5791

1723796962.7187433 197579009
cloud0_tkemenade 60960060520 36830 4864

1723796963.7210689 197579501
cloud_controller_tkemenade 45186861975 38858 5798

1723796963.721647 197579501
cloud0_tkemenade 60960060520 36894 4869

1723796964.724213 197580000
cloud_controller_tkemenade 45186861975 38932 5802

1723796964.7247748 197580000
cloud0_tkemenade 60960060520 36917 4876

1723796965.7272065 197580398
cloud_controller_tkemenade 45186861975 38955 5813

1723796965.7277527 197580398
cloud0_tkemenade 60960060520 36967 4884

1723796966.7303174 197580853
cloud_controller_tkemenade 45186861975 38993 5824

1723796966.730951 197580853
cloud0_tkemenade 60960060520 37038 4896

1723796967.7336752 197581347
cloud_controller_tkemenade 45186861975 39023 5829

1723796967.7342293 197581347
cloud0_tkemenade 60960060520 37098 4907

1723796968.7370667 197581789
cloud_controller_tkemenade 45186861975 39044 5838

1723796968.7376928 197581789
cloud0_tkemenade 60960060520 37127 4914

1723796969.7402906 197582234
cloud_controller_tkemenade 45186861975 39066 5841

1723796969.7408116 197582234
cloud0_tkemenade 60960060520 37157 4919

1723796969.8413072 197582275
cloud_controller_tkemenade 45189591660 39073 5843

1723796969.841867 197582275
cloud0_tkemenade 60963715843 37165 4921

1723796970.844383 197582714
cloud_controller_tkemenade 45189591660 39103 5852

1723796970.8449624 197582714
cloud0_tkemenade 60963715843 37191 4926

1723796971.8474658 197583282
cloud_controller_tkemenade 45189591660 39128 5857

1723796971.848026 197583282
cloud0_tkemenade 60963715843 37228 4932

1723796972.8505778 197583713
cloud_controller_tkemenade 45189591660 39158 5863

1723796972.8509574 197583713
cloud0_tkemenade 60963715843 37259 4939

1723796973.853617 197584167
cloud_controller_tkemenade 45189591660 39178 5869

1723796973.854219 197584167
cloud0_tkemenade 60963715843 37316 4943

1723796974.8569531 197584633
cloud_controller_tkemenade 45189591660 39207 5875

1723796974.8575292 197584633
cloud0_tkemenade 60963715843 37340 4946

1723796975.860065 197585043
cloud_controller_tkemenade 45189591660 39225 5881

1723796975.8605914 197585043
cloud0_tkemenade 60963715843 37367 4951

1723796976.8629575 197585533
cloud_controller_tkemenade 45189591660 39248 5886

1723796976.8634503 197585533
cloud0_tkemenade 60963715843 37411 4960

1723796976.9638927 197585573
cloud_controller_tkemenade 45191691102 39254 5887

1723796976.9646156 197585573
cloud0_tkemenade 60966406038 37412 4960

1723796977.967354 197585941
cloud_controller_tkemenade 45191691102 39274 5894

1723796977.9679086 197585941
cloud0_tkemenade 60966406038 37432 4963

1723796978.9705613 197586352
cloud_controller_tkemenade 45191691102 39304 5899

1723796978.971117 197586352
cloud0_tkemenade 60966406038 37454 4967

1723796979.973872 197586769
cloud_controller_tkemenade 45191691102 39327 5907

1723796979.974455 197586769
cloud0_tkemenade 60966406038 37477 4974

1723796980.9769897 197587319
cloud_controller_tkemenade 45191691102 39354 5916

1723796980.977397 197587319
cloud0_tkemenade 60966406038 37499 4980

1723796981.9797628 197587878
cloud_controller_tkemenade 45191691102 39375 5924

1723796981.9802806 197587878
cloud0_tkemenade 60966406038 37537 4983

1723796982.9824915 197588307
cloud_controller_tkemenade 45191691102 39409 5929

1723796982.9828172 197588307
cloud0_tkemenade 60966406038 37587 4992

1723796983.9852185 197588791
cloud_controller_tkemenade 45191691102 39434 5937

1723796983.98555 197588791
cloud0_tkemenade 60966406038 37657 5000

1723796984.0858757 197588833
cloud_controller_tkemenade 45193930458 39435 5939

1723796984.0864298 197588833
cloud0_tkemenade 60969109362 37659 5000

1723796985.0889928 197589259
cloud_controller_tkemenade 45193930458 39460 5947

1723796985.089684 197589259
cloud0_tkemenade 60969109362 37700 5010

1723796986.0922713 197589735
cloud_controller_tkemenade 45193930458 39479 5953

1723796986.0928097 197589735
cloud0_tkemenade 60969109362 37733 5015

1723796987.0953932 197590299
cloud_controller_tkemenade 45193930458 39511 5964

1723796987.0960078 197590299
cloud0_tkemenade 60969109362 37770 5024

1723796988.0985813 197590740
cloud_controller_tkemenade 45193930458 39545 5974

1723796988.099068 197590740
cloud0_tkemenade 60969109362 37812 5030

1723796989.1016085 197591148
cloud_controller_tkemenade 45193930458 39567 5979

1723796989.1019456 197591148
cloud0_tkemenade 60969109362 37838 5032

1723796990.1044552 197591567
cloud_controller_tkemenade 45193930458 39587 5983

1723796990.1048186 197591567
cloud0_tkemenade 60969109362 37861 5037

1723796991.1071346 197592156
cloud_controller_tkemenade 45195032750 39608 5992

1723796991.1074862 197592156
cloud0_tkemenade 60970873996 37983 5041

1723796991.2078807 197592187
cloud_controller_tkemenade 45196135177 39609 5992

1723796991.208423 197592187
cloud0_tkemenade 60972643682 37985 5043

1723796992.211065 197592624
cloud_controller_tkemenade 45196135177 39631 5999

1723796992.211618 197592624
cloud0_tkemenade 60972643682 38019 5047

1723796993.2142515 197593083
cloud_controller_tkemenade 45196135177 39654 6007

1723796993.2146244 197593083
cloud0_tkemenade 60972643682 38065 5052

1723796994.217119 197593588
cloud_controller_tkemenade 45196135177 39676 6012

1723796994.2176654 197593588
cloud0_tkemenade 60972643682 38107 5059

1723796995.2204301 197593983
cloud_controller_tkemenade 45196135177 39701 6018

1723796995.2209773 197593983
cloud0_tkemenade 60972643682 38132 5066

1723796996.2235756 197594422
cloud_controller_tkemenade 45196135177 39730 6028

1723796996.2241237 197594422
cloud0_tkemenade 60972643682 38193 5073

1723796997.2267706 197594859
cloud_controller_tkemenade 45196135177 39768 6038

1723796997.227354 197594859
cloud0_tkemenade 60972643682 38268 5085

1723796998.232454 197595275
cloud_controller_tkemenade 45196135177 39793 6045

1723796998.2328436 197595275
cloud0_tkemenade 60972643682 38302 5090

1723796998.3332071 197595380
cloud_controller_tkemenade 45198447787 39793 6046

1723796998.3336313 197595380
cloud0_tkemenade 60976231381 38304 5090

1723796999.3362272 197595758
cloud_controller_tkemenade 45198447787 39816 6051

1723796999.3365707 197595758
cloud0_tkemenade 60976231381 38326 5096

1723797000.338936 197596205
cloud_controller_tkemenade 45198447787 39857 6057

1723797000.3394952 197596205
cloud0_tkemenade 60976231381 38369 5105

1723797001.3421783 197596730
cloud_controller_tkemenade 45198447787 39881 6063

1723797001.3426955 197596730
cloud0_tkemenade 60976231381 38397 5110

1723797002.345185 197597205
cloud_controller_tkemenade 45198447787 39908 6073

1723797002.345738 197597205
cloud0_tkemenade 60976231381 38432 5115

1723797003.3484836 197597744
cloud_controller_tkemenade 45198447787 39936 6082

1723797003.3489926 197597744
cloud0_tkemenade 60976231381 38479 5122

1723797004.3515449 197598219
cloud_controller_tkemenade 45198447787 39954 6087

1723797004.352082 197598219
cloud0_tkemenade 60976231381 38509 5125

1723797005.3544822 197598714
cloud_controller_tkemenade 45200652370 39982 6092

1723797005.3549972 197598714
cloud0_tkemenade 60978756288 38531 5130

1723797006.3574333 197599143
cloud_controller_tkemenade 45200652370 40004 6098

1723797006.3579876 197599143
cloud0_tkemenade 60978756288 38560 5136

1723797007.3604212 197599633
cloud_controller_tkemenade 45200652370 40034 6103

1723797007.3609471 197599633
cloud0_tkemenade 60978756288 38616 5146

1723797008.363701 197600182
cloud_controller_tkemenade 45200652370 40057 6108

1723797008.3642435 197600182
cloud0_tkemenade 60978756288 38640 5151

1723797009.3667688 197600685
cloud_controller_tkemenade 45200652370 40072 6123

1723797009.3673515 197600685
cloud0_tkemenade 60978756288 38661 5156

1723797010.3699996 197601197
cloud_controller_tkemenade 45200652370 40109 6138

1723797010.3705401 197601197
cloud0_tkemenade 60978756288 38681 5162

1723797011.373179 197601792
cloud_controller_tkemenade 45200652370 40136 6144

1723797011.3736885 197601792
cloud0_tkemenade 60978756288 38706 5166

1723797012.3761404 197602275
cloud_controller_tkemenade 45200652370 40153 6154

1723797012.3766868 197602275
cloud0_tkemenade 60978756288 38753 5174

1723797012.677561 197602410
cloud_controller_tkemenade 45202739216 40156 6157

1723797012.678143 197602410
cloud0_tkemenade 60981125140 38759 5175

1723797013.6809654 197602903
cloud_controller_tkemenade 45202739216 40179 6165

1723797013.6815205 197602903
cloud0_tkemenade 60981125140 38814 5183

1723797014.6840699 197603507
cloud_controller_tkemenade 45202739216 40231 6177

1723797014.6846585 197603507
cloud0_tkemenade 60981125140 38960 5192

1723797015.6872563 197603980
cloud_controller_tkemenade 45202739216 40264 6186

1723797015.687854 197603980
cloud0_tkemenade 60981125140 39014 5198

1723797016.6903968 197604510
cloud_controller_tkemenade 45202739216 40282 6193

1723797016.690961 197604510
cloud0_tkemenade 60981125140 39037 5205

1723797017.6936405 197604965
cloud_controller_tkemenade 45202739216 40314 6201

1723797017.694169 197604965
cloud0_tkemenade 60981125140 39087 5213

1723797018.6969295 197605423
cloud_controller_tkemenade 45202739216 40354 6203

1723797018.69749 197605423
cloud0_tkemenade 60981125140 39111 5218

1723797019.6999793 197605878
cloud_controller_tkemenade 45202739216 40375 6213

1723797019.7003174 197605878
cloud0_tkemenade 60981125140 39159 5222

1723797019.8006506 197605908
cloud_controller_tkemenade 45205334378 40376 6214

1723797019.8012261 197605909
cloud0_tkemenade 60985320575 39159 5223

1723797020.8037138 197606410
cloud_controller_tkemenade 45205334378 40397 6222

1723797020.8043084 197606410
cloud0_tkemenade 60985320575 39177 5228

1723797021.806918 197606934
cloud_controller_tkemenade 45205334378 40429 6236

1723797021.8074696 197606934
cloud0_tkemenade 60985320575 39206 5234

1723797022.8100946 197607359
cloud_controller_tkemenade 45205334378 40444 6245

1723797022.810674 197607359
cloud0_tkemenade 60985320575 39230 5239

1723797023.8133347 197607815
cloud_controller_tkemenade 45205334378 40470 6250

1723797023.8138828 197607815
cloud0_tkemenade 60985320575 39293 5244

1723797024.8164656 197608417
cloud_controller_tkemenade 45205334378 40548 6256

1723797024.817031 197608418
cloud0_tkemenade 60985320575 39313 5249

1723797025.8199224 197608904
cloud_controller_tkemenade 45205334378 40588 6267

1723797025.8203983 197608904
cloud0_tkemenade 60985320575 39374 5257

1723797026.822732 197609323
cloud_controller_tkemenade 45208261077 40618 6276

1723797026.8230956 197609323
cloud0_tkemenade 60988112050 39421 5263

1723797027.8256364 197609763
cloud_controller_tkemenade 45208261077 40639 6287

1723797027.8261747 197609763
cloud0_tkemenade 60988112050 39467 5269

1723797028.828902 197610245
cloud_controller_tkemenade 45208261077 40662 6294

1723797028.8294806 197610245
cloud0_tkemenade 60988112050 39493 5274

1723797029.8320985 197610675
cloud_controller_tkemenade 45208261077 40694 6302

1723797029.8324566 197610675
cloud0_tkemenade 60988112050 39531 5279

1723797030.8351302 197611147
cloud_controller_tkemenade 45208261077 40726 6309

1723797030.8356953 197611147
cloud0_tkemenade 60988112050 39564 5284

1723797031.8381088 197611664
cloud_controller_tkemenade 45208261077 40749 6320

1723797031.8386483 197611664
cloud0_tkemenade 60988112050 39598 5288

1723797032.841272 197612123
cloud_controller_tkemenade 45208261077 40768 6328

1723797032.8418252 197612123
cloud0_tkemenade 60988112050 39622 5294

1723797033.844422 197612506
cloud_controller_tkemenade 45208261077 40789 6332

1723797033.8449674 197612506
cloud0_tkemenade 60988112050 39660 5300

1723797033.945459 197612571
cloud_controller_tkemenade 45209383635 40792 6332

1723797034.0462298 197612599
cloud0_tkemenade 60989531041 39664 5301

1723797034.948799 197613032
cloud_controller_tkemenade 45209383635 40818 6339

1723797035.0494897 197613069
cloud0_tkemenade 60989531041 39689 5308

1723797035.95176 197613511
cloud_controller_tkemenade 45209383635 40850 6350

1723797036.0525677 197613604
cloud0_tkemenade 60989531041 39723 5313

1723797036.954728 197614161
cloud_controller_tkemenade 45209383635 40872 6357

1723797037.055404 197614200
cloud0_tkemenade 60989531041 39745 5320

1723797037.958014 197614631
cloud_controller_tkemenade 45209383635 40899 6366

1723797038.058815 197614696
cloud0_tkemenade 60989531041 39794 5330

1723797038.961379 197615089
cloud_controller_tkemenade 45209383635 40920 6373

1723797039.0620446 197615135
cloud0_tkemenade 60989531041 39818 5335

1723797039.964618 197615521
cloud_controller_tkemenade 45209383635 40946 6379

1723797040.065224 197615557
cloud0_tkemenade 60989531041 39834 5341

1723797040.967845 197615972
cloud_controller_tkemenade 45209383635 40968 6384

1723797041.0685642 197616045
cloud_controller_tkemenade 45210455474 40972 6386

1723797041.0690494 197616049
cloud0_tkemenade 60990653700 39860 5350

1723797042.0714462 197616493
cloud_controller_tkemenade 45210455474 40997 6394

1723797042.0719757 197616493
cloud0_tkemenade 60990653700 39894 5353

1723797043.0746102 197616942
cloud_controller_tkemenade 45210455474 41021 6401

1723797043.0751677 197616942
cloud0_tkemenade 60990653700 39935 5360

1723797044.077786 197617447
cloud_controller_tkemenade 45210455474 41061 6408

1723797044.0783162 197617447
cloud0_tkemenade 60990653700 40029 5365

1723797045.0811605 197617967
cloud_controller_tkemenade 45210455474 41093 6415

1723797045.0815127 197617967
cloud0_tkemenade 60990653700 40097 5368

1723797046.0840642 197618385
cloud_controller_tkemenade 45210455474 41110 6428

1723797046.0846016 197618385
cloud0_tkemenade 60990653700 40119 5371

1723797047.087214 197618781
cloud_controller_tkemenade 45210455474 41132 6435

1723797047.0877607 197618781
cloud0_tkemenade 60990653700 40144 5376

1723797048.0905735 197619206
cloud_controller_tkemenade 45210455474 41168 6441

1723797048.0911608 197619206
cloud0_tkemenade 60990653700 40189 5384

1723797048.2917662 197619300
cloud_controller_tkemenade 45211689347 41174 6442

1723797048.2923343 197619300
cloud0_tkemenade 60992444496 40195 5385

1723797049.2948837 197619708
cloud_controller_tkemenade 45211689347 41197 6448

1723797049.295473 197619708
cloud0_tkemenade 60992444496 40216 5391

1723797050.2981746 197620183
cloud_controller_tkemenade 45211689347 41218 6453

1723797050.2987812 197620183
cloud0_tkemenade 60992444496 40245 5395

1723797051.3013916 197620773
cloud_controller_tkemenade 45211689347 41239 6459

1723797051.3019671 197620773
cloud0_tkemenade 60992444496 40368 5399

1723797052.304666 197621235
cloud_controller_tkemenade 45211689347 41275 6471

1723797052.305293 197621236
cloud0_tkemenade 60992444496 40401 5408

1723797053.3081694 197621680
cloud_controller_tkemenade 45211689347 41308 6477

1723797053.3087661 197621680
cloud0_tkemenade 60992444496 40448 5412

1723797054.311476 197622141
cloud_controller_tkemenade 45211689347 41334 6482

1723797054.3120325 197622141
cloud0_tkemenade 60992444496 40510 5418

1723797055.314697 197622604
cloud_controller_tkemenade 45211689347 41358 6490

1723797055.3152518 197622604
cloud0_tkemenade 60992444496 40535 5425

1723797055.6161711 197622761
cloud_controller_tkemenade 45212762887 41360 6491

1723797055.6165411 197622761
cloud0_tkemenade 60994182822 40542 5430

1723797056.6191 197623204
cloud_controller_tkemenade 45212762887 41403 6501

1723797056.6196873 197623204
cloud0_tkemenade 60994182822 40600 5441

1723797057.6225433 197623677
cloud_controller_tkemenade 45212762887 41434 6507

1723797057.623146 197623677
cloud0_tkemenade 60994182822 40669 5450

1723797058.6259081 197624173
cloud_controller_tkemenade 45212762887 41462 6515

1723797058.6265094 197624173
cloud0_tkemenade 60994182822 40697 5458

1723797059.6291368 197624559
cloud_controller_tkemenade 45212762887 41484 6522

1723797059.629496 197624559
cloud0_tkemenade 60994182822 40735 5462

1723797060.632034 197624994
cloud_controller_tkemenade 45212762887 41519 6533

1723797060.632543 197624994
cloud0_tkemenade 60994182822 40784 5471

1723797061.6351051 197625509
cloud_controller_tkemenade 45212762887 41537 6539

1723797061.6354542 197625509
cloud0_tkemenade 60994182822 40816 5476

1723797062.6379333 197625944
cloud_controller_tkemenade 45213989286 41561 6551

1723797062.638273 197625944
cloud0_tkemenade 60995924121 40856 5482

1723797063.6402974 197626390
cloud_controller_tkemenade 45213989286 41595 6561

1723797063.6407468 197626390
cloud0_tkemenade 60995924121 40920 5491

1723797064.6432474 197626799
cloud_controller_tkemenade 45213989286 41616 6569

1723797064.643806 197626799
cloud0_tkemenade 60995924121 40941 5497

1723797065.646397 197627210
cloud_controller_tkemenade 45213989286 41635 6581

1723797065.646955 197627210
cloud0_tkemenade 60995924121 40968 5502

1723797066.6495686 197627621
cloud_controller_tkemenade 45213989286 41649 6590

1723797066.6501186 197627621
cloud0_tkemenade 60995924121 40989 5507

1723797067.6526904 197628044
cloud_controller_tkemenade 45213989286 41683 6599

1723797067.6532395 197628045
cloud0_tkemenade 60995924121 41038 5516

1723797068.655928 197628516
cloud_controller_tkemenade 45213989286 41711 6607

1723797068.6562696 197628516
cloud0_tkemenade 60995924121 41067 5524

1723797069.6586952 197628887
cloud_controller_tkemenade 45213989286 41726 6614

1723797069.65928 197628887
cloud0_tkemenade 60995924121 41083 5530

1723797069.8600068 197628973
cloud_controller_tkemenade 45215047403 41730 6616

1723797069.8605473 197628973
cloud0_tkemenade 60997210280 41089 5531

1723797070.8632157 197629393
cloud_controller_tkemenade 45215047403 41748 6625

1723797070.8635657 197629393
cloud0_tkemenade 60997210280 41104 5535

1723797071.865988 197629899
cloud_controller_tkemenade 45215047403 41769 6635

1723797071.8665426 197629899
cloud0_tkemenade 60997210280 41145 5541

1723797072.8692913 197630291
cloud_controller_tkemenade 45215047403 41789 6643

1723797072.8697915 197630291
cloud0_tkemenade 60997210280 41188 5546

1723797073.8725495 197630751
cloud_controller_tkemenade 45215047403 41813 6651

1723797073.8731587 197630754
cloud0_tkemenade 60997210280 41274 5555

1723797074.8757741 197631282
cloud_controller_tkemenade 45215047403 41892 6659

1723797074.8762555 197631282
cloud0_tkemenade 60997210280 41395 5558

1723797075.8788114 197631701
cloud_controller_tkemenade 45215047403 41931 6665

1723797075.8793535 197631701
cloud0_tkemenade 60997210280 41431 5567

1723797076.8817542 197632175
cloud_controller_tkemenade 45215047403 41953 6670

1723797076.8821645 197632175
cloud0_tkemenade 60997210280 41455 5572

1723797076.9825711 197632222
cloud_controller_tkemenade 45216445028 41958 6670

1723797076.9829593 197632222
cloud0_tkemenade 60999251810 41457 5574

1723797077.9854121 197632656
cloud_controller_tkemenade 45216445028 41990 6678

1723797077.9859674 197632656
cloud0_tkemenade 60999251810 41519 5580

1723797078.9886622 197633034
cloud_controller_tkemenade 45216445028 42015 6682

1723797078.98926 197633037
cloud0_tkemenade 60999251810 41543 5585

1723797079.9919965 197633472
cloud_controller_tkemenade 45216445028 42036 6692

1723797079.9925883 197633472
cloud0_tkemenade 60999251810 41578 5591

1723797080.9952502 197633909
cloud_controller_tkemenade 45216445028 42057 6699

1723797080.9957924 197633909
cloud0_tkemenade 60999251810 41595 5596

1723797081.9983609 197634389
cloud_controller_tkemenade 45216445028 42090 6707

1723797081.9989076 197634389
cloud0_tkemenade 60999251810 41625 5603

1723797083.0017312 197634786
cloud_controller_tkemenade 45216445028 42115 6716

1723797083.0022953 197634786
cloud0_tkemenade 60999251810 41649 5608

1723797084.0049329 197635191
cloud_controller_tkemenade 45216445028 42145 6724

1723797084.0053496 197635194
cloud0_tkemenade 60999251810 41712 5614

1723797084.1056879 197635275
cloud_controller_tkemenade 45217625575 42157 6724

1723797084.1060185 197635275
cloud0_tkemenade 61000682922 41715 5614

1723797085.1083367 197635697
cloud_controller_tkemenade 45217625575 42222 6729

1723797085.1089036 197635697
cloud0_tkemenade 61000682922 41744 5617

1723797086.1114645 197636145
cloud_controller_tkemenade 45217625575 42251 6740

1723797086.1121469 197636145
cloud0_tkemenade 61000682922 41792 5626

1723797087.1146388 197636626
cloud_controller_tkemenade 45217625575 42282 6748

1723797087.1150143 197636626
cloud0_tkemenade 61000682922 41858 5632

1723797088.117509 197637080
cloud_controller_tkemenade 45217625575 42313 6758

1723797088.1181033 197637080
cloud0_tkemenade 61000682922 41910 5638

1723797089.1206732 197637596
cloud_controller_tkemenade 45217625575 42340 6764

1723797089.1212795 197637598
cloud0_tkemenade 61000682922 41936 5644

1723797090.124127 197637971
cloud_controller_tkemenade 45217625575 42372 6776

1723797090.1246667 197637971
cloud0_tkemenade 61000682922 41966 5651

1723797091.1271255 197638429
cloud_controller_tkemenade 45217625575 42403 6782

1723797091.127689 197638429
cloud0_tkemenade 61000682922 41986 5656

1723797091.3283195 197638543
cloud_controller_tkemenade 45219114709 42404 6783

1723797091.3288474 197638543
cloud0_tkemenade 61002190846 41990 5659

1723797092.3313186 197639024
cloud_controller_tkemenade 45219114709 42436 6790

1723797092.3318708 197639024
cloud0_tkemenade 61002190846 42029 5664

1723797093.334447 197639429
cloud_controller_tkemenade 45219114709 42458 6800

1723797093.3349962 197639429
cloud0_tkemenade 61002190846 42082 5672

1723797094.3376167 197639822
cloud_controller_tkemenade 45219114709 42484 6807

1723797094.338199 197639822
cloud0_tkemenade 61002190846 42125 5679

1723797095.340837 197640275
cloud_controller_tkemenade 45219114709 42509 6815

1723797095.3413851 197640278
cloud0_tkemenade 61002190846 42151 5685

1723797096.344162 197640712
cloud_controller_tkemenade 45219114709 42536 6823

1723797096.3447456 197640712
cloud0_tkemenade 61002190846 42173 5690

1723797097.3473556 197641101
cloud_controller_tkemenade 45219114709 42560 6832

1723797097.3479073 197641101
cloud0_tkemenade 61002190846 42204 5697

1723797098.3504658 197641579
cloud_controller_tkemenade 45220254174 42583 6843

1723797098.351001 197641579
cloud0_tkemenade 61003616369 42241 5704

1723797099.3537056 197642016
cloud_controller_tkemenade 45220254174 42605 6850

1723797099.354268 197642016
cloud0_tkemenade 61003616369 42266 5710

1723797100.3570209 197642516
cloud_controller_tkemenade 45220254174 42694 6858

1723797100.3575025 197642516
cloud0_tkemenade 61003616369 42285 5713

1723797101.3601973 197642975
cloud_controller_tkemenade 45220254174 42714 6865

1723797101.3607285 197642975
cloud0_tkemenade 61003616369 42305 5718

1723797102.3633385 197643413
cloud_controller_tkemenade 45220254174 42738 6876

1723797102.363868 197643413
cloud0_tkemenade 61003616369 42353 5724

1723797103.3665035 197643813
cloud_controller_tkemenade 45220254174 42760 6885

1723797103.3668168 197643813
cloud0_tkemenade 61003616369 42395 5730

1723797104.3692305 197644269
cloud_controller_tkemenade 45220254174 42803 6891

1723797104.369772 197644269
cloud0_tkemenade 61003616369 42462 5738

1723797105.3724291 197644647
cloud_controller_tkemenade 45220254174 42823 6897

1723797105.3729832 197644647
cloud0_tkemenade 61003616369 42513 5745

1723797105.673928 197644820
cloud_controller_tkemenade 45221674428 42831 6901

1723797105.6744614 197644820
cloud0_tkemenade 61005097358 42517 5747

1723797106.6768966 197645268
cloud_controller_tkemenade 45221674428 42846 6906

1723797106.6774578 197645271
cloud0_tkemenade 61005097358 42541 5751

1723797107.6800551 197645819
cloud_controller_tkemenade 45221674428 42870 6921

1723797107.6803968 197645819
cloud0_tkemenade 61005097358 42580 5757

1723797108.6827428 197646265
cloud_controller_tkemenade 45221674428 42904 6932

1723797108.6832948 197646265
cloud0_tkemenade 61005097358 42620 5764

1723797109.686113 197646691
cloud_controller_tkemenade 45221674428 42929 6942

1723797109.6866753 197646691
cloud0_tkemenade 61005097358 42640 5769

1723797110.6893902 197647170
cloud_controller_tkemenade 45221674428 42952 6949

1723797110.6899595 197647170
cloud0_tkemenade 61005097358 42701 5773

1723797111.6927187 197647737
cloud_controller_tkemenade 45221674428 42980 6958

1723797111.6932604 197647740
cloud0_tkemenade 61005097358 42793 5777

1723797112.6958084 197648129
cloud_controller_tkemenade 45221674428 42998 6966

1723797112.696122 197648129
cloud0_tkemenade 61005097358 42818 5781

1723797112.796487 197648159
cloud_controller_tkemenade 45222830286 43000 6966

1723797112.7970347 197648159
cloud0_tkemenade 61006759827 42819 5781

1723797113.7995605 197648562
cloud_controller_tkemenade 45222830286 43023 6973

1723797113.8001246 197648562
cloud0_tkemenade 61006759827 42877 5786

1723797114.802566 197649039
cloud_controller_tkemenade 45222830286 43044 6978

1723797114.803116 197649039
cloud0_tkemenade 61006759827 42899 5793

1723797115.8058639 197649455
cloud_controller_tkemenade 45222830286 43079 6988

1723797115.8064148 197649455
cloud0_tkemenade 61006759827 42951 5806

1723797116.808937 197649899
cloud_controller_tkemenade 45222830286 43111 6996

1723797116.8093333 197649899
cloud0_tkemenade 61006759827 42992 5812

1723797117.81187 197650293
cloud_controller_tkemenade 45222830286 43135 7008

1723797117.8124795 197650293
cloud0_tkemenade 61006759827 43049 5818

1723797118.8148952 197650825
cloud_controller_tkemenade 45222830286 43152 7018

1723797118.8154507 197650825
cloud0_tkemenade 61006759827 43089 5824

1723797119.817909 197651193
cloud_controller_tkemenade 45222830286 43180 7027

1723797119.818325 197651193
cloud0_tkemenade 61006759827 43123 5832

1723797119.9187298 197651230
cloud_controller_tkemenade 45224029348 43181 7027

1723797119.9190824 197651230
cloud0_tkemenade 61008496741 43128 5832

1723797120.921442 197651716
cloud_controller_tkemenade 45224029348 43214 7034

1723797120.9219904 197651716
cloud0_tkemenade 61008496741 43152 5838

1723797121.9244509 197652247
cloud_controller_tkemenade 45224029348 43231 7045

1723797121.9250205 197652247
cloud0_tkemenade 61008496741 43182 5842

1723797122.9273736 197652735
cloud_controller_tkemenade 45224029348 43244 7053

1723797122.9279318 197652735
cloud0_tkemenade 61008496741 43213 5847

1723797123.9306242 197653273
cloud_controller_tkemenade 45224029348 43265 7062

1723797123.9311707 197653273
cloud0_tkemenade 61008496741 43275 5852

1723797124.9338317 197653757
cloud_controller_tkemenade 45224029348 43284 7074

1723797124.9343727 197653757
cloud0_tkemenade 61008496741 43301 5858

1723797125.9371507 197654267
cloud_controller_tkemenade 45224029348 43315 7083

1723797125.937715 197654267
cloud0_tkemenade 61008496741 43327 5863

1723797126.9405177 197654757
cloud_controller_tkemenade 45224029348 43331 7090

1723797126.9410262 197654757
cloud0_tkemenade 61008496741 43351 5868

1723797127.141681 197654861
cloud_controller_tkemenade 45225118263 43333 7092

1723797127.1420443 197654861
cloud0_tkemenade 61009859151 43362 5868

1723797128.1445618 197655331
cloud_controller_tkemenade 45225118263 43351 7100

1723797128.1450224 197655331
cloud0_tkemenade 61009859151 43380 5872

1723797129.1474783 197655833
cloud_controller_tkemenade 45225118263 43372 7104

1723797129.1478083 197655833
cloud0_tkemenade 61009859151 43415 5885

1723797130.150328 197656294
cloud_controller_tkemenade 45225118263 43394 7111

1723797130.1508663 197656294
cloud0_tkemenade 61009859151 43436 5890

1723797131.1535153 197656856
cloud_controller_tkemenade 45225118263 43411 7117

1723797131.1539042 197656856
cloud0_tkemenade 61009859151 43455 5894

1723797132.1563525 197657355
cloud_controller_tkemenade 45225118263 43428 7125

1723797132.1568904 197657355
cloud0_tkemenade 61009859151 43491 5899

1723797133.1595013 197657795
cloud_controller_tkemenade 45225118263 43447 7132

1723797133.1600413 197657795
cloud0_tkemenade 61009859151 43520 5906

1723797134.1627016 197658319
cloud_controller_tkemenade 45226105531 43469 7142

1723797134.1632519 197658319
cloud0_tkemenade 61011508156 43629 5915

1723797135.1659033 197658843
cloud_controller_tkemenade 45226105531 43541 7149

1723797135.1664376 197658843
cloud0_tkemenade 61011508156 43720 5922

1723797136.168996 197659293
cloud_controller_tkemenade 45226105531 43567 7154

1723797136.1695616 197659293
cloud0_tkemenade 61011508156 43740 5925

1723797137.1723013 197659791
cloud_controller_tkemenade 45226105531 43581 7159

1723797137.172842 197659791
cloud0_tkemenade 61011508156 43760 5929

1723797138.175516 197660245
cloud_controller_tkemenade 45226105531 43616 7172

1723797138.1760767 197660245
cloud0_tkemenade 61011508156 43791 5933

1723797139.1784844 197660714
cloud_controller_tkemenade 45226105531 43631 7180

1723797139.179021 197660714
cloud0_tkemenade 61011508156 43830 5939

1723797140.181484 197661212
cloud_controller_tkemenade 45226105531 43650 7186

1723797140.18183 197661212
cloud0_tkemenade 61011508156 43846 5944

1723797141.1851888 197661734
cloud_controller_tkemenade 45226105531 43666 7190

1723797141.1856873 197661734
cloud0_tkemenade 61011508156 43862 5949

1723797141.2861392 197661779
cloud_controller_tkemenade 45227445810 43668 7191

1723797141.2866776 197661779
cloud0_tkemenade 61013026062 43863 5950

1723797142.2892163 197662242
cloud_controller_tkemenade 45227445810 43692 7199

1723797142.2897449 197662242
cloud0_tkemenade 61013026062 43899 5956

1723797143.2924159 197662712
cloud_controller_tkemenade 45227445810 43707 7204

1723797143.2929485 197662712
cloud0_tkemenade 61013026062 43921 5960

1723797144.295459 197663278
cloud_controller_tkemenade 45227445810 43771 7213

1723797144.296003 197663278
cloud0_tkemenade 61013026062 43986 5965

1723797145.2984593 197663740
cloud_controller_tkemenade 45227445810 43817 7221

1723797145.2990088 197663740
cloud0_tkemenade 61013026062 44014 5970

1723797146.301513 197664238
cloud_controller_tkemenade 45227445810 43846 7233

1723797146.302035 197664238
cloud0_tkemenade 61013026062 44066 5982

1723797147.304541 197664751
cloud_controller_tkemenade 45227445810 43876 7243

1723797147.3051376 197664754
cloud0_tkemenade 61013026062 44127 5991

1723797148.307781 197665194
cloud_controller_tkemenade 45227445810 43915 7249

1723797148.3083322 197665194
cloud0_tkemenade 61013026062 44152 5997

1723797148.5090215 197665284
cloud_controller_tkemenade 45229082616 43918 7249

1723797148.5096068 197665284
cloud0_tkemenade 61014827078 44156 5998

1723797149.512235 197665819
cloud_controller_tkemenade 45229082616 43941 7256

1723797149.5127916 197665819
cloud0_tkemenade 61014827078 44190 6005

1723797150.515311 197666336
cloud_controller_tkemenade 45229082616 43976 7264

1723797150.5157607 197666336
cloud0_tkemenade 61014827078 44226 6012

1723797151.518274 197666903
cloud_controller_tkemenade 45229082616 43993 7268

1723797151.5187953 197666903
cloud0_tkemenade 61014827078 44241 6016

1723797152.521468 197667367
cloud_controller_tkemenade 45229082616 44011 7275

1723797152.5220122 197667367
cloud0_tkemenade 61014827078 44270 6021

1723797153.5247097 197667877
cloud_controller_tkemenade 45229082616 44028 7282

1723797153.5252607 197667879
cloud0_tkemenade 61014827078 44323 6026

1723797154.527821 197668248
cloud_controller_tkemenade 45229082616 44056 7292

1723797154.5283618 197668248
cloud0_tkemenade 61014827078 44355 6029

1723797155.5307143 197668635
cloud_controller_tkemenade 45229082616 44083 7299

1723797155.5312696 197668635
cloud0_tkemenade 61014827078 44376 6033

1723797155.631711 197668665
cloud_controller_tkemenade 45230207796 44085 7299

1723797155.6320474 197668665
cloud0_tkemenade 61016163875 44377 6033

1723797156.6342113 197669122
cloud_controller_tkemenade 45230207796 44107 7307

1723797156.6347685 197669122
cloud0_tkemenade 61016163875 44396 6037

1723797157.6373394 197669663
cloud_controller_tkemenade 45230207796 44123 7313

1723797157.637666 197669663
cloud0_tkemenade 61016163875 44424 6046

1723797158.6403043 197670237
cloud_controller_tkemenade 45230207796 44150 7323

1723797158.6408622 197670237
cloud0_tkemenade 61016163875 44449 6050

1723797159.6435192 197670797
cloud_controller_tkemenade 45230207796 44163 7330

1723797159.6439312 197670797
cloud0_tkemenade 61016163875 44483 6058

1723797160.6464121 197671294
cloud_controller_tkemenade 45230207796 44185 7336

1723797160.64696 197671294
cloud0_tkemenade 61016163875 44499 6064

1723797161.649567 197671936
cloud_controller_tkemenade 45230207796 44201 7342

1723797161.650092 197671936
cloud0_tkemenade 61016163875 44519 6067

1723797162.6528199 197672417
cloud_controller_tkemenade 45230207796 44225 7350

1723797162.6533766 197672419
cloud0_tkemenade 61016163875 44560 6075

1723797162.8540483 197672520
cloud_controller_tkemenade 45231239894 44229 7352

1723797162.954828 197672569
cloud0_tkemenade 61017380276 44567 6076

1723797163.8575943 197673020
cloud_controller_tkemenade 45231239894 44251 7357

1723797163.958403 197673068
cloud0_tkemenade 61017380276 44646 6085

1723797164.8610995 197673533
cloud_controller_tkemenade 45231239894 44289 7364

1723797164.9617958 197673579
cloud0_tkemenade 61017380276 44682 6094

1723797165.8644595 197674007
cloud_controller_tkemenade 45231239894 44313 7372

1723797165.9652047 197674047
cloud0_tkemenade 61017380276 44715 6098

1723797166.867877 197674553
cloud_controller_tkemenade 45231239894 44333 7378

1723797166.968703 197674613
cloud0_tkemenade 61017380276 44744 6102

1723797167.871448 197675064
cloud_controller_tkemenade 45231239894 44354 7383

1723797167.972228 197675109
cloud0_tkemenade 61017380276 44795 6107

1723797168.8748271 197675552
cloud_controller_tkemenade 45231239894 44394 7389

1723797168.9756067 197675598
cloud0_tkemenade 61017380276 44819 6111

1723797169.8779533 197676163
cloud_controller_tkemenade 45231239894 44410 7395

1723797169.978457 197676209
cloud_controller_tkemenade 45232441973 44413 7395

1723797169.9787884 197676209
cloud0_tkemenade 61019061059 44845 6115

1723797170.980999 197676851
cloud_controller_tkemenade 45232441973 44432 7401

1723797170.9815679 197676851
cloud0_tkemenade 61019061059 44949 6120

1723797171.984219 197677423
cloud_controller_tkemenade 45232441973 44463 7407

1723797171.9847639 197677423
cloud0_tkemenade 61019061059 44979 6126

1723797172.9872146 197677840
cloud_controller_tkemenade 45232441973 44491 7411

1723797172.9877617 197677840
cloud0_tkemenade 61019061059 45003 6130

1723797173.9904325 197678323
cloud_controller_tkemenade 45232441973 44518 7416

1723797173.9908724 197678323
cloud0_tkemenade 61019061059 45072 6138

1723797174.9932902 197678781
cloud_controller_tkemenade 45232441973 44549 7424

1723797174.9936044 197678781
cloud0_tkemenade 61019061059 45113 6143

1723797175.996159 197679185
cloud_controller_tkemenade 45232441973 44579 7432

1723797175.996689 197679185
cloud0_tkemenade 61019061059 45172 6152

1723797176.9991245 197679613
cloud_controller_tkemenade 45232441973 44624 7439

1723797176.9996672 197679613
cloud0_tkemenade 61019061059 45224 6160

1723797178.0020902 197680070
cloud_controller_tkemenade 45232441973 44649 7447

1723797178.0026393 197680070
cloud0_tkemenade 61019061059 45256 6164

1723797179.0052373 197680543
cloud_controller_tkemenade 45232441973 44683 7455

1723797179.0057874 197680543
cloud0_tkemenade 61019061059 45289 6171

1723797180.008352 197681002
cloud_controller_tkemenade 45232441973 44724 7461

1723797180.0089138 197681002
cloud0_tkemenade 61019061059 45350 6185

1723797181.0116057 197681457
cloud_controller_tkemenade 45232441973 44760 7467

1723797181.0119379 197681457
cloud0_tkemenade 61019061059 45376 6189

1723797181.2124555 197681589
cloud_controller_tkemenade 45233775144 44764 7469

1723797181.2129402 197681589
cloud0_tkemenade 61020971415 45379 6190

1723797182.2155752 197682048
cloud_controller_tkemenade 45233775144 44788 7475

1723797182.2161255 197682048
cloud0_tkemenade 61020971415 45412 6196

1723797183.2187026 197682417
cloud_controller_tkemenade 45233775144 44812 7481

1723797183.219271 197682417
cloud0_tkemenade 61020971415 45445 6202

1723797184.2218142 197682841
cloud_controller_tkemenade 45233775144 44839 7491

1723797184.222154 197682841
cloud0_tkemenade 61020971415 45490 6207

1723797185.2247655 197683243
cloud_controller_tkemenade 45233775144 44878 7498

1723797185.2253654 197683245
cloud0_tkemenade 61020971415 45514 6217

1723797186.2280817 197683638
cloud_controller_tkemenade 45233775144 44906 7505

1723797186.2285426 197683638
cloud0_tkemenade 61020971415 45534 6218

1723797187.2312746 197684052
cloud_controller_tkemenade 45233775144 44933 7512

1723797187.2319674 197684052
cloud0_tkemenade 61020971415 45558 6223

1723797188.2346509 197684545
cloud_controller_tkemenade 45234948596 44959 7516

1723797188.235206 197684545
cloud0_tkemenade 61022188150 45591 6228

1723797189.2378798 197684987
cloud_controller_tkemenade 45234948596 44983 7523

1723797189.2382267 197684987
cloud0_tkemenade 61022188150 45618 6236

1723797190.240733 197685377
cloud_controller_tkemenade 45234948596 45011 7531

1723797190.2413015 197685383
cloud0_tkemenade 61022188150 45656 6243

1723797191.243981 197685837
cloud_controller_tkemenade 45234948596 45035 7541

1723797191.244535 197685837
cloud0_tkemenade 61022188150 45677 6249

1723797192.2471178 197686307
cloud_controller_tkemenade 45234948596 45070 7551

1723797192.2476926 197686307
cloud0_tkemenade 61022188150 45725 6258

1723797193.2501643 197686761
cloud_controller_tkemenade 45234948596 45091 7560

1723797193.2507086 197686761
cloud0_tkemenade 61022188150 45777 6266

1723797194.2533646 197687263
cloud_controller_tkemenade 45234948596 45120 7563

1723797194.2537363 197687263
cloud0_tkemenade 61022188150 45896 6272

1723797195.2560334 197687798
cloud_controller_tkemenade 45234948596 45212 7569

1723797195.2565775 197687798
cloud0_tkemenade 61022188150 45989 6281

1723797195.4573328 197687873
cloud_controller_tkemenade 45236501458 45218 7571

1723797195.4578898 197687873
cloud0_tkemenade 61024435583 45992 6282

1723797196.4604995 197688286
cloud_controller_tkemenade 45236501458 45243 7578

1723797196.4610648 197688288
cloud0_tkemenade 61024435583 46010 6288

1723797197.4636621 197688707
cloud_controller_tkemenade 45236501458 45266 7586

1723797197.4640481 197688707
cloud0_tkemenade 61024435583 46038 6293

1723797198.4664543 197689188
cloud_controller_tkemenade 45236501458 45306 7597

1723797198.4670224 197689188
cloud0_tkemenade 61024435583 46076 6299

1723797199.4696064 197689609
cloud_controller_tkemenade 45236501458 45335 7605

1723797199.4701548 197689609
cloud0_tkemenade 61024435583 46112 6308

1723797200.4727235 197690040
cloud_controller_tkemenade 45236501458 45367 7613

1723797200.473093 197690044
cloud0_tkemenade 61024435583 46140 6312

1723797201.4754555 197690527
cloud_controller_tkemenade 45236501458 45391 7619

1723797201.4759984 197690527
cloud0_tkemenade 61024435583 46162 6316

1723797202.4785008 197690942
cloud_controller_tkemenade 45236501458 45434 7627

1723797202.4790342 197690942
cloud0_tkemenade 61024435583 46189 6325

1723797202.5794675 197691006
cloud_controller_tkemenade 45237794130 45434 7627

1723797202.5798333 197691006
cloud0_tkemenade 61025577286 46193 6325

1723797203.5821126 197691418
cloud_controller_tkemenade 45237794130 45453 7634

1723797203.5826623 197691418
cloud0_tkemenade 61025577286 46230 6329

1723797204.5854409 197691925
cloud_controller_tkemenade 45237794130 45534 7638

1723797204.5860069 197691925
cloud0_tkemenade 61025577286 46271 6335

1723797205.5888789 197692293
cloud_controller_tkemenade 45237794130 45560 7647

1723797205.5894456 197692295
cloud0_tkemenade 61025577286 46294 6338

1723797206.5921621 197692715
cloud_controller_tkemenade 45237794130 45600 7656

1723797206.5927172 197692715
cloud0_tkemenade 61025577286 46360 6346

1723797207.59525 197693179
cloud_controller_tkemenade 45237794130 45620 7663

1723797207.5956042 197693179
cloud0_tkemenade 61025577286 46417 6355

1723797208.5980892 197693550
cloud_controller_tkemenade 45237794130 45643 7671

1723797208.5984113 197693550
cloud0_tkemenade 61025577286 46444 6361

1723797209.6009233 197694035
cloud_controller_tkemenade 45237794130 45664 7675

1723797209.601294 197694039
cloud0_tkemenade 61025577286 46476 6368

1723797209.8017147 197694125
cloud_controller_tkemenade 45239142281 45676 7677

1723797209.802083 197694125
cloud0_tkemenade 61027190252 46484 6370

1723797210.8048048 197694566
cloud_controller_tkemenade 45239142281 45707 7684

1723797210.8053913 197694568
cloud0_tkemenade 61027190252 46509 6375

1723797211.8081317 197695067
cloud_controller_tkemenade 45239142281 45727 7691

1723797211.808706 197695067
cloud0_tkemenade 61027190252 46532 6378

1723797212.81137 197695477
cloud_controller_tkemenade 45239142281 45750 7698

1723797212.8119574 197695477
cloud0_tkemenade 61027190252 46571 6384

1723797213.8147702 197696014
cloud_controller_tkemenade 45239142281 45772 7702

1723797213.8153405 197696014
cloud0_tkemenade 61027190252 46624 6389

1723797214.8177602 197696439
cloud_controller_tkemenade 45239142281 45797 7708

1723797214.8182678 197696439
cloud0_tkemenade 61027190252 46652 6396

1723797215.8209484 197696862
cloud_controller_tkemenade 45239142281 45830 7716

1723797215.8212667 197696863
cloud0_tkemenade 61027190252 46678 6400

1723797216.8234556 197697221
cloud_controller_tkemenade 45239142281 45857 7723

1723797216.823856 197697221
cloud0_tkemenade 61027190252 46707 6406

1723797216.9242647 197697256
cloud_controller_tkemenade 45240325738 45859 7723

1723797216.924835 197697256
cloud0_tkemenade 61028502994 46707 6406

1723797217.927437 197697718
cloud_controller_tkemenade 45240325738 45878 7730

1723797217.9280238 197697718
cloud0_tkemenade 61028502994 46729 6413

1723797218.9306378 197698124
cloud_controller_tkemenade 45240325738 45902 7738

1723797218.9311974 197698124
cloud0_tkemenade 61028502994 46767 6417

1723797219.933741 197698578
cloud_controller_tkemenade 45240325738 45920 7745

1723797219.93429 197698578
cloud0_tkemenade 61028502994 46800 6427

1723797220.9369445 197699059
cloud_controller_tkemenade 45240325738 45971 7751

1723797220.9375255 197699059
cloud0_tkemenade 61028502994 46814 6432

1723797221.940206 197699535
cloud_controller_tkemenade 45240325738 45990 7759

1723797221.9407556 197699535
cloud0_tkemenade 61028502994 46848 6437

1723797222.9434876 197699932
cloud_controller_tkemenade 45240325738 46019 7766

1723797222.9440196 197699932
cloud0_tkemenade 61028502994 46899 6444

1723797223.946696 197700411
cloud_controller_tkemenade 45241434065 46039 7774

1723797223.9472888 197700411
cloud0_tkemenade 61029979170 46971 6455

1723797224.9499187 197700869
cloud_controller_tkemenade 45241434065 46066 7782

1723797224.9504657 197700869
cloud0_tkemenade 61029979170 47013 6465

1723797225.953142 197701242
cloud_controller_tkemenade 45241434065 46093 7791

1723797225.9536996 197701242
cloud0_tkemenade 61029979170 47052 6468

1723797226.9563856 197701650
cloud_controller_tkemenade 45241434065 46126 7799

1723797226.9569685 197701650
cloud0_tkemenade 61029979170 47080 6472

1723797227.9594998 197702279
cloud_controller_tkemenade 45241434065 46151 7806

1723797227.9600675 197702279
cloud0_tkemenade 61029979170 47111 6483

1723797228.9624884 197702655
cloud_controller_tkemenade 45241434065 46172 7816

1723797228.962816 197702655
cloud0_tkemenade 61029979170 47131 6487

1723797229.9652612 197703105
cloud_controller_tkemenade 45241434065 46187 7820

1723797229.9658542 197703105
cloud0_tkemenade 61029979170 47166 6494

1723797230.9682398 197703660
cloud_controller_tkemenade 45241434065 46212 7829

1723797230.9687927 197703660
cloud0_tkemenade 61029979170 47280 6498

1723797231.1694462 197703751
cloud_controller_tkemenade 45242564077 46215 7830

1723797231.1699991 197703751
cloud0_tkemenade 61031778460 47296 6498

1723797232.172748 197704172
cloud_controller_tkemenade 45242564077 46236 7835

1723797232.1733296 197704173
cloud0_tkemenade 61031778460 47326 6502

1723797233.1761067 197704587
cloud_controller_tkemenade 45242564077 46260 7840

1723797233.1765945 197704587
cloud0_tkemenade 61031778460 47354 6506

1723797234.1789746 197705072
cloud_controller_tkemenade 45242564077 46280 7845

1723797234.1794379 197705072
cloud0_tkemenade 61031778460 47413 6511

1723797235.182105 197705551
cloud_controller_tkemenade 45242564077 46303 7851

1723797235.1826675 197705551
cloud0_tkemenade 61031778460 47441 6517

1723797236.185374 197705950
cloud_controller_tkemenade 45242564077 46335 7859

1723797236.1858985 197705950
cloud0_tkemenade 61031778460 47502 6526

1723797237.1884506 197706393
cloud_controller_tkemenade 45242564077 46367 7866

1723797237.1889834 197706393
cloud0_tkemenade 61031778460 47572 6534

1723797238.1917973 197706874
cloud_controller_tkemenade 45242564077 46388 7871

1723797238.192284 197706874
cloud0_tkemenade 61031778460 47607 6540

1723797238.292733 197706917
cloud_controller_tkemenade 45243583537 46389 7872

1723797238.2932827 197706919
cloud0_tkemenade 61033457013 47609 6540

1723797239.2958717 197707318
cloud_controller_tkemenade 45243583537 46430 7876

1723797239.2961917 197707318
cloud0_tkemenade 61033457013 47633 6546

1723797240.2986796 197707749
cloud_controller_tkemenade 45243583537 46472 7885

1723797240.2991314 197707749
cloud0_tkemenade 61033457013 47704 6552

1723797241.3015924 197708250
cloud_controller_tkemenade 45243583537 46500 7894

1723797241.302149 197708250
cloud0_tkemenade 61033457013 47726 6556

1723797242.3045917 197708673
cloud_controller_tkemenade 45243583537 46521 7901

1723797242.3050249 197708673
cloud0_tkemenade 61033457013 47768 6562

1723797243.3075752 197709116
cloud_controller_tkemenade 45243583537 46537 7910

1723797243.3081112 197709116
cloud0_tkemenade 61033457013 47808 6567

1723797244.310924 197709534
cloud_controller_tkemenade 45243583537 46557 7913

1723797244.311519 197709534
cloud0_tkemenade 61033457013 47847 6571

1723797245.3140316 197709987
cloud_controller_tkemenade 45243583537 46588 7920

1723797245.3143353 197709987
cloud0_tkemenade 61033457013 47880 6579

1723797245.4146526 197710023
cloud_controller_tkemenade 45244821313 46592 7920

1723797245.4151804 197710023
cloud0_tkemenade 61035002990 47882 6579

1723797246.41781 197710434
cloud_controller_tkemenade 45244821313 46622 7928

1723797246.4183238 197710434
cloud0_tkemenade 61035002990 47904 6584

1723797247.421048 197711001
cloud_controller_tkemenade 45244821313 46645 7936

1723797247.4216108 197711001
cloud0_tkemenade 61035002990 47934 6590

1723797248.4243815 197711441
cloud_controller_tkemenade 45244821313 46667 7943

1723797248.4247363 197711441
cloud0_tkemenade 61035002990 47960 6596

1723797249.4270694 197711899
cloud_controller_tkemenade 45244821313 46702 7950

1723797249.4276352 197711899
cloud0_tkemenade 61035002990 47979 6600

1723797250.4300542 197712377
cloud_controller_tkemenade 45244821313 46722 7956

1723797250.430588 197712377
cloud0_tkemenade 61035002990 48021 6608

1723797251.4330828 197712907
cloud_controller_tkemenade 45244821313 46744 7962

1723797251.4334292 197712907
cloud0_tkemenade 61035002990 48036 6614

1723797252.4358237 197713367
cloud_controller_tkemenade 45244821313 46764 7972

1723797252.4362702 197713367
cloud0_tkemenade 61035002990 48081 6621

1723797252.7370517 197713481
cloud_controller_tkemenade 45245874092 46767 7974

1723797252.7376518 197713481
cloud0_tkemenade 61036128689 48084 6624

1723797253.740215 197713939
cloud_controller_tkemenade 45245874092 46789 7982

1723797253.7407758 197713939
cloud0_tkemenade 61036128689 48143 6634

1723797254.7432768 197714487
cloud_controller_tkemenade 45245874092 46858 7989

1723797254.7438312 197714487
cloud0_tkemenade 61036128689 48291 6642

1723797255.7463403 197714990
cloud_controller_tkemenade 45245874092 46904 7993

1723797255.7469134 197714990
cloud0_tkemenade 61036128689 48339 6649

1723797256.7495883 197715384
cloud_controller_tkemenade 45245874092 46928 8000

1723797256.750164 197715384
cloud0_tkemenade 61036128689 48357 6654

1723797257.752828 197715809
cloud_controller_tkemenade 45245874092 46953 8009

1723797257.7533767 197715810
cloud0_tkemenade 61036128689 48404 6662

1723797258.7560298 197716244
cloud_controller_tkemenade 45245874092 46987 8017

1723797258.7565768 197716244
cloud0_tkemenade 61036128689 48434 6668

1723797259.7587943 197716657
cloud_controller_tkemenade 45247326815 47014 8023

1723797259.7591212 197716657
cloud0_tkemenade 61038210275 48460 6672

1723797260.761669 197717105
cloud_controller_tkemenade 45247326815 47033 8026

1723797260.762222 197717105
cloud0_tkemenade 61038210275 48492 6681

1723797261.7648196 197717657
cloud_controller_tkemenade 45247326815 47070 8036

1723797261.7654018 197717657
cloud0_tkemenade 61038210275 48517 6686

1723797262.768186 197718026
cloud_controller_tkemenade 45247326815 47088 8041

1723797262.7687178 197718026
cloud0_tkemenade 61038210275 48542 6690

1723797263.771393 197718452
cloud_controller_tkemenade 45247326815 47113 8049

1723797263.7719824 197718452
cloud0_tkemenade 61038210275 48597 6699

1723797264.7745981 197718937
cloud_controller_tkemenade 45247326815 47197 8052

1723797264.7751153 197718937
cloud0_tkemenade 61038210275 48642 6706

1723797265.7777975 197719439
cloud_controller_tkemenade 45247326815 47252 8062

1723797265.778184 197719439
cloud0_tkemenade 61038210275 48691 6714

1723797266.780377 197719911
cloud_controller_tkemenade 45247326815 47288 8071

1723797266.7809088 197719911
cloud0_tkemenade 61038210275 48750 6722

1723797266.98156 197720016
cloud_controller_tkemenade 45248894891 47295 8075

1723797266.9821203 197720016
cloud0_tkemenade 61039925655 48775 6725

1723797267.984666 197720411
cloud_controller_tkemenade 45248894891 47317 8085

1723797267.98528 197720412
cloud0_tkemenade 61039925655 48803 6730

1723797268.9879735 197720880
cloud_controller_tkemenade 45248894891 47345 8094

1723797268.9885252 197720880
cloud0_tkemenade 61039925655 48829 6740

1723797269.9911335 197721331
cloud_controller_tkemenade 45248894891 47376 8100

1723797269.9914658 197721331
cloud0_tkemenade 61039925655 48875 6750

1723797270.9939563 197721784
cloud_controller_tkemenade 45248894891 47412 8106

1723797270.9945118 197721784
cloud0_tkemenade 61039925655 48913 6757

1723797271.997166 197722261
cloud_controller_tkemenade 45248894891 47435 8114

1723797271.997713 197722261
cloud0_tkemenade 61039925655 48938 6762

1723797273.0003831 197722693
cloud_controller_tkemenade 45248894891 47454 8121

1723797273.000911 197722693
cloud0_tkemenade 61039925655 48965 6768

1723797274.0034807 197723101
cloud_controller_tkemenade 45248894891 47472 8128

1723797274.004017 197723101
cloud0_tkemenade 61039925655 49016 6776

1723797274.1044593 197723167
cloud_controller_tkemenade 45250030114 47475 8129

1723797274.104822 197723167
cloud0_tkemenade 61041382444 49020 6778

1723797275.1071537 197723513
cloud_controller_tkemenade 45250030114 47498 8136

1723797275.1075203 197723513
cloud0_tkemenade 61041382444 49051 6784

1723797276.1101937 197723926
cloud_controller_tkemenade 45250030114 47524 8141

1723797276.1106806 197723926
cloud0_tkemenade 61041382444 49073 6789

1723797277.1131933 197724512
cloud_controller_tkemenade 45250030114 47549 8149

1723797277.1137526 197724512
cloud0_tkemenade 61041382444 49101 6797

1723797278.116369 197724926
cloud_controller_tkemenade 45250030114 47563 8155

1723797278.1169264 197724926
cloud0_tkemenade 61041382444 49128 6802

1723797279.119619 197725397
cloud_controller_tkemenade 45250030114 47591 8163

1723797279.1200564 197725397
cloud0_tkemenade 61041382444 49153 6807

1723797280.122668 197725842
cloud_controller_tkemenade 45250030114 47613 8167

1723797280.1232622 197725842
cloud0_tkemenade 61041382444 49174 6812

1723797281.1256416 197726359
cloud_controller_tkemenade 45250030114 47639 8175

1723797281.1261742 197726359
cloud0_tkemenade 61041382444 49205 6823

1723797281.2266386 197726399
cloud_controller_tkemenade 45251041411 47640 8175

1723797281.2272036 197726399
cloud0_tkemenade 61042497706 49207 6823

1723797282.2296412 197726885
cloud_controller_tkemenade 45251041411 47665 8184

1723797282.2302103 197726885
cloud0_tkemenade 61042497706 49259 6830

1723797283.232952 197727295
cloud_controller_tkemenade 45251041411 47687 8191

1723797283.233354 197727295
cloud0_tkemenade 61042497706 49285 6839

1723797284.2357621 197727759
cloud_controller_tkemenade 45251041411 47716 8198

1723797284.2362232 197727759
cloud0_tkemenade 61042497706 49360 6848

1723797285.2388308 197728200
cloud_controller_tkemenade 45251041411 47737 8206

1723797285.239417 197728200
cloud0_tkemenade 61042497706 49413 6858

1723797286.2422557 197728590
cloud_controller_tkemenade 45251041411 47768 8218

1723797286.2428348 197728590
cloud0_tkemenade 61042497706 49430 6862

1723797287.245432 197729071
cloud_controller_tkemenade 45251041411 47795 8228

1723797287.2459893 197729071
cloud0_tkemenade 61042497706 49454 6869

1723797288.2488215 197729479
cloud_controller_tkemenade 45251041411 47823 8234

1723797288.2493837 197729480
cloud0_tkemenade 61042497706 49487 6874

1723797288.450063 197729575
cloud_controller_tkemenade 45252116282 47826 8234

1723797288.4506655 197729575
cloud0_tkemenade 61043969046 49497 6875

1723797289.4534297 197729987
cloud_controller_tkemenade 45252116282 47846 8244

1723797289.4539955 197729987
cloud0_tkemenade 61043969046 49523 6880

1723797290.4567118 197730468
cloud_controller_tkemenade 45252116282 47873 8249

1723797290.457321 197730471
cloud0_tkemenade 61043969046 49564 6885

1723797291.4599254 197731069
cloud_controller_tkemenade 45252116282 47901 8254

1723797291.4604897 197731069
cloud0_tkemenade 61043969046 49691 6888

1723797292.4630737 197731481
cloud_controller_tkemenade 45252116282 47932 8264

1723797292.463676 197731481
cloud0_tkemenade 61043969046 49725 6895

1723797293.4664087 197731923
cloud_controller_tkemenade 45252116282 47952 8270

1723797293.4669657 197731923
cloud0_tkemenade 61043969046 49773 6899

1723797294.4695988 197732395
cloud_controller_tkemenade 45252116282 47967 8275

1723797294.4701397 197732395
cloud0_tkemenade 61043969046 49808 6903

1723797295.472696 197732765
cloud_controller_tkemenade 45253082952 47983 8281

1723797295.4732652 197732768
cloud0_tkemenade 61045826939 49848 6910

1723797296.4758973 197733151
cloud_controller_tkemenade 45253082952 48015 8287

1723797296.4764268 197733151
cloud0_tkemenade 61045826939 49891 6919

1723797297.4789493 197733581
cloud_controller_tkemenade 45253082952 48041 8294

1723797297.4795008 197733581
cloud0_tkemenade 61045826939 49956 6926

1723797298.4822054 197734065
cloud_controller_tkemenade 45253082952 48065 8302

1723797298.4827495 197734065
cloud0_tkemenade 61045826939 49982 6933

1723797299.485152 197734485
cloud_controller_tkemenade 45253082952 48086 8311

1723797299.4854994 197734485
cloud0_tkemenade 61045826939 50014 6938

1723797300.4879959 197734927
cloud_controller_tkemenade 45253082952 48123 8321

1723797300.4885154 197734927
cloud0_tkemenade 61045826939 50061 6948

1723797301.4911902 197735424
cloud_controller_tkemenade 45253082952 48140 8330

1723797301.4917488 197735424
cloud0_tkemenade 61045826939 50089 6955

1723797302.4943755 197735878
cloud_controller_tkemenade 45253082952 48171 8340

1723797302.494941 197735878
cloud0_tkemenade 61045826939 50126 6963

1723797302.7959735 197735987
cloud_controller_tkemenade 45254275660 48176 8341

1723797302.7964478 197735987
cloud0_tkemenade 61047426682 50132 6964

1723797303.7989504 197736430
cloud_controller_tkemenade 45254275660 48198 8349

1723797303.7995124 197736430
cloud0_tkemenade 61047426682 50184 6971

1723797304.8021045 197736815
cloud_controller_tkemenade 45254275660 48224 8354

1723797304.802671 197736815
cloud0_tkemenade 61047426682 50208 6978

1723797305.8052785 197737206
cloud_controller_tkemenade 45254275660 48248 8359

1723797305.8058584 197737206
cloud0_tkemenade 61047426682 50235 6983

1723797306.8085036 197737588
cloud_controller_tkemenade 45254275660 48271 8365

1723797306.8090575 197737589
cloud0_tkemenade 61047426682 50262 6988

1723797307.8119233 197737986
cloud_controller_tkemenade 45254275660 48292 8374

1723797307.8124993 197737986
cloud0_tkemenade 61047426682 50290 6994

1723797308.8147693 197738481
cloud_controller_tkemenade 45254275660 48321 8378

1723797308.815211 197738481
cloud0_tkemenade 61047426682 50319 7001

1723797309.8176355 197738881
cloud_controller_tkemenade 45254275660 48338 8384

1723797309.8179371 197738881
cloud0_tkemenade 61047426682 50332 7007

1723797309.918303 197738927
cloud_controller_tkemenade 45255278568 48341 8385

1723797309.918861 197738927
cloud0_tkemenade 61048613699 50335 7009

1723797310.9211478 197739336
cloud_controller_tkemenade 45255278568 48365 8392

1723797310.9214902 197739336
cloud0_tkemenade 61048613699 50362 7012

1723797311.9239068 197739847
cloud_controller_tkemenade 45255278568 48394 8399

1723797311.9244416 197739847
cloud0_tkemenade 61048613699 50410 7022

1723797312.9270144 197740268
cloud_controller_tkemenade 45255278568 48417 8407

1723797312.9276032 197740268
cloud0_tkemenade 61048613699 50444 7029

1723797313.9302526 197740729
cloud_controller_tkemenade 45255278568 48442 8414

1723797313.930645 197740729
cloud0_tkemenade 61048613699 50529 7039

1723797314.933156 197741259
cloud_controller_tkemenade 45255278568 48519 8418

1723797314.9335155 197741259
cloud0_tkemenade 61048613699 50654 7047

1723797315.9362123 197741647
cloud_controller_tkemenade 45255278568 48544 8427

1723797315.9367752 197741647
cloud0_tkemenade 61048613699 50683 7056

1723797316.9391854 197742036
cloud_controller_tkemenade 45255278568 48568 8434

1723797316.939758 197742036
cloud0_tkemenade 61048613699 50724 7061

1723797317.0402076 197742131
cloud_controller_tkemenade 45256683074 48569 8435

1723797317.0406632 197742131
cloud0_tkemenade 61050857910 50731 7062

1723797318.043178 197742495
cloud_controller_tkemenade 45256683074 48604 8444

1723797318.0437453 197742495
cloud0_tkemenade 61050857910 50762 7066

1723797319.0460677 197742979
cloud_controller_tkemenade 45256683074 48628 8453

1723797319.0466208 197742979
cloud0_tkemenade 61050857910 50788 7072

1723797320.0491326 197743370
cloud_controller_tkemenade 45256683074 48654 8461

1723797320.0496845 197743370
cloud0_tkemenade 61050857910 50814 7077

1723797321.052317 197743864
cloud_controller_tkemenade 45256683074 48676 8465

1723797321.0528688 197743864
cloud0_tkemenade 61050857910 50830 7083

1723797322.0553648 197744321
cloud_controller_tkemenade 45256683074 48704 8469

1723797322.0558493 197744321
cloud0_tkemenade 61050857910 50882 7095

1723797323.0583296 197744741
cloud_controller_tkemenade 45256683074 48722 8474

1723797323.0588536 197744741
cloud0_tkemenade 61050857910 50903 7101

1723797324.0613377 197745169
cloud_controller_tkemenade 45256683074 48751 8479

1723797324.0617855 197745169
cloud0_tkemenade 61050857910 50958 7107

1723797324.2624714 197745297
cloud_controller_tkemenade 45257914333 48785 8481

1723797324.263026 197745297
cloud0_tkemenade 61052227070 50961 7107

1723797325.2657042 197745749
cloud_controller_tkemenade 45257914333 48831 8485

1723797325.2660441 197745749
cloud0_tkemenade 61052227070 50989 7113

1723797326.2685223 197746189
cloud_controller_tkemenade 45257914333 48865 8492

1723797326.2691162 197746192
cloud0_tkemenade 61052227070 51043 7120

1723797327.2716892 197746604
cloud_controller_tkemenade 45257914333 48892 8501

1723797327.2721605 197746604
cloud0_tkemenade 61052227070 51120 7127

1723797328.2748673 197746981
cloud_controller_tkemenade 45257914333 48915 8508

1723797328.2754462 197746981
cloud0_tkemenade 61052227070 51146 7132

1723797329.27788 197747453
cloud_controller_tkemenade 45257914333 48937 8515

1723797329.2783284 197747453
cloud0_tkemenade 61052227070 51177 7138

1723797330.2809172 197747921
cloud_controller_tkemenade 45257914333 48980 8523

1723797330.2815084 197747921
cloud0_tkemenade 61052227070 51220 7147

1723797331.284118 197748395
cloud_controller_tkemenade 45257914333 49005 8530

1723797331.2844703 197748395
cloud0_tkemenade 61052227070 51243 7153

1723797331.384851 197748455
cloud_controller_tkemenade 45259311941 49005 8530

1723797331.3854444 197748457
cloud0_tkemenade 61053862569 51252 7156

1723797332.387923 197748925
cloud_controller_tkemenade 45259311941 49030 8538

1723797332.3882906 197748925
cloud0_tkemenade 61053862569 51289 7162

1723797333.3907864 197749353
cloud_controller_tkemenade 45259311941 49065 8544

1723797333.391339 197749353
cloud0_tkemenade 61053862569 51329 7166

1723797334.3941631 197749749
cloud_controller_tkemenade 45259311941 49080 8551

1723797334.3947167 197749749
cloud0_tkemenade 61053862569 51366 7173

1723797335.397409 197750161
cloud_controller_tkemenade 45259311941 49100 8557

1723797335.3977566 197750161
cloud0_tkemenade 61053862569 51406 7178

1723797336.4003184 197750541
cloud_controller_tkemenade 45259311941 49136 8564

1723797336.4008443 197750541
cloud0_tkemenade 61053862569 51429 7181

1723797337.4036348 197750923
cloud_controller_tkemenade 45259311941 49151 8570

1723797337.4042807 197750923
cloud0_tkemenade 61053862569 51457 7186

1723797338.4067402 197751345
cloud_controller_tkemenade 45259311941 49169 8578

1723797338.4072742 197751345
cloud0_tkemenade 61053862569 51475 7191

1723797338.5077724 197751387
cloud_controller_tkemenade 45260339251 49171 8578

1723797338.50832 197751387
cloud0_tkemenade 61055166090 51479 7192

1723797339.5108936 197751823
cloud_controller_tkemenade 45260339251 49188 8585

1723797339.5114467 197751823
cloud0_tkemenade 61055166090 51505 7195

1723797340.5140765 197752312
cloud_controller_tkemenade 45260339251 49222 8591

1723797340.5146117 197752312
cloud0_tkemenade 61055166090 51522 7198

1723797341.5172215 197752843
cloud_controller_tkemenade 45260339251 49253 8598

1723797341.5177703 197752843
cloud0_tkemenade 61055166090 51555 7202

1723797342.520475 197753262
cloud_controller_tkemenade 45260339251 49275 8604

1723797342.521007 197753262
cloud0_tkemenade 61055166090 51610 7210

1723797343.523538 197753679
cloud_controller_tkemenade 45260339251 49302 8608

1723797343.5241039 197753679
cloud0_tkemenade 61055166090 51673 7215

1723797344.5269852 197754150
cloud_controller_tkemenade 45260339251 49334 8614

1723797344.5275385 197754150
cloud0_tkemenade 61055166090 51729 7225

1723797345.530038 197754581
cloud_controller_tkemenade 45260339251 49354 8619

1723797345.5306048 197754581
cloud0_tkemenade 61055166090 51786 7233

1723797345.7313652 197754660
cloud_controller_tkemenade 45261451340 49359 8621

1723797345.7318754 197754660
cloud0_tkemenade 61056890071 51791 7234

1723797346.734676 197755068
cloud_controller_tkemenade 45261451340 49389 8625

1723797346.73526 197755068
cloud0_tkemenade 61056890071 51810 7237

1723797347.737795 197755493
cloud_controller_tkemenade 45261451340 49416 8633

1723797347.7383537 197755493
cloud0_tkemenade 61056890071 51841 7243

1723797348.7409747 197756099
cloud_controller_tkemenade 45261451340 49447 8641

1723797348.7415218 197756099
cloud0_tkemenade 61056890071 51861 7247

1723797349.7441285 197756477
cloud_controller_tkemenade 45261451340 49467 8648

1723797349.744709 197756477
cloud0_tkemenade 61056890071 51890 7251

1723797350.7471743 197757021
cloud_controller_tkemenade 45261451340 49486 8652

1723797350.7477489 197757021
cloud0_tkemenade 61056890071 51962 7256

1723797351.7503042 197757545
cloud_controller_tkemenade 45261451340 49519 8664

1723797351.7508564 197757545
cloud0_tkemenade 61056890071 52054 7261

1723797352.7532496 197757931
cloud_controller_tkemenade 45262563111 49534 8670

1723797352.7536283 197757931
cloud0_tkemenade 61058520996 52086 7267

1723797353.755938 197758360
cloud_controller_tkemenade 45262563111 49551 8679

1723797353.7564905 197758360
cloud0_tkemenade 61058520996 52131 7272

1723797354.759131 197758824
cloud_controller_tkemenade 45262563111 49568 8685

1723797354.7596757 197758824
cloud0_tkemenade 61058520996 52164 7275

1723797355.7623878 197759231
cloud_controller_tkemenade 45262563111 49597 8691

1723797355.762941 197759231
cloud0_tkemenade 61058520996 52215 7286

1723797356.7655575 197759674
cloud_controller_tkemenade 45262563111 49634 8702

1723797356.7661226 197759674
cloud0_tkemenade 61058520996 52248 7293

1723797357.7687602 197760072
cloud_controller_tkemenade 45262563111 49654 8707

1723797357.7692993 197760074
cloud0_tkemenade 61058520996 52298 7300

1723797358.772017 197760493
cloud_controller_tkemenade 45262563111 49675 8711

1723797358.7725701 197760493
cloud0_tkemenade 61058520996 52326 7304

1723797359.7751367 197760873
cloud_controller_tkemenade 45262563111 49703 8721

1723797359.7757082 197760873
cloud0_tkemenade 61058520996 52368 7310

1723797359.9764347 197761032
cloud_controller_tkemenade 45263639988 49711 8723

1723797359.9769974 197761032
cloud0_tkemenade 61060119709 52380 7312

1723797360.9797583 197761479
cloud_controller_tkemenade 45263639988 49737 8728

1723797360.9803097 197761479
cloud0_tkemenade 61060119709 52404 7318

1723797361.9829304 197761971
cloud_controller_tkemenade 45263639988 49769 8735

1723797361.9835129 197761971
cloud0_tkemenade 61060119709 52455 7322

1723797362.98603 197762357
cloud_controller_tkemenade 45263639988 49777 8744

1723797362.9865403 197762357
cloud0_tkemenade 61060119709 52482 7326

1723797363.989161 197762860
cloud_controller_tkemenade 45263639988 49792 8758

1723797363.9895964 197762860
cloud0_tkemenade 61060119709 52550 7330

1723797364.9921887 197763307
cloud_controller_tkemenade 45263639988 49807 8769

1723797364.9926991 197763307
cloud0_tkemenade 61060119709 52586 7334

1723797365.995327 197763707
cloud_controller_tkemenade 45263639988 49831 8773

1723797365.9958963 197763707
cloud0_tkemenade 61060119709 52629 7340

1723797366.998309 197764153
cloud_controller_tkemenade 45263639988 49865 8776

1723797366.9987957 197764153
cloud0_tkemenade 61060119709 52658 7346

1723797367.0992725 197764186
cloud_controller_tkemenade 45264666987 49866 8777

1723797367.0997944 197764186
cloud0_tkemenade 61061655317 52664 7346

1723797368.10232 197764617
cloud_controller_tkemenade 45264666987 49881 8789

1723797368.1029055 197764617
cloud0_tkemenade 61061655317 52693 7352

1723797369.105627 197765111
cloud_controller_tkemenade 45264666987 49899 8804

1723797369.1060746 197765111
cloud0_tkemenade 61061655317 52718 7358

1723797370.1087797 197765515
cloud_controller_tkemenade 45264666987 49921 8815

1723797370.1093817 197765519
cloud0_tkemenade 61061655317 52739 7365

1723797371.1121316 197766034
cloud_controller_tkemenade 45264666987 49942 8820

1723797371.1125557 197766034
cloud0_tkemenade 61061655317 52759 7368

1723797372.115196 197766542
cloud_controller_tkemenade 45264666987 49962 8830

1723797372.1157277 197766542
cloud0_tkemenade 61061655317 52798 7374

1723797373.1181679 197766983
cloud_controller_tkemenade 45264666987 49984 8833

1723797373.1186452 197766983
cloud0_tkemenade 61061655317 52838 7379

1723797374.1210163 197767460
cloud_controller_tkemenade 45264666987 50016 8836

1723797374.1215754 197767460
cloud0_tkemenade 61061655317 52946 7387

1723797374.3223019 197767579
cloud_controller_tkemenade 45265629824 50018 8838

1723797374.3228607 197767579
cloud0_tkemenade 61063203056 52982 7389

1723797375.3253658 197768056
cloud_controller_tkemenade 45265629824 50099 8843

1723797375.3258977 197768056
cloud0_tkemenade 61063203056 53064 7397

1723797376.3283963 197768469
cloud_controller_tkemenade 45265629824 50121 8852

1723797376.3289683 197768469
cloud0_tkemenade 61063203056 53099 7404

1723797377.3315003 197768889
cloud_controller_tkemenade 45265629824 50147 8857

1723797377.3320808 197768889
cloud0_tkemenade 61063203056 53126 7409

1723797378.3346336 197769380
cloud_controller_tkemenade 45265629824 50178 8866

1723797378.3351378 197769380
cloud0_tkemenade 61063203056 53161 7415

1723797379.337774 197769775
cloud_controller_tkemenade 45265629824 50195 8870

1723797379.3383052 197769775
cloud0_tkemenade 61063203056 53189 7419

1723797380.3409874 197770185
cloud_controller_tkemenade 45265629824 50219 8876

1723797380.3415604 197770185
cloud0_tkemenade 61063203056 53206 7425

1723797381.344176 197770684
cloud_controller_tkemenade 45265629824 50240 8882

1723797381.3445182 197770684
cloud0_tkemenade 61063203056 53231 7431

1723797381.4448802 197770759
cloud_controller_tkemenade 45266839861 50241 8883

1723797381.4454443 197770761
cloud0_tkemenade 61064634331 53234 7431

1723797382.4478629 197771245
cloud_controller_tkemenade 45266839861 50269 8891

1723797382.448218 197771245
cloud0_tkemenade 61064634331 53276 7441

1723797383.4505372 197771660
cloud_controller_tkemenade 45266839861 50289 8895

1723797383.4510808 197771660
cloud0_tkemenade 61064634331 53316 7446

1723797384.4536402 197772116
cloud_controller_tkemenade 45266839861 50372 8899

1723797384.4539793 197772116
cloud0_tkemenade 61064634331 53350 7453

1723797385.4565618 197772497
cloud_controller_tkemenade 45266839861 50397 8904

1723797385.4571033 197772500
cloud0_tkemenade 61064634331 53379 7459

1723797386.459843 197772966
cloud_controller_tkemenade 45266839861 50423 8916

1723797386.4603627 197772966
cloud0_tkemenade 61064634331 53425 7470

1723797387.46305 197773378
cloud_controller_tkemenade 45266839861 50445 8927

1723797387.4635894 197773378
cloud0_tkemenade 61064634331 53479 7478

1723797388.4660213 197773746
cloud_controller_tkemenade 45266839861 50465 8937

1723797388.4665291 197773746
cloud0_tkemenade 61064634331 53510 7482

1723797388.5670075 197773789
cloud_controller_tkemenade 45268238456 50469 8938

1723797388.5674732 197773789
cloud0_tkemenade 61066261065 53512 7482

1723797389.5700645 197774201
cloud_controller_tkemenade 45268238456 50496 8942

1723797389.5704114 197774201
cloud0_tkemenade 61066261065 53548 7487

1723797390.573044 197774733
cloud_controller_tkemenade 45268238456 50539 8954

1723797390.5736825 197774733
cloud0_tkemenade 61066261065 53589 7495

1723797391.5765004 197775232
cloud_controller_tkemenade 45268238456 50561 8963

1723797391.5770621 197775234
cloud0_tkemenade 61066261065 53610 7500

1723797392.5797877 197775710
cloud_controller_tkemenade 45268238456 50591 8973

1723797392.5802987 197775710
cloud0_tkemenade 61066261065 53674 7508

1723797393.5827637 197776150
cloud_controller_tkemenade 45268238456 50607 8978

1723797393.583092 197776150
cloud0_tkemenade 61066261065 53726 7514

1723797394.5854604 197776579
cloud_controller_tkemenade 45268238456 50625 8982

1723797394.5860047 197776579
cloud0_tkemenade 61066261065 53756 7518

1723797395.5888093 197776939
cloud_controller_tkemenade 45268238456 50645 8988

1723797395.5893688 197776940
cloud0_tkemenade 61066261065 53775 7523

1723797395.8901386 197777075
cloud_controller_tkemenade 45269338970 50652 8989

1723797395.8906674 197777075
cloud0_tkemenade 61067722173 53783 7524

1723797396.8931787 197777483
cloud_controller_tkemenade 45269338970 50680 8994

1723797396.8937147 197777483
cloud0_tkemenade 61067722173 53806 7529

1723797397.896309 197777941
cloud_controller_tkemenade 45269338970 50696 9001

1723797397.8968377 197777941
cloud0_tkemenade 61067722173 53829 7531

1723797398.899426 197778370
cloud_controller_tkemenade 45269338970 50716 9011

1723797398.8999743 197778370
cloud0_tkemenade 61067722173 53853 7535

1723797399.902469 197778784
cloud_controller_tkemenade 45269338970 50757 9016

1723797399.9030151 197778784
cloud0_tkemenade 61067722173 53878 7541

1723797400.9054644 197779279
cloud_controller_tkemenade 45269338970 50819 9022

1723797400.9060318 197779279
cloud0_tkemenade 61067722173 53894 7545

1723797401.9087 197779769
cloud_controller_tkemenade 45269338970 50845 9032

1723797401.9092946 197779769
cloud0_tkemenade 61067722173 53927 7552

1723797402.9118602 197780231
cloud_controller_tkemenade 45269338970 50868 9039

1723797402.9122038 197780231
cloud0_tkemenade 61067722173 53977 7560

1723797403.012512 197780283
cloud_controller_tkemenade 45270674873 50868 9040

1723797403.0128694 197780283
cloud0_tkemenade 61068863672 53979 7561

1723797404.0153372 197780699
cloud_controller_tkemenade 45270674873 50886 9049

1723797404.0158792 197780699
cloud0_tkemenade 61068863672 54053 7569

1723797405.0187278 197781161
cloud_controller_tkemenade 45270674873 50912 9057

1723797405.0192835 197781161
cloud0_tkemenade 61068863672 54117 7573

1723797406.022141 197781562
cloud_controller_tkemenade 45270674873 50932 9063

1723797406.0227044 197781562
cloud0_tkemenade 61068863672 54151 7579

1723797407.0254097 197781972
cloud_controller_tkemenade 45270674873 50963 9074

1723797407.0259564 197781972
cloud0_tkemenade 61068863672 54176 7580

1723797408.0286553 197782451
cloud_controller_tkemenade 45270674873 50990 9080

1723797408.0290446 197782451
cloud0_tkemenade 61068863672 54217 7584

1723797409.0316148 197782866
cloud_controller_tkemenade 45270674873 51007 9089

1723797409.0321383 197782866
cloud0_tkemenade 61068863672 54240 7588

1723797410.0347476 197783255
cloud_controller_tkemenade 45270674873 51034 9095

1723797410.0352185 197783255
cloud0_tkemenade 61068863672 54267 7594

1723797410.1357062 197783292
cloud_controller_tkemenade 45271688427 51038 9097

1723797410.1362598 197783292
cloud0_tkemenade 61070358779 54270 7594

1723797411.1388512 197783847
cloud_controller_tkemenade 45271688427 51054 9107

1723797411.1393926 197783847
cloud0_tkemenade 61070358779 54390 7600

1723797412.1418993 197784325
cloud_controller_tkemenade 45271688427 51083 9120

1723797412.1424606 197784325
cloud0_tkemenade 61070358779 54421 7607

1723797413.1450737 197784720
cloud_controller_tkemenade 45271688427 51096 9128

1723797413.145428 197784720
cloud0_tkemenade 61070358779 54461 7615

1723797414.1480129 197785196
cloud_controller_tkemenade 45271688427 51111 9133

1723797414.1485715 197785196
cloud0_tkemenade 61070358779 54504 7620

1723797415.1511056 197785599
cloud_controller_tkemenade 45271688427 51127 9142

1723797415.1516662 197785599
cloud0_tkemenade 61070358779 54535 7625

1723797416.154155 197786059
cloud_controller_tkemenade 45271688427 51154 9151

1723797416.1546805 197786059
cloud0_tkemenade 61070358779 54620 7633

1723797417.1571774 197786486
cloud_controller_tkemenade 45271688427 51188 9161

1723797417.15771 197786486
cloud0_tkemenade 61070358779 54674 7641

1723797417.2582018 197786514
cloud_controller_tkemenade 45272815629 51190 9161

1723797417.2587097 197786514
cloud0_tkemenade 61072663730 54676 7641

1723797418.2613528 197786905
cloud_controller_tkemenade 45272815629 51214 9170

1723797418.2619026 197786905
cloud0_tkemenade 61072663730 54697 7648

1723797419.26463 197787311
cloud_controller_tkemenade 45272815629 51240 9179

1723797419.265138 197787313
cloud0_tkemenade 61072663730 54728 7650

1723797420.2674785 197787735
cloud_controller_tkemenade 45272815629 51282 9187

1723797420.26804 197787735
cloud0_tkemenade 61072663730 54778 7658

1723797421.2706888 197788273
cloud_controller_tkemenade 45272815629 51305 9195

1723797421.2712257 197788273
cloud0_tkemenade 61072663730 54795 7661

1723797422.2738726 197788745
cloud_controller_tkemenade 45272815629 51339 9203

1723797422.2744348 197788745
cloud0_tkemenade 61072663730 54833 7669

1723797423.2770875 197789187
cloud_controller_tkemenade 45272815629 51364 9213

1723797423.27762 197789187
cloud0_tkemenade 61072663730 54886 7681

1723797424.2800648 197789647
cloud_controller_tkemenade 45272815629 51381 9221

1723797424.280459 197789647
cloud0_tkemenade 61072663730 54930 7688

1723797424.3807974 197789684
cloud_controller_tkemenade 45274038037 51385 9222

1723797424.3812168 197789687
cloud0_tkemenade 61074128680 54932 7688

1723797425.3835845 197790121
cloud_controller_tkemenade 45274038037 51407 9231

1723797425.384157 197790121
cloud0_tkemenade 61074128680 54956 7693

1723797426.3868024 197790468
cloud_controller_tkemenade 45274038037 51429 9242

1723797426.3873384 197790468
cloud0_tkemenade 61074128680 54981 7698

1723797427.3900955 197790873
cloud_controller_tkemenade 45274038037 51454 9250

1723797427.3906267 197790873
cloud0_tkemenade 61074128680 55016 7702

1723797428.3930612 197791260
cloud_controller_tkemenade 45274038037 51470 9258

1723797428.3936028 197791260
cloud0_tkemenade 61074128680 55037 7709

1723797429.3962429 197791689
cloud_controller_tkemenade 45274038037 51503 9268

1723797429.3967721 197791689
cloud0_tkemenade 61074128680 55060 7713

1723797430.3993623 197792083
cloud_controller_tkemenade 45274038037 51528 9277

1723797430.3999472 197792083
cloud0_tkemenade 61074128680 55092 7717

1723797431.4023948 197792634
cloud_controller_tkemenade 45274038037 51551 9285

1723797431.40282 197792634
cloud0_tkemenade 61074128680 55111 7720

1723797431.5032778 197792692
cloud_controller_tkemenade 45275152080 51553 9286

1723797431.5038214 197792692
cloud0_tkemenade 61075147097 55113 7721

1723797432.5064034 197793131
cloud_controller_tkemenade 45275152080 51592 9298

1723797432.5069056 197793131
cloud0_tkemenade 61075147097 55156 7730

1723797433.5093546 197793556
cloud_controller_tkemenade 45275152080 51611 9306

1723797433.5098765 197793556
cloud0_tkemenade 61075147097 55210 7737

1723797434.5122643 197794157
cloud_controller_tkemenade 45275152080 51644 9315

1723797434.5126033 197794157
cloud0_tkemenade 61075147097 55353 7744

1723797435.51516 197794619
cloud_controller_tkemenade 45275152080 51720 9318

1723797435.515782 197794619
cloud0_tkemenade 61075147097 55404 7751

1723797436.518431 197795000
cloud_controller_tkemenade 45275152080 51744 9326

1723797436.5187743 197795000
cloud0_tkemenade 61075147097 55426 7756

1723797437.5213814 197795492
cloud_controller_tkemenade 45275152080 51772 9334

1723797437.5216923 197795492
cloud0_tkemenade 61075147097 55458 7759

1723797438.5242186 197795955
cloud_controller_tkemenade 45275152080 51809 9339

1723797438.5248 197795955
cloud0_tkemenade 61075147097 55506 7765

1723797438.7255101 197796034
cloud_controller_tkemenade 45276649748 51811 9340

1723797438.7260685 197796034
cloud0_tkemenade 61077250509 55508 7765

1723797439.7284672 197796391
cloud_controller_tkemenade 45276649748 51842 9346

1723797439.7289975 197796391
cloud0_tkemenade 61077250509 55542 7769

1723797440.7315576 197796802
cloud_controller_tkemenade 45276649748 51869 9353

1723797440.7319186 197796802
cloud0_tkemenade 61077250509 55559 7774

1723797441.7343655 197797326
cloud_controller_tkemenade 45276649748 51898 9360

1723797441.7349277 197797326
cloud0_tkemenade 61077250509 55585 7779

1723797442.7376566 197797725
cloud_controller_tkemenade 45276649748 51942 9370

1723797442.7382343 197797725
cloud0_tkemenade 61077250509 55616 7784

1723797443.7410696 197798168
cloud_controller_tkemenade 45276649748 51963 9379

1723797443.741628 197798168
cloud0_tkemenade 61077250509 55689 7785

1723797444.7442117 197798694
cloud_controller_tkemenade 45276649748 52048 9386

1723797444.7445493 197798694
cloud0_tkemenade 61077250509 55717 7793

1723797445.7470205 197799170
cloud_controller_tkemenade 45278255055 52082 9395

1723797445.7475395 197799170
cloud0_tkemenade 61078649630 55768 7798

1723797446.7500448 197799555
cloud_controller_tkemenade 45278255055 52117 9404

1723797446.7505898 197799555
cloud0_tkemenade 61078649630 55811 7803

1723797447.753365 197800026
cloud_controller_tkemenade 45278255055 52140 9413

1723797447.7539196 197800026
cloud0_tkemenade 61078649630 55877 7810

1723797448.7566092 197800439
cloud_controller_tkemenade 45278255055 52169 9422

1723797448.7571735 197800440
cloud0_tkemenade 61078649630 55899 7814

1723797449.7597167 197800848
cloud_controller_tkemenade 45278255055 52205 9429

1723797449.7602346 197800848
cloud0_tkemenade 61078649630 55932 7819

1723797450.762691 197801412
cloud_controller_tkemenade 45278255055 52245 9439

1723797450.7632384 197801412
cloud0_tkemenade 61078649630 55974 7824

1723797451.7659972 197801897
cloud_controller_tkemenade 45278255055 52268 9448

1723797451.7665582 197801897
cloud0_tkemenade 61078649630 55999 7831

1723797452.768926 197802326
cloud_controller_tkemenade 45278255055 52309 9455

1723797452.7694898 197802326
cloud0_tkemenade 61078649630 56039 7833

1723797452.9701385 197802413
cloud_controller_tkemenade 45279629976 52313 9457

1723797452.9704945 197802413
cloud0_tkemenade 61080176266 56045 7835

1723797453.9731846 197802823
cloud_controller_tkemenade 45279629976 52332 9465

1723797453.97374 197802823
cloud0_tkemenade 61080176266 56123 7843

1723797454.976375 197803228
cloud_controller_tkemenade 45279629976 52355 9475

1723797454.976919 197803228
cloud0_tkemenade 61080176266 56164 7848

1723797455.9796753 197803685
cloud_controller_tkemenade 45279629976 52378 9484

1723797455.9802232 197803685
cloud0_tkemenade 61080176266 56188 7852

1723797456.9827213 197804086
cloud_controller_tkemenade 45279629976 52402 9493

1723797456.9832816 197804086
cloud0_tkemenade 61080176266 56227 7860

1723797457.9859285 197804492
cloud_controller_tkemenade 45279629976 52427 9499

1723797457.9864767 197804492
cloud0_tkemenade 61080176266 56253 7865

1723797458.98922 197804938
cloud_controller_tkemenade 45279629976 52451 9506

1723797458.989769 197804938
cloud0_tkemenade 61080176266 56286 7867

1723797459.992486 197805314
cloud_controller_tkemenade 45279629976 52487 9514

1723797459.9930289 197805314
cloud0_tkemenade 61080176266 56319 7873

1723797460.193767 197805412
cloud_controller_tkemenade 45280781945 52493 9518

1723797460.1942658 197805412
cloud0_tkemenade 61081707424 56327 7873

1723797461.1967661 197805856
cloud_controller_tkemenade 45280781945 52522 9524

1723797461.197347 197805860
cloud0_tkemenade 61081707424 56352 7877

1723797462.1997929 197806353
cloud_controller_tkemenade 45280781945 52549 9533

1723797462.2003536 197806353
cloud0_tkemenade 61081707424 56400 7884

1723797463.2029283 197806785
cloud_controller_tkemenade 45280781945 52577 9543

1723797463.2035394 197806785
cloud0_tkemenade 61081707424 56431 7889

1723797464.2062747 197807283
cloud_controller_tkemenade 45280781945 52615 9551

1723797464.206863 197807283
cloud0_tkemenade 61081707424 56534 7893

1723797465.209384 197807733
cloud_controller_tkemenade 45280781945 52637 9557

1723797465.2097585 197807733
cloud0_tkemenade 61081707424 56586 7902

1723797466.2123377 197808189
cloud_controller_tkemenade 45280781945 52662 9573

1723797466.212892 197808189
cloud0_tkemenade 61081707424 56617 7906

1723797467.2154186 197808630
cloud_controller_tkemenade 45280781945 52689 9580

1723797467.2157416 197808630
cloud0_tkemenade 61081707424 56637 7910

1723797467.3159826 197808654
cloud_controller_tkemenade 45282019279 52690 9581

1723797467.3165267 197808654
cloud0_tkemenade 61083369942 56638 7911

1723797468.318929 197809107
cloud_controller_tkemenade 45282019279 52728 9587

1723797468.319471 197809107
cloud0_tkemenade 61083369942 56681 7916

1723797469.3220417 197809689
cloud_controller_tkemenade 45282019279 52748 9597

1723797469.322573 197809689
cloud0_tkemenade 61083369942 56707 7919

1723797470.3250387 197810147
cloud_controller_tkemenade 45282019279 52782 9608

1723797470.325605 197810147
cloud0_tkemenade 61083369942 56737 7924

1723797471.3281996 197810762
cloud_controller_tkemenade 45282019279 52801 9614

1723797471.3287358 197810762
cloud0_tkemenade 61083369942 56865 7929

1723797472.331055 197811235
cloud_controller_tkemenade 45282019279 52832 9624

1723797472.3315988 197811235
cloud0_tkemenade 61083369942 56893 7934

1723797473.3340764 197811682
cloud_controller_tkemenade 45282019279 52863 9634

1723797473.3346336 197811682
cloud0_tkemenade 61083369942 56933 7939

1723797474.337242 197812114
cloud_controller_tkemenade 45282019279 52883 9641

1723797474.3377807 197812114
cloud0_tkemenade 61083369942 57001 7945

1723797474.438234 197812150
cloud_controller_tkemenade 45283255058 52885 9641

1723797474.4387612 197812150
cloud0_tkemenade 61085288024 57004 7945

1723797475.4413989 197812540
cloud_controller_tkemenade 45283255058 52910 9648

1723797475.4419544 197812540
cloud0_tkemenade 61085288024 57032 7950

1723797476.4444811 197813020
cloud_controller_tkemenade 45283255058 52945 9656

1723797476.4449787 197813020
cloud0_tkemenade 61085288024 57094 7958

1723797477.447611 197813496
cloud_controller_tkemenade 45283255058 52980 9666

1723797477.448159 197813496
cloud0_tkemenade 61085288024 57164 7967

1723797478.450488 197813899
cloud_controller_tkemenade 45283255058 53012 9674

1723797478.4508243 197813899
cloud0_tkemenade 61085288024 57203 7974

1723797479.4534166 197814313
cloud_controller_tkemenade 45283255058 53040 9681

1723797479.4539773 197814313
cloud0_tkemenade 61085288024 57238 7979

1723797480.4565265 197814865
cloud_controller_tkemenade 45283255058 53101 9691

1723797480.4570074 197814865
cloud0_tkemenade 61085288024 57297 7986

1723797481.4591317 197815379
cloud_controller_tkemenade 45283255058 53125 9698

1723797481.459672 197815379
cloud0_tkemenade 61085288024 57325 7990

1723797481.5601401 197815442
cloud_controller_tkemenade 45284673141 53128 9698

1723797481.5606284 197815442
cloud0_tkemenade 61087027540 57329 7990

1723797482.5632575 197815898
cloud_controller_tkemenade 45284673141 53157 9706

1723797482.5638037 197815898
cloud0_tkemenade 61087027540 57371 7993

1723797483.566529 197816317
cloud_controller_tkemenade 45284673141 53186 9715

1723797483.5671022 197816317
cloud0_tkemenade 61087027540 57433 7998

1723797484.569908 197816744
cloud_controller_tkemenade 45284673141 53210 9721

1723797484.5704958 197816744
cloud0_tkemenade 61087027540 57488 8008

1723797485.57305 197817182
cloud_controller_tkemenade 45284673141 53243 9731

1723797485.5737052 197817182
cloud0_tkemenade 61087027540 57515 8012

1723797486.5763412 197817599
cloud_controller_tkemenade 45284673141 53264 9739

1723797486.5768683 197817599
cloud0_tkemenade 61087027540 57544 8020

1723797487.5794091 197818061
cloud_controller_tkemenade 45284673141 53289 9749

1723797487.5799441 197818061
cloud0_tkemenade 61087027540 57581 8026

1723797488.5825408 197818481
cloud_controller_tkemenade 45284673141 53313 9756

1723797488.582886 197818481
cloud0_tkemenade 61087027540 57612 8032

1723797488.6832666 197818511
cloud_controller_tkemenade 45285807838 53315 9756

1723797488.6837876 197818511
cloud0_tkemenade 61088552871 57613 8032

1723797489.6863918 197818936
cloud_controller_tkemenade 45285807838 53339 9760

1723797489.68695 197818936
cloud0_tkemenade 61088552871 57634 8037

1723797490.6894686 197819387
cloud_controller_tkemenade 45285807838 53367 9772

1723797490.69003 197819387
cloud0_tkemenade 61088552871 57667 8041

1723797491.6927707 197819843
cloud_controller_tkemenade 45285807838 53397 9783

1723797491.6933224 197819844
cloud0_tkemenade 61088552871 57696 8046

1723797492.6960475 197820328
cloud_controller_tkemenade 45285807838 53431 9792

1723797492.6965444 197820328
cloud0_tkemenade 61088552871 57764 8054

1723797493.6991425 197820749
cloud_controller_tkemenade 45285807838 53466 9799

1723797493.699685 197820749
cloud0_tkemenade 61088552871 57824 8058

1723797494.7021842 197821362
cloud_controller_tkemenade 45285807838 53532 9804

1723797494.702733 197821362
cloud0_tkemenade 61088552871 57993 8062

1723797495.705221 197821777
cloud_controller_tkemenade 45285807838 53577 9811

1723797495.7057574 197821777
cloud0_tkemenade 61088552871 58053 8070

1723797496.0066748 197821901
cloud_controller_tkemenade 45287349913 53590 9812

1723797496.0070956 197821901
cloud0_tkemenade 61090870773 58059 8071

1723797497.0094745 197822335
cloud_controller_tkemenade 45287349913 53642 9820

1723797497.0100915 197822335
cloud0_tkemenade 61090870773 58089 8077

1723797498.012675 197822895
cloud_controller_tkemenade 45287349913 53680 9829

1723797498.0132782 197822897
cloud0_tkemenade 61090870773 58136 8080

1723797499.0160153 197823371
cloud_controller_tkemenade 45287349913 53704 9834

1723797499.0166085 197823371
cloud0_tkemenade 61090870773 58163 8086

1723797500.0193515 197823848
cloud_controller_tkemenade 45287349913 53735 9843

1723797500.0199366 197823848
cloud0_tkemenade 61090870773 58196 8090

1723797501.022595 197824339
cloud_controller_tkemenade 45287349913 53757 9855

1723797501.0231333 197824339
cloud0_tkemenade 61090870773 58228 8094

1723797502.025619 197824847
cloud_controller_tkemenade 45287349913 53793 9865

1723797502.0261686 197824847
cloud0_tkemenade 61090870773 58257 8099

1723797503.0287433 197825300
cloud_controller_tkemenade 45287349913 53817 9870

1723797503.029052 197825300
cloud0_tkemenade 61090870773 58284 8104

1723797503.1294 197825337
cloud_controller_tkemenade 45288657383 53822 9872

1723797503.1299362 197825337
cloud0_tkemenade 61092005975 58288 8104

1723797504.1325083 197825808
cloud_controller_tkemenade 45288657383 53862 9878

1723797504.1329713 197825808
cloud0_tkemenade 61092005975 58353 8107

1723797505.135607 197826260
cloud_controller_tkemenade 45288657383 53939 9883

1723797505.1361547 197826260
cloud0_tkemenade 61092005975 58404 8115

1723797506.1387408 197826714
cloud_controller_tkemenade 45288657383 53973 9894

1723797506.1392899 197826714
cloud0_tkemenade 61092005975 58461 8124

1723797507.1418211 197827167
cloud_controller_tkemenade 45288657383 54016 9903

1723797507.1423552 197827167
cloud0_tkemenade 61092005975 58539 8135

1723797508.145031 197827609
cloud_controller_tkemenade 45288657383 54043 9912

1723797508.1453626 197827609
cloud0_tkemenade 61092005975 58568 8138

1723797509.1478508 197828030
cloud_controller_tkemenade 45288657383 54076 9916

1723797509.1484284 197828030
cloud0_tkemenade 61092005975 58602 8143

1723797510.1507246 197828495
cloud_controller_tkemenade 45288657383 54110 9924

1723797510.1510725 197828495
cloud0_tkemenade 61092005975 58650 8146

1723797510.3516715 197828594
cloud_controller_tkemenade 45290284008 54124 9927

1723797510.3520262 197828594
cloud0_tkemenade 61093910656 58655 8149

1723797511.3544436 197829077
cloud_controller_tkemenade 45290284008 54151 9936

1723797511.3549597 197829077
cloud0_tkemenade 61093910656 58680 8156

1723797512.3575697 197829528
cloud_controller_tkemenade 45290284008 54178 9944

1723797512.3581126 197829528
cloud0_tkemenade 61093910656 58722 8159

1723797513.3608046 197830007
cloud_controller_tkemenade 45290284008 54212 9953

1723797513.361381 197830008
cloud0_tkemenade 61093910656 58779 8162

1723797514.364177 197830429
cloud_controller_tkemenade 45290284008 54236 9961

1723797514.3647397 197830429
cloud0_tkemenade 61093910656 58823 8165

1723797515.3673196 197830886
cloud_controller_tkemenade 45290284008 54266 9966

1723797515.36771 197830886
cloud0_tkemenade 61093910656 58879 8176

1723797516.3700042 197831317
cloud_controller_tkemenade 45290284008 54287 9973

1723797516.3703575 197831317
cloud0_tkemenade 61093910656 58910 8180

1723797517.37279 197831735
cloud_controller_tkemenade 45291479052 54313 9980

1723797517.3733292 197831736
cloud0_tkemenade 61095497750 58947 8189

1723797518.3757477 197832302
cloud_controller_tkemenade 45291479052 54334 9988

1723797518.3763056 197832302
cloud0_tkemenade 61095497750 58968 8193

1723797519.378784 197832798
cloud_controller_tkemenade 45291479052 54362 9995

1723797519.3793662 197832798
cloud0_tkemenade 61095497750 58992 8197

1723797520.3819256 197833299
cloud_controller_tkemenade 45291479052 54419 10003

1723797520.3824801 197833299
cloud0_tkemenade 61095497750 59023 8201

1723797521.385001 197833909
cloud_controller_tkemenade 45291479052 54444 10016

1723797521.3853707 197833909
cloud0_tkemenade 61095497750 59054 8205

1723797522.3880138 197834356
cloud_controller_tkemenade 45291479052 54474 10024

1723797522.388569 197834356
cloud0_tkemenade 61095497750 59105 8211

1723797523.3912442 197834834
cloud_controller_tkemenade 45291479052 54512 10034

1723797523.3917897 197834834
cloud0_tkemenade 61095497750 59153 8215

1723797524.3943262 197835305
cloud_controller_tkemenade 45291479052 54550 10044

1723797524.3949006 197835305
cloud0_tkemenade 61095497750 59218 8224

1723797524.5955918 197835417
cloud_controller_tkemenade 45292819600 54555 10045

1723797524.5961654 197835417
cloud0_tkemenade 61096877985 59224 8225

1723797525.5989208 197835879
cloud_controller_tkemenade 45292819600 54584 10050

1723797525.599381 197835879
cloud0_tkemenade 61096877985 59286 8234

1723797526.6017532 197836321
cloud_controller_tkemenade 45292819600 54608 10056

1723797526.602303 197836321
cloud0_tkemenade 61096877985 59315 8239

1723797527.604899 197836813
cloud_controller_tkemenade 45292819600 54636 10066

1723797527.6054628 197836815
cloud0_tkemenade 61096877985 59357 8243

1723797528.6079855 197837262
cloud_controller_tkemenade 45292819600 54676 10074

1723797528.6085408 197837262
cloud0_tkemenade 61096877985 59380 8249

1723797529.6111114 197837749
cloud_controller_tkemenade 45292819600 54698 10082

1723797529.6116357 197837749
cloud0_tkemenade 61096877985 59417 8254

1723797530.6143284 197838269
cloud_controller_tkemenade 45292819600 54733 10088

1723797530.6149075 197838269
cloud0_tkemenade 61096877985 59469 8258

1723797531.6176345 197838880
cloud_controller_tkemenade 45292819600 54761 10097

1723797531.6181905 197838880
cloud0_tkemenade 61096877985 59578 8263

1723797531.8188837 197838979
cloud_controller_tkemenade 45294061392 54767 10099

1723797531.8194208 197838979
cloud0_tkemenade 61098766253 59594 8263

1723797532.821906 197839453
cloud_controller_tkemenade 45294061392 54795 10103

1723797532.8224325 197839453
cloud0_tkemenade 61098766253 59620 8268

1723797533.824925 197839966
cloud_controller_tkemenade 45294061392 54826 10110

1723797533.825479 197839966
cloud0_tkemenade 61098766253 59706 8269

1723797534.8281596 197840466
cloud_controller_tkemenade 45294061392 54857 10116

1723797534.8287501 197840466
cloud0_tkemenade 61098766253 59737 8272

