1723797965.4741626 198064193
cloud_controller_tkemenade 45357513650 24903 4572
cloud0_tkemenade 61207904169 32021 4337

1723797966.4772472 198064602
cloud_controller_tkemenade 45357513650 24926 4576

1723797966.4778147 198064602
cloud0_tkemenade 61207904169 32070 4343

1723797967.4803321 198065056
cloud_controller_tkemenade 45357513650 24947 4586

1723797967.4809186 198065056
cloud0_tkemenade 61207904169 32112 4346

1723797968.4836304 198065564
cloud_controller_tkemenade 45357513650 24972 4593

1723797968.484118 198065564
cloud0_tkemenade 61207904169 32162 4358

1723797968.5845723 198065618
cloud_controller_tkemenade 45358812362 24972 4595

1723797968.5851934 198065618
cloud0_tkemenade 61210352317 32163 4358

1723797969.5875418 198066166
cloud_controller_tkemenade 45358812362 24993 4604

1723797969.587949 198066166
cloud0_tkemenade 61210352317 32188 4364

1723797970.590312 198066719
cloud_controller_tkemenade 45358812362 25016 4611

1723797970.590859 198066719
cloud0_tkemenade 61210352317 32212 4366

1723797971.5931888 198067351
cloud_controller_tkemenade 45358812362 25037 4617

1723797971.5935416 198067351
cloud0_tkemenade 61210352317 32247 4373

1723797972.5958958 198067900
cloud_controller_tkemenade 45358812362 25054 4623

1723797972.596322 198067900
cloud0_tkemenade 61210352317 32261 4376

1723797973.5986223 198068405
cloud_controller_tkemenade 45358812362 25079 4630

1723797973.5991426 198068405
cloud0_tkemenade 61210352317 32291 4381

1723797974.6016405 198068928
cloud_controller_tkemenade 45358812362 25101 4638

1723797974.6020496 198068928
cloud0_tkemenade 61210352317 32352 4388

1723797975.6047413 198069389
cloud_controller_tkemenade 45358812362 25129 4645

1723797975.6053712 198069390
cloud0_tkemenade 61210352317 32405 4397

1723797975.806037 198069475
cloud_controller_tkemenade 45359842585 25132 4648

1723797975.806409 198069475
cloud0_tkemenade 61211738968 32409 4398

1723797976.8086743 198069910
cloud_controller_tkemenade 45359842585 25153 4655

1723797976.809122 198069914
cloud0_tkemenade 61211738968 32459 4403

1723797977.8114998 198070397
cloud_controller_tkemenade 45359842585 25179 4663

1723797977.8120396 198070397
cloud0_tkemenade 61211738968 32493 4408

1723797978.8145127 198070940
cloud_controller_tkemenade 45359842585 25204 4670

1723797978.8150752 198070940
cloud0_tkemenade 61211738968 32542 4417

1723797979.8177495 198071485
cloud_controller_tkemenade 45359842585 25232 4679

1723797979.8183222 198071485
cloud0_tkemenade 61211738968 32578 4425

1723797980.8210132 198071980
cloud_controller_tkemenade 45359842585 25253 4684

1723797980.821588 198071980
cloud0_tkemenade 61211738968 32612 4428

1723797981.8241684 198072623
cloud_controller_tkemenade 45359842585 25283 4692

1723797981.824705 198072623
cloud0_tkemenade 61211738968 32643 4432

1723797982.827255 198073067
cloud_controller_tkemenade 45360967097 25298 4698

1723797982.8278034 198073067
cloud0_tkemenade 61213285172 32666 4436

1723797983.8304172 198073590
cloud_controller_tkemenade 45360967097 25320 4703

1723797983.830956 198073590
cloud0_tkemenade 61213285172 32693 4442

1723797984.8333921 198074121
cloud_controller_tkemenade 45360967097 25341 4711

1723797984.8339553 198074121
cloud0_tkemenade 61213285172 32723 4447

1723797985.8365839 198074669
cloud_controller_tkemenade 45360967097 25380 4716

1723797985.837184 198074671
cloud0_tkemenade 61213285172 32784 4453

1723797986.8395824 198075201
cloud_controller_tkemenade 45360967097 25407 4723

1723797986.8399363 198075201
cloud0_tkemenade 61213285172 32846 4458

1723797987.8423831 198075759
cloud_controller_tkemenade 45360967097 25435 4730

1723797987.8428762 198075759
cloud0_tkemenade 61213285172 32890 4462

1723797988.8454225 198076304
cloud_controller_tkemenade 45360967097 25454 4735

1723797988.8459682 198076304
cloud0_tkemenade 61213285172 32925 4469

1723797989.8483455 198076893
cloud_controller_tkemenade 45360967097 25489 4743

1723797989.8486876 198076893
cloud0_tkemenade 61213285172 32961 4477

1723797989.949022 198076942
cloud_controller_tkemenade 45362262357 25491 4744

1723797989.9493766 198076942
cloud0_tkemenade 61215130917 32968 4477

1723797990.9516888 198077562
cloud_controller_tkemenade 45362262357 25580 4749

1723797990.9522734 198077562
cloud0_tkemenade 61215130917 32987 4485

1723797991.9545248 198078213
cloud_controller_tkemenade 45362262357 25603 4758

1723797991.954881 198078213
cloud0_tkemenade 61215130917 33019 4488

1723797992.9574852 198078729
cloud_controller_tkemenade 45362262357 25624 4763

1723797992.9578452 198078729
cloud0_tkemenade 61215130917 33038 4492

1723797993.9602053 198079222
cloud_controller_tkemenade 45362262357 25644 4773

1723797993.9607651 198079222
cloud0_tkemenade 61215130917 33070 4496

1723797994.9631119 198079675
cloud_controller_tkemenade 45362262357 25664 4780

1723797994.9636672 198079675
cloud0_tkemenade 61215130917 33106 4504

1723797995.966268 198080203
cloud_controller_tkemenade 45362262357 25702 4786

1723797995.966808 198080203
cloud0_tkemenade 61215130917 33179 4509

1723797996.9693162 198080740
cloud_controller_tkemenade 45362262357 25723 4791

1723797996.96985 198080740
cloud0_tkemenade 61215130917 33284 4515

1723797997.2706752 198080901
cloud_controller_tkemenade 45363778816 25736 4796

1723797997.2711585 198080901
cloud0_tkemenade 61217057651 33301 4516

1723797998.273539 198081339
cloud_controller_tkemenade 45363778816 25756 4803

1723797998.2740874 198081339
cloud0_tkemenade 61217057651 33322 4519

1723797999.2767024 198081878
cloud_controller_tkemenade 45363778816 25780 4808

1723797999.2773001 198081881
cloud0_tkemenade 61217057651 33367 4529

1723798000.2797348 198082481
cloud_controller_tkemenade 45363778816 25801 4813

1723798000.28027 198082481
cloud0_tkemenade 61217057651 33391 4534

1723798001.2826169 198083011
cloud_controller_tkemenade 45363778816 25829 4819

1723798001.2831573 198083011
cloud0_tkemenade 61217057651 33412 4538

1723798002.2858942 198083466
cloud_controller_tkemenade 45363778816 25847 4827

1723798002.2864256 198083466
cloud0_tkemenade 61217057651 33436 4541

1723798003.2888494 198084005
cloud_controller_tkemenade 45363778816 25871 4835

1723798003.289434 198084007
cloud0_tkemenade 61217057651 33461 4546

1723798004.2920837 198084509
cloud_controller_tkemenade 45363778816 25886 4841

1723798004.292636 198084509
cloud0_tkemenade 61217057651 33507 4554

1723798004.4933238 198084592
cloud_controller_tkemenade 45364855181 25891 4842

1723798004.493857 198084592
cloud0_tkemenade 61218366173 33511 4555

1723798005.496298 198085077
cloud_controller_tkemenade 45364855181 25916 4850

1723798005.4968436 198085077
cloud0_tkemenade 61218366173 33561 4565

1723798006.4994965 198085553
cloud_controller_tkemenade 45364855181 25949 4857

1723798006.500074 198085553
cloud0_tkemenade 61218366173 33612 4569

1723798007.5026512 198086015
cloud_controller_tkemenade 45364855181 25966 4863

1723798007.5031953 198086015
cloud0_tkemenade 61218366173 33647 4571

1723798008.5055737 198086509
cloud_controller_tkemenade 45364855181 25995 4873

1723798008.5061288 198086509
cloud0_tkemenade 61218366173 33681 4576

1723798009.5086727 198086979
cloud_controller_tkemenade 45364855181 26032 4880

1723798009.509283 198086982
cloud0_tkemenade 61218366173 33732 4582

1723798010.5117035 198087478
cloud_controller_tkemenade 45364855181 26053 4889

1723798010.512078 198087478
cloud0_tkemenade 61218366173 33782 4585

1723798011.514242 198088074
cloud_controller_tkemenade 45364855181 26080 4894

1723798011.5145566 198088074
cloud0_tkemenade 61218366173 33824 4590

1723798011.7151113 198088193
cloud_controller_tkemenade 45366143718 26091 4895

1723798011.7156596 198088193
cloud0_tkemenade 61220164013 33831 4591

1723798012.7179937 198088602
cloud_controller_tkemenade 45366143718 26112 4901

1723798012.7185283 198088602
cloud0_tkemenade 61220164013 33855 4594

1723798013.7210326 198089153
cloud_controller_tkemenade 45366143718 26133 4911

1723798013.721568 198089153
cloud0_tkemenade 61220164013 33889 4601

1723798014.724156 198089615
cloud_controller_tkemenade 45366143718 26151 4917

1723798014.7246938 198089615
cloud0_tkemenade 61220164013 33909 4605

1723798015.727074 198090104
cloud_controller_tkemenade 45366143718 26185 4925

1723798015.727694 198090104
cloud0_tkemenade 61220164013 33974 4612

1723798016.7302158 198090673
cloud_controller_tkemenade 45366143718 26225 4932

1723798016.730737 198090673
cloud0_tkemenade 61220164013 34105 4617

1723798017.733176 198091164
cloud_controller_tkemenade 45366143718 26249 4940

1723798017.7337153 198091164
cloud0_tkemenade 61220164013 34164 4623

1723798018.7362683 198091674
cloud_controller_tkemenade 45367404063 26270 4945

1723798018.7366645 198091674
cloud0_tkemenade 61222315293 34181 4630

1723798019.7389035 198092122
cloud_controller_tkemenade 45367404063 26297 4950

1723798019.7394176 198092122
cloud0_tkemenade 61222315293 34215 4635

1723798020.7418802 198092674
cloud_controller_tkemenade 45367404063 26342 4959

1723798020.7424333 198092674
cloud0_tkemenade 61222315293 34244 4642

1723798021.7448955 198093293
cloud_controller_tkemenade 45367404063 26420 4965

1723798021.7454426 198093295
cloud0_tkemenade 61222315293 34274 4650

1723798022.748057 198093816
cloud_controller_tkemenade 45367404063 26447 4973

1723798022.7485964 198093816
cloud0_tkemenade 61222315293 34301 4655

1723798023.7509162 198094437
cloud_controller_tkemenade 45367404063 26471 4983

1723798023.7512357 198094437
cloud0_tkemenade 61222315293 34335 4661

1723798024.753736 198094932
cloud_controller_tkemenade 45367404063 26492 4988

1723798024.7542815 198094932
cloud0_tkemenade 61222315293 34362 4667

1723798025.756998 198095377
cloud_controller_tkemenade 45367404063 26513 4995

1723798025.7575517 198095377
cloud0_tkemenade 61222315293 34400 4674

1723798025.9582443 198095509
cloud_controller_tkemenade 45369027652 26518 4996

1723798025.9586427 198095509
cloud0_tkemenade 61223786840 34413 4675

1723798026.9611003 198095989
cloud_controller_tkemenade 45369027652 26535 4999

1723798026.9616518 198095989
cloud0_tkemenade 61223786840 34454 4681

1723798027.9641333 198096466
cloud_controller_tkemenade 45369027652 26561 5009

1723798027.964658 198096466
cloud0_tkemenade 61223786840 34487 4684

1723798028.9671693 198096999
cloud_controller_tkemenade 45369027652 26578 5014

1723798028.967717 198096999
cloud0_tkemenade 61223786840 34517 4688

1723798029.9703057 198097537
cloud_controller_tkemenade 45369027652 26601 5020

1723798029.9708345 198097537
cloud0_tkemenade 61223786840 34567 4695

1723798030.9734273 198098025
cloud_controller_tkemenade 45369027652 26619 5030

1723798030.9739485 198098025
cloud0_tkemenade 61223786840 34602 4700

1723798031.9765487 198098546
cloud_controller_tkemenade 45369027652 26646 5036

1723798031.97707 198098548
cloud0_tkemenade 61223786840 34635 4705

1723798032.9796867 198098907
cloud_controller_tkemenade 45369027652 26668 5045

1723798032.9801857 198098907
cloud0_tkemenade 61223786840 34662 4709

1723798033.2811167 198099030
cloud_controller_tkemenade 45370079090 26676 5047

1723798033.2816427 198099030
cloud0_tkemenade 61225348685 34680 4709

1723798034.2841792 198099553
cloud_controller_tkemenade 45370079090 26701 5052

1723798034.2845411 198099553
cloud0_tkemenade 61225348685 34728 4714

1723798035.2868419 198100069
cloud_controller_tkemenade 45370079090 26717 5060

1723798035.2873802 198100069
cloud0_tkemenade 61225348685 34800 4718

1723798036.2898674 198100519
cloud_controller_tkemenade 45370079090 26747 5071

1723798036.290208 198100519
cloud0_tkemenade 61225348685 34834 4724

1723798037.2925436 198100910
cloud_controller_tkemenade 45370079090 26768 5075

1723798037.2930048 198100910
cloud0_tkemenade 61225348685 34876 4727

1723798038.2953637 198101352
cloud_controller_tkemenade 45370079090 26805 5082

1723798038.295921 198101352
cloud0_tkemenade 61225348685 34920 4735

1723798039.2983196 198101811
cloud_controller_tkemenade 45370079090 26830 5088

1723798039.2988842 198101811
cloud0_tkemenade 61225348685 34958 4743

1723798040.3013494 198102266
cloud_controller_tkemenade 45370079090 26856 5096

1723798040.3016794 198102266
cloud0_tkemenade 61225348685 34999 4748

1723798040.401999 198102302
cloud_controller_tkemenade 45371239560 26857 5096

1723798040.4025574 198102302
cloud0_tkemenade 61227131725 35001 4748

1723798041.4049723 198102922
cloud_controller_tkemenade 45371239560 26884 5103

1723798041.405341 198102922
cloud0_tkemenade 61227131725 35043 4753

1723798042.407471 198103442
cloud_controller_tkemenade 45371239560 26918 5113

1723798042.4080322 198103442
cloud0_tkemenade 61227131725 35083 4760

1723798043.4104743 198103964
cloud_controller_tkemenade 45371239560 26936 5121

1723798043.4110224 198103964
cloud0_tkemenade 61227131725 35112 4765

1723798044.413553 198104544
cloud_controller_tkemenade 45371239560 26961 5128

1723798044.414008 198104544
cloud0_tkemenade 61227131725 35143 4772

1723798045.416608 198105055
cloud_controller_tkemenade 45371239560 26979 5132

1723798045.4171696 198105056
cloud0_tkemenade 61227131725 35176 4775

1723798046.4198391 198105575
cloud_controller_tkemenade 45371239560 27021 5145

1723798046.4203923 198105575
cloud0_tkemenade 61227131725 35258 4781

1723798047.4228582 198106082
cloud_controller_tkemenade 45371239560 27047 5149

1723798047.4234197 198106082
cloud0_tkemenade 61227131725 35323 4788

1723798047.6241488 198106183
cloud_controller_tkemenade 45372519743 27049 5151

1723798047.6244802 198106183
cloud0_tkemenade 61229041676 35327 4789

1723798048.6266544 198106706
cloud_controller_tkemenade 45372519743 27079 5158

1723798048.6272235 198106706
cloud0_tkemenade 61229041676 35352 4794

1723798049.629582 198107209
cloud_controller_tkemenade 45372519743 27099 5166

1723798049.6299202 198107209
cloud0_tkemenade 61229041676 35399 4799

1723798050.6322777 198107806
cloud_controller_tkemenade 45372519743 27219 5172

1723798050.6326425 198107806
cloud0_tkemenade 61229041676 35439 4806

1723798051.6347396 198108442
cloud_controller_tkemenade 45372519743 27270 5181

1723798051.6350892 198108442
cloud0_tkemenade 61229041676 35468 4812

1723798052.637427 198108890
cloud_controller_tkemenade 45372519743 27301 5188

1723798052.6379552 198108890
cloud0_tkemenade 61229041676 35505 4816

1723798053.6404536 198109401
cloud_controller_tkemenade 45372519743 27328 5195

1723798053.6409917 198109401
cloud0_tkemenade 61229041676 35532 4820

1723798054.6435003 198109896
cloud_controller_tkemenade 45372519743 27357 5203

1723798054.6440508 198109896
cloud0_tkemenade 61229041676 35562 4825

1723798054.7445536 198109948
cloud_controller_tkemenade 45374396206 27359 5204

1723798054.7451482 198109952
cloud0_tkemenade 61230451615 35569 4826

1723798055.7475324 198110519
cloud_controller_tkemenade 45374396206 27390 5209

1723798055.747925 198110519
cloud0_tkemenade 61230451615 35611 4832

1723798056.7501733 198111095
cloud_controller_tkemenade 45374396206 27417 5214

1723798056.7507045 198111095
cloud0_tkemenade 61230451615 35740 4838

1723798057.753388 198111545
cloud_controller_tkemenade 45374396206 27436 5220

1723798057.7537277 198111545
cloud0_tkemenade 61230451615 35782 4846

1723798058.7562115 198111983
cloud_controller_tkemenade 45374396206 27461 5229

1723798058.7566173 198111983
cloud0_tkemenade 61230451615 35806 4852

1723798059.759004 198112508
cloud_controller_tkemenade 45374396206 27492 5234

1723798059.7595496 198112508
cloud0_tkemenade 61230451615 35858 4858

1723798060.762267 198113009
cloud_controller_tkemenade 45374396206 27513 5243

1723798060.7628326 198113009
cloud0_tkemenade 61230451615 35907 4862

1723798061.7651756 198113611
cloud_controller_tkemenade 45374396206 27544 5253

1723798061.765637 198113611
cloud0_tkemenade 61230451615 35942 4868

1723798061.8660698 198113685
cloud_controller_tkemenade 45375592410 27546 5255

1723798061.8665457 198113685
cloud0_tkemenade 61232600728 35944 4868

1723798062.868789 198114111
cloud_controller_tkemenade 45375592410 27566 5263

1723798062.869347 198114113
cloud0_tkemenade 61232600728 35971 4872

1723798063.872032 198114648
cloud_controller_tkemenade 45375592410 27589 5271

1723798063.8725939 198114648
cloud0_tkemenade 61232600728 36031 4879

1723798064.874865 198115233
cloud_controller_tkemenade 45375592410 27612 5276

1723798064.8753905 198115233
cloud0_tkemenade 61232600728 36064 4884

1723798065.8779018 198115878
cloud_controller_tkemenade 45375592410 27639 5280

1723798065.8784046 198115878
cloud0_tkemenade 61232600728 36113 4888

1723798066.8810291 198116431
cloud_controller_tkemenade 45375592410 27669 5287

1723798066.8815813 198116431
cloud0_tkemenade 61232600728 36165 4893

1723798067.8840115 198116888
cloud_controller_tkemenade 45375592410 27691 5295

1723798067.884445 198116888
cloud0_tkemenade 61232600728 36208 4898

1723798068.8866591 198117391
cloud_controller_tkemenade 45375592410 27721 5303

1723798068.8872132 198117391
cloud0_tkemenade 61232600728 36236 4902

1723798069.8897493 198117847
cloud_controller_tkemenade 45375592410 27752 5313

1723798069.8903184 198117847
cloud0_tkemenade 61232600728 36293 4907

1723798070.8929377 198118420
cloud_controller_tkemenade 45375592410 27778 5320

1723798070.8933263 198118422
cloud0_tkemenade 61232600728 36336 4913

1723798071.8956678 198119135
cloud_controller_tkemenade 45375592410 27817 5327

1723798071.8962007 198119135
cloud0_tkemenade 61232600728 36381 4921

1723798072.8987179 198119617
cloud_controller_tkemenade 45375592410 27834 5334

1723798072.8992543 198119617
cloud0_tkemenade 61232600728 36413 4926

1723798073.2001073 198119776
cloud_controller_tkemenade 45376875491 27844 5337

1723798073.2004836 198119776
cloud0_tkemenade 61234448773 36429 4928

1723798074.2026775 198120217
cloud_controller_tkemenade 45376875491 27869 5349

1723798074.203241 198120217
cloud0_tkemenade 61234448773 36454 4934

1723798075.205516 198120584
cloud_controller_tkemenade 45376875491 27891 5355

1723798075.206064 198120584
cloud0_tkemenade 61234448773 36490 4938

1723798076.2086768 198121137
cloud_controller_tkemenade 45376875491 27927 5362

1723798076.2090473 198121137
cloud0_tkemenade 61234448773 36630 4944

1723798077.2114565 198121729
cloud_controller_tkemenade 45376875491 27965 5368

1723798077.211931 198121729
cloud0_tkemenade 61234448773 36732 4955

1723798078.214487 198122171
cloud_controller_tkemenade 45376875491 27987 5379

1723798078.215037 198122171
cloud0_tkemenade 61234448773 36770 4958

1723798079.2178066 198122591
cloud_controller_tkemenade 45376875491 28001 5385

1723798079.218348 198122591
cloud0_tkemenade 61234448773 36804 4963

1723798080.22088 198122978
cloud_controller_tkemenade 45376875491 28029 5392

1723798080.2214603 198122979
cloud0_tkemenade 61234448773 36850 4969

1723798080.3219244 198123035
cloud0_tkemenade 61236855176 36858 4970

1723798080.4226449 198123095
cloud_controller_tkemenade 45378199269 28042 5394

1723798081.3250954 198123541
cloud0_tkemenade 61236855176 36887 4974

1723798081.4257846 198123596
cloud_controller_tkemenade 45378199269 28072 5401

1723798082.3285983 198124058
cloud0_tkemenade 61236855176 36915 4982

1723798082.4293346 198124109
cloud_controller_tkemenade 45378199269 28166 5409

1723798083.332026 198124513
cloud0_tkemenade 61236855176 36941 4988

1723798083.432594 198124549
cloud_controller_tkemenade 45378199269 28188 5417

1723798084.3349602 198124983
cloud0_tkemenade 61236855176 36993 4992

1723798084.435504 198125037
cloud_controller_tkemenade 45378199269 28218 5426

1723798085.3379295 198125469
cloud0_tkemenade 61236855176 37044 4996

1723798085.4386563 198125533
cloud_controller_tkemenade 45378199269 28240 5431

1723798086.341141 198126064
cloud0_tkemenade 61236855176 37098 5004

1723798086.441847 198126113
cloud_controller_tkemenade 45378199269 28267 5438

1723798087.3441794 198126670
cloud0_tkemenade 61236855176 37137 5009

1723798087.44498 198126731
cloud_controller_tkemenade 45379722075 28289 5443

1723798087.4455974 198126731
cloud0_tkemenade 61238510845 37138 5010

1723798088.4483364 198127227
cloud_controller_tkemenade 45379722075 28318 5451

1723798088.4488904 198127227
cloud0_tkemenade 61238510845 37166 5013

1723798089.4514985 198127710
cloud_controller_tkemenade 45379722075 28343 5457

1723798089.4518766 198127710
cloud0_tkemenade 61238510845 37192 5016

1723798090.4544241 198128250
cloud_controller_tkemenade 45379722075 28364 5465

1723798090.4549778 198128250
cloud0_tkemenade 61238510845 37242 5028

1723798091.4576168 198128817
cloud_controller_tkemenade 45379722075 28386 5474

1723798091.4579566 198128817
cloud0_tkemenade 61238510845 37278 5033

1723798092.4605262 198129335
cloud_controller_tkemenade 45379722075 28423 5483

1723798092.4610648 198129336
cloud0_tkemenade 61238510845 37308 5041

1723798093.4636657 198129815
cloud_controller_tkemenade 45379722075 28448 5490

1723798093.464208 198129815
cloud0_tkemenade 61238510845 37341 5045

1723798094.466795 198130327
cloud_controller_tkemenade 45379722075 28479 5496

1723798094.4671419 198130327
cloud0_tkemenade 61238510845 37399 5051

1723798094.667718 198130439
cloud_controller_tkemenade 45381017672 28484 5497

1723798094.6680863 198130439
cloud0_tkemenade 61240092618 37401 5052

1723798095.6706393 198130951
cloud_controller_tkemenade 45381017672 28500 5505

1723798095.671197 198130951
cloud0_tkemenade 61240092618 37444 5061

1723798096.6737676 198131431
cloud_controller_tkemenade 45381017672 28536 5509

1723798096.6743183 198131431
cloud0_tkemenade 61240092618 37483 5066

1723798097.6768475 198132087
cloud_controller_tkemenade 45381017672 28563 5519

1723798097.6774166 198132089
cloud0_tkemenade 61240092618 37524 5069

1723798098.6798666 198132663
cloud_controller_tkemenade 45381017672 28602 5528

1723798098.6804128 198132663
cloud0_tkemenade 61240092618 37566 5076

1723798099.6828518 198133174
cloud_controller_tkemenade 45381017672 28625 5537

1723798099.6834052 198133174
cloud0_tkemenade 61240092618 37609 5082

1723798100.68576 198133661
cloud_controller_tkemenade 45381017672 28647 5546

1723798100.6862957 198133661
cloud0_tkemenade 61240092618 37676 5090

1723798101.6886928 198134177
cloud_controller_tkemenade 45381017672 28677 5552

1723798101.6890345 198134177
cloud0_tkemenade 61240092618 37713 5095

1723798102.6912162 198134689
cloud_controller_tkemenade 45382334699 28705 5562

1723798102.6915588 198134689
cloud0_tkemenade 61241894866 37743 5100

1723798103.693798 198135161
cloud_controller_tkemenade 45382334699 28718 5568

1723798103.6943204 198135161
cloud0_tkemenade 61241894866 37772 5105

1723798104.696841 198135620
cloud_controller_tkemenade 45382334699 28747 5579

1723798104.697418 198135621
cloud0_tkemenade 61241894866 37810 5109

1723798105.7000194 198136063
cloud_controller_tkemenade 45382334699 28773 5589

1723798105.7004569 198136063
cloud0_tkemenade 61241894866 37848 5117

1723798106.7029674 198136511
cloud_controller_tkemenade 45382334699 28822 5600

1723798106.7035465 198136511
cloud0_tkemenade 61241894866 37917 5126

1723798107.7060726 198137011
cloud_controller_tkemenade 45382334699 28851 5605

1723798107.7064357 198137011
cloud0_tkemenade 61241894866 37999 5134

1723798108.7089655 198137498
cloud_controller_tkemenade 45382334699 28881 5614

1723798108.7095554 198137498
cloud0_tkemenade 61241894866 38026 5141

1723798109.7121928 198137903
cloud_controller_tkemenade 45382334699 28907 5618

1723798109.7127616 198137903
cloud0_tkemenade 61241894866 38053 5147

1723798110.7151902 198138426
cloud_controller_tkemenade 45382334699 29014 5627

1723798110.7157853 198138426
cloud0_tkemenade 61241894866 38099 5156

1723798111.718516 198138962
cloud_controller_tkemenade 45382334699 29043 5637

1723798111.7190852 198138962
cloud0_tkemenade 61241894866 38133 5161

1723798112.7216613 198139472
cloud_controller_tkemenade 45382334699 29075 5648

1723798112.722226 198139472
cloud0_tkemenade 61241894866 38162 5168

1723798113.7247555 198139877
cloud_controller_tkemenade 45382334699 29107 5653

1723798113.7253277 198139879
cloud0_tkemenade 61241894866 38191 5173

1723798114.0262477 198139993
cloud_controller_tkemenade 45383815215 29112 5655

1723798114.026874 198139993
cloud0_tkemenade 61243446305 38196 5174

1723798115.0293477 198140413
cloud_controller_tkemenade 45383815215 29147 5664

1723798115.0299501 198140413
cloud0_tkemenade 61243446305 38238 5179

1723798116.0324814 198140947
cloud_controller_tkemenade 45383815215 29178 5669

1723798116.0330317 198140949
cloud0_tkemenade 61243446305 38328 5184

1723798117.0355859 198141435
cloud_controller_tkemenade 45383815215 29211 5676

1723798117.0362413 198141435
cloud0_tkemenade 61243446305 38430 5188

1723798118.0388596 198141823
cloud_controller_tkemenade 45383815215 29231 5683

1723798118.039269 198141823
cloud0_tkemenade 61243446305 38465 5196

1723798119.041727 198142319
cloud_controller_tkemenade 45383815215 29258 5692

1723798119.0421991 198142319
cloud0_tkemenade 61243446305 38494 5201

1723798120.0446334 198142835
cloud_controller_tkemenade 45383815215 29282 5698

1723798120.0451887 198142837
cloud0_tkemenade 61243446305 38517 5204

1723798121.0476432 198143419
cloud_controller_tkemenade 45383815215 29300 5706

1723798121.0481284 198143419
cloud0_tkemenade 61243446305 38570 5209

1723798121.3489993 198143570
cloud_controller_tkemenade 45384954671 29305 5708

1723798121.3494482 198143570
cloud0_tkemenade 61245379645 38578 5211

1723798122.3516314 198144010
cloud_controller_tkemenade 45384954671 29335 5716

1723798122.3521917 198144010
cloud0_tkemenade 61245379645 38606 5213

1723798123.3545897 198144431
cloud_controller_tkemenade 45384954671 29363 5724

1723798123.3549392 198144431
cloud0_tkemenade 61245379645 38641 5219

1723798124.3571494 198144854
cloud_controller_tkemenade 45384954671 29391 5730

1723798124.357683 198144854
cloud0_tkemenade 61245379645 38694 5227

1723798125.3603585 198145363
cloud_controller_tkemenade 45384954671 29416 5738

1723798125.360703 198145363
cloud0_tkemenade 61245379645 38754 5235

1723798126.3629658 198145800
cloud_controller_tkemenade 45384954671 29444 5747

1723798126.3635275 198145800
cloud0_tkemenade 61245379645 38794 5241

1723798127.3659706 198146223
cloud_controller_tkemenade 45384954671 29468 5757

1723798127.366519 198146223
cloud0_tkemenade 61245379645 38828 5246

1723798128.3689454 198146654
cloud_controller_tkemenade 45386196953 29507 5763

1723798128.3695502 198146654
cloud0_tkemenade 61247032799 38871 5254

1723798129.3720946 198147127
cloud_controller_tkemenade 45386196953 29536 5768

1723798129.3726757 198147127
cloud0_tkemenade 61247032799 38904 5262

1723798130.3752148 198147559
cloud_controller_tkemenade 45386196953 29568 5775

1723798130.3757894 198147559
cloud0_tkemenade 61247032799 38947 5269

1723798131.3782513 198148117
cloud_controller_tkemenade 45386196953 29591 5779

1723798131.378825 198148117
cloud0_tkemenade 61247032799 39029 5280

1723798132.3814368 198148643
cloud_controller_tkemenade 45386196953 29631 5786

1723798132.3820179 198148643
cloud0_tkemenade 61247032799 39080 5286

1723798133.384623 198149108
cloud_controller_tkemenade 45386196953 29659 5793

1723798133.3851383 198149110
cloud0_tkemenade 61247032799 39118 5292

1723798134.3877559 198149561
cloud_controller_tkemenade 45386196953 29688 5800

1723798134.3883193 198149561
cloud0_tkemenade 61247032799 39144 5299

1723798135.3917923 198149973
cloud_controller_tkemenade 45386196953 29713 5807

1723798135.3923347 198149973
cloud0_tkemenade 61247032799 39188 5305

1723798135.492875 198150026
cloud_controller_tkemenade 45387377567 29717 5809

1723798135.4935265 198150028
cloud0_tkemenade 61248759389 39191 5307

1723798136.4958873 198150637
cloud_controller_tkemenade 45387377567 29756 5819

1723798136.4964542 198150637
cloud0_tkemenade 61248759389 39366 5313

1723798137.4991243 198151122
cloud_controller_tkemenade 45387377567 29790 5827

1723798137.499572 198151122
cloud0_tkemenade 61248759389 39434 5318

1723798138.5020444 198151533
cloud_controller_tkemenade 45387377567 29818 5832

1723798138.5026338 198151533
cloud0_tkemenade 61248759389 39473 5322

1723798139.5051486 198152030
cloud_controller_tkemenade 45387377567 29846 5839

1723798139.5055642 198152030
cloud0_tkemenade 61248759389 39503 5327

1723798140.5081728 198152478
cloud_controller_tkemenade 45387377567 29897 5848

1723798140.508794 198152478
cloud0_tkemenade 61248759389 39542 5332

1723798141.5114293 198153027
cloud_controller_tkemenade 45387377567 29934 5855

1723798141.5120115 198153027
cloud0_tkemenade 61248759389 39592 5341

1723798142.5145977 198153571
cloud_controller_tkemenade 45387377567 30021 5861

1723798142.5151622 198153571
cloud0_tkemenade 61248759389 39615 5345

1723798142.7159314 198153643
cloud_controller_tkemenade 45388983480 30024 5863

1723798142.7165189 198153643
cloud0_tkemenade 61250837370 39622 5347

1723798143.7190359 198154013
cloud_controller_tkemenade 45388983480 30048 5869

1723798143.7195947 198154013
cloud0_tkemenade 61250837370 39659 5352

1723798144.7221713 198154439
cloud_controller_tkemenade 45388983480 30081 5877

1723798144.7227535 198154439
cloud0_tkemenade 61250837370 39686 5358

1723798145.725563 198154879
cloud_controller_tkemenade 45388983480 30107 5882

1723798145.7261438 198154879
cloud0_tkemenade 61250837370 39731 5364

1723798146.728804 198155346
cloud_controller_tkemenade 45388983480 30135 5888

1723798146.7293725 198155349
cloud0_tkemenade 61250837370 39779 5370

1723798147.7320826 198155757
cloud_controller_tkemenade 45388983480 30160 5893

1723798147.732627 198155757
cloud0_tkemenade 61250837370 39823 5376

1723798148.7351077 198156187
cloud_controller_tkemenade 45388983480 30198 5899

1723798148.7355883 198156187
cloud0_tkemenade 61250837370 39855 5384

1723798149.7379706 198156694
cloud_controller_tkemenade 45388983480 30221 5906

1723798149.7383761 198156694
cloud0_tkemenade 61250837370 39880 5387

1723798149.8387134 198156772
cloud_controller_tkemenade 45390084244 30223 5906

1723798149.8390853 198156772
cloud0_tkemenade 61252208814 39882 5388

1723798150.8413684 198157195
cloud_controller_tkemenade 45390084244 30246 5915

1723798150.8419373 198157195
cloud0_tkemenade 61252208814 39910 5393

1723798151.8444037 198157698
cloud_controller_tkemenade 45390084244 30268 5920

1723798151.8449552 198157698
cloud0_tkemenade 61252208814 39967 5398

1723798152.8475814 198158075
cloud_controller_tkemenade 45390084244 30303 5930

1723798152.84814 198158075
cloud0_tkemenade 61252208814 39989 5402

1723798153.8507247 198158537
cloud_controller_tkemenade 45390084244 30332 5935

1723798153.8510659 198158537
cloud0_tkemenade 61252208814 40055 5409

1723798154.8533251 198159052
cloud_controller_tkemenade 45390084244 30362 5946

1723798154.8538485 198159052
cloud0_tkemenade 61252208814 40093 5414

1723798155.8566122 198159498
cloud_controller_tkemenade 45390084244 30391 5953

1723798155.8571916 198159500
cloud0_tkemenade 61252208814 40144 5420

1723798156.8598166 198159868
cloud_controller_tkemenade 45390084244 30419 5958

1723798156.8603702 198159868
cloud0_tkemenade 61252208814 40185 5425

1723798157.061031 198159957
cloud_controller_tkemenade 45391272567 30421 5959

1723798157.0614295 198159957
cloud0_tkemenade 61253870573 40196 5426

1723798158.0637584 198160353
cloud_controller_tkemenade 45391272567 30448 5967

1723798158.0643063 198160353
cloud0_tkemenade 61253870573 40243 5434

1723798159.0669289 198160797
cloud_controller_tkemenade 45391272567 30483 5974

1723798159.0674918 198160797
cloud0_tkemenade 61253870573 40281 5441

1723798160.0698664 198161301
cloud_controller_tkemenade 45391272567 30505 5980

1723798160.07039 198161301
cloud0_tkemenade 61253870573 40315 5446

1723798161.072829 198161990
cloud_controller_tkemenade 45391272567 30526 5986

1723798161.0733883 198161992
cloud0_tkemenade 61253870573 40360 5451

1723798162.075765 198162584
cloud_controller_tkemenade 45391272567 30561 5992

1723798162.0763195 198162584
cloud0_tkemenade 61253870573 40412 5457

1723798163.078952 198163103
cloud_controller_tkemenade 45391272567 30594 6001

1723798163.0795114 198163103
cloud0_tkemenade 61253870573 40452 5462

1723798164.0818744 198163619
cloud_controller_tkemenade 45391272567 30617 6006

1723798164.082388 198163619
cloud0_tkemenade 61253870573 40493 5468

1723798164.182897 198163663
cloud_controller_tkemenade 45392582409 30619 6006

1723798164.1834667 198163663
cloud0_tkemenade 61255706499 40495 5468

1723798165.1861315 198164156
cloud_controller_tkemenade 45392582409 30649 6013

1723798165.1866996 198164156
cloud0_tkemenade 61255706499 40529 5475

1723798166.1891584 198164703
cloud_controller_tkemenade 45392582409 30678 6021

1723798166.1895056 198164703
cloud0_tkemenade 61255706499 40600 5484

1723798167.1920516 198165297
cloud_controller_tkemenade 45392582409 30716 6033

1723798167.1926124 198165297
cloud0_tkemenade 61255706499 40670 5492

1723798168.195164 198165818
cloud_controller_tkemenade 45392582409 30743 6041

1723798168.195717 198165818
cloud0_tkemenade 61255706499 40697 5499

1723798169.198362 198166364
cloud_controller_tkemenade 45392582409 30771 6045

1723798169.1989086 198166364
cloud0_tkemenade 61255706499 40729 5502

1723798170.2014272 198166898
cloud_controller_tkemenade 45392582409 30833 6048

1723798170.2018104 198166898
cloud0_tkemenade 61255706499 40762 5509

1723798171.204072 198167521
cloud_controller_tkemenade 45392582409 30921 6056

1723798171.204503 198167521
cloud0_tkemenade 61255706499 40794 5512

1723798171.4050307 198167761
cloud_controller_tkemenade 45394477573 30923 6057

1723798171.4053628 198167761
cloud0_tkemenade 61257558955 40800 5513

1723798172.4074106 198168229
cloud_controller_tkemenade 45394477573 30941 6063

1723798172.4079504 198168229
cloud0_tkemenade 61257558955 40824 5521

1723798173.410219 198168767
cloud_controller_tkemenade 45394477573 30969 6074

1723798173.4105802 198168767
cloud0_tkemenade 61257558955 40850 5526

1723798174.4130697 198169247
cloud_controller_tkemenade 45394477573 30992 6081

1723798174.4135962 198169247
cloud0_tkemenade 61257558955 40880 5529

1723798175.416169 198169825
cloud_controller_tkemenade 45394477573 31022 6093

1723798175.4167411 198169825
cloud0_tkemenade 61257558955 40925 5534

1723798176.4190974 198170505
cloud_controller_tkemenade 45394477573 31048 6099

1723798176.4194257 198170505
cloud0_tkemenade 61257558955 41067 5541

1723798177.4216373 198170996
cloud_controller_tkemenade 45394477573 31068 6106

1723798177.421973 198170996
cloud0_tkemenade 61257558955 41109 5545

1723798178.4241095 198171506
cloud_controller_tkemenade 45394477573 31093 6111

1723798178.4245396 198171506
cloud0_tkemenade 61257558955 41139 5546

1723798179.4268334 198172009
cloud_controller_tkemenade 45394477573 31125 6119

1723798179.4271758 198172009
cloud0_tkemenade 61257558955 41162 5552

1723798180.4295108 198172504
cloud_controller_tkemenade 45394477573 31147 6124

1723798180.4298267 198172504
cloud0_tkemenade 61257558955 41199 5560

1723798181.432148 198173099
cloud_controller_tkemenade 45394477573 31168 6129

1723798181.432677 198173099
cloud0_tkemenade 61257558955 41230 5565

1723798182.4349632 198173632
cloud_controller_tkemenade 45394477573 31187 6136

1723798182.43528 198173632
cloud0_tkemenade 61257558955 41282 5576

1723798182.6357815 198173705
cloud_controller_tkemenade 45395660727 31190 6137

1723798182.6361299 198173705
cloud0_tkemenade 61259439691 41286 5576

1723798183.6382928 198174197
cloud_controller_tkemenade 45395660727 31223 6148

1723798183.6388454 198174197
cloud0_tkemenade 61259439691 41315 5583

1723798184.6411417 198174716
cloud_controller_tkemenade 45395660727 31250 6155

1723798184.6414986 198174716
cloud0_tkemenade 61259439691 41361 5590

1723798185.643602 198175195
cloud_controller_tkemenade 45395660727 31271 6166

1723798185.64401 198175195
cloud0_tkemenade 61259439691 41415 5598

1723798186.646183 198175697
cloud_controller_tkemenade 45395660727 31306 6172

1723798186.6467404 198175697
cloud0_tkemenade 61259439691 41460 5605

1723798187.649 198176211
cloud_controller_tkemenade 45395660727 31333 6179

1723798187.6493337 198176211
cloud0_tkemenade 61259439691 41505 5608

1723798188.6513937 198176701
cloud_controller_tkemenade 45395660727 31366 6189

1723798188.651928 198176701
cloud0_tkemenade 61259439691 41536 5617

1723798189.6542213 198177225
cloud_controller_tkemenade 45395660727 31394 6195

1723798189.6547334 198177225
cloud0_tkemenade 61259439691 41578 5622

1723798189.7551198 198177253
cloud_controller_tkemenade 45397016632 31396 6195

1723798189.755472 198177253
cloud0_tkemenade 61261188095 41580 5622

1723798190.7576313 198177785
cloud_controller_tkemenade 45397016632 31416 6201

1723798190.7579818 198177785
cloud0_tkemenade 61261188095 41608 5630

1723798191.760192 198178361
cloud_controller_tkemenade 45397016632 31443 6214

1723798191.7605283 198178361
cloud0_tkemenade 61261188095 41668 5640

1723798192.7625158 198178999
cloud_controller_tkemenade 45397016632 31464 6222

1723798192.762855 198178999
cloud0_tkemenade 61261188095 41696 5648

1723798193.7649956 198179509
cloud_controller_tkemenade 45397016632 31491 6229

1723798193.765768 198179509
cloud0_tkemenade 61261188095 41736 5654

1723798194.768397 198179987
cloud_controller_tkemenade 45397016632 31517 6237

1723798194.768977 198179987
cloud0_tkemenade 61261188095 41767 5659

1723798195.7715938 198180474
cloud_controller_tkemenade 45397016632 31556 6246

1723798195.7721221 198180474
cloud0_tkemenade 61261188095 41849 5669

1723798196.774488 198181081
cloud_controller_tkemenade 45397016632 31588 6253

1723798196.7750072 198181081
cloud0_tkemenade 61261188095 41981 5674

1723798196.8754761 198181135
cloud_controller_tkemenade 45398369823 31595 6255

1723798196.8758624 198181135
cloud0_tkemenade 61263642096 41997 5675

1723798197.8783338 198181615
cloud_controller_tkemenade 45398369823 31611 6260

1723798197.8788896 198181615
cloud0_tkemenade 61263642096 42045 5679

1723798198.8814347 198182114
cloud_controller_tkemenade 45398369823 31645 6265

1723798198.8819737 198182114
cloud0_tkemenade 61263642096 42085 5685

1723798199.8843527 198182595
cloud_controller_tkemenade 45398369823 31684 6276

1723798199.8847284 198182595
cloud0_tkemenade 61263642096 42120 5690

1723798200.8871071 198183217
cloud_controller_tkemenade 45398369823 31723 6284

1723798200.8876603 198183217
cloud0_tkemenade 61263642096 42155 5693

1723798201.8901634 198183909
cloud_controller_tkemenade 45398369823 31807 6288

1723798201.8906882 198183909
cloud0_tkemenade 61263642096 42189 5698

1723798202.8930695 198184516
cloud_controller_tkemenade 45398369823 31826 6296

1723798202.893417 198184516
cloud0_tkemenade 61263642096 42213 5705

1723798203.8955185 198185081
cloud_controller_tkemenade 45398369823 31853 6301

1723798203.895829 198185081
cloud0_tkemenade 61263642096 42246 5710

1723798204.1966288 198185224
cloud_controller_tkemenade 45400036580 31860 6302

1723798204.1970284 198185224
cloud0_tkemenade 61265250833 42254 5712

1723798205.1992867 198185728
cloud_controller_tkemenade 45400036580 31886 6310

1723798205.1996362 198185728
cloud0_tkemenade 61265250833 42312 5714

1723798206.2021194 198186269
cloud_controller_tkemenade 45400036580 31909 6318

1723798206.2024767 198186269
cloud0_tkemenade 61265250833 42371 5720

1723798207.2049267 198186865
cloud_controller_tkemenade 45400036580 31930 6324

1723798207.2054935 198186865
cloud0_tkemenade 61265250833 42411 5725

1723798208.2081175 198187421
cloud_controller_tkemenade 45400036580 31959 6329

1723798208.2084553 198187421
cloud0_tkemenade 61265250833 42455 5728

1723798209.2108757 198188003
cloud_controller_tkemenade 45400036580 31993 6336

1723798209.211452 198188003
cloud0_tkemenade 61265250833 42484 5734

1723798210.2137887 198188592
cloud_controller_tkemenade 45400036580 32013 6342

1723798210.2142797 198188592
cloud0_tkemenade 61265250833 42508 5739

1723798211.2167087 198189223
cloud_controller_tkemenade 45400036580 32034 6349

1723798211.21731 198189224
cloud0_tkemenade 61265250833 42542 5740

1723798211.3177793 198189287
cloud_controller_tkemenade 45401257831 32036 6350

1723798211.3183331 198189287
cloud0_tkemenade 61266982296 42544 5741

1723798212.3209536 198189813
cloud_controller_tkemenade 45401257831 32058 6357

1723798212.3214364 198189813
cloud0_tkemenade 61266982296 42594 5749

1723798213.323826 198190371
cloud_controller_tkemenade 45401257831 32092 6365

1723798213.3243747 198190371
cloud0_tkemenade 61266982296 42615 5753

1723798214.3268812 198190949
cloud_controller_tkemenade 45401257831 32112 6375

1723798214.3272996 198190949
cloud0_tkemenade 61266982296 42660 5761

1723798215.329642 198191557
cloud_controller_tkemenade 45401257831 32136 6384

1723798215.3299773 198191557
cloud0_tkemenade 61266982296 42716 5769

1723798216.3324597 198192083
cloud_controller_tkemenade 45401257831 32168 6394

1723798216.3330133 198192083
cloud0_tkemenade 61266982296 42752 5776

1723798217.3355389 198192630
cloud_controller_tkemenade 45401257831 32193 6401

1723798217.3358927 198192630
cloud0_tkemenade 61266982296 42783 5784

1723798218.338002 198193147
cloud_controller_tkemenade 45402654134 32227 6406

1723798218.3383439 198193147
cloud0_tkemenade 61268799172 42815 5792

1723798219.3403282 198193651
cloud_controller_tkemenade 45402654134 32255 6416

1723798219.3408663 198193651
cloud0_tkemenade 61268799172 42845 5797

1723798220.343282 198194165
cloud_controller_tkemenade 45402654134 32279 6421

1723798220.343807 198194165
cloud0_tkemenade 61268799172 42899 5801

1723798221.3468804 198194783
cloud_controller_tkemenade 45402654134 32300 6430

1723798221.3472438 198194783
cloud0_tkemenade 61268799172 42934 5807

1723798222.3493438 198195316
cloud_controller_tkemenade 45402654134 32329 6439

1723798222.349704 198195316
cloud0_tkemenade 61268799172 42977 5818

1723798223.3519065 198195940
cloud_controller_tkemenade 45402654134 32357 6450

1723798223.3522484 198195940
cloud0_tkemenade 61268799172 43011 5821

1723798224.3541927 198196562
cloud_controller_tkemenade 45402654134 32377 6459

1723798224.3546476 198196562
cloud0_tkemenade 61268799172 43031 5824

1723798225.3567505 198197143
cloud_controller_tkemenade 45402654134 32405 6470

1723798225.3571844 198197145
cloud0_tkemenade 61268799172 43061 5827

1723798225.6579063 198197331
cloud_controller_tkemenade 45404001602 32412 6472

1723798225.6582623 198197331
cloud0_tkemenade 61270396573 43081 5830

1723798226.6601427 198197904
cloud_controller_tkemenade 45404001602 32461 6479

1723798226.6605089 198197904
cloud0_tkemenade 61270396573 43140 5836

1723798227.6626382 198198427
cloud_controller_tkemenade 45404001602 32491 6485

1723798227.6631815 198198427
cloud0_tkemenade 61270396573 43186 5845

1723798228.6651628 198199011
cloud_controller_tkemenade 45404001602 32514 6494

1723798228.6654956 198199011
cloud0_tkemenade 61270396573 43208 5849

1723798229.6675792 198199562
cloud_controller_tkemenade 45404001602 32546 6504

1723798229.6679268 198199562
cloud0_tkemenade 61270396573 43239 5854

1723798230.670083 198200167
cloud_controller_tkemenade 45404001602 32644 6513

1723798230.670637 198200167
cloud0_tkemenade 61270396573 43269 5860

1723798231.672808 198200825
cloud_controller_tkemenade 45404001602 32738 6518

1723798231.6731777 198200825
cloud0_tkemenade 61270396573 43294 5864

1723798232.675385 198201303
cloud_controller_tkemenade 45404001602 32757 6525

1723798232.6757438 198201303
cloud0_tkemenade 61270396573 43335 5874

1723798232.7760937 198201347
cloud_controller_tkemenade 45406254097 32761 6526

1723798232.7764654 198201347
cloud0_tkemenade 61272123672 43336 5874

1723798233.7784553 198201920
cloud_controller_tkemenade 45406254097 32781 6537

1723798233.7787912 198201920
cloud0_tkemenade 61272123672 43362 5878

1723798234.7811716 198202559
cloud_controller_tkemenade 45406254097 32804 6543

1723798234.7814968 198202559
cloud0_tkemenade 61272123672 43395 5883

1723798235.7832441 198203088
cloud_controller_tkemenade 45406254097 32838 6553

1723798235.783587 198203088
cloud0_tkemenade 61272123672 43453 5890

1723798236.7857385 198203686
cloud_controller_tkemenade 45406254097 32880 6559

1723798236.786068 198203686
cloud0_tkemenade 61272123672 43568 5898

1723798237.7882752 198204147
cloud_controller_tkemenade 45406254097 32903 6569

1723798237.7888339 198204147
cloud0_tkemenade 61272123672 43603 5904

1723798238.7913427 198204567
cloud_controller_tkemenade 45406254097 32930 6574

1723798238.7919042 198204567
cloud0_tkemenade 61272123672 43636 5908

1723798239.794126 198205016
cloud_controller_tkemenade 45406254097 32964 6584

1723798239.7946851 198205016
cloud0_tkemenade 61272123672 43665 5913

1723798240.1959677 198205147
cloud_controller_tkemenade 45407653333 32970 6586

1723798240.1965303 198205147
cloud0_tkemenade 61274077420 43679 5914

1723798241.1988208 198205751
cloud_controller_tkemenade 45407653333 32985 6595

1723798241.1993613 198205751
cloud0_tkemenade 61274077420 43701 5917

1723798242.2019787 198206174
cloud_controller_tkemenade 45407653333 33006 6602

1723798242.2025583 198206174
cloud0_tkemenade 61274077420 43729 5919

1723798243.204948 198206608
cloud_controller_tkemenade 45407653333 33032 6607

1723798243.205517 198206608
cloud0_tkemenade 61274077420 43779 5928

1723798244.2079637 198207051
cloud_controller_tkemenade 45407653333 33060 6617

1723798244.2085376 198207051
cloud0_tkemenade 61274077420 43826 5935

1723798245.2109156 198207551
cloud_controller_tkemenade 45407653333 33082 6625

1723798245.211262 198207551
cloud0_tkemenade 61274077420 43871 5944

1723798246.2135236 198207986
cloud_controller_tkemenade 45407653333 33109 6634

1723798246.214107 198207986
cloud0_tkemenade 61274077420 43908 5951

1723798247.2167044 198208411
cloud_controller_tkemenade 45407653333 33132 6640

1723798247.217293 198208413
cloud0_tkemenade 61274077420 43944 5955

1723798248.2194595 198208819
cloud_controller_tkemenade 45407653333 33170 6651

1723798248.219989 198208819
cloud0_tkemenade 61274077420 43974 5961

1723798249.222547 198209308
cloud_controller_tkemenade 45407653333 33202 6657

1723798249.2229948 198209308
cloud0_tkemenade 61274077420 44010 5967

1723798250.2254605 198209733
cloud_controller_tkemenade 45407653333 33233 6666

1723798250.2260108 198209733
cloud0_tkemenade 61274077420 44047 5971

1723798251.228363 198210223
cloud_controller_tkemenade 45407653333 33255 6667

1723798251.228797 198210223
cloud0_tkemenade 61274077420 44086 5982

1723798251.3291655 198210268
cloud_controller_tkemenade 45408802377 33256 6667

1723798251.3295307 198210268
cloud0_tkemenade 61275576173 44087 5982

1723798252.3317785 198210694
cloud_controller_tkemenade 45408802377 33285 6676

1723798252.3322494 198210694
cloud0_tkemenade 61275576173 44119 5989

1723798253.334639 198211151
cloud_controller_tkemenade 45408802377 33310 6685

1723798253.3352268 198211151
cloud0_tkemenade 61275576173 44173 6001

1723798254.3376195 198211837
cloud_controller_tkemenade 45408802377 33340 6690

1723798254.3379579 198211837
cloud0_tkemenade 61275576173 44200 6005

1723798255.3401413 198212405
cloud_controller_tkemenade 45408802377 33362 6695

1723798255.3404841 198212405
cloud0_tkemenade 61275576173 44221 6011

1723798256.3424802 198213030
cloud_controller_tkemenade 45408802377 33393 6706

1723798256.3430262 198213030
cloud0_tkemenade 61275576173 44382 6015

1723798257.3454056 198213568
cloud_controller_tkemenade 45408802377 33430 6715

1723798257.3458886 198213568
cloud0_tkemenade 61275576173 44438 6022

1723798258.3481386 198213990
cloud_controller_tkemenade 45408802377 33456 6724

1723798258.3487017 198213990
cloud0_tkemenade 61275576173 44469 6026

1723798259.3509667 198214393
cloud_controller_tkemenade 45408802377 33486 6733

1723798259.351529 198214393
cloud0_tkemenade 61275576173 44520 6030

1723798259.6522603 198214543
cloud_controller_tkemenade 45410143076 33495 6737

1723798259.6525903 198214543
cloud0_tkemenade 61277736912 44534 6031

1723798260.654614 198214989
cloud_controller_tkemenade 45410143076 33536 6746

1723798260.6549523 198214989
cloud0_tkemenade 61277736912 44572 6034

1723798261.6570113 198215470
cloud_controller_tkemenade 45410143076 33595 6752

1723798261.6574724 198215470
cloud0_tkemenade 61277736912 44601 6039

1723798262.6598628 198215937
cloud_controller_tkemenade 45410143076 33647 6759

1723798262.6602223 198215937
cloud0_tkemenade 61277736912 44629 6045

1723798263.6624193 198216346
cloud_controller_tkemenade 45410143076 33679 6768

1723798263.6628606 198216346
cloud0_tkemenade 61277736912 44682 6054

1723798264.6650586 198216779
cloud_controller_tkemenade 45410143076 33707 6774

1723798264.6653886 198216779
cloud0_tkemenade 61277736912 44707 6059

1723798265.6675792 198217252
cloud_controller_tkemenade 45410143076 33729 6784

1723798265.6679235 198217252
cloud0_tkemenade 61277736912 44743 6067

1723798266.670111 198217672
cloud_controller_tkemenade 45410143076 33757 6788

1723798266.6706517 198217672
cloud0_tkemenade 61277736912 44795 6073

1723798267.6729524 198218048
cloud_controller_tkemenade 45410143076 33782 6797

1723798267.6735754 198218048
cloud0_tkemenade 61277736912 44837 6079

1723798268.6761098 198218476
cloud_controller_tkemenade 45410143076 33795 6805

1723798268.6766775 198218476
cloud0_tkemenade 61277736912 44862 6085

1723798269.679004 198218969
cloud_controller_tkemenade 45410143076 33836 6817

1723798269.6795413 198218969
cloud0_tkemenade 61277736912 44887 6088

1723798270.6818402 198219478
cloud_controller_tkemenade 45410143076 33857 6822

1723798270.6821713 198219478
cloud0_tkemenade 61277736912 44910 6096

1723798271.0829191 198219710
cloud_controller_tkemenade 45411593184 33865 6824

1723798271.0832493 198219710
cloud0_tkemenade 61279171189 44921 6099

1723798272.0851185 198220245
cloud_controller_tkemenade 45411593184 33888 6831

1723798272.08548 198220245
cloud0_tkemenade 61279171189 44941 6103

1723798273.0877619 198220635
cloud_controller_tkemenade 45411593184 33914 6840

1723798273.0881786 198220635
cloud0_tkemenade 61279171189 44968 6107

1723798274.0905778 198221083
cloud_controller_tkemenade 45411593184 33944 6851

1723798274.0909557 198221083
cloud0_tkemenade 61279171189 45047 6118

1723798275.0934527 198221606
cloud_controller_tkemenade 45411593184 33969 6858

1723798275.0940003 198221606
cloud0_tkemenade 61279171189 45097 6127

1723798276.096231 198222187
cloud_controller_tkemenade 45411593184 33995 6866

1723798276.0966132 198222187
cloud0_tkemenade 61279171189 45142 6133

1723798277.0987892 198222652
cloud_controller_tkemenade 45411593184 34011 6873

1723798277.0992694 198222652
cloud0_tkemenade 61279171189 45164 6138

1723798278.1016624 198223138
cloud_controller_tkemenade 45411593184 34053 6882

1723798278.1021655 198223138
cloud0_tkemenade 61279171189 45194 6145

1723798278.2025168 198223177
cloud_controller_tkemenade 45412846331 34054 6882

1723798278.2028325 198223177
cloud0_tkemenade 61280804846 45195 6145

1723798279.204853 198223694
cloud_controller_tkemenade 45412846331 34077 6888

1723798279.205402 198223695
cloud0_tkemenade 61280804846 45231 6153

1723798280.207671 198224191
cloud_controller_tkemenade 45412846331 34110 6898

1723798280.2079868 198224191
cloud0_tkemenade 61280804846 45269 6158

1723798281.2100184 198224847
cloud_controller_tkemenade 45412846331 34129 6904

1723798281.2105632 198224847
cloud0_tkemenade 61280804846 45313 6163

1723798282.2129753 198225465
cloud_controller_tkemenade 45412846331 34165 6912

1723798282.2135463 198225465
cloud0_tkemenade 61280804846 45341 6168

1723798283.2160277 198226040
cloud_controller_tkemenade 45412846331 34186 6919

1723798283.2165494 198226040
cloud0_tkemenade 61280804846 45372 6176

1723798284.2189567 198226656
cloud_controller_tkemenade 45412846331 34215 6927

1723798284.219511 198226656
cloud0_tkemenade 61280804846 45417 6186

1723798285.2214344 198227159
cloud_controller_tkemenade 45412846331 34233 6933

1723798285.2217674 198227159
cloud0_tkemenade 61280804846 45442 6190

1723798285.4222507 198227239
cloud_controller_tkemenade 45414107210 34235 6935

1723798285.4226136 198227239
cloud0_tkemenade 61282397249 45445 6191

1723798286.424296 198227807
cloud_controller_tkemenade 45414107210 34269 6946

1723798286.4245982 198227807
cloud0_tkemenade 61282397249 45501 6203

1723798287.4263945 198228356
cloud_controller_tkemenade 45414107210 34302 6954

1723798287.4267156 198228356
cloud0_tkemenade 61282397249 45558 6210

1723798288.428986 198228829
cloud_controller_tkemenade 45414107210 34330 6965

1723798288.4294114 198228829
cloud0_tkemenade 61282397249 45587 6214

1723798289.4317296 198229286
cloud_controller_tkemenade 45414107210 34364 6973

1723798289.4320707 198229286
cloud0_tkemenade 61282397249 45611 6218

1723798290.4341757 198229855
cloud_controller_tkemenade 45414107210 34438 6982

1723798290.4347365 198229855
cloud0_tkemenade 61282397249 45652 6224

1723798291.4370592 198230485
cloud_controller_tkemenade 45414107210 34510 6989

1723798291.437435 198230485
cloud0_tkemenade 61282397249 45680 6229

1723798292.4395244 198231148
cloud_controller_tkemenade 45414107210 34535 6994

1723798292.4398677 198231148
cloud0_tkemenade 61282397249 45697 6236

1723798292.5401623 198231195
cloud_controller_tkemenade 45415969947 34536 6994

1723798292.5405128 198231195
cloud0_tkemenade 61283946964 45698 6237

1723798293.5425422 198231654
cloud_controller_tkemenade 45415969947 34557 7000

1723798293.542885 198231654
cloud0_tkemenade 61283946964 45720 6240

1723798294.545029 198232131
cloud_controller_tkemenade 45415969947 34583 7012

1723798294.5453928 198232131
cloud0_tkemenade 61283946964 45769 6250

1723798295.547392 198232646
cloud_controller_tkemenade 45415969947 34608 7019

1723798295.5477173 198232646
cloud0_tkemenade 61283946964 45797 6257

1723798296.5497937 198233220
cloud_controller_tkemenade 45415969947 34631 7027

1723798296.5503347 198233220
cloud0_tkemenade 61283946964 45936 6261

1723798297.5527213 198233656
cloud_controller_tkemenade 45415969947 34644 7036

1723798297.553048 198233656
cloud0_tkemenade 61283946964 45976 6269

1723798298.555002 198234073
cloud_controller_tkemenade 45415969947 34664 7044

1723798298.5553603 198234073
cloud0_tkemenade 61283946964 46000 6274

1723798299.557309 198234518
cloud_controller_tkemenade 45415969947 34698 7048

1723798299.5577133 198234518
cloud0_tkemenade 61283946964 46019 6278

1723798300.5598838 198234910
cloud_controller_tkemenade 45415969947 34721 7058

1723798300.560431 198234910
cloud0_tkemenade 61283946964 46039 6283

1723798301.5628464 198235454
cloud_controller_tkemenade 45415969947 34739 7063

1723798301.563402 198235454
cloud0_tkemenade 61283946964 46083 6289

1723798302.5658374 198235893
cloud_controller_tkemenade 45415969947 34761 7073

1723798302.566273 198235893
cloud0_tkemenade 61283946964 46107 6294

1723798303.5685122 198236323
cloud_controller_tkemenade 45415969947 34792 7080

1723798303.568873 198236323
cloud0_tkemenade 61283946964 46136 6297

1723798303.7693474 198236427
cloud_controller_tkemenade 45417044962 34798 7080

1723798303.769724 198236427
cloud0_tkemenade 61285518861 46149 6300

1723798304.7720554 198236862
cloud_controller_tkemenade 45417044962 34823 7089

1723798304.772433 198236862
cloud0_tkemenade 61285518861 46199 6305

1723798305.774241 198237315
cloud_controller_tkemenade 45417044962 34842 7095

1723798305.774645 198237315
cloud0_tkemenade 61285518861 46239 6313

1723798306.776708 198237706
cloud_controller_tkemenade 45417044962 34866 7105

1723798306.7772944 198237708
cloud0_tkemenade 61285518861 46284 6324

1723798307.7794712 198238195
cloud_controller_tkemenade 45417044962 34885 7111

1723798307.7798128 198238195
cloud0_tkemenade 61285518861 46329 6328

1723798308.7817423 198238619
cloud_controller_tkemenade 45417044962 34913 7121

1723798308.7821035 198238619
cloud0_tkemenade 61285518861 46356 6335

1723798309.7843 198239110
cloud_controller_tkemenade 45417044962 34944 7132

1723798309.7846694 198239110
cloud0_tkemenade 61285518861 46397 6347

1723798310.7865791 198239630
cloud_controller_tkemenade 45417044962 34960 7140

1723798310.7868826 198239630
cloud0_tkemenade 61285518861 46423 6351

1723798310.8871567 198239687
cloud_controller_tkemenade 45418185753 34963 7140

1723798310.887479 198239687
cloud0_tkemenade 61287225001 46427 6352

1723798311.891134 198240288
cloud_controller_tkemenade 45418185753 34988 7145

1723798311.8918214 198240288
cloud0_tkemenade 61287225001 46461 6358

1723798312.8943832 198240796
cloud_controller_tkemenade 45418185753 35011 7151

1723798312.8949664 198240796
cloud0_tkemenade 61287225001 46484 6362

1723798313.8976345 198241331
cloud_controller_tkemenade 45418185753 35026 7156

1723798313.8980079 198241331
cloud0_tkemenade 61287225001 46506 6370

1723798314.9004762 198241860
cloud_controller_tkemenade 45418185753 35048 7162

1723798314.9010282 198241861
cloud0_tkemenade 61287225001 46561 6378

1723798315.9035294 198242481
cloud_controller_tkemenade 45418185753 35070 7168

1723798315.904105 198242481
cloud0_tkemenade 61287225001 46657 6383

1723798316.9068081 198243081
cloud_controller_tkemenade 45418185753 35103 7177

1723798316.907362 198243081
cloud0_tkemenade 61287225001 46797 6389

1723798317.909693 198243486
cloud_controller_tkemenade 45418185753 35129 7183

1723798317.9103625 198243486
cloud0_tkemenade 61287225001 46825 6394

1723798318.111053 198243581
cloud_controller_tkemenade 45419318181 35140 7184

1723798318.1116195 198243581
cloud0_tkemenade 61289600984 46834 6394

1723798319.1141624 198243990
cloud_controller_tkemenade 45419318181 35161 7192

1723798319.1147044 198243990
cloud0_tkemenade 61289600984 46863 6399

1723798320.1175537 198244435
cloud_controller_tkemenade 45419318181 35211 7201

1723798320.118112 198244435
cloud0_tkemenade 61289600984 46910 6402

1723798321.1207924 198244989
cloud_controller_tkemenade 45419318181 35247 7208

1723798321.1213696 198244991
cloud0_tkemenade 61289600984 46940 6407

1723798322.1241257 198245498
cloud_controller_tkemenade 45419318181 35333 7213

1723798322.1247103 198245498
cloud0_tkemenade 61289600984 46967 6414

1723798323.1272988 198245993
cloud_controller_tkemenade 45419318181 35354 7220

1723798323.1278968 198245993
cloud0_tkemenade 61289600984 46993 6418

1723798324.1306777 198246387
cloud_controller_tkemenade 45419318181 35379 7226

1723798324.131217 198246387
cloud0_tkemenade 61289600984 47014 6422

1723798325.1338212 198246828
cloud_controller_tkemenade 45420914369 35408 7236

1723798325.1342492 198246828
cloud0_tkemenade 61291007382 47084 6431

1723798326.1367137 198247333
cloud_controller_tkemenade 45420914369 35429 7246

1723798326.137324 198247335
cloud0_tkemenade 61291007382 47133 6437

1723798327.1400805 198247809
cloud_controller_tkemenade 45420914369 35449 7256

1723798327.1405842 198247809
cloud0_tkemenade 61291007382 47192 6442

1723798328.142948 198248240
cloud_controller_tkemenade 45420914369 35473 7263

1723798328.143324 198248240
cloud0_tkemenade 61291007382 47237 6446

1723798329.1455584 198248743
cloud_controller_tkemenade 45420914369 35498 7271

1723798329.145997 198248743
cloud0_tkemenade 61291007382 47264 6452

1723798330.1485832 198249320
cloud_controller_tkemenade 45420914369 35534 7282

1723798330.1491563 198249322
cloud0_tkemenade 61291007382 47292 6457

1723798331.151766 198249928
cloud_controller_tkemenade 45420914369 35559 7288

1723798331.1521308 198249928
cloud0_tkemenade 61291007382 47328 6461

1723798332.1544192 198250452
cloud_controller_tkemenade 45420914369 35577 7294

1723798332.1547656 198250452
cloud0_tkemenade 61291007382 47372 6466

1723798332.4555337 198250621
cloud_controller_tkemenade 45422081973 35587 7295

1723798332.4560702 198250621
cloud0_tkemenade 61292626329 47377 6469

1723798333.4583125 198251111
cloud_controller_tkemenade 45422081973 35611 7300

1723798333.4588633 198251111
cloud0_tkemenade 61292626329 47407 6474

1723798334.461323 198251690
cloud_controller_tkemenade 45422081973 35631 7308

1723798334.461872 198251690
cloud0_tkemenade 61292626329 47466 6481

1723798335.4646208 198252190
cloud_controller_tkemenade 45422081973 35667 7315

1723798335.4652247 198252195
cloud0_tkemenade 61292626329 47516 6488

1723798336.4678154 198252787
cloud_controller_tkemenade 45422081973 35695 7322

1723798336.4683797 198252787
cloud0_tkemenade 61292626329 47567 6497

1723798337.4709992 198253307
cloud_controller_tkemenade 45422081973 35717 7327

1723798337.4713907 198253307
cloud0_tkemenade 61292626329 47605 6503

1723798338.4736564 198253819
cloud_controller_tkemenade 45422081973 35756 7337

1723798338.4742258 198253819
cloud0_tkemenade 61292626329 47637 6509

1723798339.476799 198254396
cloud_controller_tkemenade 45422081973 35779 7343

1723798339.4773932 198254399
cloud0_tkemenade 61292626329 47667 6513

1723798339.6780903 198254501
cloud_controller_tkemenade 45423329934 35791 7345

1723798339.6786642 198254501
cloud0_tkemenade 61294409131 47682 6514

1723798340.681189 198255039
cloud_controller_tkemenade 45423329934 35817 7352

1723798340.681737 198255039
cloud0_tkemenade 61294409131 47724 6520

1723798341.6843936 198255634
cloud_controller_tkemenade 45423329934 35849 7359

1723798341.6849482 198255634
cloud0_tkemenade 61294409131 47775 6527

1723798342.6875148 198256103
cloud_controller_tkemenade 45423329934 35875 7366

1723798342.688105 198256103
cloud0_tkemenade 61294409131 47803 6532

1723798343.6907172 198256563
cloud_controller_tkemenade 45423329934 35894 7373

1723798343.6912603 198256563
cloud0_tkemenade 61294409131 47837 6537

1723798344.6936939 198257123
cloud_controller_tkemenade 45423329934 35920 7382

1723798344.6942413 198257123
cloud0_tkemenade 61294409131 47879 6544

1723798345.69683 198257619
cloud_controller_tkemenade 45423329934 35952 7395

1723798345.6974156 198257621
cloud0_tkemenade 61294409131 47927 6552

1723798346.7000673 198258025
cloud_controller_tkemenade 45423329934 35977 7404

1723798346.7003608 198258025
cloud0_tkemenade 61294409131 47986 6558

1723798346.8006678 198258070
cloud_controller_tkemenade 45424662631 35980 7405

1723798346.8010187 198258070
cloud0_tkemenade 61296236384 47997 6561

1723798347.8032143 198258510
cloud_controller_tkemenade 45424662631 36001 7412

1723798347.80377 198258510
cloud0_tkemenade 61296236384 48046 6565

1723798348.8063412 198258994
cloud_controller_tkemenade 45424662631 36029 7420

1723798348.8069406 198258994
cloud0_tkemenade 61296236384 48072 6571

1723798349.8095422 198259529
cloud_controller_tkemenade 45424662631 36070 7431

1723798349.8099058 198259529
cloud0_tkemenade 61296236384 48104 6577

1723798350.8125088 198260083
cloud_controller_tkemenade 45424662631 36173 7436

1723798350.813051 198260087
cloud0_tkemenade 61296236384 48149 6584

1723798351.8154693 198260824
cloud_controller_tkemenade 45424662631 36223 7444

1723798351.8160279 198260824
cloud0_tkemenade 61296236384 48179 6589

1723798352.8182955 198261339
cloud_controller_tkemenade 45424662631 36248 7452

1723798352.8188329 198261339
cloud0_tkemenade 61296236384 48208 6592

1723798353.8215563 198261827
cloud_controller_tkemenade 45424662631 36271 7458

1723798353.822111 198261827
cloud0_tkemenade 61296236384 48232 6598

1723798354.8249133 198262353
cloud_controller_tkemenade 45424662631 36296 7471

1723798354.8255277 198262353
cloud0_tkemenade 61296236384 48277 6604

1723798355.8282533 198262851
cloud_controller_tkemenade 45424662631 36326 7477

1723798355.8287976 198262851
cloud0_tkemenade 61296236384 48355 6610

1723798356.8313055 198263422
cloud_controller_tkemenade 45424662631 36348 7485

1723798356.8318517 198263422
cloud0_tkemenade 61296236384 48480 6614

1723798357.8346214 198263847
cloud_controller_tkemenade 45424662631 36372 7490

1723798357.8349812 198263847
cloud0_tkemenade 61296236384 48521 6620

1723798357.9352574 198263894
cloud_controller_tkemenade 45426191807 36376 7490

1723798357.935777 198263894
cloud0_tkemenade 61298142267 48525 6621

1723798358.9381816 198264331
cloud_controller_tkemenade 45426191807 36394 7497

1723798358.9387352 198264331
cloud0_tkemenade 61298142267 48556 6625

1723798359.942824 198264825
cloud_controller_tkemenade 45426191807 36433 7503

1723798359.943176 198264825
cloud0_tkemenade 61298142267 48577 6629

1723798360.945506 198265429
cloud_controller_tkemenade 45426191807 36462 7511

1723798360.9460835 198265429
cloud0_tkemenade 61298142267 48615 6633

1723798361.948627 198266066
cloud_controller_tkemenade 45426191807 36484 7517

1723798361.9492428 198266067
cloud0_tkemenade 61298142267 48638 6637

1723798362.9519947 198266579
cloud_controller_tkemenade 45426191807 36512 7524

1723798362.9525363 198266579
cloud0_tkemenade 61298142267 48661 6641

1723798363.95491 198267089
cloud_controller_tkemenade 45426191807 36533 7530

1723798363.955484 198267089
cloud0_tkemenade 61298142267 48720 6646

1723798364.958253 198267590
cloud_controller_tkemenade 45426191807 36566 7538

1723798364.9588187 198267590
cloud0_tkemenade 61298142267 48760 6655

1723798365.9615362 198268094
cloud_controller_tkemenade 45426191807 36589 7548

1723798365.962081 198268094
cloud0_tkemenade 61298142267 48822 6661

1723798366.9648023 198268554
cloud_controller_tkemenade 45426191807 36614 7557

1723798366.9653788 198268555
cloud0_tkemenade 61298142267 48858 6667

1723798367.9682107 198269072
cloud_controller_tkemenade 45426191807 36654 7564

1723798367.9688056 198269072
cloud0_tkemenade 61298142267 48890 6674

1723798368.971443 198269591
cloud_controller_tkemenade 45426191807 36677 7567

1723798368.9719977 198269591
cloud0_tkemenade 61298142267 48919 6681

1723798369.1726735 198269657
cloud_controller_tkemenade 45427332347 36682 7567

1723798369.173221 198269657
cloud0_tkemenade 61299515630 48928 6682

1723798370.1757686 198270223
cloud_controller_tkemenade 45427332347 36725 7577

1723798370.1763191 198270223
cloud0_tkemenade 61299515630 48960 6688

1723798371.1785257 198270868
cloud_controller_tkemenade 45427332347 36746 7585

1723798371.1788735 198270868
cloud0_tkemenade 61299515630 49017 6696

1723798372.181399 198271445
cloud_controller_tkemenade 45427332347 36776 7593

1723798372.1819506 198271445
cloud0_tkemenade 61299515630 49050 6701

1723798373.1843903 198272023
cloud_controller_tkemenade 45427332347 36800 7601

1723798373.1849568 198272023
cloud0_tkemenade 61299515630 49077 6709

1723798374.1875393 198272580
cloud_controller_tkemenade 45427332347 36815 7611

1723798374.187904 198272580
cloud0_tkemenade 61299515630 49098 6715

1723798375.1905744 198273137
cloud_controller_tkemenade 45427332347 36842 7620

1723798375.1911585 198273137
cloud0_tkemenade 61299515630 49139 6721

1723798376.1939216 198273777
cloud_controller_tkemenade 45427332347 36867 7630

1723798376.1943896 198273777
cloud0_tkemenade 61299515630 49290 6727

1723798376.2948182 198273875
cloud_controller_tkemenade 45428598380 36868 7630

1723798376.2952046 198273875
cloud0_tkemenade 61301591924 49308 6727

1723798377.2976286 198274383
cloud_controller_tkemenade 45428598380 36904 7637

1723798377.298165 198274383
cloud0_tkemenade 61301591924 49377 6737

1723798378.3009088 198274973
cloud_controller_tkemenade 45428598380 36930 7643

1723798378.3014963 198274974
cloud0_tkemenade 61301591924 49429 6742

1723798379.304194 198275459
cloud_controller_tkemenade 45428598380 36951 7649

1723798379.304749 198275459
cloud0_tkemenade 61301591924 49455 6747

1723798380.3072143 198275994
cloud_controller_tkemenade 45428598380 37010 7663

1723798380.3077533 198275994
cloud0_tkemenade 61301591924 49492 6754

1723798381.3102927 198276659
cloud_controller_tkemenade 45428598380 37040 7677

1723798381.3107474 198276659
cloud0_tkemenade 61301591924 49522 6763

1723798382.3132317 198277233
cloud_controller_tkemenade 45428598380 37125 7685

1723798382.313782 198277233
cloud0_tkemenade 61301591924 49547 6768

1723798383.3163877 198277723
cloud_controller_tkemenade 45428598380 37148 7692

1723798383.3169138 198277723
cloud0_tkemenade 61301591924 49581 6773

1723798383.4174008 198277784
cloud_controller_tkemenade 45430338548 37150 7693

1723798383.4179556 198277784
cloud0_tkemenade 61303306651 49583 6774

1723798384.4205918 198278215
cloud_controller_tkemenade 45430338548 37168 7702

1723798384.421172 198278215
cloud0_tkemenade 61303306651 49607 6779

1723798385.4237049 198278711
cloud_controller_tkemenade 45430338548 37197 7711

1723798385.4242368 198278711
cloud0_tkemenade 61303306651 49659 6786

1723798386.4266684 198279237
cloud_controller_tkemenade 45430338548 37222 7718

1723798386.4272172 198279237
cloud0_tkemenade 61303306651 49714 6795

1723798387.4298534 198279763
cloud_controller_tkemenade 45430338548 37244 7729

1723798387.4303901 198279763
cloud0_tkemenade 61303306651 49764 6798

1723798388.432989 198280248
cloud_controller_tkemenade 45430338548 37262 7738

1723798388.4335582 198280248
cloud0_tkemenade 61303306651 49786 6803

1723798389.4359396 198280736
cloud_controller_tkemenade 45430338548 37285 7749

1723798389.4363022 198280736
cloud0_tkemenade 61303306651 49813 6808

1723798390.4386702 198281224
cloud_controller_tkemenade 45430338548 37324 7756

1723798390.4392238 198281224
cloud0_tkemenade 61303306651 49837 6815

1723798390.639893 198281373
cloud_controller_tkemenade 45431535166 37327 7757

1723798390.640453 198281373
cloud0_tkemenade 61304814786 49847 6816

1723798391.642892 198282017
cloud_controller_tkemenade 45431535166 37357 7760

1723798391.6434357 198282017
cloud0_tkemenade 61304814786 49875 6821

1723798392.6461232 198282507
cloud_controller_tkemenade 45431535166 37380 7765

1723798392.6466644 198282507
cloud0_tkemenade 61304814786 49903 6824

1723798393.64924 198283013
cloud_controller_tkemenade 45431535166 37408 7776

1723798393.649785 198283013
cloud0_tkemenade 61304814786 49931 6827

1723798394.6526396 198283523
cloud_controller_tkemenade 45431535166 37433 7780

1723798394.6532364 198283526
cloud0_tkemenade 61304814786 49983 6835

1723798395.6559682 198284068
cloud_controller_tkemenade 45431535166 37465 7788

1723798395.6565242 198284068
cloud0_tkemenade 61304814786 50051 6843

1723798396.6591847 198284617
cloud_controller_tkemenade 45431535166 37495 7795

1723798396.6597347 198284617
cloud0_tkemenade 61304814786 50107 6851

1723798397.662071 198285092
cloud_controller_tkemenade 45432786366 37520 7805

1723798397.6626105 198285092
cloud0_tkemenade 61306560287 50144 6855

1723798398.6651874 198285725
cloud_controller_tkemenade 45432786366 37549 7813

1723798398.6655173 198285725
cloud0_tkemenade 61306560287 50164 6869

1723798399.6708496 198286371
cloud_controller_tkemenade 45432786366 37574 7819

1723798399.6713843 198286371
cloud0_tkemenade 61306560287 50193 6881

1723798400.6738195 198286938
cloud_controller_tkemenade 45432786366 37619 7830

1723798400.674176 198286938
cloud0_tkemenade 61306560287 50220 6890

1723798401.6765976 198287596
cloud_controller_tkemenade 45432786366 37654 7840

1723798401.6769838 198287596
cloud0_tkemenade 61306560287 50264 6899

1723798402.6794248 198288261
cloud_controller_tkemenade 45432786366 37675 7844

1723798402.6800013 198288261
cloud0_tkemenade 61306560287 50294 6903

1723798403.6826067 198288895
cloud_controller_tkemenade 45432786366 37701 7851

1723798403.6831596 198288895
cloud0_tkemenade 61306560287 50338 6910

1723798404.6858528 198289499
cloud_controller_tkemenade 45432786366 37725 7855

1723798404.686415 198289499
cloud0_tkemenade 61306560287 50358 6919

1723798404.8870733 198289617
cloud_controller_tkemenade 45434177830 37733 7860

1723798404.8876379 198289617
cloud0_tkemenade 61308057566 50362 6922

1723798405.890067 198290247
cloud_controller_tkemenade 45434177830 37771 7868

1723798405.8904092 198290247
cloud0_tkemenade 61308057566 50425 6937

1723798406.8928733 198290973
cloud_controller_tkemenade 45434177830 37808 7877

1723798406.8932662 198290978
cloud0_tkemenade 61308057566 50501 6948

1723798407.8956857 198291639
cloud_controller_tkemenade 45434177830 37828 7883

1723798407.896102 198291639
cloud0_tkemenade 61308057566 50543 6953

1723798408.8985407 198292276
cloud_controller_tkemenade 45434177830 37855 7889

1723798408.8990777 198292276
cloud0_tkemenade 61308057566 50564 6964

1723798409.9016116 198292829
cloud_controller_tkemenade 45434177830 37891 7896

1723798409.9019432 198292829
cloud0_tkemenade 61308057566 50604 6974

1723798410.904296 198293537
cloud_controller_tkemenade 45434177830 37982 7905

1723798410.904667 198293537
cloud0_tkemenade 61308057566 50639 6979

1723798411.9071426 198294154
cloud_controller_tkemenade 45434177830 38007 7910

1723798411.9077034 198294154
cloud0_tkemenade 61308057566 50667 6983

1723798412.1083775 198294271
cloud_controller_tkemenade 45435923535 38012 7912

1723798412.1089215 198294271
cloud0_tkemenade 61310018855 50674 6985

1723798413.1115096 198294880
cloud_controller_tkemenade 45435923535 38039 7921

1723798413.1120665 198294880
cloud0_tkemenade 61310018855 50708 6988

1723798414.1148076 198295431
cloud_controller_tkemenade 45435923535 38060 7929

1723798414.1151588 198295431
cloud0_tkemenade 61310018855 50731 6991

1723798415.1179085 198295920
cloud_controller_tkemenade 45435923535 38083 7935

1723798415.1184788 198295920
cloud0_tkemenade 61310018855 50768 6998

1723798416.1212378 198296395
cloud_controller_tkemenade 45435923535 38117 7944

1723798416.1218023 198296395
cloud0_tkemenade 61310018855 50866 7002

1723798417.1245627 198296895
cloud_controller_tkemenade 45435923535 38140 7953

1723798417.1251283 198296897
cloud0_tkemenade 61310018855 50973 7005

1723798418.1277273 198297480
cloud_controller_tkemenade 45435923535 38164 7959

1723798418.128163 198297480
cloud0_tkemenade 61310018855 51016 7010

1723798419.1304731 198298123
cloud_controller_tkemenade 45437108742 38182 7969

1723798419.1308134 198298123
cloud0_tkemenade 61312055770 51037 7014

1723798420.1331985 198298705
cloud_controller_tkemenade 45437108742 38208 7976

1723798420.133729 198298705
cloud0_tkemenade 61312055770 51066 7018

1723798421.136451 198299322
cloud_controller_tkemenade 45437108742 38242 7986

1723798421.1370292 198299323
cloud0_tkemenade 61312055770 51105 7022

1723798422.1396549 198299805
cloud_controller_tkemenade 45437108742 38263 7993

1723798422.1402278 198299805
cloud0_tkemenade 61312055770 51138 7026

1723798423.1427658 198300294
cloud_controller_tkemenade 45437108742 38299 8004

1723798423.1431699 198300294
cloud0_tkemenade 61312055770 51174 7029

1723798424.145652 198300822
cloud_controller_tkemenade 45437108742 38314 8008

1723798424.1462047 198300822
cloud0_tkemenade 61312055770 51225 7035

1723798425.1491075 198301267
cloud_controller_tkemenade 45437108742 38347 8013

1723798425.149663 198301267
cloud0_tkemenade 61312055770 51274 7042

1723798426.152155 198301777
cloud_controller_tkemenade 45437108742 38383 8022

1723798426.1525848 198301777
cloud0_tkemenade 61312055770 51327 7045

1723798426.4534698 198301936
cloud_controller_tkemenade 45438365486 38390 8023

1723798426.4540198 198301936
cloud0_tkemenade 61313649572 51341 7048

1723798427.456616 198302573
cloud_controller_tkemenade 45438365486 38414 8033

1723798427.4572177 198302575
cloud0_tkemenade 61313649572 51378 7061

1723798428.4599586 198303161
cloud_controller_tkemenade 45438365486 38452 8035

1723798428.4605083 198303161
cloud0_tkemenade 61313649572 51422 7067

1723798429.462983 198303725
cloud_controller_tkemenade 45438365486 38480 8042

1723798429.4633543 198303725
cloud0_tkemenade 61313649572 51457 7075

1723798430.465881 198304253
cloud_controller_tkemenade 45438365486 38512 8053

1723798430.4664702 198304253
cloud0_tkemenade 61313649572 51494 7081

1723798431.4689627 198304989
cloud_controller_tkemenade 45438365486 38539 8058

1723798431.4695375 198304989
cloud0_tkemenade 61313649572 51544 7087

1723798432.471919 198305549
cloud_controller_tkemenade 45438365486 38573 8065

1723798432.4722538 198305549
cloud0_tkemenade 61313649572 51571 7092

1723798433.4740255 198306239
cloud_controller_tkemenade 45438365486 38596 8074

1723798433.4743247 198306239
cloud0_tkemenade 61313649572 51602 7100

1723798433.574631 198306309
cloud_controller_tkemenade 45439746032 38597 8075

1723798433.5749855 198306309
cloud0_tkemenade 61315360596 51604 7100

1723798434.5771596 198306996
cloud_controller_tkemenade 45439746032 38611 8082

1723798434.5777216 198306996
cloud0_tkemenade 61315360596 51628 7106

1723798435.5801396 198307591
cloud_controller_tkemenade 45439746032 38632 8094

1723798435.580467 198307591
cloud0_tkemenade 61315360596 51668 7116

1723798436.5826375 198308348
cloud_controller_tkemenade 45439746032 38684 8104

1723798436.5830026 198308348
cloud0_tkemenade 61315360596 51834 7121

1723798437.5851564 198309038
cloud_controller_tkemenade 45439746032 38710 8113

1723798437.585642 198309038
cloud0_tkemenade 61315360596 51924 7129

1723798438.5878043 198309622
cloud_controller_tkemenade 45439746032 38735 8121

1723798438.5881279 198309622
cloud0_tkemenade 61315360596 51953 7133

1723798439.5902863 198310207
cloud_controller_tkemenade 45439746032 38760 8127

1723798439.5908165 198310207
cloud0_tkemenade 61315360596 51984 7141

1723798440.5930943 198310813
cloud_controller_tkemenade 45439746032 38811 8137

1723798440.5934186 198310813
cloud0_tkemenade 61315360596 52020 7146

1723798440.6937053 198310887
cloud_controller_tkemenade 45441249419 38813 8137

1723798440.6940546 198310887
cloud0_tkemenade 61317864438 52021 7146

1723798441.6960087 198311582
cloud_controller_tkemenade 45441249419 38885 8142

1723798441.6963463 198311582
cloud0_tkemenade 61317864438 52054 7152

1723798442.698459 198312279
cloud_controller_tkemenade 45441249419 38931 8147

1723798442.6990066 198312279
cloud0_tkemenade 61317864438 52077 7158

1723798443.7012396 198312912
cloud_controller_tkemenade 45441249419 38958 8159

1723798443.7017612 198312912
cloud0_tkemenade 61317864438 52107 7162

1723798444.7038136 198313532
cloud_controller_tkemenade 45441249419 38978 8164

1723798444.7041886 198313532
cloud0_tkemenade 61317864438 52131 7167

1723798445.7062497 198314170
cloud_controller_tkemenade 45441249419 39006 8171

1723798445.7065763 198314170
cloud0_tkemenade 61317864438 52175 7172

1723798446.7085502 198314700
cloud_controller_tkemenade 45441249419 39033 8181

1723798446.708898 198314700
cloud0_tkemenade 61317864438 52231 7178

1723798447.7108748 198315313
cloud_controller_tkemenade 45441249419 39084 8186

1723798447.7112179 198315313
cloud0_tkemenade 61317864438 52290 7187

1723798447.9117138 198315406
cloud_controller_tkemenade 45442969931 39088 8187

1723798447.9120576 198315406
cloud0_tkemenade 61319521228 52295 7187

1723798448.9146612 198315933
cloud_controller_tkemenade 45442969931 39106 8194

1723798448.914998 198315933
cloud0_tkemenade 61319521228 52318 7191

1723798449.9171724 198316464
cloud_controller_tkemenade 45442969931 39131 8202

1723798449.9177318 198316464
cloud0_tkemenade 61319521228 52344 7194

1723798450.919973 198317043
cloud_controller_tkemenade 45442969931 39161 8207

1723798450.920317 198317043
cloud0_tkemenade 61319521228 52376 7200

1723798451.9222295 198317646
cloud_controller_tkemenade 45442969931 39188 8215

1723798451.922559 198317646
cloud0_tkemenade 61319521228 52410 7208

1723798452.9247098 198318152
cloud_controller_tkemenade 45442969931 39215 8223

1723798452.9250479 198318152
cloud0_tkemenade 61319521228 52437 7211

1723798453.9269457 198318734
cloud_controller_tkemenade 45442969931 39249 8228

1723798453.9272633 198318734
cloud0_tkemenade 61319521228 52500 7215

1723798454.929086 198319473
cloud_controller_tkemenade 45442969931 39266 8234

1723798454.9294202 198319473
cloud0_tkemenade 61319521228 52538 7224

1723798455.931275 198320023
cloud_controller_tkemenade 45442969931 39289 8240

1723798455.9315922 198320023
cloud0_tkemenade 61319521228 52578 7228

1723798456.9339197 198320579
cloud_controller_tkemenade 45442969931 39313 8247

1723798456.9342601 198320579
cloud0_tkemenade 61319521228 52630 7233

1723798457.9364946 198321130
cloud_controller_tkemenade 45442969931 39350 8254

1723798457.9370408 198321133
cloud0_tkemenade 61319521228 52673 7241

1723798458.9390543 198321591
cloud_controller_tkemenade 45442969931 39376 8260

1723798458.9393973 198321591
cloud0_tkemenade 61319521228 52712 7244

1723798459.1398249 198321694
cloud_controller_tkemenade 45444145107 39381 8261

1723798459.1401792 198321694
cloud0_tkemenade 61321075286 52721 7245

1723798460.1422625 198322075
cloud_controller_tkemenade 45444145107 39408 8269

1723798460.142578 198322075
cloud0_tkemenade 61321075286 52760 7248

1723798461.1445444 198322605
cloud_controller_tkemenade 45444145107 39437 8279

1723798461.144892 198322605
cloud0_tkemenade 61321075286 52809 7255

1723798462.1467643 198323027
cloud_controller_tkemenade 45444145107 39472 8287

1723798462.1471002 198323027
cloud0_tkemenade 61321075286 52848 7260

1723798463.149199 198323399
cloud_controller_tkemenade 45444145107 39495 8296

1723798463.1497486 198323399
cloud0_tkemenade 61321075286 52881 7267

1723798464.1522694 198323865
cloud_controller_tkemenade 45444145107 39518 8304

1723798464.1528409 198323865
cloud0_tkemenade 61321075286 52904 7272

1723798465.1553535 198324331
cloud_controller_tkemenade 45444145107 39551 8312

1723798465.155939 198324331
cloud0_tkemenade 61321075286 52941 7278

1723798466.1580772 198324857
cloud_controller_tkemenade 45444145107 39585 8322

1723798466.1584682 198324857
cloud0_tkemenade 61321075286 53016 7283

1723798466.9600375 198325189
cloud_controller_tkemenade 45445436479 39614 8326

1723798466.9603777 198325189
cloud0_tkemenade 61322808556 53079 7291

1723798467.962276 198325604
cloud_controller_tkemenade 45445436479 39639 8330

1723798467.962824 198325604
cloud0_tkemenade 61322808556 53129 7300

1723798468.9651828 198325993
cloud_controller_tkemenade 45445436479 39660 8337

1723798468.9657176 198325993
cloud0_tkemenade 61322808556 53162 7306

1723798469.968229 198326387
cloud_controller_tkemenade 45445436479 39697 8344

1723798469.9687824 198326387
cloud0_tkemenade 61322808556 53196 7311

1723798470.970846 198326937
cloud_controller_tkemenade 45445436479 39791 8350

1723798470.971177 198326937
cloud0_tkemenade 61322808556 53220 7316

1723798471.9732475 198327451
cloud_controller_tkemenade 45445436479 39852 8355

1723798471.973794 198327451
cloud0_tkemenade 61322808556 53258 7318

1723798472.9771476 198328043
cloud_controller_tkemenade 45445436479 39878 8363

1723798472.9774828 198328043
cloud0_tkemenade 61322808556 53283 7323

1723798473.9795341 198328554
cloud_controller_tkemenade 45445436479 39902 8369

1723798473.9800713 198328554
cloud0_tkemenade 61322808556 53306 7329

1723798474.9822311 198329077
cloud_controller_tkemenade 45445436479 39922 8378

1723798474.9825637 198329077
cloud0_tkemenade 61322808556 53343 7332

1723798475.9850085 198329664
cloud_controller_tkemenade 45445436479 39955 8383

1723798475.9855235 198329664
cloud0_tkemenade 61322808556 53416 7336

1723798476.9877734 198330187
cloud_controller_tkemenade 45445436479 39978 8389

1723798476.9881158 198330187
cloud0_tkemenade 61322808556 53534 7339

1723798477.9903905 198330682
cloud_controller_tkemenade 45445436479 40002 8396

1723798477.990704 198330682
cloud0_tkemenade 61322808556 53593 7352

1723798478.291476 198330801
cloud_controller_tkemenade 45446904617 40005 8397

1723798478.2918274 198330801
cloud0_tkemenade 61324673917 53602 7352

1723798479.2937336 198331281
cloud_controller_tkemenade 45446904617 40025 8401

1723798479.2940586 198331281
cloud0_tkemenade 61324673917 53642 7354

1723798480.2958953 198331645
cloud_controller_tkemenade 45446904617 40040 8415

1723798480.2962198 198331645
cloud0_tkemenade 61324673917 53664 7357

1723798481.2982087 198332195
cloud_controller_tkemenade 45446904617 40077 8423

1723798481.2985487 198332195
cloud0_tkemenade 61324673917 53696 7361

1723798482.300451 198332723
cloud_controller_tkemenade 45446904617 40107 8430

1723798482.3009584 198332723
cloud0_tkemenade 61324673917 53732 7366

1723798483.3034084 198333191
cloud_controller_tkemenade 45446904617 40135 8440

1723798483.3039513 198333191
cloud0_tkemenade 61324673917 53766 7373

1723798484.3064532 198333641
cloud_controller_tkemenade 45446904617 40154 8451

1723798484.306998 198333641
cloud0_tkemenade 61324673917 53810 7381

1723798485.3092275 198334091
cloud_controller_tkemenade 45446904617 40179 8459

1723798485.3095663 198334091
cloud0_tkemenade 61324673917 53861 7390

1723798485.6103084 198334214
cloud_controller_tkemenade 45448022538 40189 8461

1723798485.6108623 198334214
cloud0_tkemenade 61326074798 53867 7391

1723798486.6131067 198334684
cloud_controller_tkemenade 45448022538 40213 8465

1723798486.6136403 198334684
cloud0_tkemenade 61326074798 53914 7395

1723798487.615915 198335164
cloud_controller_tkemenade 45448022538 40235 8473

1723798487.6162665 198335164
cloud0_tkemenade 61326074798 53966 7401

1723798488.6185238 198335629
cloud_controller_tkemenade 45448022538 40264 8483

1723798488.6188939 198335629
cloud0_tkemenade 61326074798 53998 7407

1723798489.6211889 198336085
cloud_controller_tkemenade 45448022538 40288 8491

1723798489.6215463 198336085
cloud0_tkemenade 61326074798 54043 7415

1723798490.6240242 198336502
cloud_controller_tkemenade 45448022538 40324 8498

1723798490.6245623 198336502
cloud0_tkemenade 61326074798 54080 7419

1723798491.627115 198337042
cloud_controller_tkemenade 45448022538 40361 8503

1723798491.6275527 198337042
cloud0_tkemenade 61326074798 54133 7427

1723798492.6296964 198337447
cloud_controller_tkemenade 45448022538 40387 8510

1723798492.630215 198337447
cloud0_tkemenade 61326074798 54162 7432

1723798492.730648 198337506
cloud_controller_tkemenade 45449262840 40389 8510

1723798492.731069 198337506
cloud0_tkemenade 61327723671 54163 7433

1723798493.7332397 198337918
cloud_controller_tkemenade 45449262840 40410 8521

1723798493.7337961 198337918
cloud0_tkemenade 61327723671 54195 7438

1723798494.7362726 198338365
cloud_controller_tkemenade 45449262840 40428 8529

1723798494.7366095 198338365
cloud0_tkemenade 61327723671 54223 7443

1723798495.7387712 198338813
cloud_controller_tkemenade 45449262840 40461 8537

1723798495.7390974 198338813
cloud0_tkemenade 61327723671 54292 7446

1723798496.7411766 198339375
cloud_controller_tkemenade 45449262840 40503 8542

1723798496.741752 198339375
cloud0_tkemenade 61327723671 54444 7451

1723798497.7439947 198339927
cloud_controller_tkemenade 45449262840 40526 8544

1723798497.7445548 198339927
cloud0_tkemenade 61327723671 54517 7465

1723798498.746797 198340392
cloud_controller_tkemenade 45449262840 40550 8549

1723798498.7471397 198340392
cloud0_tkemenade 61327723671 54546 7469

1723798499.749319 198340823
cloud_controller_tkemenade 45449262840 40581 8553

1723798499.7499077 198340823
cloud0_tkemenade 61327723671 54578 7473

1723798499.8503714 198340889
cloud_controller_tkemenade 45450401922 40592 8555

1723798499.8508677 198340889
cloud0_tkemenade 61329875271 54582 7475

1723798500.853157 198341397
cloud_controller_tkemenade 45450401922 40634 8566

1723798500.8535476 198341397
cloud0_tkemenade 61329875271 54611 7482

1723798501.855756 198341935
cloud_controller_tkemenade 45450401922 40726 8573

1723798501.8562973 198341935
cloud0_tkemenade 61329875271 54649 7488

1723798502.8587215 198342311
cloud_controller_tkemenade 45450401922 40756 8580

1723798502.859294 198342311
cloud0_tkemenade 61329875271 54677 7494

1723798503.8618488 198342734
cloud_controller_tkemenade 45450401922 40785 8591

1723798503.8624046 198342734
cloud0_tkemenade 61329875271 54703 7498

1723798504.8647356 198343126
cloud_controller_tkemenade 45450401922 40806 8602

1723798504.8653202 198343127
cloud0_tkemenade 61329875271 54752 7501

1723798505.8676805 198343532
cloud_controller_tkemenade 45450401922 40836 8608

1723798505.8682566 198343532
cloud0_tkemenade 61329875271 54793 7506

1723798506.8703828 198344013
cloud_controller_tkemenade 45450401922 40864 8617

1723798506.870833 198344013
cloud0_tkemenade 61329875271 54851 7513

1723798506.971273 198344069
cloud_controller_tkemenade 45452000838 40865 8617

1723798506.9718292 198344069
cloud0_tkemenade 61331338607 54855 7513

1723798507.9742343 198344555
cloud_controller_tkemenade 45452000838 40887 8624

1723798507.9747677 198344555
cloud0_tkemenade 61331338607 54907 7518

1723798508.9771814 198345044
cloud_controller_tkemenade 45452000838 40917 8631

1723798508.9777308 198345044
cloud0_tkemenade 61331338607 54936 7522

1723798509.9803162 198345556
cloud_controller_tkemenade 45452000838 40940 8641

1723798509.9808903 198345556
cloud0_tkemenade 61331338607 54965 7527

1723798510.9831984 198346052
cloud_controller_tkemenade 45452000838 40972 8649

1723798510.9835272 198346052
cloud0_tkemenade 61331338607 55005 7532

1723798511.9859233 198346562
cloud_controller_tkemenade 45452000838 41000 8660

1723798511.98657 198346562
cloud0_tkemenade 61331338607 55037 7537

1723798512.988974 198346951
cloud_controller_tkemenade 45452000838 41020 8664

1723798512.989309 198346951
cloud0_tkemenade 61331338607 55061 7540

1723798513.9916122 198347413
cloud_controller_tkemenade 45452000838 41052 8671

1723798513.9920082 198347413
cloud0_tkemenade 61331338607 55118 7545

1723798514.1925435 198347514
cloud_controller_tkemenade 45453095900 41055 8673

1723798514.1929252 198347514
cloud0_tkemenade 61332688438 55124 7547

1723798515.1949716 198347941
cloud_controller_tkemenade 45453095900 41079 8678

1723798515.1954918 198347941
cloud0_tkemenade 61332688438 55173 7554

1723798516.1980321 198348435
cloud_controller_tkemenade 45453095900 41116 8688

1723798516.1985612 198348435
cloud0_tkemenade 61332688438 55211 7560

1723798517.2010064 198348877
cloud_controller_tkemenade 45453095900 41149 8695

1723798517.2013576 198348877
cloud0_tkemenade 61332688438 55247 7566

1723798518.2036 198349403
cloud_controller_tkemenade 45453095900 41180 8705

1723798518.2042153 198349403
cloud0_tkemenade 61332688438 55295 7577

1723798519.206898 198349844
cloud_controller_tkemenade 45453095900 41198 8712

1723798519.207422 198349844
cloud0_tkemenade 61332688438 55335 7583

1723798520.210134 198350282
cloud_controller_tkemenade 45453095900 41225 8719

1723798520.2106793 198350282
cloud0_tkemenade 61332688438 55366 7588

1723798521.2129924 198350821
cloud_controller_tkemenade 45453095900 41258 8726

1723798521.2133105 198350821
cloud0_tkemenade 61332688438 55412 7593

1723798521.3136218 198350857
cloud_controller_tkemenade 45454288138 41261 8727

1723798521.3139598 198350857
cloud0_tkemenade 61334251801 55416 7594

1723798522.3162894 198351309
cloud_controller_tkemenade 45454288138 41309 8737

1723798522.3168638 198351309
cloud0_tkemenade 61334251801 55455 7602

1723798523.3195813 198351779
cloud_controller_tkemenade 45454288138 41333 8742

1723798523.3201613 198351779
cloud0_tkemenade 61334251801 55489 7606

1723798524.3223119 198352255
cloud_controller_tkemenade 45454288138 41355 8749

1723798524.3226728 198352255
cloud0_tkemenade 61334251801 55517 7611

1723798525.3250334 198352717
cloud_controller_tkemenade 45454288138 41378 8757

1723798525.3256087 198352717
cloud0_tkemenade 61334251801 55542 7619

1723798526.3281834 198353223
cloud_controller_tkemenade 45454288138 41417 8764

1723798526.328708 198353223
cloud0_tkemenade 61334251801 55612 7628

1723798527.3309503 198353742
cloud_controller_tkemenade 45454288138 41465 8774

1723798527.3314714 198353742
cloud0_tkemenade 61334251801 55693 7638

1723798528.3338377 198354213
cloud_controller_tkemenade 45455569407 41486 8783

1723798528.334149 198354213
cloud0_tkemenade 61335957152 55737 7646

1723798529.3361998 198354677
cloud_controller_tkemenade 45455569407 41509 8791

1723798529.3365407 198354677
cloud0_tkemenade 61335957152 55762 7654

1723798530.3384566 198355129
cloud_controller_tkemenade 45455569407 41555 8800

1723798530.3387918 198355129
cloud0_tkemenade 61335957152 55799 7660

1723798531.3407037 198355791
cloud_controller_tkemenade 45455569407 41709 8805

1723798531.341038 198355791
cloud0_tkemenade 61335957152 55849 7666

1723798532.343151 198356255
cloud_controller_tkemenade 45455569407 41748 8813

1723798532.34365 198356255
cloud0_tkemenade 61335957152 55883 7670

1723798533.346108 198356615
cloud_controller_tkemenade 45455569407 41775 8823

1723798533.3466055 198356615
cloud0_tkemenade 61335957152 55913 7674

1723798534.3488557 198357019
cloud_controller_tkemenade 45455569407 41805 8829

1723798534.3493838 198357021
cloud0_tkemenade 61335957152 55934 7678

1723798535.351532 198357407
cloud_controller_tkemenade 45455569407 41832 8835

1723798535.3520596 198357407
cloud0_tkemenade 61335957152 55969 7682

1723798535.6528127 198357555
cloud_controller_tkemenade 45457517239 41843 8836

1723798535.6531506 198357560
cloud0_tkemenade 61337269924 55979 7682

1723798536.654944 198358033
cloud_controller_tkemenade 45457517239 41867 8844

1723798536.6552784 198358033
cloud0_tkemenade 61337269924 56113 7689

1723798537.6576037 198358497
cloud_controller_tkemenade 45457517239 41899 8852

1723798537.657918 198358497
cloud0_tkemenade 61337269924 56160 7696

1723798538.6601121 198358977
cloud_controller_tkemenade 45457517239 41922 8862

1723798538.660461 198358977
cloud0_tkemenade 61337269924 56217 7710

1723798539.6626353 198359463
cloud_controller_tkemenade 45457517239 41940 8869

1723798539.6631808 198359463
cloud0_tkemenade 61337269924 56240 7711

1723798540.665651 198359909
cloud_controller_tkemenade 45457517239 41964 8877

1723798540.6661723 198359909
cloud0_tkemenade 61337269924 56266 7714

1723798541.6685205 198360407
cloud_controller_tkemenade 45457517239 41989 8886

1723798541.6688511 198360407
cloud0_tkemenade 61337269924 56312 7718

1723798542.6709156 198360828
cloud_controller_tkemenade 45457517239 42018 8899

1723798542.6714046 198360828
cloud0_tkemenade 61337269924 56342 7722

1723798542.7718525 198360861
cloud_controller_tkemenade 45458698371 42020 8899

1723798542.772388 198360861
cloud0_tkemenade 61339274871 56343 7722

1723798543.7745843 198361292
cloud_controller_tkemenade 45458698371 42050 8906

1723798543.7749214 198361292
cloud0_tkemenade 61339274871 56386 7726

1723798544.7771814 198361743
cloud_controller_tkemenade 45458698371 42074 8919

1723798544.7777183 198361743
cloud0_tkemenade 61339274871 56427 7730

1723798545.7800307 198362141
cloud_controller_tkemenade 45458698371 42095 8923

1723798545.780573 198362141
cloud0_tkemenade 61339274871 56477 7733

1723798546.783086 198362576
cloud_controller_tkemenade 45458698371 42128 8933

1723798546.7836528 198362576
cloud0_tkemenade 61339274871 56530 7741

1723798547.7861512 198363047
cloud_controller_tkemenade 45458698371 42157 8939

1723798547.7867076 198363047
cloud0_tkemenade 61339274871 56579 7748

1723798548.7891262 198363564
cloud_controller_tkemenade 45458698371 42196 8950

1723798548.7896914 198363564
cloud0_tkemenade 61339274871 56633 7753

1723798549.7918437 198364058
cloud_controller_tkemenade 45458698371 42218 8958

1723798549.7923753 198364058
cloud0_tkemenade 61339274871 56693 7756

1723798549.9930105 198364144
cloud_controller_tkemenade 45459900048 42222 8959

1723798549.9935946 198364144
cloud0_tkemenade 61341049867 56696 7756

1723798550.9957843 198364647
cloud_controller_tkemenade 45459900048 42257 8966

1723798550.9961739 198364647
cloud0_tkemenade 61341049867 56747 7761

1723798551.9982564 198365152
cloud_controller_tkemenade 45459900048 42295 8974

1723798551.9986749 198365152
cloud0_tkemenade 61341049867 56788 7764

1723798553.0008252 198365614
cloud_controller_tkemenade 45459900048 42324 8983

1723798553.0013883 198365616
cloud0_tkemenade 61341049867 56828 7768

1723798554.0037339 198366087
cloud_controller_tkemenade 45459900048 42349 8988

1723798554.0040836 198366087
cloud0_tkemenade 61341049867 56850 7773

1723798555.0061626 198366685
cloud_controller_tkemenade 45459900048 42380 8993

1723798555.0064929 198366685
cloud0_tkemenade 61341049867 56895 7776

1723798556.0085673 198367134
cloud_controller_tkemenade 45459900048 42410 9000

1723798556.0091047 198367137
cloud0_tkemenade 61341049867 57000 7780

1723798557.0109699 198367676
cloud_controller_tkemenade 45459900048 42450 9006

1723798557.0113437 198367676
cloud0_tkemenade 61341049867 57124 7789

1723798557.3119876 198367855
cloud_controller_tkemenade 45461261127 42463 9011

1723798557.312343 198367855
cloud0_tkemenade 61343289678 57135 7790

1723798558.3142548 198368304
cloud_controller_tkemenade 45461261127 42486 9017

1723798558.3147912 198368304
cloud0_tkemenade 61343289678 57195 7797

1723798559.317248 198368807
cloud_controller_tkemenade 45461261127 42507 9024

1723798559.3178198 198368807
cloud0_tkemenade 61343289678 57244 7805

1723798560.3200743 198369304
cloud_controller_tkemenade 45461261127 42557 9031

1723798560.3204176 198369304
cloud0_tkemenade 61343289678 57279 7811

1723798561.32255 198369845
cloud_controller_tkemenade 45461261127 42587 9042

1723798561.3228805 198369845
cloud0_tkemenade 61343289678 57306 7818

1723798562.32497 198370347
cloud_controller_tkemenade 45461261127 42673 9047

1723798562.3253055 198370348
cloud0_tkemenade 61343289678 57334 7822

1723798563.327899 198370826
cloud_controller_tkemenade 45461261127 42703 9055

1723798563.3284466 198370826
cloud0_tkemenade 61343289678 57375 7827

1723798564.3306842 198371269
cloud_controller_tkemenade 45461261127 42730 9064

1723798564.3312137 198371269
cloud0_tkemenade 61343289678 57400 7831

1723798564.4316647 198371305
cloud_controller_tkemenade 45462814670 42732 9065

1723798564.431996 198371305
cloud0_tkemenade 61344766974 57404 7832

1723798565.434213 198371685
cloud_controller_tkemenade 45462814670 42752 9074

1723798565.434745 198371685
cloud0_tkemenade 61344766974 57439 7837

