1723485834.624884 100158702
cloud_controller_tkemenade 35433762960 35234 6961
cloud0_tkemenade 50838374099 47082 6464

1723485835.6278665 100159098
cloud_controller_tkemenade 35433762960 35262 6970

1723485835.6284335 100159098
cloud0_tkemenade 50838374099 47124 6470

1723485836.630895 100159525
cloud_controller_tkemenade 35433762960 35306 6980

1723485836.6314418 100159525
cloud0_tkemenade 50838374099 47209 6482

1723485837.634022 100159957
cloud_controller_tkemenade 35433762960 35333 6990

1723485837.634538 100159957
cloud0_tkemenade 50838374099 47273 6489

1723485837.7349863 100160002
cloud_controller_tkemenade 35434991422 35335 6990

1723485837.7354832 100160002
cloud0_tkemenade 50840560536 47279 6489

1723485838.7380044 100160388
cloud_controller_tkemenade 35434991422 35373 7003

1723485838.7385132 100160388
cloud0_tkemenade 50840560536 47315 6494

1723485839.7409132 100160778
cloud_controller_tkemenade 35434991422 35405 7009

1723485839.7412941 100160779
cloud0_tkemenade 50840560536 47338 6498

1723485840.7435784 100161154
cloud_controller_tkemenade 35434991422 35441 7017

1723485840.7441273 100161154
cloud0_tkemenade 50840560536 47376 6504

1723485841.7465894 100161562
cloud_controller_tkemenade 35434991422 35473 7027

1723485841.747133 100161562
cloud0_tkemenade 50840560536 47411 6512

1723485842.749582 100161961
cloud_controller_tkemenade 35434991422 35494 7037

1723485842.7501395 100161961
cloud0_tkemenade 50840560536 47459 6517

1723485843.7525487 100162373
cloud_controller_tkemenade 35434991422 35530 7048

1723485843.7531233 100162374
cloud0_tkemenade 50840560536 47499 6523

1723485844.7555077 100162742
cloud_controller_tkemenade 35434991422 35548 7055

1723485844.7560565 100162742
cloud0_tkemenade 50840560536 47549 6528

1723485845.05704 100162883
cloud_controller_tkemenade 35435974739 35560 7058

1723485845.0576456 100162883
cloud0_tkemenade 50841648966 47563 6530

1723485846.060149 100163256
cloud_controller_tkemenade 35435974739 35590 7063

1723485846.0605774 100163256
cloud0_tkemenade 50841648966 47609 6539

1723485847.063134 100163643
cloud_controller_tkemenade 35435974739 35614 7073

1723485847.0636861 100163643
cloud0_tkemenade 50841648966 47656 6548

1723485848.0662856 100164008
cloud_controller_tkemenade 35435974739 35639 7082

1723485848.0668428 100164008
cloud0_tkemenade 50841648966 47693 6552

1723485849.0694132 100164411
cloud_controller_tkemenade 35435974739 35679 7093

1723485849.0699646 100164411
cloud0_tkemenade 50841648966 47720 6555

1723485850.0724614 100164773
cloud_controller_tkemenade 35435974739 35699 7100

1723485850.0728116 100164773
cloud0_tkemenade 50841648966 47746 6561

1723485851.0751011 100165238
cloud_controller_tkemenade 35435974739 35723 7105

1723485851.0756326 100165238
cloud0_tkemenade 50841648966 47881 6564

1723485852.0780385 100165640
cloud_controller_tkemenade 35435974739 35752 7113

1723485852.0785325 100165640
cloud0_tkemenade 50841648966 47943 6574

1723485852.1789591 100165685
cloud_controller_tkemenade 35436855237 35755 7114

1723485852.179307 100165685
cloud0_tkemenade 50843143357 47948 6574

1723485853.1818936 100166136
cloud_controller_tkemenade 35436855237 35785 7121

1723485853.1824403 100166136
cloud0_tkemenade 50843143357 48070 6579

1723485854.1851444 100166624
cloud_controller_tkemenade 35436855237 35818 7127

1723485854.185715 100166624
cloud0_tkemenade 50843143357 48164 6589

1723485855.1883595 100167004
cloud_controller_tkemenade 35436855237 35840 7133

1723485855.188915 100167004
cloud0_tkemenade 50843143357 48227 6595

1723485856.191425 100167430
cloud_controller_tkemenade 35436855237 35872 7146

1723485856.1918073 100167430
cloud0_tkemenade 50843143357 48274 6603

1723485857.1942482 100167875
cloud_controller_tkemenade 35436855237 35890 7157

1723485857.194787 100167875
cloud0_tkemenade 50843143357 48355 6606

1723485858.197456 100168314
cloud_controller_tkemenade 35436855237 35928 7165

1723485858.1980238 100168314
cloud0_tkemenade 50843143357 48392 6610

1723485859.2006457 100168740
cloud_controller_tkemenade 35436855237 36028 7170

1723485859.2012424 100168743
cloud0_tkemenade 50843143357 48431 6618

1723485859.3017144 100168780
cloud_controller_tkemenade 35438038868 36031 7170

1723485859.3022487 100168780
cloud0_tkemenade 50845044233 48433 6619

1723485860.30477 100169101
cloud_controller_tkemenade 35438038868 36052 7176

1723485860.305369 100169102
cloud0_tkemenade 50845044233 48459 6621

1723485861.3080325 100169474
cloud_controller_tkemenade 35438038868 36077 7187

1723485861.3085864 100169474
cloud0_tkemenade 50845044233 48485 6628

1723485862.3111079 100169891
cloud_controller_tkemenade 35438038868 36110 7202

1723485862.311638 100169891
cloud0_tkemenade 50845044233 48529 6638

1723485863.3142378 100170294
cloud_controller_tkemenade 35438038868 36136 7206

1723485863.3148043 100170294
cloud0_tkemenade 50845044233 48586 6645

1723485864.3172247 100170697
cloud_controller_tkemenade 35438038868 36163 7215

1723485864.3178012 100170697
cloud0_tkemenade 50845044233 48613 6651

1723485865.3204415 100171071
cloud_controller_tkemenade 35438038868 36200 7222

1723485865.320996 100171071
cloud0_tkemenade 50845044233 48656 6656

1723485866.3233316 100171485
cloud_controller_tkemenade 35438038868 36235 7230

1723485866.3238711 100171485
cloud0_tkemenade 50845044233 48712 6661

1723485866.424355 100171527
cloud_controller_tkemenade 35438969199 36242 7232

1723485866.4248042 100171527
cloud0_tkemenade 50846179375 48727 6662

1723485867.427153 100171938
cloud_controller_tkemenade 35438969199 36274 7240

1723485867.4276364 100171938
cloud0_tkemenade 50846179375 48798 6672

1723485868.430325 100172330
cloud_controller_tkemenade 35438969199 36298 7244

1723485868.4308665 100172330
cloud0_tkemenade 50846179375 48837 6678

1723485869.4333878 100172778
cloud_controller_tkemenade 35438969199 36344 7257

1723485869.4338722 100172778
cloud0_tkemenade 50846179375 48872 6684

1723485870.436345 100173188
cloud_controller_tkemenade 35438969199 36393 7271

1723485870.4368799 100173188
cloud0_tkemenade 50846179375 48908 6691

1723485871.4393945 100173603
cloud_controller_tkemenade 35438969199 36420 7282

1723485871.4399517 100173603
cloud0_tkemenade 50846179375 48934 6696

1723485872.4422617 100173986
cloud_controller_tkemenade 35438969199 36442 7287

1723485872.4427938 100173986
cloud0_tkemenade 50846179375 48969 6701

1723485873.4453287 100174396
cloud_controller_tkemenade 35438969199 36464 7295

1723485873.4458823 100174396
cloud0_tkemenade 50846179375 49028 6708

1723485873.6465192 100174482
cloud_controller_tkemenade 35439980353 36474 7297

1723485873.6470048 100174482
cloud0_tkemenade 50847423608 49034 6708

1723485874.6495152 100174861
cloud_controller_tkemenade 35439980353 36496 7300

1723485874.650078 100174861
cloud0_tkemenade 50847423608 49065 6712

1723485875.652642 100175281
cloud_controller_tkemenade 35439980353 36531 7309

1723485875.6532052 100175283
cloud0_tkemenade 50847423608 49100 6718

1723485876.6556454 100175680
cloud_controller_tkemenade 35439980353 36556 7314

1723485876.6559923 100175680
cloud0_tkemenade 50847423608 49152 6725

1723485877.658365 100176090
cloud_controller_tkemenade 35439980353 36592 7323

1723485877.6589143 100176090
cloud0_tkemenade 50847423608 49189 6734

1723485878.6616948 100176467
cloud_controller_tkemenade 35439980353 36611 7329

1723485878.6622543 100176467
cloud0_tkemenade 50847423608 49222 6739

1723485879.6648324 100176926
cloud_controller_tkemenade 35439980353 36660 7337

1723485879.6653833 100176928
cloud0_tkemenade 50847423608 49254 6745

1723485880.6678636 100177268
cloud_controller_tkemenade 35439980353 36678 7343

1723485880.6684175 100177268
cloud0_tkemenade 50847423608 49297 6751

1723485880.8691382 100177358
cloud_controller_tkemenade 35440872209 36680 7344

1723485880.8697133 100177358
cloud0_tkemenade 50848480115 49300 6752

1723485881.872208 100177762
cloud_controller_tkemenade 35440872209 36709 7351

1723485881.8727672 100177762
cloud0_tkemenade 50848480115 49339 6758

1723485882.8753736 100178180
cloud_controller_tkemenade 35440872209 36733 7358

1723485882.8757184 100178180
cloud0_tkemenade 50848480115 49409 6764

1723485883.878245 100178561
cloud_controller_tkemenade 35440872209 36772 7365

1723485883.8788815 100178561
cloud0_tkemenade 50848480115 49463 6772

1723485884.8815145 100178990
cloud_controller_tkemenade 35440872209 36800 7371

1723485884.882069 100178990
cloud0_tkemenade 50848480115 49515 6778

1723485885.8845797 100179373
cloud_controller_tkemenade 35440872209 36827 7380

1723485885.885167 100179374
cloud0_tkemenade 50848480115 49565 6785

1723485886.8876207 100179863
cloud_controller_tkemenade 35440872209 36846 7385

1723485886.8881435 100179863
cloud0_tkemenade 50848480115 49631 6791

1723485887.8905017 100180248
cloud_controller_tkemenade 35440872209 36875 7395

1723485887.8911238 100180248
cloud0_tkemenade 50848480115 49675 6796

1723485887.9916177 100180302
cloud_controller_tkemenade 35441716806 36894 7396

1723485887.992062 100180302
cloud0_tkemenade 50849943388 49677 6796

1723485888.9945438 100180730
cloud_controller_tkemenade 35441716806 36968 7401

1723485888.9951005 100180730
cloud0_tkemenade 50849943388 49716 6802

1723485889.9977689 100181137
cloud_controller_tkemenade 35441716806 37007 7410

1723485889.9983234 100181137
cloud0_tkemenade 50849943388 49739 6804

1723485891.000927 100181510
cloud_controller_tkemenade 35441716806 37035 7417

1723485891.0015047 100181510
cloud0_tkemenade 50849943388 49758 6807

1723485892.0040553 100181901
cloud_controller_tkemenade 35441716806 37068 7431

1723485892.0046067 100181901
cloud0_tkemenade 50849943388 49794 6812

1723485893.0071554 100182324
cloud_controller_tkemenade 35441716806 37097 7440

1723485893.0077076 100182324
cloud0_tkemenade 50849943388 49844 6817

1723485894.0102732 100182756
cloud_controller_tkemenade 35441716806 37179 7449

1723485894.0108452 100182756
cloud0_tkemenade 50849943388 49872 6824

1723485895.0131738 100183122
cloud_controller_tkemenade 35441716806 37203 7454

1723485895.013723 100183122
cloud0_tkemenade 50849943388 49914 6829

1723485895.1141827 100183163
cloud_controller_tkemenade 35443071630 37206 7455

1723485895.1147542 100183163
cloud0_tkemenade 50850894867 49918 6830

1723485896.1172311 100183580
cloud_controller_tkemenade 35443071630 37247 7464

1723485896.1178048 100183580
cloud0_tkemenade 50850894867 49983 6838

1723485897.120377 100184038
cloud_controller_tkemenade 35443071630 37288 7471

1723485897.120921 100184038
cloud0_tkemenade 50850894867 50069 6847

1723485898.12345 100184424
cloud_controller_tkemenade 35443071630 37311 7479

1723485898.124023 100184424
cloud0_tkemenade 50850894867 50104 6853

1723485899.1265674 100184795
cloud_controller_tkemenade 35443071630 37348 7487

1723485899.1271174 100184795
cloud0_tkemenade 50850894867 50137 6858

1723485900.129674 100185225
cloud_controller_tkemenade 35443071630 37392 7498

1723485900.130224 100185225
cloud0_tkemenade 50850894867 50183 6865

1723485901.1328256 100185588
cloud_controller_tkemenade 35443071630 37422 7507

1723485901.1333702 100185589
cloud0_tkemenade 50850894867 50205 6871

1723485902.1356404 100185970
cloud_controller_tkemenade 35443071630 37440 7517

1723485902.1360123 100185970
cloud0_tkemenade 50850894867 50235 6876

1723485902.3365736 100186021
cloud_controller_tkemenade 35444113552 37443 7517

1723485902.3371794 100186023
cloud0_tkemenade 50852169485 50239 6877

1723485903.3397315 100186402
cloud_controller_tkemenade 35444113552 37473 7522

1723485903.3402915 100186402
cloud0_tkemenade 50852169485 50288 6886

1723485904.342824 100186798
cloud_controller_tkemenade 35444113552 37505 7532

1723485904.3433666 100186798
cloud0_tkemenade 50852169485 50309 6890

1723485905.3459594 100187192
cloud_controller_tkemenade 35444113552 37531 7541

1723485905.3465142 100187192
cloud0_tkemenade 50852169485 50358 6893

1723485906.3491757 100187576
cloud_controller_tkemenade 35444113552 37565 7552

1723485906.3497252 100187576
cloud0_tkemenade 50852169485 50392 6898

1723485907.3522732 100187987
cloud_controller_tkemenade 35444113552 37586 7561

1723485907.3526397 100187987
cloud0_tkemenade 50852169485 50448 6911

1723485908.355184 100188398
cloud_controller_tkemenade 35444113552 37610 7571

1723485908.355743 100188398
cloud0_tkemenade 50852169485 50484 6917

1723485909.35833 100188780
cloud_controller_tkemenade 35444113552 37640 7579

1723485909.3588536 100188780
cloud0_tkemenade 50852169485 50505 6923

1723485909.5594542 100188853
cloud_controller_tkemenade 35445005830 37642 7579

1723485909.5600445 100188853
cloud0_tkemenade 50853273722 50515 6923

1723485910.5624764 100189272
cloud_controller_tkemenade 35445005830 37672 7590

1723485910.5630152 100189272
cloud0_tkemenade 50853273722 50614 6927

1723485911.565585 100189683
cloud_controller_tkemenade 35445005830 37690 7597

1723485911.5661428 100189683
cloud0_tkemenade 50853273722 50685 6930

1723485912.5688095 100190062
cloud_controller_tkemenade 35445005830 37716 7604

1723485912.5694063 100190064
cloud0_tkemenade 50853273722 50750 6936

1723485913.5718231 100190550
cloud_controller_tkemenade 35445005830 37742 7612

1723485913.5723746 100190550
cloud0_tkemenade 50853273722 50898 6941

1723485914.5748243 100190959
cloud_controller_tkemenade 35445005830 37775 7620

1723485914.575395 100190959
cloud0_tkemenade 50853273722 50957 6954

1723485915.5780237 100191397
cloud_controller_tkemenade 35445005830 37801 7626

1723485915.5785892 100191397
cloud0_tkemenade 50853273722 51010 6963

1723485916.5811257 100191763
cloud_controller_tkemenade 35445005830 37826 7636

1723485916.5816722 100191763
cloud0_tkemenade 50853273722 51041 6968

1723485916.78233 100191859
cloud_controller_tkemenade 35445853342 37830 7639

1723485916.7827735 100191859
cloud0_tkemenade 50855275665 51052 6968

1723485917.785277 100192283
cloud_controller_tkemenade 35445853342 37851 7646

1723485917.785829 100192283
cloud0_tkemenade 50855275665 51112 6978

1723485918.788275 100192701
cloud_controller_tkemenade 35445853342 37889 7652

1723485918.7888484 100192701
cloud0_tkemenade 50855275665 51151 6984

1723485919.7914686 100193132
cloud_controller_tkemenade 35445853342 37918 7660

1723485919.7920191 100193132
cloud0_tkemenade 50855275665 51172 6989

1723485920.7947974 100193536
cloud_controller_tkemenade 35445853342 37944 7669

1723485920.7954252 100193536
cloud0_tkemenade 50855275665 51195 6993

1723485921.7982728 100193978
cloud_controller_tkemenade 35445853342 37982 7673

1723485921.7988853 100193978
cloud0_tkemenade 50855275665 51221 7000

1723485922.8016195 100194422
cloud_controller_tkemenade 35445853342 38008 7683

1723485922.8022764 100194422
cloud0_tkemenade 50855275665 51274 7005

1723485923.8052053 100194848
cloud_controller_tkemenade 35446716001 38029 7690

1723485923.8055983 100194848
cloud0_tkemenade 50856293941 51302 7011

1723485924.8083847 100195251
cloud_controller_tkemenade 35446716001 38057 7699

1723485924.8089435 100195251
cloud0_tkemenade 50856293941 51342 7017

1723485925.8117914 100195722
cloud_controller_tkemenade 35446716001 38100 7705

1723485925.8123848 100195722
cloud0_tkemenade 50856293941 51409 7021

1723485926.8152118 100196161
cloud_controller_tkemenade 35446716001 38141 7714

1723485926.81569 100196161
cloud0_tkemenade 50856293941 51469 7027

1723485927.8185089 100196643
cloud_controller_tkemenade 35446716001 38163 7719

1723485927.8191385 100196643
cloud0_tkemenade 50856293941 51542 7043

1723485928.8220916 100197100
cloud_controller_tkemenade 35446716001 38193 7728

1723485928.8227358 100197100
cloud0_tkemenade 50856293941 51575 7047

1723485929.8254707 100197642
cloud_controller_tkemenade 35446716001 38238 7736

1723485929.8260915 100197642
cloud0_tkemenade 50856293941 51604 7057

1723485930.8286502 100198113
cloud_controller_tkemenade 35446716001 38273 7744

1723485930.8292584 100198113
cloud0_tkemenade 50856293941 51635 7066

1723485930.9297469 100198155
cloud_controller_tkemenade 35447706560 38273 7745

1723485930.9303114 100198155
cloud0_tkemenade 50857585975 51637 7066

1723485931.9329715 100198583
cloud_controller_tkemenade 35447706560 38297 7751

1723485931.9336324 100198583
cloud0_tkemenade 50857585975 51662 7073

1723485932.9365003 100199068
cloud_controller_tkemenade 35447706560 38319 7759

1723485932.9371765 100199070
cloud0_tkemenade 50857585975 51717 7083

1723485933.940214 100199523
cloud_controller_tkemenade 35447706560 38347 7764

1723485933.9408445 100199523
cloud0_tkemenade 50857585975 51747 7091

1723485934.9435282 100200008
cloud_controller_tkemenade 35447706560 38378 7773

1723485934.9441493 100200008
cloud0_tkemenade 50857585975 51784 7094

1723485935.9470725 100200444
cloud_controller_tkemenade 35447706560 38403 7781

1723485935.9476893 100200444
cloud0_tkemenade 50857585975 51813 7097

1723485936.950426 100200884
cloud_controller_tkemenade 35447706560 38434 7789

1723485936.9510696 100200884
cloud0_tkemenade 50857585975 51848 7101

1723485937.9538887 100201316
cloud_controller_tkemenade 35447706560 38452 7797

1723485937.9545584 100201316
cloud0_tkemenade 50857585975 51909 7110

1723485938.1551166 100201427
cloud_controller_tkemenade 35448474985 38457 7799

1723485938.1556044 100201427
cloud0_tkemenade 50858638880 51913 7111

1723485939.158388 100201797
cloud_controller_tkemenade 35448474985 38479 7808

1723485939.1590257 100201797
cloud0_tkemenade 50858638880 51941 7119

1723485940.1619015 100202242
cloud_controller_tkemenade 35448474985 38515 7813

1723485940.1623993 100202242
cloud0_tkemenade 50858638880 51973 7125

1723485941.164882 100202614
cloud_controller_tkemenade 35448474985 38554 7821

1723485941.165533 100202614
cloud0_tkemenade 50858638880 51999 7131

1723485942.1683617 100203019
cloud_controller_tkemenade 35448474985 38574 7825

1723485942.1687639 100203019
cloud0_tkemenade 50858638880 52041 7136

1723485943.171554 100203408
cloud_controller_tkemenade 35448474985 38604 7835

1723485943.1721668 100203408
cloud0_tkemenade 50858638880 52106 7144

1723485944.1750016 100203802
cloud_controller_tkemenade 35448474985 38634 7843

1723485944.1756303 100203802
cloud0_tkemenade 50858638880 52166 7152

1723485945.1785717 100204213
cloud_controller_tkemenade 35448474985 38664 7856

1723485945.1791484 100204213
cloud0_tkemenade 50858638880 52237 7161

1723485945.2796373 100204235
cloud_controller_tkemenade 35449404976 38667 7856

1723485945.2802227 100204235
cloud0_tkemenade 50859940173 52240 7161

1723485946.2831268 100204633
cloud_controller_tkemenade 35449404976 38693 7862

1723485946.2837012 100204633
cloud0_tkemenade 50859940173 52289 7168

1723485947.286242 100204993
cloud_controller_tkemenade 35449404976 38713 7869

1723485947.286746 100204993
cloud0_tkemenade 50859940173 52335 7173

1723485948.2894387 100205481
cloud_controller_tkemenade 35449404976 38806 7875

1723485948.2897828 100205481
cloud0_tkemenade 50859940173 52402 7183

1723485949.2922578 100205884
cloud_controller_tkemenade 35449404976 38830 7880

1723485949.2927787 100205884
cloud0_tkemenade 50859940173 52434 7188

1723485950.2953947 100206289
cloud_controller_tkemenade 35449404976 38868 7887

1723485950.2959542 100206289
cloud0_tkemenade 50859940173 52451 7195

1723485951.2986083 100206654
cloud_controller_tkemenade 35449404976 38901 7897

1723485951.2991567 100206654
cloud0_tkemenade 50859940173 52479 7199

1723485952.3015752 100207085
cloud_controller_tkemenade 35449404976 38935 7904

1723485952.3019204 100207085
cloud0_tkemenade 50859940173 52506 7202

1723485952.5024567 100207138
cloud_controller_tkemenade 35450506514 38942 7906

1723485952.5030134 100207138
cloud0_tkemenade 50861011393 52521 7202

1723485953.5055254 100207575
cloud_controller_tkemenade 35450506514 39027 7909

1723485953.5060813 100207575
cloud0_tkemenade 50861011393 52568 7206

1723485954.5087106 100208002
cloud_controller_tkemenade 35450506514 39051 7917

1723485954.5092957 100208002
cloud0_tkemenade 50861011393 52606 7211

1723485955.5119243 100208406
cloud_controller_tkemenade 35450506514 39082 7922

1723485955.5124745 100208406
cloud0_tkemenade 50861011393 52636 7215

1723485956.5150928 100208828
cloud_controller_tkemenade 35450506514 39145 7929

1723485956.515664 100208828
cloud0_tkemenade 50861011393 52697 7220

1723485957.5183423 100209293
cloud_controller_tkemenade 35450506514 39166 7935

1723485957.5188773 100209293
cloud0_tkemenade 50861011393 52763 7227

1723485958.5213683 100209690
cloud_controller_tkemenade 35450506514 39192 7944

1723485958.521903 100209690
cloud0_tkemenade 50861011393 52823 7237

1723485959.5242357 100210106
cloud_controller_tkemenade 35450506514 39225 7953

1723485959.5246863 100210106
cloud0_tkemenade 50861011393 52855 7241

1723485959.625059 100210156
cloud_controller_tkemenade 35451658352 39226 7954

1723485959.6264951 100210156
cloud0_tkemenade 50862333232 52857 7242

1723485960.6289127 100210548
cloud_controller_tkemenade 35451658352 39285 7964

1723485960.6295166 100210548
cloud0_tkemenade 50862333232 52890 7247

1723485961.6321824 100210961
cloud_controller_tkemenade 35451658352 39312 7969

1723485961.6327455 100210961
cloud0_tkemenade 50862333232 52921 7250

1723485962.6354685 100211377
cloud_controller_tkemenade 35451658352 39337 7975

1723485962.6358254 100211377
cloud0_tkemenade 50862333232 52968 7254

1723485963.638141 100211768
cloud_controller_tkemenade 35451658352 39357 7981

1723485963.6386902 100211768
cloud0_tkemenade 50862333232 53001 7261

1723485964.6414623 100212167
cloud_controller_tkemenade 35451658352 39393 7990

1723485964.6420262 100212167
cloud0_tkemenade 50862333232 53036 7265

1723485965.6446233 100212565
cloud_controller_tkemenade 35451658352 39428 7995

1723485965.6451766 100212566
cloud0_tkemenade 50862333232 53074 7269

1723485966.6476014 100212955
cloud_controller_tkemenade 35451658352 39459 8002

1723485966.6481395 100212955
cloud0_tkemenade 50862333232 53112 7273

1723485966.748605 100212997
cloud_controller_tkemenade 35452627005 39461 8004

1723485966.749221 100212999
cloud0_tkemenade 50863318999 53114 7273

1723485967.751855 100213416
cloud_controller_tkemenade 35452627005 39483 8009

1723485967.7524047 100213416
cloud0_tkemenade 50863318999 53156 7279

1723485968.755001 100213804
cloud_controller_tkemenade 35452627005 39504 8017

1723485968.7554944 100213804
cloud0_tkemenade 50863318999 53208 7289

1723485969.7578974 100214250
cloud_controller_tkemenade 35452627005 39534 8023

1723485969.758465 100214250
cloud0_tkemenade 50863318999 53232 7293

1723485970.761113 100214728
cloud_controller_tkemenade 35452627005 39570 8030

1723485970.7616522 100214728
cloud0_tkemenade 50863318999 53382 7295

1723485971.7643754 100215114
cloud_controller_tkemenade 35452627005 39601 8037

1723485971.764933 100215114
cloud0_tkemenade 50863318999 53429 7299

1723485972.7674227 100215553
cloud_controller_tkemenade 35452627005 39625 8044

1723485972.7677896 100215553
cloud0_tkemenade 50863318999 53516 7306

1723485973.7701333 100216000
cloud_controller_tkemenade 35452627005 39651 8052

1723485973.770606 100216000
cloud0_tkemenade 50863318999 53651 7313

1723485973.971152 100216071
cloud_controller_tkemenade 35453478260 39654 8053

1723485973.9716573 100216071
cloud0_tkemenade 50865408443 53672 7319

1723485974.9740481 100216498
cloud_controller_tkemenade 35453478260 39687 8061

1723485974.974599 100216498
cloud0_tkemenade 50865408443 53712 7338

1723485975.97724 100216882
cloud_controller_tkemenade 35453478260 39708 8067

1723485975.9777973 100216882
cloud0_tkemenade 50865408443 53739 7361

1723485976.9803898 100217335
cloud_controller_tkemenade 35453478260 39738 8074

1723485976.980934 100217335
cloud0_tkemenade 50865408443 53759 7379

1723485977.9835296 100217849
cloud_controller_tkemenade 35453478260 39773 8081

1723485977.9841027 100217849
cloud0_tkemenade 50865408443 53831 7389

1723485978.9865155 100218343
cloud_controller_tkemenade 35453478260 39827 8088

1723485978.9870648 100218343
cloud0_tkemenade 50865408443 53891 7394

1723485979.9895809 100218821
cloud_controller_tkemenade 35453478260 39867 8093

1723485979.9901261 100218821
cloud0_tkemenade 50865408443 53921 7395

1723485980.9927452 100219284
cloud_controller_tkemenade 35454487925 39898 8104

1723485980.9931607 100219287
cloud0_tkemenade 50866654267 53948 7397

1723485981.9956095 100219732
cloud_controller_tkemenade 35454487925 39936 8112

1723485981.9961858 100219732
cloud0_tkemenade 50866654267 53980 7404

1723485982.9983995 100220230
cloud_controller_tkemenade 35454487925 39963 8118

1723485982.9988282 100220230
cloud0_tkemenade 50866654267 54033 7421

1723485984.0010164 100220658
cloud_controller_tkemenade 35454487925 39982 8124

1723485984.0015764 100220658
cloud0_tkemenade 50866654267 54045 7448

1723485985.0042746 100221090
cloud_controller_tkemenade 35454487925 40021 8130

1723485985.0048614 100221090
cloud0_tkemenade 50866654267 54067 7468

1723485986.0074878 100221547
cloud_controller_tkemenade 35454487925 40053 8137

1723485986.0080528 100221547
cloud0_tkemenade 50866654267 54119 7483

1723485987.0105016 100222034
cloud_controller_tkemenade 35454487925 40095 8148

1723485987.011061 100222034
cloud0_tkemenade 50866654267 54184 7492

1723485988.0136979 100222506
cloud_controller_tkemenade 35454487925 40116 8151

1723485988.014225 100222506
cloud0_tkemenade 50866654267 54229 7500

1723485988.1146502 100222558
cloud_controller_tkemenade 35455404421 40121 8151

1723485988.1151848 100222558
cloud0_tkemenade 50867973210 54235 7501

1723485989.1178284 100222944
cloud_controller_tkemenade 35455404421 40144 8164

1723485989.1183844 100222944
cloud0_tkemenade 50867973210 54286 7511

1723485990.121116 100223443
cloud_controller_tkemenade 35455404421 40193 8173

1723485990.1216795 100223443
cloud0_tkemenade 50867973210 54314 7520

1723485991.1243322 100223870
cloud_controller_tkemenade 35455404421 40227 8182

1723485991.1248946 100223870
cloud0_tkemenade 50867973210 54339 7523

1723485992.1275656 100224316
cloud_controller_tkemenade 35455404421 40250 8190

1723485992.127963 100224316
cloud0_tkemenade 50867973210 54374 7526

1723485993.1305118 100224745
cloud_controller_tkemenade 35455404421 40280 8201

1723485993.13106 100224745
cloud0_tkemenade 50867973210 54439 7532

1723485994.133681 100225168
cloud_controller_tkemenade 35455404421 40297 8208

1723485994.1342385 100225168
cloud0_tkemenade 50867973210 54471 7535

1723485995.1366491 100225574
cloud_controller_tkemenade 35455404421 40334 8215

1723485995.1372507 100225575
cloud0_tkemenade 50867973210 54515 7538

1723485995.3379755 100225642
cloud_controller_tkemenade 35456354500 40340 8217

1723485995.338533 100225642
cloud0_tkemenade 50869053300 54522 7538

1723485996.3409986 100226047
cloud_controller_tkemenade 35456354500 40365 8223

1723485996.3415568 100226047
cloud0_tkemenade 50869053300 54552 7541

1723485997.3441641 100226445
cloud_controller_tkemenade 35456354500 40393 8234

1723485997.3447032 100226445
cloud0_tkemenade 50869053300 54579 7545

1723485998.3474097 100226874
cloud_controller_tkemenade 35456354500 40418 8239

1723485998.3479695 100226874
cloud0_tkemenade 50869053300 54621 7550

1723485999.350484 100227290
cloud_controller_tkemenade 35456354500 40437 8248

1723485999.3510382 100227290
cloud0_tkemenade 50869053300 54665 7560

1723486000.353387 100227708
cloud_controller_tkemenade 35456354500 40475 8254

1723486000.3539345 100227708
cloud0_tkemenade 50869053300 54695 7567

1723486001.3565958 100228111
cloud_controller_tkemenade 35456354500 40499 8261

1723486001.357184 100228115
cloud0_tkemenade 50869053300 54720 7571

1723486002.3600934 100228504
cloud_controller_tkemenade 35456354500 40525 8266

1723486002.3606 100228504
cloud0_tkemenade 50869053300 54763 7576

1723486002.461063 100228546
cloud_controller_tkemenade 35457151417 40527 8267

1723486002.461647 100228546
cloud0_tkemenade 50870006209 54771 7578

1723486003.4644196 100228980
cloud_controller_tkemenade 35457151417 40561 8276

1723486003.4649827 100228980
cloud0_tkemenade 50870006209 54829 7583

1723486004.467585 100229357
cloud_controller_tkemenade 35457151417 40580 8283

1723486004.468139 100229357
cloud0_tkemenade 50870006209 54894 7591

1723486005.4706204 100229762
cloud_controller_tkemenade 35457151417 40618 8293

1723486005.471174 100229762
cloud0_tkemenade 50870006209 54959 7599

1723486006.4735615 100230134
cloud_controller_tkemenade 35457151417 40640 8297

1723486006.474116 100230134
cloud0_tkemenade 50870006209 54990 7607

1723486007.4768553 100230569
cloud_controller_tkemenade 35457151417 40669 8301

1723486007.4774425 100230571
cloud0_tkemenade 50870006209 55038 7613

1723486008.4801066 100231032
cloud_controller_tkemenade 35457151417 40757 8306

1723486008.4806504 100231032
cloud0_tkemenade 50870006209 55094 7622

1723486009.483236 100231460
cloud_controller_tkemenade 35457151417 40779 8311

1723486009.4837885 100231460
cloud0_tkemenade 50870006209 55137 7629

1723486009.7848005 100231579
cloud_controller_tkemenade 35458189295 40791 8313

1723486009.785402 100231580
cloud0_tkemenade 50871479106 55142 7629

1723486010.7878118 100231974
cloud_controller_tkemenade 35458189295 40821 8319

1723486010.7883775 100231974
cloud0_tkemenade 50871479106 55163 7634

1723486011.7909086 100232392
cloud_controller_tkemenade 35458189295 40869 8327

1723486011.7914693 100232392
cloud0_tkemenade 50871479106 55193 7638

1723486012.7941499 100232802
cloud_controller_tkemenade 35458189295 40894 8333

1723486012.7947145 100232802
cloud0_tkemenade 50871479106 55232 7644

1723486013.7972922 100233243
cloud_controller_tkemenade 35458189295 40972 8339

1723486013.7976382 100233243
cloud0_tkemenade 50871479106 55272 7650

1723486014.8000984 100233642
cloud_controller_tkemenade 35458189295 40992 8344

1723486014.8006616 100233642
cloud0_tkemenade 50871479106 55313 7655

1723486015.803284 100234075
cloud_controller_tkemenade 35458189295 41034 8357

1723486015.8036246 100234075
cloud0_tkemenade 50871479106 55375 7658

1723486016.8060436 100234477
cloud_controller_tkemenade 35459378221 41074 8365

1723486016.8065915 100234477
cloud0_tkemenade 50872578171 55429 7664

1723486017.8093758 100234843
cloud_controller_tkemenade 35459378221 41099 8371

1723486017.809942 100234843
cloud0_tkemenade 50872578171 55476 7670

1723486018.8125813 100235236
cloud_controller_tkemenade 35459378221 41127 8375

1723486018.8130949 100235236
cloud0_tkemenade 50872578171 55521 7678

1723486019.8156202 100235672
cloud_controller_tkemenade 35459378221 41168 8382

1723486019.81618 100235672
cloud0_tkemenade 50872578171 55565 7687

1723486020.818743 100236076
cloud_controller_tkemenade 35459378221 41212 8392

1723486020.819299 100236076
cloud0_tkemenade 50872578171 55610 7691

1723486021.821967 100236460
cloud_controller_tkemenade 35459378221 41244 8398

1723486021.8225005 100236460
cloud0_tkemenade 50872578171 55638 7696

1723486022.8250244 100236882
cloud_controller_tkemenade 35459378221 41267 8406

1723486022.825605 100236882
cloud0_tkemenade 50872578171 55688 7700

1723486023.8281515 100237253
cloud_controller_tkemenade 35459378221 41300 8412

1723486023.8286865 100237253
cloud0_tkemenade 50872578171 55726 7704

1723486023.929151 100237288
cloud_controller_tkemenade 35460333616 41301 8413

1723486023.9296873 100237288
cloud0_tkemenade 50873772415 55728 7704

1723486024.9322224 100237683
cloud_controller_tkemenade 35460333616 41329 8419

1723486024.9327595 100237683
cloud0_tkemenade 50873772415 55765 7707

1723486025.935305 100238090
cloud_controller_tkemenade 35460333616 41371 8431

1723486025.9358573 100238090
cloud0_tkemenade 50873772415 55805 7710

1723486026.9383063 100238488
cloud_controller_tkemenade 35460333616 41397 8437

1723486026.9388456 100238488
cloud0_tkemenade 50873772415 55840 7715

1723486027.9413898 100238864
cloud_controller_tkemenade 35460333616 41423 8444

1723486027.941952 100238864
cloud0_tkemenade 50873772415 55865 7720

1723486028.944347 100239275
cloud_controller_tkemenade 35460333616 41440 8452

1723486028.9447708 100239275
cloud0_tkemenade 50873772415 55908 7726

1723486029.9472613 100239726
cloud_controller_tkemenade 35460333616 41476 8461

1723486029.9478114 100239726
cloud0_tkemenade 50873772415 55961 7734

1723486030.9502156 100240209
cloud_controller_tkemenade 35460333616 41497 8472

1723486030.9507663 100240209
cloud0_tkemenade 50873772415 56090 7736

1723486031.1514304 100240278
cloud_controller_tkemenade 35461230469 41503 8475

1723486031.1519954 100240278
cloud0_tkemenade 50875138234 56094 7737

1723486032.1544876 100240660
cloud_controller_tkemenade 35461230469 41523 8486

1723486032.1550355 100240660
cloud0_tkemenade 50875138234 56139 7744

1723486033.157596 100241102
cloud_controller_tkemenade 35461230469 41556 8491

1723486033.1582484 100241102
cloud0_tkemenade 50875138234 56260 7751

1723486034.1608691 100241556
cloud_controller_tkemenade 35461230469 41593 8497

1723486034.1614463 100241557
cloud0_tkemenade 50875138234 56360 7760

1723486035.1640477 100241956
cloud_controller_tkemenade 35461230469 41615 8503

1723486035.1646008 100241956
cloud0_tkemenade 50875138234 56428 7767

1723486036.1671693 100242390
cloud_controller_tkemenade 35461230469 41649 8514

1723486036.1676722 100242390
cloud0_tkemenade 50875138234 56463 7771

1723486037.170135 100242750
cloud_controller_tkemenade 35461230469 41670 8520

1723486037.1706812 100242750
cloud0_tkemenade 50875138234 56504 7776

1723486038.1733131 100243143
cloud_controller_tkemenade 35461230469 41709 8526

1723486038.1738272 100243143
cloud0_tkemenade 50875138234 56546 7787

1723486038.2742674 100243180
cloud_controller_tkemenade 35462140248 41712 8527

1723486038.2748246 100243180
cloud0_tkemenade 50876905102 56559 7787

1723486039.2774537 100243552
cloud_controller_tkemenade 35462140248 41731 8533

1723486039.2780201 100243552
cloud0_tkemenade 50876905102 56591 7795

1723486040.280569 100243958
cloud_controller_tkemenade 35462140248 41762 8544

1723486040.2811632 100243959
cloud0_tkemenade 50876905102 56632 7804

1723486041.2838707 100244326
cloud_controller_tkemenade 35462140248 41801 8551

1723486041.284434 100244326
cloud0_tkemenade 50876905102 56655 7808

1723486042.2870195 100244714
cloud_controller_tkemenade 35462140248 41835 8562

1723486042.2875757 100244714
cloud0_tkemenade 50876905102 56683 7813

1723486043.2901251 100245068
cloud_controller_tkemenade 35462140248 41863 8569

1723486043.290717 100245068
cloud0_tkemenade 50876905102 56735 7819

1723486044.293469 100245468
cloud_controller_tkemenade 35462140248 41886 8575

1723486044.294026 100245468
cloud0_tkemenade 50876905102 56777 7822

1723486045.2965775 100245822
cloud_controller_tkemenade 35463050473 41916 8580

1723486045.297157 100245824
cloud0_tkemenade 50878000162 56822 7825

1723486046.2996755 100246206
cloud_controller_tkemenade 35463050473 41960 8590

1723486046.3002465 100246206
cloud0_tkemenade 50878000162 56869 7836

1723486047.3028557 100246624
cloud_controller_tkemenade 35463050473 41999 8598

1723486047.3034363 100246624
cloud0_tkemenade 50878000162 56938 7844

1723486048.3060975 100247059
cloud_controller_tkemenade 35463050473 42023 8606

1723486048.3066363 100247059
cloud0_tkemenade 50878000162 56983 7849

1723486049.3091822 100247468
cloud_controller_tkemenade 35463050473 42048 8617

1723486049.3097656 100247468
cloud0_tkemenade 50878000162 57025 7856

1723486050.3122923 100247921
cloud_controller_tkemenade 35463050473 42107 8629

1723486050.3127568 100247921
cloud0_tkemenade 50878000162 57079 7868

1723486051.3153565 100248262
cloud_controller_tkemenade 35463050473 42137 8634

1723486051.3158743 100248262
cloud0_tkemenade 50878000162 57107 7872

1723486052.3183022 100248663
cloud_controller_tkemenade 35463050473 42161 8642

1723486052.3188546 100248663
cloud0_tkemenade 50878000162 57139 7876

1723486052.5195322 100248732
cloud_controller_tkemenade 35464125429 42166 8643

1723486052.520089 100248732
cloud0_tkemenade 50879312849 57158 7878

1723486053.522695 100249099
cloud_controller_tkemenade 35464125429 42193 8651

1723486053.5232759 100249099
cloud0_tkemenade 50879312849 57204 7883

1723486054.5259023 100249478
cloud_controller_tkemenade 35464125429 42214 8663

1723486054.5264637 100249478
cloud0_tkemenade 50879312849 57245 7889

1723486055.529121 100249872
cloud_controller_tkemenade 35464125429 42236 8672

1723486055.5296996 100249872
cloud0_tkemenade 50879312849 57280 7892

1723486056.532419 100250246
cloud_controller_tkemenade 35464125429 42277 8682

1723486056.5329874 100250246
cloud0_tkemenade 50879312849 57313 7897

1723486057.535712 100250628
cloud_controller_tkemenade 35464125429 42303 8694

1723486057.5362647 100250628
cloud0_tkemenade 50879312849 57339 7901

1723486058.5389512 100251015
cloud_controller_tkemenade 35464125429 42331 8701

1723486058.5395281 100251015
cloud0_tkemenade 50879312849 57379 7904

1723486059.5420475 100251415
cloud_controller_tkemenade 35464125429 42351 8708

1723486059.5425248 100251415
cloud0_tkemenade 50879312849 57418 7909

1723486059.743133 100251497
cloud_controller_tkemenade 35465008416 42356 8710

1723486059.7436883 100251497
cloud0_tkemenade 50880347600 57427 7909

1723486060.7461102 100251880
cloud_controller_tkemenade 35465008416 42390 8717

1723486060.7466753 100251880
cloud0_tkemenade 50880347600 57468 7914

1723486061.7493436 100252284
cloud_controller_tkemenade 35465008416 42418 8727

1723486061.749909 100252284
cloud0_tkemenade 50880347600 57498 7919

1723486062.7525718 100252715
cloud_controller_tkemenade 35465008416 42443 8735

1723486062.7531476 100252718
cloud0_tkemenade 50880347600 57583 7922

1723486063.7560778 100253148
cloud_controller_tkemenade 35465008416 42477 8742

1723486063.7566633 100253148
cloud0_tkemenade 50880347600 57634 7931

1723486064.7593253 100253560
cloud_controller_tkemenade 35465008416 42501 8748

1723486064.7597675 100253560
cloud0_tkemenade 50880347600 57697 7938

1723486065.762143 100253956
cloud_controller_tkemenade 35465008416 42522 8759

1723486065.7627087 100253956
cloud0_tkemenade 50880347600 57747 7946

1723486066.7650056 100254300
cloud_controller_tkemenade 35465008416 42557 8764

1723486066.765461 100254300
cloud0_tkemenade 50880347600 57786 7952

1723486066.9659672 100254388
cloud_controller_tkemenade 35465915675 42561 8764

1723486066.9664047 100254388
cloud0_tkemenade 50881790176 57792 7954

1723486067.9687972 100254732
cloud_controller_tkemenade 35465915675 42600 8771

1723486067.969366 100254735
cloud0_tkemenade 50881790176 57841 7958

1723486068.9719892 100255226
cloud_controller_tkemenade 35465915675 42673 8775

1723486068.9725318 100255226
cloud0_tkemenade 50881790176 57889 7964

1723486069.9751482 100255628
cloud_controller_tkemenade 35465915675 42697 8782

1723486069.9757144 100255628
cloud0_tkemenade 50881790176 57919 7973

1723486070.9781034 100256054
cloud_controller_tkemenade 35465915675 42726 8791

1723486070.9786766 100256054
cloud0_tkemenade 50881790176 57961 7980

1723486071.9813182 100256441
cloud_controller_tkemenade 35465915675 42772 8795

1723486071.9818687 100256441
cloud0_tkemenade 50881790176 57996 7985

1723486072.984517 100256816
cloud_controller_tkemenade 35465915675 42801 8800

1723486072.985106 100256818
cloud0_tkemenade 50881790176 58042 7990

1723486073.9874992 100257232
cloud_controller_tkemenade 35465915675 42885 8802

1723486073.9880466 100257232
cloud0_tkemenade 50881790176 58078 7995

1723486074.088508 100257287
cloud_controller_tkemenade 35467184719 42889 8803

1723486074.0891044 100257290
cloud0_tkemenade 50882943533 58090 7997

1723486075.0916784 100257639
cloud_controller_tkemenade 35467184719 42914 8810

1723486075.0922372 100257639
cloud0_tkemenade 50882943533 58135 8001

1723486076.0947237 100258045
cloud_controller_tkemenade 35467184719 42951 8820

1723486076.095275 100258045
cloud0_tkemenade 50882943533 58192 8008

1723486077.0976453 100258440
cloud_controller_tkemenade 35467184719 42994 8827

1723486077.0981936 100258440
cloud0_tkemenade 50882943533 58258 8016

1723486078.1008387 100258825
cloud_controller_tkemenade 35467184719 43018 8834

1723486078.10124 100258826
cloud0_tkemenade 50882943533 58289 8019

1723486079.1036851 100259216
cloud_controller_tkemenade 35467184719 43041 8839

1723486079.1042674 100259216
cloud0_tkemenade 50882943533 58329 8025

1723486080.1068609 100259669
cloud_controller_tkemenade 35467184719 43092 8851

1723486080.1074185 100259669
cloud0_tkemenade 50882943533 58377 8031

1723486081.1094506 100260062
cloud_controller_tkemenade 35468236413 43125 8859

1723486081.1099982 100260062
cloud0_tkemenade 50884318552 58422 8038

1723486082.1124332 100260466
cloud_controller_tkemenade 35468236413 43154 8866

1723486082.1128042 100260466
cloud0_tkemenade 50884318552 58454 8042

1723486083.1150928 100260836
cloud_controller_tkemenade 35468236413 43176 8871

1723486083.1156716 100260836
cloud0_tkemenade 50884318552 58499 8048

1723486084.1183934 100261238
cloud_controller_tkemenade 35468236413 43207 8883

1723486084.1188745 100261238
cloud0_tkemenade 50884318552 58534 8056

1723486085.121419 100261616
cloud_controller_tkemenade 35468236413 43235 8888

1723486085.1219757 100261616
cloud0_tkemenade 50884318552 58573 8060

1723486086.1245546 100262002
cloud_controller_tkemenade 35468236413 43264 8900

1723486086.1251256 100262004
cloud0_tkemenade 50884318552 58600 8064

1723486087.1275687 100262381
cloud_controller_tkemenade 35468236413 43298 8908

1723486087.1281428 100262381
cloud0_tkemenade 50884318552 58635 8067

1723486088.1305099 100262791
cloud_controller_tkemenade 35468236413 43324 8915

1723486088.1310704 100262791
cloud0_tkemenade 50884318552 58666 8069

1723486088.3317838 100262863
cloud_controller_tkemenade 35469133360 43330 8916

1723486088.3323598 100262863
cloud0_tkemenade 50885280297 58675 8069

1723486089.3347814 100263243
cloud_controller_tkemenade 35469133360 43346 8921

1723486089.3352256 100263243
cloud0_tkemenade 50885280297 58712 8073

1723486090.3377144 100263662
cloud_controller_tkemenade 35469133360 43382 8930

1723486090.338259 100263662
cloud0_tkemenade 50885280297 58790 8075

1723486091.3406894 100264092
cloud_controller_tkemenade 35469133360 43404 8937

1723486091.3412638 100264094
cloud0_tkemenade 50885280297 58911 8078

1723486092.3438358 100264501
cloud_controller_tkemenade 35469133360 43440 8947

1723486092.344383 100264501
cloud0_tkemenade 50885280297 58962 8083

1723486093.3469162 100264965
cloud_controller_tkemenade 35469133360 43461 8958

1723486093.3474452 100264965
cloud0_tkemenade 50885280297 59116 8087

1723486094.350061 100265391
cloud_controller_tkemenade 35469133360 43493 8968

1723486094.350644 100265391
cloud0_tkemenade 50885280297 59189 8096

1723486095.353052 100265791
cloud_controller_tkemenade 35469133360 43516 8974

1723486095.3535979 100265791
cloud0_tkemenade 50885280297 59254 8104

1723486095.554307 100265873
cloud_controller_tkemenade 35470028015 43522 8975

1723486095.5549233 100265873
cloud0_tkemenade 50887511590 59264 8105

1723486096.5573852 100266230
cloud_controller_tkemenade 35470028015 43550 8985

1723486096.5579453 100266230
cloud0_tkemenade 50887511590 59296 8107

1723486097.5604687 100266626
cloud_controller_tkemenade 35470028015 43572 8994

1723486097.561003 100266626
cloud0_tkemenade 50887511590 59337 8113

1723486098.5637476 100267017
cloud_controller_tkemenade 35470028015 43610 9003

1723486098.5642874 100267017
cloud0_tkemenade 50887511590 59391 8119

1723486099.5667064 100267476
cloud_controller_tkemenade 35470028015 43662 9006

1723486099.5672593 100267476
cloud0_tkemenade 50887511590 59454 8124

1723486100.569804 100267856
cloud_controller_tkemenade 35470028015 43692 9012

1723486100.5703804 100267856
cloud0_tkemenade 50887511590 59478 8127

1723486101.573022 100268246
cloud_controller_tkemenade 35470028015 43718 9018

1723486101.573584 100268246
cloud0_tkemenade 50887511590 59527 8137

1723486102.5760572 100268637
cloud_controller_tkemenade 35470028015 43755 9026

1723486102.5765886 100268637
cloud0_tkemenade 50887511590 59573 8143

1723486102.7772298 100268723
cloud_controller_tkemenade 35471032734 43757 9028

1723486102.7778132 100268723
cloud0_tkemenade 50888768364 59584 8144

1723486103.7804792 100269092
cloud_controller_tkemenade 35471032734 43778 9034

1723486103.781048 100269094
cloud0_tkemenade 50888768364 59619 8149

1723486104.7837377 100269510
cloud_controller_tkemenade 35471032734 43806 9043

1723486104.7843192 100269510
cloud0_tkemenade 50888768364 59663 8156

1723486105.7869623 100269939
cloud_controller_tkemenade 35471032734 43843 9054

1723486105.7875404 100269939
cloud0_tkemenade 50888768364 59713 8162

1723486106.7900527 100270304
cloud_controller_tkemenade 35471032734 43882 9068

1723486106.79062 100270304
cloud0_tkemenade 50888768364 59759 8169

1723486107.7932324 100270715
cloud_controller_tkemenade 35471032734 43904 9075

1723486107.793806 100270715
cloud0_tkemenade 50888768364 59810 8176

1723486108.7964067 100271096
cloud_controller_tkemenade 35471032734 43932 9084

1723486108.7968535 100271096
cloud0_tkemenade 50888768364 59848 8187

1723486109.7993166 100271482
cloud_controller_tkemenade 35471956014 43961 9091

1723486109.7998893 100271482
cloud0_tkemenade 50890000574 59885 8195

1723486110.8024316 100271862
cloud_controller_tkemenade 35471956014 44009 9097

1723486110.8030138 100271862
cloud0_tkemenade 50890000574 59916 8198

1723486111.805648 100272253
cloud_controller_tkemenade 35471956014 44034 9105

1723486111.8061907 100272253
cloud0_tkemenade 50890000574 59960 8207

1723486112.8087697 100272661
cloud_controller_tkemenade 35471956014 44059 9114

1723486112.809356 100272662
cloud0_tkemenade 50890000574 60004 8212

1723486113.8118954 100273066
cloud_controller_tkemenade 35471956014 44082 9121

1723486113.812449 100273066
cloud0_tkemenade 50890000574 60042 8218

1723486114.8150735 100273630
cloud_controller_tkemenade 35471956014 44111 9129

1723486114.815444 100273630
cloud0_tkemenade 50890000574 60084 8222

1723486115.8176801 100274253
cloud_controller_tkemenade 35471956014 44138 9136

1723486115.8180478 100274253
cloud0_tkemenade 50890000574 60113 8225

1723486116.82037 100274666
cloud_controller_tkemenade 35472938921 44170 9144

1723486116.8209238 100274666
cloud0_tkemenade 50891110549 60148 8228

1723486117.8235204 100275096
cloud_controller_tkemenade 35472938921 44193 9150

1723486117.824081 100275096
cloud0_tkemenade 50891110549 60174 8231

1723486118.8265076 100275648
cloud_controller_tkemenade 35472938921 44218 9159

1723486118.8270824 100275648
cloud0_tkemenade 50891110549 60204 8235

1723486119.8296251 100276058
cloud_controller_tkemenade 35472938921 44234 9164

1723486119.8301694 100276058
cloud0_tkemenade 50891110549 60250 8240

1723486120.8328192 100276550
cloud_controller_tkemenade 35472938921 44266 9174

1723486120.8334134 100276553
cloud0_tkemenade 50891110549 60277 8245

1723486121.8360062 100276928
cloud_controller_tkemenade 35472938921 44290 9179

1723486121.8365674 100276928
cloud0_tkemenade 50891110549 60325 8255

1723486122.8391144 100277336
cloud_controller_tkemenade 35472938921 44316 9189

1723486122.839665 100277336
cloud0_tkemenade 50891110549 60395 8259

1723486123.8422303 100277736
cloud_controller_tkemenade 35472938921 44341 9199

1723486123.8427598 100277736
cloud0_tkemenade 50891110549 60445 8269

1723486124.0435543 100277822
cloud_controller_tkemenade 35473779780 44345 9201

1723486124.0441632 100277822
cloud0_tkemenade 50892379025 60463 8270

1723486125.046662 100278246
cloud_controller_tkemenade 35473779780 44377 9206

1723486125.0471258 100278246
cloud0_tkemenade 50892379025 60535 8279

1723486126.049745 100278630
cloud_controller_tkemenade 35473779780 44406 9211

1723486126.0503254 100278630
cloud0_tkemenade 50892379025 60566 8283

1723486127.0529993 100279065
cloud_controller_tkemenade 35473779780 44436 9218

1723486127.0536108 100279065
cloud0_tkemenade 50892379025 60611 8288

1723486128.056283 100279465
cloud_controller_tkemenade 35473779780 44489 9224

1723486128.0566573 100279465
cloud0_tkemenade 50892379025 60651 8297

1723486129.058995 100279890
cloud_controller_tkemenade 35473779780 44543 9230

1723486129.059604 100279890
cloud0_tkemenade 50892379025 60699 8305

1723486130.0622513 100280295
cloud_controller_tkemenade 35473779780 44562 9236

1723486130.062742 100280295
cloud0_tkemenade 50892379025 60730 8310

1723486131.0654263 100280698
cloud_controller_tkemenade 35473779780 44599 9247

1723486131.0659099 100280698
cloud0_tkemenade 50892379025 60754 8316

1723486131.1664236 100280722
cloud_controller_tkemenade 35474858636 44600 9248

1723486131.166992 100280722
cloud0_tkemenade 50893596743 60758 8317

1723486132.169423 100281136
cloud_controller_tkemenade 35474858636 44638 9257

1723486132.1699975 100281136
cloud0_tkemenade 50893596743 60812 8323

1723486133.1727235 100281555
cloud_controller_tkemenade 35474858636 44705 9264

1723486133.1733038 100281556
cloud0_tkemenade 50893596743 60864 8329

1723486134.175866 100282084
cloud_controller_tkemenade 35474858636 44749 9268

1723486134.176264 100282084
cloud0_tkemenade 50893596743 60899 8333

1723486135.1788573 100282641
cloud_controller_tkemenade 35474858636 44774 9276

1723486135.1792219 100282641
cloud0_tkemenade 50893596743 60934 8335

1723486136.1814213 100283166
cloud_controller_tkemenade 35474858636 44802 9285

1723486136.181991 100283166
cloud0_tkemenade 50893596743 60985 8341

1723486137.1844294 100283651
cloud_controller_tkemenade 35474858636 44845 9292

1723486137.1849716 100283651
cloud0_tkemenade 50893596743 61051 8350

1723486138.1875784 100284006
cloud_controller_tkemenade 35476033050 44863 9295

1723486138.1880083 100284006
cloud0_tkemenade 50894986403 61086 8353

1723486139.1904473 100284371
cloud_controller_tkemenade 35476033050 44894 9304

1723486139.1910574 100284371
cloud0_tkemenade 50894986403 61128 8361

1723486140.1936295 100284795
cloud_controller_tkemenade 35476033050 44931 9313

1723486140.1940455 100284795
cloud0_tkemenade 50894986403 61169 8370

1723486141.1964355 100285218
cloud_controller_tkemenade 35476033050 44976 9322

1723486141.1969736 100285218
cloud0_tkemenade 50894986403 61194 8374

1723486142.199402 100285644
cloud_controller_tkemenade 35476033050 44999 9330

1723486142.1997752 100285644
cloud0_tkemenade 50894986403 61239 8383

1723486143.2021205 100286059
cloud_controller_tkemenade 35476033050 45026 9337

1723486143.2026978 100286059
cloud0_tkemenade 50894986403 61298 8387

1723486144.205199 100286476
cloud_controller_tkemenade 35476033050 45043 9340

1723486144.2056284 100286476
cloud0_tkemenade 50894986403 61330 8392

1723486145.2080123 100286846
cloud_controller_tkemenade 35476033050 45078 9350

1723486145.2084837 100286846
cloud0_tkemenade 50894986403 61375 8396

1723486145.4091527 100286918
cloud_controller_tkemenade 35477002648 45086 9353

1723486145.4096625 100286918
cloud0_tkemenade 50896170697 61383 8397

1723486146.412211 100287342
cloud_controller_tkemenade 35477002648 45105 9361

1723486146.412738 100287342
cloud0_tkemenade 50896170697 61430 8401

1723486147.4152377 100287733
cloud_controller_tkemenade 35477002648 45139 9372

1723486147.4157767 100287733
cloud0_tkemenade 50896170697 61451 8407

1723486148.418273 100288139
cloud_controller_tkemenade 35477002648 45161 9375

1723486148.418809 100288139
cloud0_tkemenade 50896170697 61478 8411

1723486149.421423 100288670
cloud_controller_tkemenade 35477002648 45188 9380

1723486149.4218438 100288670
cloud0_tkemenade 50896170697 61520 8414

1723486150.4244854 100289198
cloud_controller_tkemenade 35477002648 45208 9386

1723486150.4250169 100289198
cloud0_tkemenade 50896170697 61601 8419

1723486151.427532 100289710
cloud_controller_tkemenade 35477002648 45240 9397

1723486151.4280605 100289710
cloud0_tkemenade 50896170697 61688 8424

1723486152.4303415 100290116
cloud_controller_tkemenade 35477002648 45262 9405

1723486152.430896 100290116
cloud0_tkemenade 50896170697 61767 8432

1723486152.6315525 100290208
cloud_controller_tkemenade 35477855154 45267 9406

1723486152.632005 100290208
cloud0_tkemenade 50897770058 61792 8434

1723486153.6345496 100290814
cloud_controller_tkemenade 35477855154 45300 9414

1723486153.6351268 100290814
cloud0_tkemenade 50897770058 61939 8438

1723486154.6376872 100291299
cloud_controller_tkemenade 35477855154 45320 9420

1723486154.6382446 100291299
cloud0_tkemenade 50897770058 62003 8446

1723486155.6410122 100291726
cloud_controller_tkemenade 35477855154 45350 9430

1723486155.6415734 100291726
cloud0_tkemenade 50897770058 62072 8454

1723486156.644217 100292172
cloud_controller_tkemenade 35477855154 45378 9439

1723486156.644754 100292172
cloud0_tkemenade 50897770058 62100 8461

1723486157.64736 100292579
cloud_controller_tkemenade 35477855154 45403 9448

1723486157.647934 100292579
cloud0_tkemenade 50897770058 62139 8467

1723486158.6505492 100293005
cloud_controller_tkemenade 35477855154 45497 9451

1723486158.651114 100293005
cloud0_tkemenade 50897770058 62183 8473

1723486159.6536574 100293419
cloud_controller_tkemenade 35477855154 45526 9458

1723486159.6542213 100293419
cloud0_tkemenade 50897770058 62214 8480

1723486159.8549445 100293479
cloud_controller_tkemenade 35479009019 45530 9459

1723486159.855521 100293479
cloud0_tkemenade 50899521003 62216 8481

1723486160.858035 100293846
cloud_controller_tkemenade 35479009019 45556 9468

1723486160.858613 100293846
cloud0_tkemenade 50899521003 62250 8486

1723486161.8612504 100294255
cloud_controller_tkemenade 35479009019 45594 9480

1723486161.8618126 100294255
cloud0_tkemenade 50899521003 62299 8495

1723486162.864334 100294651
cloud_controller_tkemenade 35479009019 45623 9486

1723486162.864883 100294651
cloud0_tkemenade 50899521003 62343 8500

1723486163.867459 100295040
cloud_controller_tkemenade 35479009019 45648 9495

1723486163.868015 100295040
cloud0_tkemenade 50899521003 62380 8507

1723486164.8704977 100295558
cloud_controller_tkemenade 35479009019 45674 9501

1723486164.8710728 100295558
cloud0_tkemenade 50899521003 62429 8513

1723486165.8735754 100296102
cloud_controller_tkemenade 35479009019 45782 9511

1723486165.8740885 100296102
cloud0_tkemenade 50899521003 62488 8522

1723486166.8767278 100296602
cloud_controller_tkemenade 35479009019 45900 9516

1723486166.8771439 100296604
cloud0_tkemenade 50899521003 62547 8525

1723486166.9775238 100296649
cloud_controller_tkemenade 35480594235 45910 9516

1723486166.9780724 100296649
cloud0_tkemenade 50900895103 62558 8525

1723486167.980501 100297042
cloud_controller_tkemenade 35480594235 46022 9522

1723486167.981013 100297042
cloud0_tkemenade 50900895103 62590 8529

1723486168.983512 100297482
cloud_controller_tkemenade 35480594235 46137 9526

1723486168.9840298 100297482
cloud0_tkemenade 50900895103 62625 8532

1723486169.986307 100297971
cloud_controller_tkemenade 35480594235 46270 9532

1723486169.9868128 100297971
cloud0_tkemenade 50900895103 62677 8540

1723486170.9894414 100298427
cloud_controller_tkemenade 35480594235 46387 9537

1723486170.9899821 100298427
cloud0_tkemenade 50900895103 62704 8546

1723486171.9925668 100298879
cloud_controller_tkemenade 35480594235 46504 9541

1723486171.9929502 100298879
cloud0_tkemenade 50900895103 62743 8550

1723486172.9952877 100299360
cloud_controller_tkemenade 35480594235 46624 9543

1723486172.9958138 100299360
cloud0_tkemenade 50900895103 62805 8560

1723486173.9983485 100299769
cloud_controller_tkemenade 35484289490 46736 9549

1723486173.9988914 100299769
cloud0_tkemenade 50902320293 62838 8564

1723486175.0013878 100300204
cloud_controller_tkemenade 35484289490 46856 9551

1723486175.0019317 100300204
cloud0_tkemenade 50902320293 62879 8567

1723486176.0043478 100300608
cloud_controller_tkemenade 35484289490 46939 9573

1723486176.0049005 100300608
cloud0_tkemenade 50902320293 62909 8572

1723486177.0073078 100301098
cloud_controller_tkemenade 35484289490 47058 9637

1723486177.0078008 100301098
cloud0_tkemenade 50902320293 62943 8576

1723486178.0102952 100301522
cloud_controller_tkemenade 35484289490 47181 9672

1723486178.0108168 100301522
cloud0_tkemenade 50902320293 62965 8578

1723486179.0133543 100301962
cloud_controller_tkemenade 35484289490 47299 9680

1723486179.0139127 100301962
cloud0_tkemenade 50902320293 62995 8582

1723486180.0165122 100302421
cloud_controller_tkemenade 35484289490 47400 9689

1723486180.0170522 100302423
cloud0_tkemenade 50902320293 63040 8589

1723486181.0194776 100302831
cloud_controller_tkemenade 35484289490 47481 9714

1723486181.0200434 100302831
cloud0_tkemenade 50902320293 63071 8593

1723486181.3209999 100302962
cloud_controller_tkemenade 35487917667 47520 9715

1723486181.3213944 100302962
cloud0_tkemenade 50903345980 63076 8595

1723486182.32349 100303440
cloud_controller_tkemenade 35487917667 47630 9717

1723486182.324019 100303440
cloud0_tkemenade 50903345980 63141 8605

1723486183.326669 100303918
cloud_controller_tkemenade 35487917667 47755 9718

1723486183.3271692 100303918
cloud0_tkemenade 50903345980 63207 8609

1723486184.329708 100304395
cloud_controller_tkemenade 35487917667 47859 9723

1723486184.330226 100304395
cloud0_tkemenade 50903345980 63263 8618

1723486185.3325338 100304863
cloud_controller_tkemenade 35487917667 47972 9727

1723486185.3331978 100304864
cloud0_tkemenade 50903345980 63331 8627

1723486186.335926 100305281
cloud_controller_tkemenade 35487917667 48057 9734

1723486186.3365154 100305281
cloud0_tkemenade 50903345980 63368 8634

1723486187.3389528 100305767
cloud_controller_tkemenade 35487917667 48163 9746

1723486187.339474 100305767
cloud0_tkemenade 50903345980 63415 8637

1723486188.341614 100306304
cloud_controller_tkemenade 35487917667 48317 9749

1723486188.3421223 100306304
cloud0_tkemenade 50903345980 63453 8642

1723486188.4425662 100306343
cloud_controller_tkemenade 35491328678 48334 9749

1723486188.4431093 100306343
cloud0_tkemenade 50905075792 63459 8642

1723486189.4456537 100306786
cloud_controller_tkemenade 35491328678 48439 9755

1723486189.4461317 100306786
cloud0_tkemenade 50905075792 63498 8649

1723486190.4486015 100307198
cloud_controller_tkemenade 35491328678 48547 9760

1723486190.4489872 100307198
cloud0_tkemenade 50905075792 63517 8653

1723486191.451295 100307669
cloud_controller_tkemenade 35491328678 48658 9765

1723486191.4518015 100307669
cloud0_tkemenade 50905075792 63546 8660

1723486192.454065 100308112
cloud_controller_tkemenade 35491328678 48731 9777

1723486192.4546216 100308112
cloud0_tkemenade 50905075792 63582 8670

1723486193.4572082 100308614
cloud_controller_tkemenade 35491328678 48865 9781

1723486193.4577444 100308614
cloud0_tkemenade 50905075792 63633 8676

1723486194.4601693 100309064
cloud_controller_tkemenade 35491328678 48971 9787

1723486194.4606483 100309064
cloud0_tkemenade 50905075792 63670 8678

1723486195.4628422 100309554
cloud_controller_tkemenade 35491328678 49086 9793

1723486195.463179 100309554
cloud0_tkemenade 50905075792 63708 8684

1723486195.663731 100309679
cloud_controller_tkemenade 35494529819 49109 9793

1723486195.664299 100309679
cloud0_tkemenade 50906262556 63729 8687

1723486196.6666572 100310137
cloud_controller_tkemenade 35494529819 49231 9799

1723486196.667202 100310137
cloud0_tkemenade 50906262556 63774 8696

1723486197.6698081 100310624
cloud_controller_tkemenade 35494529819 49368 9805

1723486197.6701627 100310624
cloud0_tkemenade 50906262556 63825 8699

1723486198.672623 100311034
cloud_controller_tkemenade 35494529819 49464 9822

1723486198.6732187 100311036
cloud0_tkemenade 50906262556 63855 8703

1723486199.6758225 100311522
cloud_controller_tkemenade 35494529819 49582 9828

1723486199.6763434 100311522
cloud0_tkemenade 50906262556 63894 8708

1723486200.6788394 100312000
cloud_controller_tkemenade 35494529819 49706 9830

1723486200.679431 100312000
cloud0_tkemenade 50906262556 63932 8715

1723486201.6819303 100312468
cloud_controller_tkemenade 35494529819 49822 9838

1723486201.682482 100312468
cloud0_tkemenade 50906262556 63956 8719

1723486202.6848862 100312940
cloud_controller_tkemenade 35494529819 49931 9842

1723486202.6854367 100312943
cloud0_tkemenade 50906262556 64014 8728

1723486202.785871 100312990
cloud_controller_tkemenade 35498076064 49945 9843

1723486202.7863185 100312990
cloud0_tkemenade 50907642093 64019 8728

1723486203.7882657 100313420
cloud_controller_tkemenade 35498076064 50079 9865

1723486203.7886076 100313420
cloud0_tkemenade 50907642093 64045 8734

1723486204.790421 100313901
cloud_controller_tkemenade 35498076064 50240 9908

1723486204.7907178 100313901
cloud0_tkemenade 50907642093 64078 8738

1723486205.7927768 100314349
cloud_controller_tkemenade 35498076064 50379 9959

1723486205.7933335 100314350
cloud0_tkemenade 50907642093 64099 8741

1723486206.795644 100314809
cloud_controller_tkemenade 35498076064 50525 10017

1723486206.7959833 100314809
cloud0_tkemenade 50907642093 64127 8746

1723486207.798313 100315374
cloud_controller_tkemenade 35498076064 50620 10061

1723486207.798863 100315374
cloud0_tkemenade 50907642093 64150 8747

1723486208.8012395 100315815
cloud_controller_tkemenade 35498076064 50716 10073

1723486208.8017836 100315815
cloud0_tkemenade 50907642093 64171 8752

1723486209.8041553 100316262
cloud_controller_tkemenade 35498076064 50807 10083

1723486209.8046865 100316262
cloud0_tkemenade 50907642093 64205 8758

1723486210.0054085 100316357
cloud_controller_tkemenade 35502584136 50825 10088

1723486210.005764 100316357
cloud0_tkemenade 50908571757 64221 8760

1723486211.0080981 100316878
cloud_controller_tkemenade 35502584136 50925 10123

1723486211.0085511 100316878
cloud0_tkemenade 50908571757 64367 8765

1723486212.010992 100317360
cloud_controller_tkemenade 35502584136 51017 10152

1723486212.011553 100317360
cloud0_tkemenade 50908571757 64403 8770

1723486213.0138795 100317946
cloud_controller_tkemenade 35502584136 51150 10212

1723486213.0144079 100317946
cloud0_tkemenade 50908571757 64500 8772

1723486214.016864 100318484
cloud_controller_tkemenade 35502584136 51274 10245

1723486214.0174127 100318487
cloud0_tkemenade 50908571757 64616 8780

1723486215.0199933 100319042
cloud_controller_tkemenade 35502584136 51383 10254

1723486215.0205123 100319042
cloud0_tkemenade 50908571757 64673 8787

1723486216.0228817 100319528
cloud_controller_tkemenade 35502584136 51474 10266

1723486216.023435 100319528
cloud0_tkemenade 50908571757 64710 8793

1723486217.025731 100320000
cloud_controller_tkemenade 35502584136 51533 10280

1723486217.0262783 100320000
cloud0_tkemenade 50908571757 64745 8800

1723486217.226968 100320098
cloud_controller_tkemenade 35506045503 51554 10281

1723486217.2275448 100320098
cloud0_tkemenade 50910750161 64760 8801

1723486218.2300444 100320605
cloud_controller_tkemenade 35506045503 51681 10284

1723486218.2305863 100320605
cloud0_tkemenade 50910750161 64799 8807

1723486219.2329702 100321032
cloud_controller_tkemenade 35506045503 51781 10288

1723486219.2334607 100321032
cloud0_tkemenade 50910750161 64837 8811

1723486220.2358687 100321484
cloud_controller_tkemenade 35506045503 51869 10296

1723486220.2363849 100321484
cloud0_tkemenade 50910750161 64880 8814

1723486221.2389858 100321948
cloud_controller_tkemenade 35506045503 51983 10302

1723486221.2395434 100321948
cloud0_tkemenade 50910750161 64908 8819

1723486222.242125 100322473
cloud_controller_tkemenade 35506045503 52098 10308

1723486222.242696 100322473
cloud0_tkemenade 50910750161 64944 8823

1723486223.245221 100322945
cloud_controller_tkemenade 35506045503 52208 10316

1723486223.2457767 100322945
cloud0_tkemenade 50910750161 65006 8830

1723486224.2482636 100323414
cloud_controller_tkemenade 35506045503 52321 10324

1723486224.2487848 100323414
cloud0_tkemenade 50910750161 65039 8836

1723486224.3492916 100323436
cloud_controller_tkemenade 35509125865 52332 10324

1723486224.3498626 100323436
cloud0_tkemenade 50911942438 65042 8837

1723486225.3523922 100323859
cloud_controller_tkemenade 35509125865 52446 10328

1723486225.3528404 100323859
cloud0_tkemenade 50911942438 65076 8842

1723486226.3552802 100324336
cloud_controller_tkemenade 35509125865 52566 10336

1723486226.355852 100324336
cloud0_tkemenade 50911942438 65122 8847

1723486227.3581734 100324828
cloud_controller_tkemenade 35509125865 52684 10347

1723486227.3587244 100324828
cloud0_tkemenade 50911942438 65197 8855

1723486228.361241 100325268
cloud_controller_tkemenade 35509125865 52802 10356

1723486228.361804 100325268
cloud0_tkemenade 50911942438 65228 8860

1723486229.364338 100325681
cloud_controller_tkemenade 35509125865 52905 10366

1723486229.36487 100325681
cloud0_tkemenade 50911942438 65254 8864

1723486230.3672004 100326229
cloud_controller_tkemenade 35509125865 53035 10375

1723486230.367759 100326229
cloud0_tkemenade 50911942438 65288 8870

1723486231.369986 100326714
cloud_controller_tkemenade 35512525327 53160 10383

1723486231.370572 100326714
cloud0_tkemenade 50913144968 65315 8875

1723486232.3731587 100327164
cloud_controller_tkemenade 35512525327 53286 10390

1723486232.3736286 100327164
cloud0_tkemenade 50913144968 65346 8882

1723486233.3761218 100327628
cloud_controller_tkemenade 35512525327 53401 10395

1723486233.376694 100327628
cloud0_tkemenade 50913144968 65408 8890

1723486234.379173 100328080
cloud_controller_tkemenade 35512525327 53522 10400

1723486234.3797536 100328080
cloud0_tkemenade 50913144968 65450 8900

1723486235.3824415 100328507
cloud_controller_tkemenade 35512525327 53622 10408

1723486235.383 100328507
cloud0_tkemenade 50913144968 65488 8905

1723486236.3856764 100328960
cloud_controller_tkemenade 35512525327 53726 10420

1723486236.386159 100328960
cloud0_tkemenade 50913144968 65529 8910

1723486237.38876 100329365
cloud_controller_tkemenade 35512525327 53827 10436

1723486237.3893275 100329367
cloud0_tkemenade 50913144968 65555 8915

1723486238.3918324 100329815
cloud_controller_tkemenade 35512525327 53933 10445

1723486238.3923278 100329815
cloud0_tkemenade 50913144968 65581 8919

1723486238.4928226 100329847
cloud_controller_tkemenade 35515730627 53944 10445

1723486238.493375 100329850
cloud0_tkemenade 50914325669 65583 8919

1723486239.4957263 100330286
cloud_controller_tkemenade 35515730627 54059 10447

1723486239.496211 100330286
cloud0_tkemenade 50914325669 65607 8922

1723486240.4986317 100330705
cloud_controller_tkemenade 35515730627 54167 10451

1723486240.4990904 100330705
cloud0_tkemenade 50914325669 65636 8926

1723486241.5016088 100331198
cloud_controller_tkemenade 35515730627 54284 10454

1723486241.5021443 100331198
cloud0_tkemenade 50914325669 65675 8932

1723486242.5046718 100331669
cloud_controller_tkemenade 35515730627 54395 10456

1723486242.505306 100331672
cloud0_tkemenade 50914325669 65745 8937

1723486243.5078218 100332105
cloud_controller_tkemenade 35515730627 54476 10467

1723486243.508374 100332105
cloud0_tkemenade 50914325669 65796 8944

1723486244.5107503 100332559
cloud_controller_tkemenade 35515730627 54578 10474

1723486244.511321 100332559
cloud0_tkemenade 50914325669 65876 8954

1723486245.5138087 100333032
cloud_controller_tkemenade 35518911997 54689 10477

1723486245.5142593 100333032
cloud0_tkemenade 50915910275 65931 8960

1723486246.5167587 100333489
cloud_controller_tkemenade 35518911997 54808 10479

1723486246.5173287 100333491
cloud0_tkemenade 50915910275 65964 8964

1723486247.5199242 100334048
cloud_controller_tkemenade 35518911997 54917 10484

1723486247.5204577 100334048
cloud0_tkemenade 50915910275 66026 8969

1723486248.52277 100334527
cloud_controller_tkemenade 35518911997 55071 10487

1723486248.5233035 100334527
cloud0_tkemenade 50915910275 66063 8976

1723486249.5258458 100334970
cloud_controller_tkemenade 35518911997 55172 10489

1723486249.5263906 100334970
cloud0_tkemenade 50915910275 66089 8984

1723486250.5288787 100335382
cloud_controller_tkemenade 35518911997 55264 10496

1723486250.5294921 100335384
cloud0_tkemenade 50915910275 66119 8988

1723486251.5320723 100335861
cloud_controller_tkemenade 35518911997 55385 10500

1723486251.5326076 100335861
cloud0_tkemenade 50915910275 66152 8994

1723486252.5350614 100336300
cloud_controller_tkemenade 35518911997 55503 10504

1723486252.5355937 100336300
cloud0_tkemenade 50915910275 66190 9001

1723486252.63604 100336340
cloud_controller_tkemenade 35522425146 55513 10504

1723486252.6364086 100336340
cloud0_tkemenade 50917172360 66196 9002

1723486253.6386085 100336767
cloud_controller_tkemenade 35522425146 55659 10506

1723486253.6391501 100336767
cloud0_tkemenade 50917172360 66217 9007

1723486254.6416733 100337226
cloud_controller_tkemenade 35522425146 55768 10510

1723486254.6422482 100337226
cloud0_tkemenade 50917172360 66274 9018

1723486255.6447418 100337712
cloud_controller_tkemenade 35522425146 55875 10516

1723486255.6452131 100337714
cloud0_tkemenade 50917172360 66325 9023

1723486256.6478117 100338202
cloud_controller_tkemenade 35522425146 55988 10533

1723486256.6483796 100338202
cloud0_tkemenade 50917172360 66385 9033

1723486257.650806 100338701
cloud_controller_tkemenade 35522425146 56109 10557

1723486257.6513772 100338701
cloud0_tkemenade 50917172360 66449 9039

1723486258.6541317 100339143
cloud_controller_tkemenade 35522425146 56239 10600

1723486258.6546934 100339143
cloud0_tkemenade 50917172360 66485 9043

1723486259.6571834 100339586
cloud_controller_tkemenade 35522425146 56338 10614

1723486259.6577418 100339586
cloud0_tkemenade 50917172360 66515 9050

1723486259.8632185 100339686
cloud_controller_tkemenade 35526117371 56367 10615

1723486259.8636088 100339686
cloud0_tkemenade 50918608439 66524 9053

1723486260.866044 100340179
cloud_controller_tkemenade 35526117371 56494 10622

1723486260.8665946 100340179
cloud0_tkemenade 50918608439 66555 9060

1723486261.8692079 100340602
cloud_controller_tkemenade 35526117371 56599 10630

1723486261.8697674 100340602
cloud0_tkemenade 50918608439 66580 9064

1723486262.8722608 100341083
cloud_controller_tkemenade 35526117371 56680 10662

1723486262.8726244 100341083
cloud0_tkemenade 50918608439 66626 9067

1723486263.8751054 100341591
cloud_controller_tkemenade 35526117371 56773 10686

1723486263.875659 100341591
cloud0_tkemenade 50918608439 66659 9070

1723486264.8782163 100342268
cloud_controller_tkemenade 35526117371 56871 10689

1723486264.8787627 100342268
cloud0_tkemenade 50918608439 66708 9078

1723486265.8813915 100342710
cloud_controller_tkemenade 35526117371 56904 10694

1723486265.8819294 100342710
cloud0_tkemenade 50918608439 66737 9082

1723486266.8843727 100343304
cloud_controller_tkemenade 35526117371 56939 10699

1723486266.8848646 100343304
cloud0_tkemenade 50918608439 66778 9087

1723486266.9853258 100343372
cloud_controller_tkemenade 35528734356 56942 10701

1723486266.985682 100343372
cloud0_tkemenade 50919768505 66780 9087

1723486267.9878569 100343825
cloud_controller_tkemenade 35528734356 57034 10707

1723486267.9884076 100343825
cloud0_tkemenade 50919768505 66807 9092

1723486268.9910307 100344306
cloud_controller_tkemenade 35528734356 57143 10730

1723486268.9915946 100344306
cloud0_tkemenade 50919768505 66835 9098

1723486269.9940255 100344764
cloud_controller_tkemenade 35528734356 57241 10751

1723486269.9944127 100344764
cloud0_tkemenade 50919768505 66876 9101

1723486270.9968724 100345269
cloud_controller_tkemenade 35528734356 57254 10776

1723486270.9974582 100345271
cloud0_tkemenade 50919768505 67015 9106

1723486272.0000856 100345683
cloud_controller_tkemenade 35528734356 57281 10792

1723486272.0006557 100345683
cloud0_tkemenade 50919768505 67065 9110

1723486273.003117 100346202
cloud_controller_tkemenade 35528734356 57367 10805

1723486273.0036662 100346202
cloud0_tkemenade 50919768505 67156 9118

1723486274.0062702 100346791
cloud_controller_tkemenade 35528734356 57540 10810

1723486274.0067925 100346791
cloud0_tkemenade 50919768505 67275 9126

1723486274.1072423 100346838
cloud_controller_tkemenade 35531409625 57552 10811

1723486274.1077533 100346838
cloud0_tkemenade 50921773094 67277 9126

1723486275.1099503 100347291
cloud_controller_tkemenade 35531409625 57652 10818

1723486275.110341 100347291
cloud0_tkemenade 50921773094 67348 9134

1723486276.1127775 100347748
cloud_controller_tkemenade 35531409625 57769 10820

1723486276.1131399 100347750
cloud0_tkemenade 50921773094 67382 9137

1723486277.1154685 100348216
cloud_controller_tkemenade 35531409625 57880 10823

1723486277.1158264 100348216
cloud0_tkemenade 50921773094 67431 9144

1723486278.118197 100348700
cloud_controller_tkemenade 35531409625 57999 10828

1723486278.118743 100348700
cloud0_tkemenade 50921773094 67460 9153

1723486279.1212249 100349172
cloud_controller_tkemenade 35531409625 58135 10833

1723486279.1217852 100349172
cloud0_tkemenade 50921773094 67504 9160

1723486280.1243613 100349570
cloud_controller_tkemenade 35531409625 58176 10839

1723486280.1249337 100349570
cloud0_tkemenade 50921773094 67531 9167

1723486281.1273508 100349932
cloud_controller_tkemenade 35531409625 58206 10850

1723486281.1278522 100349932
cloud0_tkemenade 50921773094 67557 9172

1723486281.2282643 100349963
cloud_controller_tkemenade 35534164596 58209 10851

1723486281.2287717 100349963
cloud0_tkemenade 50923054567 67560 9174

1723486282.2310414 100350366
cloud_controller_tkemenade 35534164596 58248 10859

1723486282.2313995 100350366
cloud0_tkemenade 50923054567 67595 9178

1723486283.2338028 100350720
cloud_controller_tkemenade 35534164596 58276 10863

1723486283.2343493 100350720
cloud0_tkemenade 50923054567 67634 9181

1723486284.2369576 100351126
cloud_controller_tkemenade 35534164596 58305 10866

1723486284.237647 100351126
cloud0_tkemenade 50923054567 67669 9188

1723486285.240251 100351516
cloud_controller_tkemenade 35534164596 58341 10873

1723486285.2408268 100351516
cloud0_tkemenade 50923054567 67734 9201

1723486286.2432644 100351924
cloud_controller_tkemenade 35534164596 58370 10886

1723486286.2438176 100351924
cloud0_tkemenade 50923054567 67787 9208

1723486287.2462788 100352352
cloud_controller_tkemenade 35534164596 58411 10897

1723486287.2468038 100352352
cloud0_tkemenade 50923054567 67860 9217

1723486288.2490969 100352746
cloud_controller_tkemenade 35534164596 58432 10905

1723486288.2496266 100352746
cloud0_tkemenade 50923054567 67902 9221

1723486288.350089 100352770
cloud_controller_tkemenade 35535144338 58435 10907

1723486288.350642 100352770
cloud0_tkemenade 50924443122 67905 9222

1723486289.3532264 100353168
cloud_controller_tkemenade 35535144338 58462 10920

1723486289.3537972 100353168
cloud0_tkemenade 50924443122 67944 9229

1723486290.3563426 100353571
cloud_controller_tkemenade 35535144338 58501 10929

1723486290.3569026 100353571
cloud0_tkemenade 50924443122 67984 9238

1723486291.359468 100353934
cloud_controller_tkemenade 35535144338 58529 10936

1723486291.3600345 100353934
cloud0_tkemenade 50924443122 68004 9242

1723486292.3625607 100354341
cloud_controller_tkemenade 35535144338 58558 10945

1723486292.3631158 100354341
cloud0_tkemenade 50924443122 68035 9247

1723486293.3656156 100354736
cloud_controller_tkemenade 35535144338 58582 10956

1723486293.3661695 100354736
cloud0_tkemenade 50924443122 68088 9255

1723486294.3687735 100355123
cloud_controller_tkemenade 35535144338 58609 10965

1723486294.3694024 100355126
cloud0_tkemenade 50924443122 68112 9263

1723486295.3715527 100355499
cloud_controller_tkemenade 35535144338 58638 10971

1723486295.3721213 100355499
cloud0_tkemenade 50924443122 68167 9270

1723486295.5728164 100355584
cloud_controller_tkemenade 35536091476 58643 10973

1723486295.573308 100355585
cloud0_tkemenade 50925527526 68172 9270

1723486296.5756528 100355957
cloud_controller_tkemenade 35536091476 58669 10983

1723486296.576215 100355957
cloud0_tkemenade 50925527526 68207 9275

1723486297.5786872 100356386
cloud_controller_tkemenade 35536091476 58702 10989

1723486297.5792463 100356386
cloud0_tkemenade 50925527526 68241 9278

1723486298.581738 100356792
cloud_controller_tkemenade 35536091476 58726 10998

1723486298.582207 100356792
cloud0_tkemenade 50925527526 68278 9282

1723486299.5847528 100357269
cloud_controller_tkemenade 35536091476 58752 11005

1723486299.5853002 100357271
cloud0_tkemenade 50925527526 68298 9289

1723486300.5878096 100357782
cloud_controller_tkemenade 35536091476 58775 11011

1723486300.5883243 100357782
cloud0_tkemenade 50925527526 68328 9294

1723486301.5907068 100358355
cloud_controller_tkemenade 35536091476 58811 11022

1723486301.5910523 100358355
cloud0_tkemenade 50925527526 68351 9297

1723486302.5934482 100358808
cloud_controller_tkemenade 35536091476 58833 11030

1723486302.5940003 100358808
cloud0_tkemenade 50925527526 68419 9302

1723486302.6944273 100358864
cloud_controller_tkemenade 35537005600 58835 11031

1723486302.694769 100358864
cloud0_tkemenade 50926568110 68426 9302

1723486303.697137 100359292
cloud_controller_tkemenade 35537005600 58873 11040

1723486303.69766 100359292
cloud0_tkemenade 50926568110 68464 9308

1723486304.700272 100359744
cloud_controller_tkemenade 35537005600 58901 11047

1723486304.700837 100359744
cloud0_tkemenade 50926568110 68522 9316

1723486305.7032716 100360237
cloud_controller_tkemenade 35537005600 58925 11055

1723486305.7038271 100360237
cloud0_tkemenade 50926568110 68598 9322

1723486306.7062902 100360624
cloud_controller_tkemenade 35537005600 58955 11061

1723486306.706839 100360624
cloud0_tkemenade 50926568110 68638 9326

1723486307.7093873 100361137
cloud_controller_tkemenade 35537005600 58978 11067

1723486307.7099457 100361137
cloud0_tkemenade 50926568110 68695 9329

1723486308.712672 100361572
cloud_controller_tkemenade 35537005600 59069 11073

1723486308.7132766 100361574
cloud0_tkemenade 50926568110 68738 9334

1723486309.7158532 100361948
cloud_controller_tkemenade 35537005600 59097 11086

1723486309.7164295 100361948
cloud0_tkemenade 50926568110 68769 9339

1723486309.9172127 100361994
cloud_controller_tkemenade 35538147240 59101 11088

1723486309.9177475 100361994
cloud0_tkemenade 50927933810 68773 9340

1723486310.9203784 100362364
cloud_controller_tkemenade 35538147240 59129 11093

1723486310.9209683 100362364
cloud0_tkemenade 50927933810 68805 9345

1723486311.9235594 100362737
cloud_controller_tkemenade 35538147240 59169 11102

1723486311.9241316 100362737
cloud0_tkemenade 50927933810 68839 9350

1723486312.9267025 100363153
cloud_controller_tkemenade 35538147240 59190 11106

1723486312.9272473 100363153
cloud0_tkemenade 50927933810 68887 9355

1723486313.9298985 100363560
cloud_controller_tkemenade 35538147240 59280 11111

1723486313.930478 100363560
cloud0_tkemenade 50927933810 68918 9360

1723486314.933103 100363972
cloud_controller_tkemenade 35538147240 59311 11117

1723486314.9335005 100363972
cloud0_tkemenade 50927933810 68962 9366

1723486315.9359689 100364362
cloud_controller_tkemenade 35538147240 59350 11124

1723486315.9365277 100364362
cloud0_tkemenade 50927933810 69032 9382

1723486316.9389837 100364770
cloud_controller_tkemenade 35538147240 59388 11132

1723486316.9394891 100364770
cloud0_tkemenade 50927933810 69093 9389

1723486317.0399935 100364810
cloud_controller_tkemenade 35539329047 59389 11133

1723486317.0405812 100364810
cloud0_tkemenade 50929250075 69098 9390

1723486318.0430071 100365203
cloud_controller_tkemenade 35539329047 59411 11138

1723486318.0435374 100365203
cloud0_tkemenade 50929250075 69131 9393

1723486319.0461526 100365586
cloud_controller_tkemenade 35539329047 59445 11146

1723486319.046683 100365586
cloud0_tkemenade 50929250075 69165 9396

1723486320.0492582 100365998
cloud_controller_tkemenade 35539329047 59489 11158

1723486320.0496387 100365998
cloud0_tkemenade 50929250075 69210 9401

1723486321.0520175 100366378
cloud_controller_tkemenade 35539329047 59524 11168

1723486321.0525749 100366378
cloud0_tkemenade 50929250075 69233 9405

1723486322.054794 100366774
cloud_controller_tkemenade 35539329047 59561 11178

1723486322.055317 100366774
cloud0_tkemenade 50929250075 69269 9412

1723486323.0577517 100367166
cloud_controller_tkemenade 35539329047 59584 11183

1723486323.0581307 100367166
cloud0_tkemenade 50929250075 69317 9419

1723486324.0603693 100367592
cloud_controller_tkemenade 35539329047 59605 11190

1723486324.0607357 100367592
cloud0_tkemenade 50929250075 69348 9423

1723486324.161145 100367642
cloud_controller_tkemenade 35540295532 59610 11191

1723486324.161728 100367642
cloud0_tkemenade 50930262415 69349 9423

1723486325.164068 100368033
cloud_controller_tkemenade 35540295532 59640 11198

1723486325.1646104 100368033
cloud0_tkemenade 50930262415 69398 9428

1723486326.1671154 100368435
cloud_controller_tkemenade 35540295532 59675 11206

1723486326.1676707 100368435
cloud0_tkemenade 50930262415 69440 9436

1723486327.1701171 100368806
cloud_controller_tkemenade 35540295532 59704 11215

1723486327.1706698 100368806
cloud0_tkemenade 50930262415 69482 9442

1723486328.17319 100369248
cloud_controller_tkemenade 35540295532 59726 11221

1723486328.173725 100369248
cloud0_tkemenade 50930262415 69504 9445

1723486329.1762512 100369714
cloud_controller_tkemenade 35540295532 59758 11227

1723486329.1768074 100369714
cloud0_tkemenade 50930262415 69535 9448

1723486330.1792238 100370146
cloud_controller_tkemenade 35540295532 59783 11237

1723486330.1796982 100370146
cloud0_tkemenade 50930262415 69584 9454

1723486331.1820595 100370580
cloud_controller_tkemenade 35540295532 59810 11242

1723486331.18261 100370580
cloud0_tkemenade 50930262415 69710 9455

1723486331.3833199 100370657
cloud_controller_tkemenade 35541203022 59817 11243

1723486331.383879 100370657
cloud0_tkemenade 50931649928 69716 9458

1723486332.3864858 100371040
cloud_controller_tkemenade 35541203022 59853 11252

1723486332.3871405 100371040
cloud0_tkemenade 50931649928 69782 9462

1723486333.389795 100371555
cloud_controller_tkemenade 35541203022 59885 11259

1723486333.3903277 100371555
cloud0_tkemenade 50931649928 69937 9469

1723486334.3929994 100371974
cloud_controller_tkemenade 35541203022 59915 11265

1723486334.3935804 100371974
cloud0_tkemenade 50931649928 70000 9475

1723486335.3960502 100372390
cloud_controller_tkemenade 35541203022 59941 11273

1723486335.3964124 100372390
cloud0_tkemenade 50931649928 70071 9485

1723486336.3988042 100372764
cloud_controller_tkemenade 35541203022 59964 11281

1723486336.3993683 100372764
cloud0_tkemenade 50931649928 70106 9494

1723486337.4018235 100373185
cloud_controller_tkemenade 35541203022 59989 11287

1723486337.4023657 100373185
cloud0_tkemenade 50931649928 70168 9499

1723486338.4048479 100373602
cloud_controller_tkemenade 35542152423 60026 11294

1723486338.4056048 100373603
cloud0_tkemenade 50933645462 70219 9506

1723486339.4080508 100373977
cloud_controller_tkemenade 35542152423 60053 11302

1723486339.408611 100373977
cloud0_tkemenade 50933645462 70248 9512

1723486340.411149 100374339
cloud_controller_tkemenade 35542152423 60083 11312

1723486340.411712 100374339
cloud0_tkemenade 50933645462 70277 9520

1723486341.4142032 100374735
cloud_controller_tkemenade 35542152423 60114 11319

1723486341.4147468 100374735
cloud0_tkemenade 50933645462 70326 9526

1723486342.417385 100375113
cloud_controller_tkemenade 35542152423 60149 11331

1723486342.4179518 100375113
cloud0_tkemenade 50933645462 70357 9533

1723486343.4206116 100375528
cloud_controller_tkemenade 35542152423 60170 11336

1723486343.4211676 100375531
cloud0_tkemenade 50933645462 70409 9539

1723486344.4237232 100375920
cloud_controller_tkemenade 35542152423 60200 11340

1723486344.4242918 100375920
cloud0_tkemenade 50933645462 70440 9544

1723486345.4266946 100376315
cloud_controller_tkemenade 35542152423 60238 11345

1723486345.4272492 100376315
cloud0_tkemenade 50933645462 70480 9549

1723486345.627979 100376422
cloud_controller_tkemenade 35543067798 60243 11348

1723486345.6283782 100376422
cloud0_tkemenade 50934744592 70506 9554

1723486346.6306567 100376812
cloud_controller_tkemenade 35543067798 60288 11356

1723486346.6312244 100376812
cloud0_tkemenade 50934744592 70558 9562

1723486347.633784 100377258
cloud_controller_tkemenade 35543067798 60315 11365

1723486347.6343322 100377258
cloud0_tkemenade 50934744592 70616 9569

1723486348.63717 100377642
cloud_controller_tkemenade 35543067798 60340 11372

1723486348.637759 100377642
cloud0_tkemenade 50934744592 70650 9576

1723486349.6404576 100378082
cloud_controller_tkemenade 35543067798 60377 11383

1723486349.6410222 100378082
cloud0_tkemenade 50934744592 70685 9581

1723486350.6436017 100378482
cloud_controller_tkemenade 35543067798 60426 11392

1723486350.6441488 100378482
cloud0_tkemenade 50934744592 70718 9586

1723486351.6467054 100378884
cloud_controller_tkemenade 35543067798 60451 11399

1723486351.647278 100378884
cloud0_tkemenade 50934744592 70751 9593

1723486352.6496332 100379266
cloud_controller_tkemenade 35543067798 60482 11407

1723486352.6501887 100379266
cloud0_tkemenade 50934744592 70804 9597

1723486352.8508558 100379370
cloud_controller_tkemenade 35544106723 60485 11408

1723486352.8513622 100379370
cloud0_tkemenade 50935982387 70812 9598

1723486353.8538773 100379738
cloud_controller_tkemenade 35544106723 60511 11415

1723486353.8544629 100379738
cloud0_tkemenade 50935982387 70847 9604

1723486354.8571804 100380152
cloud_controller_tkemenade 35544106723 60542 11424

1723486354.8577607 100380152
cloud0_tkemenade 50935982387 70882 9608

1723486355.8602955 100380562
cloud_controller_tkemenade 35544106723 60577 11434

1723486355.8607285 100380562
cloud0_tkemenade 50935982387 70929 9616

1723486356.8631325 100380994
cloud_controller_tkemenade 35544106723 60605 11440

1723486356.8635333 100380994
cloud0_tkemenade 50935982387 70964 9622

1723486357.8660266 100381449
cloud_controller_tkemenade 35544106723 60634 11448

1723486357.8665905 100381449
cloud0_tkemenade 50935982387 70996 9626

1723486358.8691914 100381812
cloud_controller_tkemenade 35544106723 60653 11454

1723486358.8697376 100381812
cloud0_tkemenade 50935982387 71020 9632

1723486359.8722994 100382196
cloud_controller_tkemenade 35544106723 60685 11463

1723486359.8728027 100382196
cloud0_tkemenade 50935982387 71058 9634

1723486359.9731736 100382234
cloud_controller_tkemenade 35545004851 60687 11463

1723486359.9737322 100382234
cloud0_tkemenade 50936967882 71060 9635

1723486360.9764125 100382571
cloud_controller_tkemenade 35545004851 60709 11469

1723486360.9769926 100382571
cloud0_tkemenade 50936967882 71088 9640

1723486361.979486 100382933
cloud_controller_tkemenade 35545004851 60749 11477

1723486361.9800138 100382933
cloud0_tkemenade 50936967882 71133 9646

1723486362.9822628 100383314
cloud_controller_tkemenade 35545004851 60770 11483

1723486362.982813 100383314
cloud0_tkemenade 50936967882 71184 9651

1723486363.9853094 100383718
cloud_controller_tkemenade 35545004851 60807 11491

1723486363.9858735 100383718
cloud0_tkemenade 50936967882 71251 9658

1723486364.9885259 100384105
cloud_controller_tkemenade 35545004851 60836 11497

1723486364.9891248 100384109
cloud0_tkemenade 50936967882 71310 9669

1723486365.9916697 100384474
cloud_controller_tkemenade 35545004851 60868 11504

1723486365.9922507 100384474
cloud0_tkemenade 50936967882 71354 9676

1723486366.9946687 100384882
cloud_controller_tkemenade 35545004851 60889 11513

1723486366.9950397 100384882
cloud0_tkemenade 50936967882 71392 9685

1723486367.0953388 100384929
cloud_controller_tkemenade 35545889545 60891 11513

1723486367.0956855 100384929
cloud0_tkemenade 50938341760 71406 9685

1723486368.0980537 100385344
cloud_controller_tkemenade 35545889545 60956 11519

1723486368.0985947 100385344
cloud0_tkemenade 50938341760 71443 9692

1723486369.1011126 100385733
cloud_controller_tkemenade 35545889545 60998 11527

1723486369.1016614 100385733
cloud0_tkemenade 50938341760 71484 9698

1723486370.1043487 100386144
cloud_controller_tkemenade 35545889545 61030 11536

1723486370.1049268 100386144
cloud0_tkemenade 50938341760 71510 9701

1723486371.1075082 100386524
cloud_controller_tkemenade 35545889545 61068 11547

1723486371.1080267 100386524
cloud0_tkemenade 50938341760 71539 9707

1723486372.110588 100386934
cloud_controller_tkemenade 35545889545 61113 11552

1723486372.1111321 100386934
cloud0_tkemenade 50938341760 71573 9711

1723486373.1135573 100387321
cloud_controller_tkemenade 35545889545 61161 11558

1723486373.1141047 100387321
cloud0_tkemenade 50938341760 71615 9715

1723486374.116437 100387745
cloud_controller_tkemenade 35545889545 61214 11563

1723486374.1169872 100387745
cloud0_tkemenade 50938341760 71662 9719

1723486374.217442 100387788
cloud_controller_tkemenade 35547206680 61215 11563

1723486374.217945 100387788
cloud0_tkemenade 50939384198 71663 9719

1723486375.2204192 100388118
cloud_controller_tkemenade 35547206680 61242 11567

1723486375.2209764 100388118
cloud0_tkemenade 50939384198 71702 9722

1723486376.2234802 100388546
cloud_controller_tkemenade 35547206680 61277 11575

1723486376.2238362 100388546
cloud0_tkemenade 50939384198 71775 9732

1723486377.2263088 100388936
cloud_controller_tkemenade 35547206680 61317 11584

1723486377.2268686 100388936
cloud0_tkemenade 50939384198 71845 9739

1723486378.2293155 100389369
cloud_controller_tkemenade 35547206680 61342 11593

1723486378.2298758 100389369
cloud0_tkemenade 50939384198 71878 9745

1723486379.2323248 100389756
cloud_controller_tkemenade 35547206680 61365 11598

1723486379.232896 100389756
cloud0_tkemenade 50939384198 71922 9750

1723486380.2355585 100390205
cloud_controller_tkemenade 35547206680 61419 11605

1723486380.2361252 100390205
cloud0_tkemenade 50939384198 71957 9754

1723486381.2382975 100390564
cloud_controller_tkemenade 35547206680 61448 11613

1723486381.2388313 100390564
cloud0_tkemenade 50939384198 71992 9763

1723486381.3392794 100390600
cloud_controller_tkemenade 35548195395 61448 11614

1723486381.3398404 100390600
cloud0_tkemenade 50940682757 71994 9763

1723486382.3439007 100390990
cloud_controller_tkemenade 35548195395 61473 11624

1723486382.3444638 100390990
cloud0_tkemenade 50940682757 72025 9767

1723486383.3468683 100391382
cloud_controller_tkemenade 35548195395 61494 11632

1723486383.3474312 100391382
cloud0_tkemenade 50940682757 72085 9771

1723486384.3499787 100391808
cloud_controller_tkemenade 35548195395 61522 11637

1723486384.3505337 100391808
cloud0_tkemenade 50940682757 72110 9773

1723486385.3529983 100392212
cloud_controller_tkemenade 35548195395 61558 11640

1723486385.3535845 100392212
cloud0_tkemenade 50940682757 72149 9778

1723486386.3562582 100392663
cloud_controller_tkemenade 35548195395 61589 11650

1723486386.3568318 100392663
cloud0_tkemenade 50940682757 72201 9787

1723486387.359479 100393059
cloud_controller_tkemenade 35548195395 61618 11655

1723486387.36007 100393059
cloud0_tkemenade 50940682757 72237 9789

1723486388.3623688 100393477
cloud_controller_tkemenade 35548195395 61645 11662

1723486388.3629305 100393477
cloud0_tkemenade 50940682757 72270 9794

1723486388.5635977 100393546
cloud_controller_tkemenade 35549045089 61649 11664

1723486388.564193 100393546
cloud0_tkemenade 50941736378 72274 9795

1723486389.5666804 100393970
cloud_controller_tkemenade 35549045089 61670 11671

1723486389.567146 100393970
cloud0_tkemenade 50941736378 72301 9800

1723486390.5698094 100394433
cloud_controller_tkemenade 35549045089 61697 11680

1723486390.5703537 100394433
cloud0_tkemenade 50941736378 72412 9804

1723486391.57302 100394884
cloud_controller_tkemenade 35549045089 61723 11689

1723486391.573552 100394884
cloud0_tkemenade 50941736378 72486 9810

1723486392.5761592 100395292
cloud_controller_tkemenade 35549045089 61757 11700

1723486392.5767004 100395292
cloud0_tkemenade 50941736378 72545 9814

1723486393.578975 100395773
cloud_controller_tkemenade 35549045089 61786 11709

1723486393.5794075 100395773
cloud0_tkemenade 50941736378 72688 9818

1723486394.5819006 100396142
cloud_controller_tkemenade 35549045089 61807 11719

1723486394.58248 100396142
cloud0_tkemenade 50941736378 72752 9828

1723486395.584987 100396576
cloud_controller_tkemenade 35549045089 61840 11726

1723486395.5854976 100396576
cloud0_tkemenade 50941736378 72817 9832

1723486395.6858647 100396621
cloud_controller_tkemenade 35549948597 61843 11726

1723486395.6863194 100396621
cloud0_tkemenade 50943810178 72820 9833

1723486396.6888916 100396956
cloud_controller_tkemenade 35549948597 61865 11732

1723486396.6894808 100396957
cloud0_tkemenade 50943810178 72869 9842

1723486397.6920972 100397385
cloud_controller_tkemenade 35549948597 61891 11739

1723486397.692648 100397385
cloud0_tkemenade 50943810178 72914 9849

1723486398.6952605 100397814
cloud_controller_tkemenade 35549948597 61927 11750

1723486398.695825 100397814
cloud0_tkemenade 50943810178 72967 9853

1723486399.6984189 100398233
cloud_controller_tkemenade 35549948597 61979 11755

1723486399.6989865 100398233
cloud0_tkemenade 50943810178 72992 9857

1723486400.701571 100398611
cloud_controller_tkemenade 35549948597 62008 11759

1723486400.7021244 100398611
cloud0_tkemenade 50943810178 73024 9861

1723486401.7048736 100399040
cloud_controller_tkemenade 35549948597 62055 11771

1723486401.705454 100399043
cloud0_tkemenade 50943810178 73062 9868

1723486402.707764 100399404
cloud_controller_tkemenade 35549948597 62087 11775

1723486402.7081075 100399404
cloud0_tkemenade 50943810178 73109 9875

1723486402.9085922 100399478
cloud_controller_tkemenade 35550967921 62092 11776

1723486402.908975 100399478
cloud0_tkemenade 50944954386 73113 9875

1723486403.9114633 100399815
cloud_controller_tkemenade 35550967921 62119 11781

1723486403.912026 100399815
cloud0_tkemenade 50944954386 73147 9879

1723486404.9147224 100400218
cloud_controller_tkemenade 35550967921 62143 11788

1723486404.9152832 100400218
cloud0_tkemenade 50944954386 73192 9882

1723486405.917793 100400626
cloud_controller_tkemenade 35550967921 62196 11795

1723486405.918351 100400626
cloud0_tkemenade 50944954386 73250 9891

1723486406.920921 100401056
cloud_controller_tkemenade 35550967921 62238 11803

1723486406.9213722 100401058
cloud0_tkemenade 50944954386 73321 9900

1723486407.9237814 100401423
cloud_controller_tkemenade 35550967921 62261 11809

1723486407.9243436 100401423
cloud0_tkemenade 50944954386 73354 9905

1723486408.9268818 100401819
cloud_controller_tkemenade 35550967921 62288 11816

1723486408.9274366 100401819
cloud0_tkemenade 50944954386 73393 9911

1723486409.9299915 100402200
cloud_controller_tkemenade 35550967921 62329 11824

1723486409.9304786 100402200
cloud0_tkemenade 50944954386 73431 9919

1723486410.030933 100402243
cloud_controller_tkemenade 35551978502 62331 11825

1723486410.0314908 100402243
cloud0_tkemenade 50946238666 73437 9919

1723486411.0340168 100402608
cloud_controller_tkemenade 35551978502 62369 11836

1723486411.0345724 100402608
cloud0_tkemenade 50946238666 73461 9923

1723486412.0371885 100402995
cloud_controller_tkemenade 35551978502 62395 11848

1723486412.0377636 100402995
cloud0_tkemenade 50946238666 73498 9932

1723486413.0402327 100403372
cloud_controller_tkemenade 35551978502 62428 11857

1723486413.0407917 100403372
cloud0_tkemenade 50946238666 73548 9937

1723486414.043385 100403748
cloud_controller_tkemenade 35551978502 62451 11865

1723486414.0438173 100403748
cloud0_tkemenade 50946238666 73591 9942

1723486415.0463886 100404175
cloud_controller_tkemenade 35551978502 62477 11872

1723486415.0469728 100404175
cloud0_tkemenade 50946238666 73630 9948

1723486416.04962 100404589
cloud_controller_tkemenade 35551978502 62514 11879

1723486416.0501645 100404589
cloud0_tkemenade 50946238666 73657 9954

1723486417.0526946 100405068
cloud_controller_tkemenade 35551978502 62545 11883

1723486417.053064 100405069
cloud0_tkemenade 50946238666 73723 9963

1723486417.1533854 100405090
cloud_controller_tkemenade 35552915420 62546 11883

1723486417.1537702 100405090
cloud0_tkemenade 50947381500 73724 9963

1723486418.1560254 100405548
cloud_controller_tkemenade 35552915420 62575 11889

1723486418.1566133 100405548
cloud0_tkemenade 50947381500 73748 9966

1723486419.1592548 100405952
cloud_controller_tkemenade 35552915420 62596 11892

1723486419.1598074 100405952
cloud0_tkemenade 50947381500 73781 9970

1723486420.1623256 100406375
cloud_controller_tkemenade 35552915420 62622 11899

1723486420.162901 100406375
cloud0_tkemenade 50947381500 73818 9976

1723486421.165434 100406757
cloud_controller_tkemenade 35552915420 62653 11908

1723486421.16582 100406757
cloud0_tkemenade 50947381500 73847 9983

1723486422.1683009 100407215
cloud_controller_tkemenade 35552915420 62683 11916

1723486422.1687357 100407215
cloud0_tkemenade 50947381500 73897 9990

1723486423.1712224 100407653
cloud_controller_tkemenade 35552915420 62721 11922

1723486423.171738 100407653
cloud0_tkemenade 50947381500 73951 9995

1723486424.1738582 100408129
cloud_controller_tkemenade 35552915420 62752 11930

1723486424.1744177 100408129
cloud0_tkemenade 50947381500 74020 10005

1723486424.37517 100408226
cloud_controller_tkemenade 35553764458 62756 11930

1723486424.3757455 100408226
cloud0_tkemenade 50948526869 74025 10006

1723486425.3781903 100408878
cloud_controller_tkemenade 35553764458 62780 11938

1723486425.3787806 100408878
cloud0_tkemenade 50948526869 74085 10010

1723486426.3812022 100409537
cloud_controller_tkemenade 35553764458 62812 11941

1723486426.3817647 100409537
cloud0_tkemenade 50948526869 74116 10016

1723486427.384196 100410056
cloud_controller_tkemenade 35553764458 62835 11947

1723486427.3847356 100410056
cloud0_tkemenade 50948526869 74188 10024

1723486428.3872077 100410640
cloud_controller_tkemenade 35553764458 62922 11953

1723486428.387767 100410640
cloud0_tkemenade 50948526869 74239 10031

1723486429.3901987 100411158
cloud_controller_tkemenade 35553764458 62942 11956

1723486429.3907425 100411158
cloud0_tkemenade 50948526869 74271 10036

1723486430.3932033 100411609
cloud_controller_tkemenade 35553764458 62967 11961

1723486430.3937566 100411609
cloud0_tkemenade 50948526869 74294 10041

1723486431.3965724 100411988
cloud_controller_tkemenade 35554860521 63007 11971

1723486431.397011 100411988
cloud0_tkemenade 50949795010 74325 10048

1723486432.3993707 100412380
cloud_controller_tkemenade 35554860521 63047 11979

1723486432.3999226 100412380
cloud0_tkemenade 50949795010 74357 10055

1723486433.4025002 100412838
cloud_controller_tkemenade 35554860521 63143 11982

1723486433.4030733 100412838
cloud0_tkemenade 50949795010 74412 10060

1723486434.4054947 100413229
cloud_controller_tkemenade 35554860521 63164 11988

1723486434.406056 100413229
cloud0_tkemenade 50949795010 74445 10065

