1717272999.942385 332103705
cloud0_tkemenade 19044495303 2930 473
cloud1_tkemenade 13692064475 3028 521

1717273000.944851 332103980
cloud0_tkemenade 19044495303 2947 483

1717273000.9454153 332103981
cloud1_tkemenade 13692064475 3037 525

1717273001.9480968 332104168
cloud0_tkemenade 19044495303 2996 494

1717273001.948697 332104168
cloud1_tkemenade 13692064475 3047 529

1717273002.9512548 332104314
cloud0_tkemenade 19044495303 3004 499

1717273002.9518313 332104314
cloud1_tkemenade 13692064475 3063 530

1717273003.9541233 332104514
cloud0_tkemenade 19044495303 3013 502

1717273003.9546728 332104514
cloud1_tkemenade 13692064475 3150 534

1717273004.957322 332104708
cloud0_tkemenade 19044495303 3034 507

1717273004.9578393 332104708
cloud1_tkemenade 13692064475 3236 543

1717273005.960195 332104947
cloud0_tkemenade 19044495303 3140 513

1717273005.9605348 332104947
cloud1_tkemenade 13692064475 3303 560

1717273006.9627602 332105311
cloud0_tkemenade 19044495303 3200 526

1717273006.9632735 332105311
cloud1_tkemenade 13692064475 3533 569

1717273007.965839 332105611
cloud0_tkemenade 19044495303 3261 541

1717273007.9664173 332105611
cloud1_tkemenade 13692064475 3686 580

1717273008.968998 332106023
cloud0_tkemenade 19044495303 3527 547

1717273008.9695463 332106023
cloud1_tkemenade 13692064475 3756 593

1717273009.9719977 332106344
cloud0_tkemenade 19044495303 3677 552

1717273009.9723394 332106344
cloud1_tkemenade 13692064475 3866 624

1717273010.9744277 332106738
cloud0_tkemenade 19044495303 3749 566

1717273010.9747732 332106738
cloud1_tkemenade 13692064475 3948 641

1717273011.9772346 332107025
cloud0_tkemenade 19044495303 3799 590

1717273011.9778001 332107025
cloud1_tkemenade 13692064475 4053 651

1717273012.9804049 332107303
cloud0_tkemenade 19044495303 3878 635

1717273012.9809318 332107303
cloud1_tkemenade 13692064475 4193 662

1717273013.9832766 332107509
cloud0_tkemenade 19044495303 3933 638

1717273013.983827 332107509
cloud1_tkemenade 13692064475 4217 676

1717273014.988341 332107719
cloud0_tkemenade 19044495303 4032 645

1717273014.9888868 332107719
cloud1_tkemenade 13692064475 4245 692

1717273015.991359 332107929
cloud0_tkemenade 19044495303 4180 651

1717273015.9919102 332107929
cloud1_tkemenade 13692064475 4248 694

1717273016.3931003 332107978
cloud0_tkemenade 19047925619 4190 659

1717273016.3936534 332107978
cloud1_tkemenade 13694698041 4248 694

1717273017.3959987 332108104
cloud0_tkemenade 19047925619 4213 671

1717273017.396416 332108104
cloud1_tkemenade 13694698041 4255 694

1717273018.3988051 332108216
cloud0_tkemenade 19047925619 4241 682

1717273018.3993423 332108216
cloud1_tkemenade 13694698041 4255 694

1717273019.401986 332108292
cloud0_tkemenade 19047925619 4241 682

1717273019.4025197 332108292
cloud1_tkemenade 13694698041 4255 694

1717273020.4049594 332108391
cloud0_tkemenade 19047925619 4247 682

1717273020.405465 332108392
cloud1_tkemenade 13694698041 4256 694

1717273021.407876 332108713
cloud0_tkemenade 19047925619 4247 682

1717273021.408227 332108713
cloud1_tkemenade 13694698041 4256 695

1717273022.4105263 332108816
cloud0_tkemenade 19047925619 4254 683

1717273022.411075 332108816
cloud1_tkemenade 13694698041 4256 695

1717273023.4134545 332108938
cloud0_tkemenade 19047925619 4254 684

1717273023.4139926 332108938
cloud1_tkemenade 13694698041 4263 696

1717273023.6146605 332108982
cloud0_tkemenade 19048332640 4254 684

1717273023.6151943 332108982
cloud1_tkemenade 13694772442 4263 696

1717273024.6176422 332109085
cloud0_tkemenade 19048332640 4255 684

1717273024.6181746 332109085
cloud1_tkemenade 13694772442 4264 696

1717273025.6208103 332109157
cloud0_tkemenade 19048332640 4257 684

1717273025.621355 332109158
cloud1_tkemenade 13694772442 4265 697

1717273026.623696 332109252
cloud0_tkemenade 19048332640 4258 684

1717273026.6240268 332109252
cloud1_tkemenade 13694772442 4265 697

1717273027.6263003 332109358
cloud0_tkemenade 19048332640 4258 684

1717273027.6266894 332109358
cloud1_tkemenade 13694772442 4268 697

1717273028.6292512 332109442
cloud0_tkemenade 19048332640 4259 684

1717273028.6297681 332109442
cloud1_tkemenade 13694772442 4268 697

1717273029.632396 332109519
cloud0_tkemenade 19048332640 4259 684

1717273029.632725 332109519
cloud1_tkemenade 13694772442 4268 697

1717273030.6346831 332109709
cloud0_tkemenade 19048332640 4259 685

1717273030.6351507 332109709
cloud1_tkemenade 13694772442 4268 697

1717273030.7356517 332109746
cloud0_tkemenade 19048358966 4259 685

1717273030.736212 332109746
cloud1_tkemenade 13694798768 4268 697

1717273031.738719 332109916
cloud0_tkemenade 19048358966 4260 685

1717273031.7392302 332109916
cloud1_tkemenade 13694798768 4268 697

1717273032.7416573 332110010
cloud0_tkemenade 19048358966 4260 685

1717273032.7421513 332110010
cloud1_tkemenade 13694798768 4268 698

1717273033.744666 332110140
cloud0_tkemenade 19048358966 4260 685

1717273033.7452238 332110142
cloud1_tkemenade 13694798768 4269 699

1717273034.7478023 332110240
cloud0_tkemenade 19048358966 4260 685

1717273034.7482898 332110240
cloud1_tkemenade 13694798768 4269 699

1717273035.7506216 332110308
cloud0_tkemenade 19048358966 4261 685

1717273035.7511256 332110308
cloud1_tkemenade 13694798768 4269 699

1717273036.7537258 332110372
cloud0_tkemenade 19048358966 4261 685

1717273036.7542224 332110372
cloud1_tkemenade 13694798768 4270 699

1717273037.6562018 332110469
cloud0_tkemenade 19048367712 4261 685

1717273037.6564891 332110469
cloud1_tkemenade 13694864368 4280 700

1717273038.6584632 332110573
cloud0_tkemenade 19048367712 4272 685

1717273038.6589508 332110573
cloud1_tkemenade 13694864368 4281 700

1717273039.6614661 332110668
cloud0_tkemenade 19048367712 4273 686

1717273039.6617756 332110668
cloud1_tkemenade 13694864368 4281 700

1717273040.6639345 332110855
cloud0_tkemenade 19048367712 4273 686

1717273040.66443 332110855
cloud1_tkemenade 13694864368 4284 700

1717273041.6669016 332111049
cloud0_tkemenade 19048367712 4273 686

1717273041.6673837 332111049
cloud1_tkemenade 13694864368 4284 700

1717273042.669919 332111156
cloud0_tkemenade 19048367712 4277 686

1717273042.6704066 332111156
cloud1_tkemenade 13694864368 4285 700

1717273043.673003 332111248
cloud0_tkemenade 19048367712 4278 686

1717273043.6733446 332111251
cloud1_tkemenade 13694864368 4286 700

1717273044.675692 332111399
cloud0_tkemenade 19048367712 4278 686

1717273044.676181 332111399
cloud1_tkemenade 13694864368 4286 701

1717273044.8769119 332111422
cloud0_tkemenade 19048446346 4278 686

1717273044.8774443 332111422
cloud1_tkemenade 13694894947 4286 701

1717273045.87991 332111501
cloud0_tkemenade 19048446346 4279 686

1717273045.8803918 332111501
cloud1_tkemenade 13694894947 4286 702

1717273046.8828104 332111579
cloud0_tkemenade 19048446346 4279 686

1717273046.8831239 332111579
cloud1_tkemenade 13694894947 4286 702

1717273047.8855228 332111671
cloud0_tkemenade 19048446346 4279 687

1717273047.8859565 332111671
cloud1_tkemenade 13694894947 4286 702

1717273048.8882854 332111767
cloud0_tkemenade 19048446346 4279 687

1717273048.8887768 332111767
cloud1_tkemenade 13694894947 4286 702

1717273049.891289 332111846
cloud0_tkemenade 19048446346 4280 687

1717273049.8918064 332111846
cloud1_tkemenade 13694894947 4286 702

1717273050.8941271 332112094
cloud0_tkemenade 19048446346 4280 687

1717273050.8946402 332112094
cloud1_tkemenade 13694894947 4286 703

1717273051.8966951 332112250
cloud0_tkemenade 19048446346 4280 687

1717273051.8972218 332112251
cloud1_tkemenade 13694894947 4286 703

1717273051.997689 332112264
cloud0_tkemenade 19048459539 4280 687

1717273051.998184 332112264
cloud1_tkemenade 13694903742 4286 703

1717273053.000666 332112349
cloud0_tkemenade 19048459539 4280 687

1717273053.0011451 332112350
cloud1_tkemenade 13694903742 4287 703

1717273054.0038707 332112452
cloud0_tkemenade 19048459539 4281 687

1717273054.004396 332112452
cloud1_tkemenade 13694903742 4287 703

1717273055.0067656 332112580
cloud0_tkemenade 19048459539 4281 687

1717273055.007257 332112580
cloud1_tkemenade 13694903742 4287 703

1717273056.009702 332112686
cloud0_tkemenade 19048459539 4281 688

1717273056.0101988 332112686
cloud1_tkemenade 13694903742 4287 703

1717273057.0127463 332112760
cloud0_tkemenade 19048459539 4281 688

1717273057.0132515 332112761
cloud1_tkemenade 13694903742 4288 703

1717273058.0157406 332112828
cloud0_tkemenade 19048459539 4281 689

1717273058.016276 332112828
cloud1_tkemenade 13694903742 4288 703

1717273059.0186312 332112968
cloud0_tkemenade 19048459539 4281 689

1717273059.0191376 332112968
cloud1_tkemenade 13694903742 4288 703

1717273059.219794 332112987
cloud0_tkemenade 19048472379 4281 689

1717273059.2202768 332112987
cloud1_tkemenade 13694912302 4288 703

1717273060.2226229 332113063
cloud0_tkemenade 19048472379 4281 689

1717273060.2229195 332113063
cloud1_tkemenade 13694912302 4289 703

1717273061.2251108 332113358
cloud0_tkemenade 19048472379 4281 690

1717273061.2256184 332113358
cloud1_tkemenade 13694912302 4289 703

1717273062.2280753 332113448
cloud0_tkemenade 19048472379 4281 690

1717273062.2285733 332113448
cloud1_tkemenade 13694912302 4289 703

1717273063.2310014 332113523
cloud0_tkemenade 19048472379 4281 691

1717273063.231512 332113523
cloud1_tkemenade 13694912302 4289 703

1717273064.2341342 332113639
cloud0_tkemenade 19048472379 4281 691

1717273064.2346108 332113639
cloud1_tkemenade 13694912302 4289 703

1717273065.2372255 332113765
cloud0_tkemenade 19048472379 4281 691

1717273065.2376947 332113765
cloud1_tkemenade 13694912302 4290 703

1717273066.2401254 332113835
cloud0_tkemenade 19048472379 4282 691

1717273066.2406158 332113835
cloud1_tkemenade 13694912302 4290 704

1717273066.3410895 332113842
cloud0_tkemenade 19048485614 4282 691

1717273066.3416107 332113842
cloud1_tkemenade 13694921125 4290 704

1717273067.3439665 332113914
cloud0_tkemenade 19048485614 4282 691

1717273067.344449 332113914
cloud1_tkemenade 13694921125 4290 704

1717273068.3468032 332114013
cloud0_tkemenade 19048485614 4282 692

1717273068.3472962 332114013
cloud1_tkemenade 13694921125 4291 704

1717273069.3496459 332114107
cloud0_tkemenade 19048485614 4282 692

1717273069.3501341 332114107
cloud1_tkemenade 13694921125 4291 704

1717273070.352541 332114189
cloud0_tkemenade 19048485614 4282 692

1717273070.353044 332114189
cloud1_tkemenade 13694921125 4291 704

1717273071.3556654 332114474
cloud0_tkemenade 19048485614 4282 692

1717273071.3561785 332114474
cloud1_tkemenade 13694921125 4291 704

1717273072.3588297 332114566
cloud0_tkemenade 19048485614 4283 692

1717273072.359345 332114566
cloud1_tkemenade 13694921125 4292 704

1717273073.3616312 332114652
cloud0_tkemenade 19048485614 4283 692

1717273073.3620992 332114652
cloud1_tkemenade 13694921125 4292 704

1717273073.4625785 332114658
cloud0_tkemenade 19048494528 4283 692

1717273073.4630346 332114658
cloud1_tkemenade 13694934496 4292 704

1717273074.4655159 332114783
cloud0_tkemenade 19048494528 4283 692

1717273074.4660375 332114783
cloud1_tkemenade 13694934496 4292 704

1717273075.4684944 332114882
cloud0_tkemenade 19048494528 4283 692

1717273075.4689956 332114882
cloud1_tkemenade 13694934496 4293 704

1717273076.4714456 332114948
cloud0_tkemenade 19048494528 4284 692

1717273076.4719396 332114948
cloud1_tkemenade 13694934496 4293 704

1717273077.4742928 332115005
cloud0_tkemenade 19048494528 4284 692

1717273077.4747858 332115005
cloud1_tkemenade 13694934496 4293 704

1717273078.477432 332115085
cloud0_tkemenade 19048494528 4284 692

1717273078.477935 332115085
cloud1_tkemenade 13694934496 4293 704

1717273079.480538 332115204
cloud0_tkemenade 19048494528 4285 692

1717273079.4810727 332115204
cloud1_tkemenade 13694934496 4294 704

1717273080.483387 332115318
cloud0_tkemenade 19048494528 4285 693

1717273080.483913 332115318
cloud1_tkemenade 13694934496 4294 704

1717273080.6845908 332115399
cloud0_tkemenade 19048507175 4285 693

1717273080.6850853 332115399
cloud1_tkemenade 13694942927 4294 704

1717273081.6875787 332115583
cloud0_tkemenade 19048507175 4285 693

1717273081.688108 332115583
cloud1_tkemenade 13694942927 4294 704

1717273082.6907547 332115676
cloud0_tkemenade 19048507175 4285 693

1717273082.6912584 332115676
cloud1_tkemenade 13694942927 4295 705

1717273083.69376 332115754
cloud0_tkemenade 19048507175 4286 694

1717273083.6942925 332115754
cloud1_tkemenade 13694942927 4295 705

1717273084.6969733 332115886
cloud0_tkemenade 19048507175 4286 694

1717273084.6975284 332115887
cloud1_tkemenade 13694942927 4296 705

1717273085.7001996 332115991
cloud0_tkemenade 19048507175 4286 694

1717273085.7007115 332115991
cloud1_tkemenade 13694942927 4296 705

1717273086.7033684 332116073
cloud0_tkemenade 19048507175 4286 694

1717273086.7038674 332116073
cloud1_tkemenade 13694942927 4296 705

1717273087.7062945 332116140
cloud0_tkemenade 19048507175 4287 694

1717273087.706797 332116140
cloud1_tkemenade 13694942927 4296 705

1717273087.8072312 332116150
cloud0_tkemenade 19048520474 4287 694

1717273087.8077188 332116150
cloud1_tkemenade 13694956226 4296 705

1717273088.8100119 332116229
cloud0_tkemenade 19048520474 4287 694

1717273088.8105175 332116229
cloud1_tkemenade 13694956226 4297 705

1717273089.813042 332116331
cloud0_tkemenade 19048520474 4288 694

1717273089.8135884 332116331
cloud1_tkemenade 13694956226 4297 705

1717273090.8160927 332116568
cloud0_tkemenade 19048520474 4288 694

1717273090.8166153 332116568
cloud1_tkemenade 13694956226 4297 705

1717273091.8191583 332116710
cloud0_tkemenade 19048520474 4288 694

1717273091.8197114 332116710
cloud1_tkemenade 13694956226 4297 705

1717273092.8221614 332116779
cloud0_tkemenade 19048520474 4288 694

1717273092.8226755 332116779
cloud1_tkemenade 13694956226 4298 705

1717273093.8249307 332116855
cloud0_tkemenade 19048520474 4288 694

1717273093.8254678 332116856
cloud1_tkemenade 13694956226 4298 705

1717273094.8283944 332116967
cloud0_tkemenade 19048520474 4289 694

1717273094.8289096 332116967
cloud1_tkemenade 13694956226 4298 705

1717273094.9294028 332116979
cloud0_tkemenade 19048529326 4289 694

1717273094.9299257 332116979
cloud1_tkemenade 13694965078 4298 705

1717273095.932465 332117090
cloud0_tkemenade 19048529326 4289 695

1717273095.9329815 332117090
cloud1_tkemenade 13694965078 4299 705

1717273096.9353535 332117157
cloud0_tkemenade 19048529326 4289 695

1717273096.9358828 332117157
cloud1_tkemenade 13694965078 4299 706

1717273097.938192 332117222
cloud0_tkemenade 19048529326 4289 695

1717273097.938699 332117222
cloud1_tkemenade 13694965078 4299 706

1717273098.9413185 332117300
cloud0_tkemenade 19048529326 4289 695

1717273098.9418395 332117300
cloud1_tkemenade 13694965078 4300 706

1717273099.9443204 332117406
cloud0_tkemenade 19048529326 4289 696

1717273099.9446533 332117406
cloud1_tkemenade 13694965078 4300 706

1717273100.9469812 332117660
cloud0_tkemenade 19048529326 4289 696

1717273100.9474864 332117660
cloud1_tkemenade 13694965078 4300 706

1717273101.9497979 332117770
cloud0_tkemenade 19048529326 4289 696

1717273101.9502907 332117770
cloud1_tkemenade 13694965078 4300 706

1717273102.0507343 332117778
cloud0_tkemenade 19048538236 4289 696

1717273102.051248 332117778
cloud1_tkemenade 13694978443 4300 706

1717273103.0535638 332117850
cloud0_tkemenade 19048538236 4289 696

1717273103.0540557 332117850
cloud1_tkemenade 13694978443 4301 706

1717273104.0565279 332117935
cloud0_tkemenade 19048538236 4289 697

1717273104.0570505 332117935
cloud1_tkemenade 13694978443 4301 706

1717273105.0595384 332118053
cloud0_tkemenade 19048538236 4289 697

1717273105.0600326 332118053
cloud1_tkemenade 13694978443 4301 706

1717273106.0624073 332118159
cloud0_tkemenade 19048538236 4289 697

1717273106.062931 332118159
cloud1_tkemenade 13694978443 4301 706

1717273107.0654688 332118222
cloud0_tkemenade 19048538236 4289 698

1717273107.065957 332118222
cloud1_tkemenade 13694978443 4302 706

1717273108.0684679 332118294
cloud0_tkemenade 19048538236 4289 698

1717273108.0689886 332118294
cloud1_tkemenade 13694978443 4302 706

1717273109.0713627 332118373
cloud0_tkemenade 19048551242 4290 698

1717273109.071665 332118373
cloud1_tkemenade 13694987114 4302 706

1717273110.0737946 332118500
cloud0_tkemenade 19048551242 4290 698

1717273110.0741284 332118500
cloud1_tkemenade 13694987114 4302 706

1717273111.0762644 332118783
cloud0_tkemenade 19048551242 4290 698

1717273111.0768876 332118783
cloud1_tkemenade 13694987114 4302 707

1717273112.0793648 332118866
cloud0_tkemenade 19048551242 4290 699

1717273112.0798807 332118866
cloud1_tkemenade 13694987114 4302 707

1717273113.0824602 332118944
cloud0_tkemenade 19048551242 4290 699

1717273113.082983 332118944
cloud1_tkemenade 13694987114 4303 707

1717273114.085838 332119032
cloud0_tkemenade 19048551242 4290 699

1717273114.0863175 332119032
cloud1_tkemenade 13694987114 4303 707

1717273115.0890317 332119184
cloud0_tkemenade 19048551242 4290 700

1717273115.089602 332119184
cloud1_tkemenade 13694987114 4303 707

1717273116.0919452 332119291
cloud0_tkemenade 19048551242 4290 700

1717273116.0924654 332119291
cloud1_tkemenade 13694987114 4304 707

1717273116.2931855 332119311
cloud0_tkemenade 19048559804 4290 700

1717273116.293702 332119311
cloud1_tkemenade 13694999957 4304 707

1717273117.2961757 332119392
cloud0_tkemenade 19048559804 4290 700

1717273117.2967105 332119392
cloud1_tkemenade 13694999957 4304 707

1717273118.2992487 332119470
cloud0_tkemenade 19048559804 4291 700

1717273118.2997687 332119470
cloud1_tkemenade 13694999957 4304 707

1717273119.3021204 332119568
cloud0_tkemenade 19048559804 4291 700

1717273119.302644 332119568
cloud1_tkemenade 13694999957 4305 707

1717273120.305109 332119710
cloud0_tkemenade 19048559804 4291 700

1717273120.3056638 332119710
cloud1_tkemenade 13694999957 4305 707

1717273121.3082492 332119995
cloud0_tkemenade 19048559804 4292 700

1717273121.308764 332119995
cloud1_tkemenade 13694999957 4305 707

1717273122.3112519 332120067
cloud0_tkemenade 19048559804 4292 700

1717273122.3117895 332120067
cloud1_tkemenade 13694999957 4306 707

1717273123.3143127 332120138
cloud0_tkemenade 19048559804 4292 700

1717273123.3148267 332120138
cloud1_tkemenade 13694999957 4306 707

1717273123.4153318 332120149
cloud0_tkemenade 19048568744 4292 700

1717273123.4158556 332120149
cloud1_tkemenade 13695008897 4306 707

1717273124.418121 332120278
cloud0_tkemenade 19048568744 4292 700

1717273124.4186492 332120278
cloud1_tkemenade 13695008897 4306 707

1717273125.4211085 332120388
cloud0_tkemenade 19048568744 4292 700

1717273125.4216368 332120388
cloud1_tkemenade 13695008897 4306 707

1717273126.4251385 332120518
cloud0_tkemenade 19048568744 4293 700

1717273126.425668 332120518
cloud1_tkemenade 13695008897 4306 708

1717273127.4280508 332120588
cloud0_tkemenade 19048568744 4293 700

1717273127.428387 332120588
cloud1_tkemenade 13695008897 4307 708

1717273128.4305813 332120663
cloud0_tkemenade 19048568744 4293 700

1717273128.4309187 332120663
cloud1_tkemenade 13695008897 4307 708

1717273129.433303 332120776
cloud0_tkemenade 19048568744 4293 700

1717273129.4338305 332120776
cloud1_tkemenade 13695008897 4307 708

1717273130.4360166 332120916
cloud0_tkemenade 19048568744 4294 700

1717273130.4365022 332120916
cloud1_tkemenade 13695008897 4307 708

1717273130.5369613 332120955
cloud0_tkemenade 19048577477 4294 700

1717273130.5375109 332120958
cloud1_tkemenade 13695017630 4307 708

1717273131.539946 332121204
cloud0_tkemenade 19048577477 4294 700

1717273131.540477 332121204
cloud1_tkemenade 13695017630 4307 708

1717273132.5429304 332121291
cloud0_tkemenade 19048577477 4294 700

1717273132.5434635 332121291
cloud1_tkemenade 13695017630 4308 708

1717273133.5459998 332121353
cloud0_tkemenade 19048577477 4294 700

1717273133.546518 332121353
cloud1_tkemenade 13695017630 4308 708

1717273134.5491772 332121470
cloud0_tkemenade 19048577477 4295 701

1717273134.5495467 332121470
cloud1_tkemenade 13695017630 4308 708

1717273135.5519946 332121562
cloud0_tkemenade 19048577477 4295 701

1717273135.5525331 332121562
cloud1_tkemenade 13695017630 4309 708

1717273136.5549886 332121679
cloud0_tkemenade 19048577477 4295 701

1717273136.5555415 332121679
cloud1_tkemenade 13695017630 4309 708

1717273137.5578518 332121748
cloud0_tkemenade 19048577477 4295 701

1717273137.5583766 332121748
cloud1_tkemenade 13695017630 4309 708

1717273137.6587684 332121759
cloud0_tkemenade 19048586094 4295 701

1717273137.6590862 332121759
cloud1_tkemenade 13695026247 4309 708

1717273138.6614118 332121834
cloud0_tkemenade 19048586094 4295 701

1717273138.6619349 332121834
cloud1_tkemenade 13695026247 4309 708

1717273139.664416 332121928
cloud0_tkemenade 19048586094 4295 701

1717273139.6649444 332121928
cloud1_tkemenade 13695026247 4309 708

1717273140.6672032 332122166
cloud0_tkemenade 19048586094 4296 701

1717273140.6675441 332122166
cloud1_tkemenade 13695026247 4310 708

1717273141.6699133 332122349
cloud0_tkemenade 19048586094 4296 701

1717273141.6704345 332122349
cloud1_tkemenade 13695026247 4310 708

1717273142.673184 332122436
cloud0_tkemenade 19048586094 4296 701

1717273142.6737158 332122436
cloud1_tkemenade 13695026247 4310 708

1717273143.6760964 332122506
cloud0_tkemenade 19048586094 4297 701

1717273143.6766207 332122506
cloud1_tkemenade 13695026247 4310 708

1717273144.6787996 332122636
cloud0_tkemenade 19048586094 4297 701

1717273144.6791542 332122636
cloud1_tkemenade 13695026247 4310 708

1717273144.779487 332122652
cloud0_tkemenade 19048595018 4298 701

1717273144.7799964 332122652
cloud1_tkemenade 13695035171 4310 709

1717273145.7825315 332122747
cloud0_tkemenade 19048595018 4298 701

1717273145.783094 332122747
cloud1_tkemenade 13695035171 4310 709

1717273146.7857203 332122892
cloud0_tkemenade 19048595018 4298 701

1717273146.7862368 332122892
cloud1_tkemenade 13695035171 4311 709

1717273147.788856 332122958
cloud0_tkemenade 19048595018 4298 701

1717273147.7893925 332122958
cloud1_tkemenade 13695035171 4311 709

1717273148.7917535 332123033
cloud0_tkemenade 19048595018 4298 702

1717273148.7922585 332123033
cloud1_tkemenade 13695035171 4311 709

1717273149.7947264 332123144
cloud0_tkemenade 19048595018 4298 702

1717273149.795248 332123144
cloud1_tkemenade 13695035171 4311 709

1717273150.7975864 332123395
cloud0_tkemenade 19048595018 4299 702

1717273150.7979348 332123395
cloud1_tkemenade 13695035171 4311 709

1717273151.800341 332123556
cloud0_tkemenade 19048595018 4299 702

1717273151.800883 332123556
cloud1_tkemenade 13695035171 4312 709

1717273152.0014887 332123580
cloud0_tkemenade 19048607790 4299 702

1717273152.0020158 332123580
cloud1_tkemenade 13695043685 4312 709

1717273153.0044715 332123668
cloud0_tkemenade 19048607790 4299 702

1717273153.0049832 332123668
cloud1_tkemenade 13695043685 4312 709

1717273154.0073445 332123744
cloud0_tkemenade 19048607790 4300 702

1717273154.0078769 332123744
cloud1_tkemenade 13695043685 4312 709

1717273155.0102727 332123860
cloud0_tkemenade 19048607790 4300 702

1717273155.0107875 332123860
cloud1_tkemenade 13695043685 4313 709

1717273156.0133162 332123958
cloud0_tkemenade 19048607790 4300 702

1717273156.0138416 332123958
cloud1_tkemenade 13695043685 4313 709

1717273157.0162668 332124074
cloud0_tkemenade 19048607790 4301 702

1717273157.016796 332124074
cloud1_tkemenade 13695043685 4315 709

1717273158.0194054 332124156
cloud0_tkemenade 19048607790 4301 702

1717273158.0199242 332124156
cloud1_tkemenade 13695043685 4315 709

1717273159.0223854 332124242
cloud0_tkemenade 19048607790 4301 702

1717273159.0228827 332124242
cloud1_tkemenade 13695043685 4316 709

1717273159.1233811 332124263
cloud0_tkemenade 19048616406 4301 702

1717273159.1239119 332124263
cloud1_tkemenade 13695060918 4316 709

1717273160.1260762 332124380
cloud0_tkemenade 19048616406 4302 702

1717273160.126407 332124380
cloud1_tkemenade 13695060918 4316 709

1717273161.1286852 332124672
cloud0_tkemenade 19048616406 4302 702

1717273161.1292548 332124673
cloud1_tkemenade 13695060918 4316 709

1717273162.13174 332124767
cloud0_tkemenade 19048616406 4302 702

1717273162.132267 332124767
cloud1_tkemenade 13695060918 4316 710

1717273163.1347651 332124854
cloud0_tkemenade 19048616406 4302 703

1717273163.1352723 332124854
cloud1_tkemenade 13695060918 4317 710

1717273164.1376832 332124932
cloud0_tkemenade 19048616406 4302 703

1717273164.1381936 332124932
cloud1_tkemenade 13695060918 4317 710

1717273165.1406763 332125054
cloud0_tkemenade 19048616406 4303 703

1717273165.1413403 332125054
cloud1_tkemenade 13695060918 4317 710

1717273166.1437783 332125147
cloud0_tkemenade 19048616406 4303 703

1717273166.144293 332125147
cloud1_tkemenade 13695060918 4317 710

1717273166.2447667 332125164
cloud0_tkemenade 19048629734 4303 703

1717273166.2453213 332125164
cloud1_tkemenade 13695069803 4318 710

1717273167.247635 332125311
cloud0_tkemenade 19048629734 4303 703

1717273167.248176 332125311
cloud1_tkemenade 13695069803 4318 710

1717273168.2504966 332125385
cloud0_tkemenade 19048629734 4304 703

1717273168.251019 332125385
cloud1_tkemenade 13695069803 4318 710

1717273169.2536888 332125470
cloud0_tkemenade 19048629734 4304 703

1717273169.2542064 332125470
cloud1_tkemenade 13695069803 4318 710

1717273170.256382 332125586
cloud0_tkemenade 19048629734 4304 703

1717273170.2567272 332125586
cloud1_tkemenade 13695069803 4319 710

1717273171.2589884 332125878
cloud0_tkemenade 19048629734 4304 703

1717273171.2595148 332125878
cloud1_tkemenade 13695069803 4319 710

1717273172.2618546 332125955
cloud0_tkemenade 19048629734 4304 703

1717273172.262358 332125955
cloud1_tkemenade 13695069803 4319 710

1717273173.264678 332126058
cloud0_tkemenade 19048629734 4305 703

1717273173.2652528 332126059
cloud1_tkemenade 13695069803 4319 710

1717273173.3657205 332126071
cloud0_tkemenade 19048638692 4305 703

1717273173.3662434 332126071
cloud1_tkemenade 13695078761 4319 710

1717273174.368696 332126150
cloud0_tkemenade 19048638692 4305 703

1717273174.3692334 332126151
cloud1_tkemenade 13695078761 4319 710

1717273175.3717034 332126294
cloud0_tkemenade 19048638692 4305 703

1717273175.3722591 332126294
cloud1_tkemenade 13695078761 4320 710

1717273176.374504 332126385
cloud0_tkemenade 19048638692 4305 703

1717273176.3748744 332126385
cloud1_tkemenade 13695078761 4320 710

1717273177.3771152 332126520
cloud0_tkemenade 19048638692 4306 703

1717273177.3776534 332126520
cloud1_tkemenade 13695078761 4320 710

1717273178.3798213 332126590
cloud0_tkemenade 19048638692 4306 703

1717273178.3801706 332126590
cloud1_tkemenade 13695078761 4321 710

1717273179.3822715 332126674
cloud0_tkemenade 19048638692 4306 703

1717273179.382793 332126674
cloud1_tkemenade 13695078761 4321 710

1717273180.3849072 332126806
cloud0_tkemenade 19048647209 4306 704

1717273180.385275 332126807
cloud1_tkemenade 13695087278 4321 710

1717273181.3875928 332127151
cloud0_tkemenade 19048647209 4306 704

1717273181.387951 332127151
cloud1_tkemenade 13695087278 4321 710

1717273182.3903365 332127273
cloud0_tkemenade 19048647209 4306 704

1717273182.390863 332127273
cloud1_tkemenade 13695087278 4321 711

1717273183.393507 332127359
cloud0_tkemenade 19048647209 4306 704

1717273183.394023 332127359
cloud1_tkemenade 13695087278 4321 711

1717273184.396498 332127454
cloud0_tkemenade 19048647209 4306 704

1717273184.3970287 332127454
cloud1_tkemenade 13695087278 4322 711

1717273185.3994732 332127584
cloud0_tkemenade 19048647209 4306 705

1717273185.3999937 332127584
cloud1_tkemenade 13695087278 4322 711

1717273186.4025135 332127692
cloud0_tkemenade 19048647209 4306 705

1717273186.4030676 332127692
cloud1_tkemenade 13695087278 4322 711

1717273187.4054012 332127816
cloud0_tkemenade 19048647209 4306 705

1717273187.4059415 332127816
cloud1_tkemenade 13695087278 4322 711

1717273187.7067683 332127880
cloud0_tkemenade 19048651398 4306 705

1717273187.7071183 332127880
cloud1_tkemenade 13695095657 4323 711

1717273188.7094905 332127960
cloud0_tkemenade 19048651398 4306 706

1717273188.710016 332127960
cloud1_tkemenade 13695095657 4323 711

1717273189.7125115 332128044
cloud0_tkemenade 19048651398 4306 706

1717273189.7130287 332128044
cloud1_tkemenade 13695095657 4323 711

1717273190.7154603 332128264
cloud0_tkemenade 19048651398 4306 706

1717273190.7158747 332128264
cloud1_tkemenade 13695095657 4323 711

1717273191.7183373 332128512
cloud0_tkemenade 19048651398 4306 707

1717273191.71873 332128512
cloud1_tkemenade 13695095657 4324 711

1717273192.7211246 332128610
cloud0_tkemenade 19048651398 4306 707

1717273192.7216682 332128610
cloud1_tkemenade 13695095657 4324 711

1717273193.724277 332128692
cloud0_tkemenade 19048651398 4306 707

1717273193.7247984 332128692
cloud1_tkemenade 13695095657 4324 711

1717273194.7269619 332128794
cloud0_tkemenade 19048651398 4306 708

1717273194.7274628 332128794
cloud1_tkemenade 13695095657 4324 711

1717273194.8279636 332128806
cloud0_tkemenade 19048664816 4306 708

1717273194.8284464 332128806
cloud1_tkemenade 13695104602 4324 711

1717273195.8307967 332128915
cloud0_tkemenade 19048664816 4306 708

1717273195.831308 332128915
cloud1_tkemenade 13695104602 4325 711

1717273196.8339386 332129020
cloud0_tkemenade 19048664816 4306 708

1717273196.8344607 332129020
cloud1_tkemenade 13695104602 4325 711

1717273197.83707 332129161
cloud0_tkemenade 19048664816 4306 709

1717273197.837628 332129161
cloud1_tkemenade 13695104602 4325 711

1717273198.8400571 332129261
cloud0_tkemenade 19048664816 4306 709

1717273198.840589 332129261
cloud1_tkemenade 13695104602 4326 711

1717273199.842888 332129340
cloud0_tkemenade 19048664816 4306 709

1717273199.8433871 332129340
cloud1_tkemenade 13695104602 4326 711

1717273200.8458538 332129586
cloud0_tkemenade 19048664816 4306 710

1717273200.8463957 332129586
cloud1_tkemenade 13695104602 4326 711

1717273201.8489957 332129781
cloud0_tkemenade 19048664816 4306 710

1717273201.8493383 332129782
cloud1_tkemenade 13695104602 4326 711

1717273201.9496562 332129789
cloud0_tkemenade 19048673589 4306 710

1717273201.9501774 332129789
cloud1_tkemenade 13695113375 4326 711

1717273202.9527564 332129876
cloud0_tkemenade 19048673589 4306 710

1717273202.9533017 332129876
cloud1_tkemenade 13695113375 4327 711

1717273203.9558818 332129954
cloud0_tkemenade 19048673589 4307 710

1717273203.9564002 332129954
cloud1_tkemenade 13695113375 4327 712

1717273204.9587657 332130063
cloud0_tkemenade 19048673589 4307 711

1717273204.9592855 332130063
cloud1_tkemenade 13695113375 4327 712

1717273205.9616678 332130162
cloud0_tkemenade 19048673589 4307 711

1717273205.9621787 332130162
cloud1_tkemenade 13695113375 4328 712

1717273206.9645472 332130258
cloud0_tkemenade 19048673589 4307 711

1717273206.9650078 332130258
cloud1_tkemenade 13695113375 4328 712

1717273207.9675665 332130377
cloud0_tkemenade 19048673589 4307 711

1717273207.9680898 332130377
cloud1_tkemenade 13695113375 4328 712

1717273208.9704442 332130473
cloud0_tkemenade 19048682017 4307 711

1717273208.9709399 332130473
cloud1_tkemenade 13695126017 4328 712

1717273209.9734797 332130554
cloud0_tkemenade 19048682017 4308 711

1717273209.973822 332130554
cloud1_tkemenade 13695126017 4329 712

1717273210.9761484 332130826
cloud0_tkemenade 19048682017 4308 711

1717273210.9766781 332130826
cloud1_tkemenade 13695126017 4329 712

1717273211.979291 332130966
cloud0_tkemenade 19048682017 4308 711

1717273211.9798133 332130966
cloud1_tkemenade 13695126017 4329 712

1717273212.9823148 332131060
cloud0_tkemenade 19048682017 4308 711

1717273212.9828253 332131060
cloud1_tkemenade 13695126017 4329 712

1717273213.9854171 332131134
cloud0_tkemenade 19048682017 4308 711

1717273213.9859266 332131134
cloud1_tkemenade 13695126017 4329 712

1717273214.988418 332131224
cloud0_tkemenade 19048682017 4309 712

1717273214.9889424 332131224
cloud1_tkemenade 13695126017 4330 712

1717273215.9912558 332131311
cloud0_tkemenade 19048682017 4309 712

1717273215.9917588 332131311
cloud1_tkemenade 13695126017 4330 712

1717273216.0922568 332131322
cloud0_tkemenade 19048695460 4309 712

1717273216.092768 332131322
cloud1_tkemenade 13695134979 4330 712

1717273217.0949228 332131401
cloud0_tkemenade 19048695460 4309 712

1717273217.0954225 332131401
cloud1_tkemenade 13695134979 4330 712

1717273218.0978935 332131520
cloud0_tkemenade 19048695460 4310 712

1717273218.0984147 332131520
cloud1_tkemenade 13695134979 4331 712

1717273219.1010044 332131615
cloud0_tkemenade 19048695460 4310 712

1717273219.1015067 332131615
cloud1_tkemenade 13695134979 4331 712

1717273220.10392 332131697
cloud0_tkemenade 19048695460 4310 712

1717273220.1042423 332131697
cloud1_tkemenade 13695134979 4331 712

1717273221.1067066 332131984
cloud0_tkemenade 19048695460 4310 712

1717273221.1072192 332131984
cloud1_tkemenade 13695134979 4331 712

1717273222.1098173 332132092
cloud0_tkemenade 19048695460 4311 712

1717273222.1103225 332132092
cloud1_tkemenade 13695134979 4332 712

1717273223.1129189 332132187
cloud0_tkemenade 19048695460 4311 713

1717273223.1134636 332132188
cloud1_tkemenade 13695134979 4332 712

1717273223.4142437 332132210
cloud0_tkemenade 19048708546 4311 713

1717273223.4147253 332132210
cloud1_tkemenade 13695143703 4332 712

1717273224.41722 332132290
cloud0_tkemenade 19048708546 4311 713

1717273224.417751 332132290
cloud1_tkemenade 13695143703 4333 712

1717273225.4202025 332132380
cloud0_tkemenade 19048708546 4311 713

1717273225.4207182 332132380
cloud1_tkemenade 13695143703 4333 712

1717273226.422935 332132463
cloud0_tkemenade 19048708546 4311 713

1717273226.423465 332132463
cloud1_tkemenade 13695143703 4333 713

1717273227.425799 332132541
cloud0_tkemenade 19048708546 4311 713

1717273227.4261603 332132541
cloud1_tkemenade 13695143703 4333 713

1717273228.4286299 332132655
cloud0_tkemenade 19048708546 4312 713

1717273228.429188 332132656
cloud1_tkemenade 13695143703 4333 713

1717273229.4316602 332132736
cloud0_tkemenade 19048708546 4312 713

1717273229.4321837 332132736
cloud1_tkemenade 13695143703 4333 713

1717273230.434558 332132848
cloud0_tkemenade 19048708546 4312 713

1717273230.4350836 332132848
cloud1_tkemenade 13695143703 4333 713

1717273230.63572 332132931
cloud0_tkemenade 19048712841 4312 713

1717273230.6362343 332132931
cloud1_tkemenade 13695152294 4333 713

1717273231.638878 332133135
cloud0_tkemenade 19048712841 4312 713

1717273231.639417 332133135
cloud1_tkemenade 13695152294 4333 713

1717273232.6420403 332133243
cloud0_tkemenade 19048712841 4313 713

1717273232.6424496 332133243
cloud1_tkemenade 13695152294 4334 713

1717273233.6450515 332133316
cloud0_tkemenade 19048712841 4313 713

1717273233.6456048 332133316
cloud1_tkemenade 13695152294 4334 713

1717273234.6481562 332133395
cloud0_tkemenade 19048712841 4313 713

1717273234.6486769 332133395
cloud1_tkemenade 13695152294 4334 713

1717273235.651157 332133488
cloud0_tkemenade 19048712841 4314 714

1717273235.6516807 332133488
cloud1_tkemenade 13695152294 4335 713

1717273236.6542082 332133574
cloud0_tkemenade 19048712841 4314 714

1717273236.6547298 332133574
cloud1_tkemenade 13695152294 4335 713

1717273237.5572324 332133639
cloud0_tkemenade 19048725809 4314 714

1717273237.5577397 332133639
cloud1_tkemenade 13695160939 4335 713

1717273238.560427 332133730
cloud0_tkemenade 19048725809 4314 715

1717273238.5609753 332133730
cloud1_tkemenade 13695160939 4335 714

1717273239.563656 332133834
cloud0_tkemenade 19048725809 4314 715

1717273239.5641859 332133834
cloud1_tkemenade 13695160939 4335 714

1717273240.5664587 332134005
cloud0_tkemenade 19048725809 4314 715

1717273240.5670114 332134005
cloud1_tkemenade 13695160939 4336 714

1717273241.5697193 332134239
cloud0_tkemenade 19048725809 4314 715

1717273241.5702486 332134239
cloud1_tkemenade 13695160939 4336 714

1717273242.5737526 332134326
cloud0_tkemenade 19048725809 4314 715

1717273242.5742385 332134326
cloud1_tkemenade 13695160939 4336 714

1717273243.576545 332134425
cloud0_tkemenade 19048725809 4315 715

1717273243.577085 332134425
cloud1_tkemenade 13695160939 4337 714

1717273244.579357 332134527
cloud0_tkemenade 19048725809 4315 715

1717273244.5798793 332134527
cloud1_tkemenade 13695160939 4337 714

1717273244.680331 332134544
cloud0_tkemenade 19048734683 4315 715

1717273244.6808405 332134544
cloud1_tkemenade 13695174250 4337 714

1717273245.683211 332134648
cloud0_tkemenade 19048734683 4315 716

1717273245.6837287 332134648
cloud1_tkemenade 13695174250 4337 714

1717273246.686141 332134724
cloud0_tkemenade 19048734683 4315 716

1717273246.6866574 332134724
cloud1_tkemenade 13695174250 4337 715

1717273247.6892483 332134803
cloud0_tkemenade 19048734683 4316 716

1717273247.6897423 332134803
cloud1_tkemenade 13695174250 4337 715

1717273248.6921225 332134884
cloud0_tkemenade 19048734683 4316 716

1717273248.6926441 332134884
cloud1_tkemenade 13695174250 4337 715

1717273249.6950653 332134993
cloud0_tkemenade 19048734683 4316 716

1717273249.6955705 332134993
cloud1_tkemenade 13695174250 4337 716

1717273250.6979253 332135200
cloud0_tkemenade 19048734683 4317 716

1717273250.6984484 332135200
cloud1_tkemenade 13695174250 4337 716

1717273251.7009518 332135353
cloud0_tkemenade 19048734683 4317 716

1717273251.7015016 332135353
cloud1_tkemenade 13695174250 4338 716

1717273251.8019567 332135370
cloud0_tkemenade 19048748109 4317 716

1717273251.802463 332135370
cloud1_tkemenade 13695187676 4338 716

1717273252.8051326 332135473
cloud0_tkemenade 19048748109 4317 716

1717273252.8057022 332135473
cloud1_tkemenade 13695187676 4338 716

1717273253.8083324 332135574
cloud0_tkemenade 19048748109 4317 716

1717273253.8088572 332135574
cloud1_tkemenade 13695187676 4338 717

1717273254.8112838 332135649
cloud0_tkemenade 19048748109 4317 716

1717273254.8118122 332135649
cloud1_tkemenade 13695187676 4338 717

1717273255.814309 332135748
cloud0_tkemenade 19048748109 4317 717

1717273255.81484 332135748
cloud1_tkemenade 13695187676 4338 717

1717273256.8174253 332135828
cloud0_tkemenade 19048748109 4318 717

1717273256.817935 332135828
cloud1_tkemenade 13695187676 4339 717

1717273257.8203487 332135895
cloud0_tkemenade 19048748109 4318 717

1717273257.8208704 332135895
cloud1_tkemenade 13695187676 4339 717

1717273258.8232815 332135983
cloud0_tkemenade 19048748109 4318 717

1717273258.823806 332135983
cloud1_tkemenade 13695187676 4339 717

1717273259.1246886 332136026
cloud0_tkemenade 19048756629 4318 717

1717273259.1252778 332136026
cloud1_tkemenade 13695196196 4339 717

1717273260.1277907 332136107
cloud0_tkemenade 19048756629 4318 717

1717273260.1281362 332136107
cloud1_tkemenade 13695196196 4339 717

1717273261.1302662 332136388
cloud0_tkemenade 19048756629 4318 717

1717273261.1307728 332136388
cloud1_tkemenade 13695196196 4340 717

1717273262.1334145 332136478
cloud0_tkemenade 19048756629 4318 718

1717273262.1339302 332136478
cloud1_tkemenade 13695196196 4340 717

1717273263.136708 332136564
cloud0_tkemenade 19048756629 4319 718

1717273263.137255 332136565
cloud1_tkemenade 13695196196 4340 717

1717273264.1397967 332136656
cloud0_tkemenade 19048756629 4319 718

1717273264.1402888 332136656
cloud1_tkemenade 13695196196 4341 717

1717273265.1429524 332136744
cloud0_tkemenade 19048756629 4319 718

1717273265.1434722 332136744
cloud1_tkemenade 13695196196 4341 717

1717273266.1458921 332136827
cloud0_tkemenade 19048756629 4319 718

1717273266.1464002 332136827
cloud1_tkemenade 13695196196 4341 717

1717273266.3471 332136848
cloud0_tkemenade 19048765544 4319 718

1717273266.3476243 332136848
cloud1_tkemenade 13695205111 4341 717

1717273267.3499 332136935
cloud0_tkemenade 19048765544 4320 718

1717273267.3504095 332136935
cloud1_tkemenade 13695205111 4342 717

1717273268.352907 332137010
cloud0_tkemenade 19048765544 4320 718

1717273268.3534439 332137011
cloud1_tkemenade 13695205111 4342 717

1717273269.3574896 332137114
cloud0_tkemenade 19048765544 4320 718

1717273269.357981 332137114
cloud1_tkemenade 13695205111 4342 717

1717273270.360315 332137225
cloud0_tkemenade 19048765544 4320 718

1717273270.3608267 332137225
cloud1_tkemenade 13695205111 4342 717

1717273271.36328 332137492
cloud0_tkemenade 19048765544 4320 718

1717273271.3637493 332137492
cloud1_tkemenade 13695205111 4342 717

1717273272.366214 332137570
cloud0_tkemenade 19048765544 4321 718

1717273272.3667014 332137570
cloud1_tkemenade 13695205111 4343 717

1717273273.3691435 332137657
cloud0_tkemenade 19048765544 4321 718

1717273273.3696647 332137657
cloud1_tkemenade 13695205111 4343 717

1717273273.4701328 332137669
cloud0_tkemenade 19048774377 4321 718

1717273273.4706213 332137669
cloud1_tkemenade 13695213944 4343 717

1717273274.4729507 332137776
cloud0_tkemenade 19048774377 4322 718

1717273274.4735196 332137776
cloud1_tkemenade 13695213944 4343 717

1717273275.4760804 332137854
cloud0_tkemenade 19048774377 4322 718

1717273275.476733 332137854
cloud1_tkemenade 13695213944 4344 718

1717273276.4792533 332137943
cloud0_tkemenade 19048774377 4322 718

1717273276.4797664 332137943
cloud1_tkemenade 13695213944 4344 718

1717273277.482172 332138017
cloud0_tkemenade 19048774377 4322 718

1717273277.4826808 332138017
cloud1_tkemenade 13695213944 4344 718

1717273278.4850273 332138084
cloud0_tkemenade 19048774377 4323 719

1717273278.4855742 332138084
cloud1_tkemenade 13695213944 4345 718

1717273279.4881878 332138170
cloud0_tkemenade 19048774377 4323 719

1717273279.4887035 332138170
cloud1_tkemenade 13695213944 4345 718

1717273280.4908454 332138337
cloud0_tkemenade 19048787245 4323 719

1717273280.491235 332138337
cloud1_tkemenade 13695226812 4345 718

1717273281.4934943 332138562
cloud0_tkemenade 19048787245 4323 720

1717273281.4937906 332138562
cloud1_tkemenade 13695226812 4345 718

1717273282.4959931 332138633
cloud0_tkemenade 19048787245 4323 720

1717273282.4965103 332138633
cloud1_tkemenade 13695226812 4346 719

1717273283.4990683 332138724
cloud0_tkemenade 19048787245 4323 720

1717273283.499539 332138724
cloud1_tkemenade 13695226812 4346 719

1717273284.5019138 332138839
cloud0_tkemenade 19048787245 4324 720

1717273284.5024004 332138839
cloud1_tkemenade 13695226812 4347 719

1717273285.5046237 332138920
cloud0_tkemenade 19048787245 4325 720

1717273285.505106 332138920
cloud1_tkemenade 13695226812 4347 719

1717273286.5078154 332139008
cloud0_tkemenade 19048787245 4325 720

1717273286.50828 332139008
cloud1_tkemenade 13695226812 4347 719

1717273287.5107918 332139097
cloud0_tkemenade 19048787245 4326 720

1717273287.511275 332139097
cloud1_tkemenade 13695226812 4348 719

1717273287.7118642 332139112
cloud0_tkemenade 19048804669 4326 720

1717273287.7121897 332139112
cloud1_tkemenade 13695244236 4348 719

1717273288.7144778 332139177
cloud0_tkemenade 19048804669 4326 720

1717273288.7150097 332139177
cloud1_tkemenade 13695244236 4348 719

1717273289.7175725 332139257
cloud0_tkemenade 19048804669 4326 721

1717273289.7180934 332139257
cloud1_tkemenade 13695244236 4348 719

1717273290.7204566 332139502
cloud0_tkemenade 19048804669 4326 721

1717273290.720982 332139502
cloud1_tkemenade 13695244236 4349 719

1717273291.723496 332139666
cloud0_tkemenade 19048804669 4326 721

1717273291.7240176 332139666
cloud1_tkemenade 13695244236 4349 719

1717273292.7265987 332139754
cloud0_tkemenade 19048804669 4327 721

1717273292.7271123 332139754
cloud1_tkemenade 13695244236 4350 719

1717273293.7296085 332139827
cloud0_tkemenade 19048804669 4327 721

1717273293.7300842 332139827
cloud1_tkemenade 13695244236 4350 719

1717273294.7324216 332139935
cloud0_tkemenade 19048804669 4328 721

1717273294.732875 332139936
cloud1_tkemenade 13695244236 4350 719

1717273294.8338866 332139945
cloud0_tkemenade 19048817881 4328 721

1717273294.8343694 332139945
cloud1_tkemenade 13695253044 4350 719

1717273295.8368006 332140043
cloud0_tkemenade 19048817881 4328 721

1717273295.8371081 332140043
cloud1_tkemenade 13695253044 4350 719

1717273296.839296 332140125
cloud0_tkemenade 19048817881 4328 721

1717273296.8397987 332140125
cloud1_tkemenade 13695253044 4351 719

1717273297.8422785 332140211
cloud0_tkemenade 19048817881 4328 721

1717273297.8427758 332140211
cloud1_tkemenade 13695253044 4351 719

1717273298.8453283 332140276
cloud0_tkemenade 19048817881 4329 721

1717273298.845826 332140276
cloud1_tkemenade 13695253044 4351 720

1717273299.8483667 332140357
cloud0_tkemenade 19048817881 4329 722

1717273299.8488653 332140357
cloud1_tkemenade 13695253044 4351 720

