1717273371.45615 332159756
cloud0_tkemenade 19048817881 2925 559
cloud1_tkemenade 13695253044 2876 432

1717273372.4584668 332160121
cloud0_tkemenade 19048817881 3066 571

1717273372.4588163 332160121
cloud1_tkemenade 13695253044 2995 445

1717273373.4609702 332160277
cloud0_tkemenade 19048817881 3107 584

1717273373.461556 332160278
cloud1_tkemenade 13695253044 3015 459

1717273374.4640992 332160481
cloud0_tkemenade 19048817881 3201 594

1717273374.4646356 332160481
cloud1_tkemenade 13695253044 3044 470

1717273375.4667006 332160681
cloud0_tkemenade 19048817881 3287 616

1717273375.4672186 332160681
cloud1_tkemenade 13695253044 3083 478

1717273376.4696803 332160892
cloud0_tkemenade 19048817881 3381 635

1717273376.4702513 332160892
cloud1_tkemenade 13695253044 3088 485

1717273377.4730284 332161032
cloud0_tkemenade 19048817881 3421 649

1717273377.4735835 332161032
cloud1_tkemenade 13695253044 3101 489

1717273378.4761667 332161351
cloud0_tkemenade 19048817881 3602 661

1717273378.4766788 332161351
cloud1_tkemenade 13695253044 3147 495

1717273379.4792469 332161696
cloud0_tkemenade 19048817881 3780 669

1717273379.4797711 332161696
cloud1_tkemenade 13695253044 3246 501

1717273380.4819727 332162015
cloud0_tkemenade 19048817881 3935 686

1717273380.4823134 332162015
cloud1_tkemenade 13695253044 3315 518

1717273381.484339 332162781
cloud0_tkemenade 19048817881 4254 699

1717273381.4849012 332162781
cloud1_tkemenade 13695253044 3529 522

1717273382.4874923 332163283
cloud0_tkemenade 19048817881 4504 707

1717273382.4880326 332163283
cloud1_tkemenade 13695253044 3681 528

1717273383.490542 332163596
cloud0_tkemenade 19048817881 4671 721

1717273383.4911048 332163596
cloud1_tkemenade 13695253044 3749 539

1717273384.493674 332163939
cloud0_tkemenade 19048817881 4825 737

1717273384.4942172 332163939
cloud1_tkemenade 13695253044 3861 561

1717273385.4967186 332164283
cloud0_tkemenade 19048817881 4998 779

1717273385.49731 332164284
cloud1_tkemenade 13695253044 3944 587

1717273386.4997435 332164704
cloud0_tkemenade 19048817881 5188 791

1717273386.5002868 332164704
cloud1_tkemenade 13695253044 4037 595

1717273387.5027454 332165115
cloud0_tkemenade 19048817881 5387 805

1717273387.503299 332165115
cloud1_tkemenade 13695253044 4181 603

1717273387.904431 332165250
cloud0_tkemenade 19057348490 5476 809

1717273387.904945 332165250
cloud1_tkemenade 13700262419 4195 608

1717273388.907741 332165504
cloud0_tkemenade 19057348490 5631 824

1717273388.9082768 332165504
cloud1_tkemenade 13700262419 4213 620

1717273389.910707 332165702
cloud0_tkemenade 19057348490 5747 832

1717273389.911047 332165702
cloud1_tkemenade 13700262419 4227 626

1717273390.9131808 332166056
cloud0_tkemenade 19057348490 5871 847

1717273390.9137166 332166056
cloud1_tkemenade 13700262419 4238 631

1717273391.9164 332166300
cloud0_tkemenade 19057348490 5955 859

1717273391.9169867 332166300
cloud1_tkemenade 13700262419 4244 631

1717273392.9196212 332166524
cloud0_tkemenade 19057348490 6082 914

1717273392.9201763 332166524
cloud1_tkemenade 13700262419 4244 631

1717273393.9227054 332166692
cloud0_tkemenade 19057348490 6158 917

1717273393.9232817 332166692
cloud1_tkemenade 13700262419 4245 631

1717273394.9272287 332166786
cloud0_tkemenade 19057348490 6179 919

1717273394.927742 332166786
cloud1_tkemenade 13700262419 4245 631

1717273395.028224 332166797
cloud0_tkemenade 19061372162 6179 919

1717273395.0287814 332166797
cloud1_tkemenade 13700621588 4245 631

1717273396.031125 332166868
cloud0_tkemenade 19061372162 6180 919

1717273396.0316966 332166868
cloud1_tkemenade 13700621588 4245 631

1717273397.0341756 332166982
cloud0_tkemenade 19061372162 6180 920

1717273397.0347552 332166982
cloud1_tkemenade 13700621588 4246 631

1717273398.03747 332167075
cloud0_tkemenade 19061372162 6186 920

1717273398.0380707 332167075
cloud1_tkemenade 13700621588 4246 631

1717273399.0405326 332167152
cloud0_tkemenade 19061372162 6186 920

1717273399.0410752 332167152
cloud1_tkemenade 13700621588 4247 631

1717273400.043601 332167215
cloud0_tkemenade 19061372162 6187 920

1717273400.0439425 332167215
cloud1_tkemenade 13700621588 4247 632

1717273401.0463188 332167481
cloud0_tkemenade 19061372162 6187 920

1717273401.046871 332167481
cloud1_tkemenade 13700621588 4247 632

1717273402.0493026 332167605
cloud0_tkemenade 19061372162 6187 920

1717273402.0498192 332167605
cloud1_tkemenade 13700621588 4247 632

1717273402.150289 332167619
cloud0_tkemenade 19061411532 6187 920

1717273402.1508088 332167619
cloud1_tkemenade 13700634711 4247 632

1717273403.153238 332167755
cloud0_tkemenade 19061411532 6187 921

1717273403.1537647 332167755
cloud1_tkemenade 13700634711 4247 633

1717273404.1563115 332167837
cloud0_tkemenade 19061411532 6187 921

1717273404.156826 332167837
cloud1_tkemenade 13700634711 4247 633

1717273405.159338 332167918
cloud0_tkemenade 19061411532 6188 921

1717273405.1598542 332167918
cloud1_tkemenade 13700634711 4248 633

1717273406.162424 332168008
cloud0_tkemenade 19061411532 6188 921

1717273406.1629426 332168008
cloud1_tkemenade 13700634711 4248 633

1717273407.1655102 332168118
cloud0_tkemenade 19061411532 6188 922

1717273407.1660523 332168118
cloud1_tkemenade 13700634711 4248 633

1717273408.168657 332168210
cloud0_tkemenade 19061411532 6188 922

1717273408.169197 332168211
cloud1_tkemenade 13700634711 4249 633

1717273409.1716352 332168307
cloud0_tkemenade 19061424545 6188 922

1717273409.1721344 332168307
cloud1_tkemenade 13700647724 4249 633

1717273410.1743665 332168378
cloud0_tkemenade 19061424545 6189 922

1717273410.1746647 332168378
cloud1_tkemenade 13700647724 4249 633

1717273411.177119 332168676
cloud0_tkemenade 19061424545 6189 922

1717273411.1776726 332168676
cloud1_tkemenade 13700647724 4250 633

1717273412.1802595 332168789
cloud0_tkemenade 19061424545 6199 925

1717273412.1808066 332168789
cloud1_tkemenade 13700647724 4262 634

1717273413.1834488 332168914
cloud0_tkemenade 19061424545 6199 925

1717273413.1839619 332168914
cloud1_tkemenade 13700647724 4262 634

1717273414.1865637 332168995
cloud0_tkemenade 19061424545 6200 925

1717273414.18708 332168995
cloud1_tkemenade 13700647724 4262 635

1717273415.1897228 332169086
cloud0_tkemenade 19061424545 6202 926

1717273415.1902537 332169086
cloud1_tkemenade 13700647724 4267 635

1717273416.1927438 332169188
cloud0_tkemenade 19061424545 6203 926

1717273416.1933055 332169189
cloud1_tkemenade 13700647724 4268 635

1717273416.3939993 332169212
cloud0_tkemenade 19061505045 6203 926

1717273416.3945158 332169212
cloud1_tkemenade 13700736698 4268 635

1717273417.3969498 332169313
cloud0_tkemenade 19061505045 6203 926

1717273417.3974779 332169314
cloud1_tkemenade 13700736698 4268 636

1717273418.4001343 332169388
cloud0_tkemenade 19061505045 6203 926

1717273418.4006402 332169388
cloud1_tkemenade 13700736698 4268 636

1717273419.4030795 332169454
cloud0_tkemenade 19061505045 6203 927

1717273419.4036045 332169454
cloud1_tkemenade 13700736698 4269 636

1717273420.4061654 332169549
cloud0_tkemenade 19061505045 6204 927

1717273420.4067106 332169549
cloud1_tkemenade 13700736698 4270 636

1717273421.4093049 332169825
cloud0_tkemenade 19061505045 6204 927

1717273421.40982 332169825
cloud1_tkemenade 13700736698 4270 636

1717273422.4125223 332169926
cloud0_tkemenade 19061505045 6204 928

1717273422.4130282 332169926
cloud1_tkemenade 13700736698 4270 636

1717273423.415402 332170049
cloud0_tkemenade 19061505045 6204 928

1717273423.4158797 332170049
cloud1_tkemenade 13700736698 4271 636

1717273423.5163827 332170067
cloud0_tkemenade 19061518401 6204 928

1717273423.5168798 332170067
cloud1_tkemenade 13700754506 4271 636

1717273424.519337 332170145
cloud0_tkemenade 19061518401 6204 928

1717273424.5198367 332170145
cloud1_tkemenade 13700754506 4271 636

1717273425.5223923 332170231
cloud0_tkemenade 19061518401 6204 929

1717273425.5229018 332170231
cloud1_tkemenade 13700754506 4271 636

1717273426.5253105 332170322
cloud0_tkemenade 19061518401 6204 929

1717273426.525824 332170322
cloud1_tkemenade 13700754506 4271 636

1717273427.5285633 332170422
cloud0_tkemenade 19061518401 6205 929

1717273427.529077 332170422
cloud1_tkemenade 13700754506 4272 636

1717273428.5319238 332170503
cloud0_tkemenade 19061518401 6205 929

1717273428.5324097 332170503
cloud1_tkemenade 13700754506 4272 636

1717273429.5347373 332170576
cloud0_tkemenade 19061518401 6205 929

1717273429.535246 332170576
cloud1_tkemenade 13700754506 4272 636

1717273430.5375316 332170700
cloud0_tkemenade 19061518401 6206 929

1717273430.5378387 332170700
cloud1_tkemenade 13700754506 4273 636

1717273430.6381617 332170736
cloud0_tkemenade 19061531632 6206 929

1717273430.6384928 332170736
cloud1_tkemenade 13700763327 4273 636

1717273431.6408057 332170927
cloud0_tkemenade 19061531632 6206 929

1717273431.6413455 332170927
cloud1_tkemenade 13700763327 4273 636

1717273432.6439161 332171054
cloud0_tkemenade 19061531632 6206 929

1717273432.6444204 332171054
cloud1_tkemenade 13700763327 4273 636

1717273433.6468947 332171183
cloud0_tkemenade 19061531632 6207 929

1717273433.6473994 332171183
cloud1_tkemenade 13700763327 4273 636

1717273434.6499188 332171258
cloud0_tkemenade 19061531632 6207 929

1717273434.650479 332171258
cloud1_tkemenade 13700763327 4274 636

1717273435.653182 332171328
cloud0_tkemenade 19061531632 6208 929

1717273435.6536849 332171328
cloud1_tkemenade 13700763327 4274 636

1717273436.65634 332171411
cloud0_tkemenade 19061531632 6208 929

1717273436.656843 332171411
cloud1_tkemenade 13700763327 4275 636

1717273437.6592264 332171529
cloud0_tkemenade 19061540430 6208 929

1717273437.6595445 332171529
cloud1_tkemenade 13700772125 4275 636

1717273438.661681 332171611
cloud0_tkemenade 19061540430 6208 930

1717273438.6621904 332171611
cloud1_tkemenade 13700772125 4275 636

1717273439.6648664 332171684
cloud0_tkemenade 19061540430 6208 930

1717273439.6652155 332171684
cloud1_tkemenade 13700772125 4275 636

1717273440.6674066 332171866
cloud0_tkemenade 19061540430 6209 930

1717273440.667738 332171866
cloud1_tkemenade 13700772125 4276 636

1717273441.6702006 332172050
cloud0_tkemenade 19061540430 6209 930

1717273441.67071 332172050
cloud1_tkemenade 13700772125 4276 637

1717273442.6732905 332172148
cloud0_tkemenade 19061540430 6209 930

1717273442.6737869 332172148
cloud1_tkemenade 13700772125 4276 637

1717273443.6763527 332172262
cloud0_tkemenade 19061540430 6210 930

1717273443.6767898 332172262
cloud1_tkemenade 13700772125 4276 637

1717273444.6793323 332172366
cloud0_tkemenade 19061554079 6210 930

1717273444.6796682 332172366
cloud1_tkemenade 13700785774 4277 637

1717273445.6819131 332172452
cloud0_tkemenade 19061554079 6210 930

1717273445.6824248 332172452
cloud1_tkemenade 13700785774 4277 637

1717273446.6848989 332172528
cloud0_tkemenade 19061554079 6210 930

1717273446.6854467 332172528
cloud1_tkemenade 13700785774 4277 637

1717273447.687983 332172624
cloud0_tkemenade 19061554079 6210 931

1717273447.6884923 332172624
cloud1_tkemenade 13700785774 4277 637

1717273448.6909149 332172728
cloud0_tkemenade 19061554079 6210 931

1717273448.69143 332172728
cloud1_tkemenade 13700785774 4277 638

1717273449.693911 332172800
cloud0_tkemenade 19061554079 6211 931

1717273449.6944146 332172800
cloud1_tkemenade 13700785774 4278 638

1717273450.6968305 332172992
cloud0_tkemenade 19061554079 6211 931

1717273450.6971385 332172993
cloud1_tkemenade 13700785774 4278 638

1717273451.6994483 332173157
cloud0_tkemenade 19061554079 6211 931

1717273451.6999586 332173157
cloud1_tkemenade 13700785774 4278 638

1717273451.900515 332173173
cloud0_tkemenade 19061562904 6211 931

1717273451.9010246 332173173
cloud1_tkemenade 13700794599 4278 638

1717273452.9035356 332173266
cloud0_tkemenade 19061562904 6212 931

1717273452.9040558 332173266
cloud1_tkemenade 13700794599 4278 638

1717273453.9066808 332173404
cloud0_tkemenade 19061562904 6212 931

1717273453.9071999 332173404
cloud1_tkemenade 13700794599 4278 638

1717273454.9098501 332173517
cloud0_tkemenade 19061562904 6212 931

1717273454.91036 332173517
cloud1_tkemenade 13700794599 4279 638

1717273455.9129794 332173586
cloud0_tkemenade 19061562904 6212 931

1717273455.9135094 332173586
cloud1_tkemenade 13700794599 4279 638

1717273456.9162865 332173664
cloud0_tkemenade 19061562904 6213 932

1717273456.9167833 332173664
cloud1_tkemenade 13700794599 4279 638

1717273457.919383 332173761
cloud0_tkemenade 19061562904 6213 932

1717273457.9199128 332173761
cloud1_tkemenade 13700794599 4280 638

1717273458.9223256 332173872
cloud0_tkemenade 19061562904 6213 932

1717273458.9228027 332173872
cloud1_tkemenade 13700794599 4280 638

1717273459.1235125 332173891
cloud0_tkemenade 19061575534 6213 932

1717273459.1239974 332173891
cloud1_tkemenade 13700803019 4280 638

1717273460.1262918 332173954
cloud0_tkemenade 19061575534 6214 932

1717273460.1266077 332173954
cloud1_tkemenade 13700803019 4280 638

1717273461.128935 332174239
cloud0_tkemenade 19061575534 6214 932

1717273461.129456 332174241
cloud1_tkemenade 13700803019 4280 638

1717273462.1320806 332174332
cloud0_tkemenade 19061575534 6214 932

1717273462.1325614 332174332
cloud1_tkemenade 13700803019 4281 638

1717273463.1351516 332174422
cloud0_tkemenade 19061575534 6215 932

1717273463.135648 332174422
cloud1_tkemenade 13700803019 4281 638

1717273464.1382856 332174545
cloud0_tkemenade 19061575534 6215 932

1717273464.1387718 332174545
cloud1_tkemenade 13700803019 4282 638

1717273465.1413035 332174639
cloud0_tkemenade 19061575534 6215 932

1717273465.141794 332174639
cloud1_tkemenade 13700803019 4282 638

1717273466.1443865 332174737
cloud0_tkemenade 19061575534 6215 932

1717273466.144884 332174737
cloud1_tkemenade 13700803019 4282 638

1717273466.2452967 332174746
cloud0_tkemenade 19061584396 6215 932

1717273466.2457979 332174746
cloud1_tkemenade 13700811881 4282 638

1717273467.248448 332174823
cloud0_tkemenade 19061584396 6216 932

1717273467.2489462 332174823
cloud1_tkemenade 13700811881 4283 638

1717273468.2515225 332174921
cloud0_tkemenade 19061584396 6216 932

1717273468.252022 332174921
cloud1_tkemenade 13700811881 4283 638

1717273469.2546287 332175011
cloud0_tkemenade 19061584396 6217 933

1717273469.2551196 332175011
cloud1_tkemenade 13700811881 4283 638

1717273470.2575407 332175084
cloud0_tkemenade 19061584396 6217 933

1717273470.2578554 332175084
cloud1_tkemenade 13700811881 4284 638

1717273471.2600162 332175370
cloud0_tkemenade 19061584396 6217 933

1717273471.2605166 332175370
cloud1_tkemenade 13700811881 4284 638

1717273472.2629256 332175457
cloud0_tkemenade 19061584396 6217 933

1717273472.2634509 332175457
cloud1_tkemenade 13700811881 4284 638

1717273473.2658947 332175537
cloud0_tkemenade 19061584396 6218 933

1717273473.2663906 332175537
cloud1_tkemenade 13700811881 4284 638

1717273473.4670522 332175584
cloud0_tkemenade 19061602072 6218 933

1717273473.4675672 332175584
cloud1_tkemenade 13700820719 4284 638

1717273474.4700596 332175712
cloud0_tkemenade 19061602072 6218 933

1717273474.4704554 332175712
cloud1_tkemenade 13700820719 4285 638

1717273475.472881 332175789
cloud0_tkemenade 19061602072 6218 933

1717273475.4734128 332175790
cloud1_tkemenade 13700820719 4285 638

1717273476.4759216 332175863
cloud0_tkemenade 19061602072 6218 933

1717273476.4764404 332175863
cloud1_tkemenade 13700820719 4285 638

1717273477.4788718 332175946
cloud0_tkemenade 19061602072 6219 933

1717273477.4793937 332175946
cloud1_tkemenade 13700820719 4285 638

1717273478.4819176 332176030
cloud0_tkemenade 19061602072 6219 933

1717273478.4824371 332176030
cloud1_tkemenade 13700820719 4286 638

1717273479.4849668 332176144
cloud0_tkemenade 19061602072 6219 933

1717273479.4855187 332176144
cloud1_tkemenade 13700820719 4286 638

1717273480.487832 332176250
cloud0_tkemenade 19061606477 6219 933

1717273480.4883556 332176250
cloud1_tkemenade 13700833935 4286 639

1717273481.4907649 332176507
cloud0_tkemenade 19061606477 6219 933

1717273481.4913044 332176507
cloud1_tkemenade 13700833935 4286 639

1717273482.4939244 332176599
cloud0_tkemenade 19061606477 6219 933

1717273482.4944384 332176599
cloud1_tkemenade 13700833935 4286 639

1717273483.496922 332176688
cloud0_tkemenade 19061606477 6220 933

1717273483.4974673 332176688
cloud1_tkemenade 13700833935 4287 639

1717273484.4997985 332176825
cloud0_tkemenade 19061606477 6220 933

1717273484.5004146 332176825
cloud1_tkemenade 13700833935 4287 639

1717273485.5030062 332176942
cloud0_tkemenade 19061606477 6220 933

1717273485.5035589 332176942
cloud1_tkemenade 13700833935 4287 639

1717273486.5061128 332177019
cloud0_tkemenade 19061606477 6220 933

1717273486.5066388 332177019
cloud1_tkemenade 13700833935 4287 639

1717273487.5092015 332177119
cloud0_tkemenade 19061615609 6221 933

1717273487.509725 332177119
cloud1_tkemenade 13700838501 4287 639

1717273488.5121672 332177193
cloud0_tkemenade 19061615609 6221 933

1717273488.5127113 332177193
cloud1_tkemenade 13700838501 4288 639

1717273489.5163283 332177307
cloud0_tkemenade 19061615609 6221 934

1717273489.516851 332177307
cloud1_tkemenade 13700838501 4288 639

1717273490.5191295 332177446
cloud0_tkemenade 19061615609 6221 934

1717273490.5196688 332177446
cloud1_tkemenade 13700838501 4288 639

1717273491.5220284 332177688
cloud0_tkemenade 19061615609 6221 934

1717273491.522399 332177688
cloud1_tkemenade 13700838501 4288 639

1717273492.524772 332177788
cloud0_tkemenade 19061615609 6221 934

1717273492.525286 332177790
cloud1_tkemenade 13700838501 4289 639

1717273493.5277598 332177868
cloud0_tkemenade 19061615609 6222 934

1717273493.5282938 332177868
cloud1_tkemenade 13700838501 4289 639

1717273494.5306647 332177994
cloud0_tkemenade 19061615609 6222 934

1717273494.5309813 332177994
cloud1_tkemenade 13700838501 4289 639

1717273494.8320997 332178036
cloud0_tkemenade 19061624357 6222 934

1717273494.8326416 332178036
cloud1_tkemenade 13700847249 4289 639

1717273495.835198 332178140
cloud0_tkemenade 19061624357 6223 934

1717273495.8357158 332178140
cloud1_tkemenade 13700847249 4290 639

1717273496.838179 332178228
cloud0_tkemenade 19061624357 6223 934

1717273496.8387165 332178228
cloud1_tkemenade 13700847249 4290 639

1717273497.8412416 332178327
cloud0_tkemenade 19061624357 6223 935

1717273497.8417654 332178327
cloud1_tkemenade 13700847249 4290 639

1717273498.8442883 332178431
cloud0_tkemenade 19061624357 6223 935

1717273498.8448021 332178431
cloud1_tkemenade 13700847249 4291 639

1717273499.8472745 332178512
cloud0_tkemenade 19061624357 6224 935

1717273499.8477767 332178512
cloud1_tkemenade 13700847249 4291 639

1717273500.8501406 332178731
cloud0_tkemenade 19061624357 6224 935

1717273500.850661 332178731
cloud1_tkemenade 13700847249 4292 639

1717273501.8531077 332178893
cloud0_tkemenade 19061624357 6224 935

1717273501.8536875 332178893
cloud1_tkemenade 13700847249 4292 639

1717273501.9541712 332178898
cloud0_tkemenade 19061637878 6224 935

1717273501.9547226 332178898
cloud1_tkemenade 13700860770 4292 639

1717273502.9572246 332178976
cloud0_tkemenade 19061637878 6224 935

1717273502.9577603 332178976
cloud1_tkemenade 13700860770 4292 640

1717273503.9602802 332179072
cloud0_tkemenade 19061637878 6225 935

1717273503.9608343 332179072
cloud1_tkemenade 13700860770 4293 640

1717273504.9635923 332179161
cloud0_tkemenade 19061637878 6225 935

1717273504.9639597 332179161
cloud1_tkemenade 13700860770 4293 640

1717273505.966441 332179278
cloud0_tkemenade 19061637878 6225 935

1717273505.9669724 332179278
cloud1_tkemenade 13700860770 4293 640

1717273506.9695177 332179365
cloud0_tkemenade 19061637878 6225 935

1717273506.9700665 332179365
cloud1_tkemenade 13700860770 4294 640

1717273507.9725544 332179448
cloud0_tkemenade 19061637878 6226 935

1717273507.973073 332179448
cloud1_tkemenade 13700860770 4294 640

1717273508.9755304 332179534
cloud0_tkemenade 19061637878 6226 935

1717273508.9760315 332179534
cloud1_tkemenade 13700860770 4294 640

1717273509.076523 332179562
cloud0_tkemenade 19061646372 6226 935

1717273509.0770328 332179562
cloud1_tkemenade 13700873511 4294 640

1717273510.0793662 332179670
cloud0_tkemenade 19061646372 6226 935

1717273510.0796862 332179670
cloud1_tkemenade 13700873511 4294 640

1717273511.082871 332179933
cloud0_tkemenade 19061646372 6226 935

1717273511.0833874 332179933
cloud1_tkemenade 13700873511 4295 640

1717273512.0859733 332180051
cloud0_tkemenade 19061646372 6227 935

1717273512.0864842 332180051
cloud1_tkemenade 13700873511 4295 640

1717273513.0891922 332180125
cloud0_tkemenade 19061646372 6227 935

1717273513.0897088 332180125
cloud1_tkemenade 13700873511 4295 640

1717273514.09222 332180220
cloud0_tkemenade 19061646372 6227 935

1717273514.0926883 332180220
cloud1_tkemenade 13700873511 4295 640

1717273515.0952394 332180321
cloud0_tkemenade 19061646372 6227 935

1717273515.0957382 332180321
cloud1_tkemenade 13700873511 4295 640

1717273516.0981388 332180453
cloud0_tkemenade 19061646372 6227 936

1717273516.0986617 332180453
cloud1_tkemenade 13700873511 4295 640

1717273516.19911 332180467
cloud0_tkemenade 19061659928 6228 936

1717273516.1995926 332180467
cloud1_tkemenade 13700878029 4295 640

1717273517.2019382 332180550
cloud0_tkemenade 19061659928 6228 936

1717273517.2024674 332180550
cloud1_tkemenade 13700878029 4296 640

1717273518.2048628 332180647
cloud0_tkemenade 19061659928 6228 936

1717273518.205412 332180648
cloud1_tkemenade 13700878029 4296 640

1717273519.20803 332180742
cloud0_tkemenade 19061659928 6228 936

1717273519.2085516 332180742
cloud1_tkemenade 13700878029 4296 640

1717273520.2109547 332180827
cloud0_tkemenade 19061659928 6228 936

1717273520.2112648 332180827
cloud1_tkemenade 13700878029 4296 640

1717273521.213672 332181133
cloud0_tkemenade 19061659928 6229 936

1717273521.214107 332181133
cloud1_tkemenade 13700878029 4297 641

1717273522.2166436 332181212
cloud0_tkemenade 19061659928 6229 936

1717273522.2172 332181212
cloud1_tkemenade 13700878029 4297 641

1717273523.2196653 332181303
cloud0_tkemenade 19061659928 6229 936

1717273523.2201297 332181303
cloud1_tkemenade 13700878029 4297 641

1717273523.3205733 332181317
cloud0_tkemenade 19061664382 6229 936

1717273523.3210557 332181317
cloud1_tkemenade 13700891393 4297 641

1717273524.323409 332181414
cloud0_tkemenade 19061664382 6230 936

1717273524.3238986 332181414
cloud1_tkemenade 13700891393 4297 641

1717273525.3265638 332181508
cloud0_tkemenade 19061664382 6230 936

1717273525.327069 332181508
cloud1_tkemenade 13700891393 4298 641

1717273526.3296022 332181614
cloud0_tkemenade 19061664382 6230 936

1717273526.3301117 332181614
cloud1_tkemenade 13700891393 4298 641

1717273527.3326833 332181687
cloud0_tkemenade 19061664382 6230 936

1717273527.3331692 332181688
cloud1_tkemenade 13700891393 4299 641

1717273528.3355384 332181790
cloud0_tkemenade 19061664382 6231 936

1717273528.3360355 332181790
cloud1_tkemenade 13700891393 4299 641

1717273529.3385036 332181879
cloud0_tkemenade 19061664382 6231 937

1717273529.338986 332181879
cloud1_tkemenade 13700891393 4299 641

1717273530.3413227 332181970
cloud0_tkemenade 19061664382 6231 937

1717273530.3418212 332181970
cloud1_tkemenade 13700891393 4299 641

1717273530.6426754 332182089
cloud0_tkemenade 19061677025 6231 937

1717273530.6431894 332182089
cloud1_tkemenade 13700904036 4300 641

1717273531.6456664 332182269
cloud0_tkemenade 19061677025 6231 937

1717273531.6461751 332182269
cloud1_tkemenade 13700904036 4300 641

1717273532.648737 332182351
cloud0_tkemenade 19061677025 6231 937

1717273532.6492727 332182351
cloud1_tkemenade 13700904036 4300 641

1717273533.6517582 332182438
cloud0_tkemenade 19061677025 6232 937

1717273533.6522727 332182438
cloud1_tkemenade 13700904036 4301 641

1717273534.6546006 332182538
cloud0_tkemenade 19061677025 6232 937

1717273534.655115 332182538
cloud1_tkemenade 13700904036 4301 641

1717273535.6576533 332182639
cloud0_tkemenade 19061677025 6232 937

1717273535.6581955 332182639
cloud1_tkemenade 13700904036 4301 641

1717273536.6607287 332182776
cloud0_tkemenade 19061677025 6233 937

1717273536.6612544 332182777
cloud1_tkemenade 13700904036 4302 641

1717273537.5635722 332182851
cloud0_tkemenade 19061690180 6234 937

1717273537.564072 332182851
cloud1_tkemenade 13700917191 4303 641

1717273538.566574 332182932
cloud0_tkemenade 19061690180 6234 937

1717273538.5670846 332182932
cloud1_tkemenade 13700917191 4303 641

1717273539.5694916 332183008
cloud0_tkemenade 19061690180 6234 937

1717273539.5700872 332183008
cloud1_tkemenade 13700917191 4304 641

1717273540.5725794 332183174
cloud0_tkemenade 19061690180 6234 937

1717273540.5730844 332183174
cloud1_tkemenade 13700917191 4304 641

1717273541.5755608 332183389
cloud0_tkemenade 19061690180 6235 937

1717273541.576094 332183389
cloud1_tkemenade 13700917191 4304 641

1717273542.5785663 332183470
cloud0_tkemenade 19061690180 6235 937

1717273542.579033 332183470
cloud1_tkemenade 13700917191 4304 641

1717273543.5817006 332183554
cloud0_tkemenade 19061690180 6235 937

1717273543.582202 332183554
cloud1_tkemenade 13700917191 4305 641

1717273544.5845559 332183673
cloud0_tkemenade 19061690180 6236 938

1717273544.5850668 332183673
cloud1_tkemenade 13700917191 4305 641

1717273544.7857482 332183691
cloud0_tkemenade 19061703291 6236 938

1717273544.7862444 332183691
cloud1_tkemenade 13700925932 4305 641

1717273545.7886407 332183764
cloud0_tkemenade 19061703291 6236 938

1717273545.789143 332183764
cloud1_tkemenade 13700925932 4305 641

1717273546.7916636 332183886
cloud0_tkemenade 19061703291 6236 938

1717273546.7921772 332183886
cloud1_tkemenade 13700925932 4305 641

1717273547.7945075 332183953
cloud0_tkemenade 19061703291 6236 938

1717273547.7949975 332183953
cloud1_tkemenade 13700925932 4306 641

1717273548.7975206 332184056
cloud0_tkemenade 19061703291 6236 938

1717273548.7980263 332184056
cloud1_tkemenade 13700925932 4306 641

1717273549.8004534 332184122
cloud0_tkemenade 19061703291 6237 938

1717273549.800961 332184122
cloud1_tkemenade 13700925932 4306 642

1717273550.8031728 332184351
cloud0_tkemenade 19061703291 6237 938

1717273550.803687 332184351
cloud1_tkemenade 13700925932 4306 642

1717273551.805887 332184500
cloud0_tkemenade 19061703291 6237 938

1717273551.8063698 332184500
cloud1_tkemenade 13700925932 4306 642

1717273551.9068098 332184518
cloud0_tkemenade 19061707750 6237 938

1717273551.9073083 332184518
cloud1_tkemenade 13700934850 4306 642

1717273552.909549 332184588
cloud0_tkemenade 19061707750 6238 938

1717273552.9100537 332184588
cloud1_tkemenade 13700934850 4307 642

1717273553.9125443 332184675
cloud0_tkemenade 19061707750 6238 938

1717273553.9130635 332184675
cloud1_tkemenade 13700934850 4307 642

1717273554.915382 332184756
cloud0_tkemenade 19061707750 6238 938

1717273554.915907 332184756
cloud1_tkemenade 13700934850 4307 642

1717273555.918238 332184847
cloud0_tkemenade 19061707750 6238 938

1717273555.9187434 332184847
cloud1_tkemenade 13700934850 4307 642

1717273556.9213543 332184974
cloud0_tkemenade 19061707750 6239 938

1717273556.9218285 332184974
cloud1_tkemenade 13700934850 4308 642

1717273557.9239652 332185064
cloud0_tkemenade 19061707750 6239 938

1717273557.9244497 332185064
cloud1_tkemenade 13700934850 4308 642

1717273558.926615 332185158
cloud0_tkemenade 19061707750 6239 938

1717273558.9270873 332185158
cloud1_tkemenade 13700934850 4308 642

1717273559.0275426 332185179
cloud0_tkemenade 19061716472 6239 938

1717273559.0280535 332185179
cloud1_tkemenade 13700943572 4308 642

1717273560.030178 332185250
cloud0_tkemenade 19061716472 6240 938

1717273560.030708 332185250
cloud1_tkemenade 13700943572 4308 642

1717273561.032866 332185527
cloud0_tkemenade 19061716472 6240 938

1717273561.033284 332185528
cloud1_tkemenade 13700943572 4309 642

1717273562.0356107 332185644
cloud0_tkemenade 19061716472 6240 938

1717273562.0361242 332185644
cloud1_tkemenade 13700943572 4309 642

1717273563.0384052 332185715
cloud0_tkemenade 19061716472 6240 938

1717273563.0389175 332185715
cloud1_tkemenade 13700943572 4309 642

1717273564.0412943 332185805
cloud0_tkemenade 19061716472 6240 938

1717273564.0418072 332185805
cloud1_tkemenade 13700943572 4310 642

1717273565.0442998 332185894
cloud0_tkemenade 19061716472 6241 938

1717273565.0448117 332185894
cloud1_tkemenade 13700943572 4310 642

1717273566.0470347 332185968
cloud0_tkemenade 19061716472 6241 938

1717273566.0473738 332185968
cloud1_tkemenade 13700943572 4310 642

1717273566.3481956 332185996
cloud0_tkemenade 19061725057 6241 938

1717273566.348711 332185996
cloud1_tkemenade 13700952157 4310 642

1717273567.3510706 332186103
cloud0_tkemenade 19061725057 6241 938

1717273567.3515785 332186103
cloud1_tkemenade 13700952157 4310 642

1717273568.353971 332186185
cloud0_tkemenade 19061725057 6241 938

1717273568.3544765 332186185
cloud1_tkemenade 13700952157 4311 642

1717273569.3567734 332186270
cloud0_tkemenade 19061725057 6242 938

1717273569.3572962 332186270
cloud1_tkemenade 13700952157 4311 642

1717273570.359699 332186371
cloud0_tkemenade 19061725057 6242 938

1717273570.3602128 332186371
cloud1_tkemenade 13700952157 4311 642

1717273571.3624344 332186670
cloud0_tkemenade 19061725057 6242 938

1717273571.3629165 332186670
cloud1_tkemenade 13700952157 4312 643

1717273572.3653767 332186743
cloud0_tkemenade 19061725057 6242 938

1717273572.3658795 332186743
cloud1_tkemenade 13700952157 4312 643

1717273573.3685257 332186834
cloud0_tkemenade 19061725057 6243 938

1717273573.3690097 332186834
cloud1_tkemenade 13700952157 4312 643

1717273573.4694731 332186840
cloud0_tkemenade 19061733946 6243 938

1717273573.4699442 332186840
cloud1_tkemenade 13700965491 4312 643

1717273574.4723933 332186929
cloud0_tkemenade 19061733946 6243 939

1717273574.4729009 332186929
cloud1_tkemenade 13700965491 4312 643

1717273575.4753156 332187004
cloud0_tkemenade 19061733946 6243 939

1717273575.4758186 332187004
cloud1_tkemenade 13700965491 4313 643

1717273576.478401 332187107
cloud0_tkemenade 19061733946 6243 939

1717273576.478939 332187107
cloud1_tkemenade 13700965491 4313 643

1717273577.4814553 332187218
cloud0_tkemenade 19061733946 6243 939

1717273577.4819663 332187218
cloud1_tkemenade 13700965491 4313 643

1717273578.4844859 332187305
cloud0_tkemenade 19061733946 6244 939

1717273578.4848027 332187305
cloud1_tkemenade 13700965491 4313 643

1717273579.487095 332187388
cloud0_tkemenade 19061733946 6244 939

1717273579.4875958 332187388
cloud1_tkemenade 13700965491 4313 644

1717273580.4899476 332187513
cloud0_tkemenade 19061742641 6244 939

1717273580.4904594 332187513
cloud1_tkemenade 13700974186 4313 644

1717273581.492948 332187730
cloud0_tkemenade 19061742641 6244 939

1717273581.4934776 332187730
cloud1_tkemenade 13700974186 4314 644

1717273582.4959881 332187797
cloud0_tkemenade 19061742641 6245 939

1717273582.496491 332187797
cloud1_tkemenade 13700974186 4314 644

1717273583.498907 332187903
cloud0_tkemenade 19061742641 6245 939

1717273583.4992266 332187903
cloud1_tkemenade 13700974186 4314 644

1717273584.5015156 332188007
cloud0_tkemenade 19061742641 6245 939

1717273584.5020418 332188007
cloud1_tkemenade 13700974186 4315 644

1717273585.5045273 332188076
cloud0_tkemenade 19061742641 6246 939

1717273585.5050335 332188076
cloud1_tkemenade 13700974186 4315 644

1717273586.5075138 332188175
cloud0_tkemenade 19061742641 6246 940

1717273586.5080242 332188175
cloud1_tkemenade 13700974186 4315 644

1717273587.510357 332188288
cloud0_tkemenade 19061742641 6246 940

1717273587.5108652 332188288
cloud1_tkemenade 13700974186 4315 645

1717273587.7114153 332188311
cloud0_tkemenade 19061755830 6246 940

1717273587.711931 332188311
cloud1_tkemenade 13700987375 4315 645

1717273588.714326 332188404
cloud0_tkemenade 19061755830 6246 940

1717273588.714652 332188404
cloud1_tkemenade 13700987375 4315 645

1717273589.7170446 332188484
cloud0_tkemenade 19061755830 6247 940

1717273589.717574 332188484
cloud1_tkemenade 13700987375 4315 645

1717273590.7198572 332188714
cloud0_tkemenade 19061755830 6247 940

1717273590.7203877 332188714
cloud1_tkemenade 13700987375 4316 645

1717273591.7227464 332188900
cloud0_tkemenade 19061755830 6248 940

1717273591.7232916 332188900
cloud1_tkemenade 13700987375 4316 645

1717273592.725791 332188969
cloud0_tkemenade 19061755830 6248 940

1717273592.726299 332188969
cloud1_tkemenade 13700987375 4316 645

1717273593.7288394 332189057
cloud0_tkemenade 19061755830 6248 940

1717273593.7293713 332189058
cloud1_tkemenade 13700987375 4316 645

1717273594.7319684 332189161
cloud0_tkemenade 19061764771 6248 940

1717273594.7324846 332189161
cloud1_tkemenade 13700991845 4317 645

1717273595.7363546 332189238
cloud0_tkemenade 19061764771 6249 940

1717273595.736865 332189238
cloud1_tkemenade 13700991845 4317 645

1717273596.7392364 332189344
cloud0_tkemenade 19061764771 6250 940

1717273596.73977 332189344
cloud1_tkemenade 13700991845 4318 646

1717273597.7421165 332189468
cloud0_tkemenade 19061764771 6250 940

1717273597.7425947 332189468
cloud1_tkemenade 13700991845 4318 646

1717273598.74491 332189564
cloud0_tkemenade 19061764771 6250 940

1717273598.745447 332189564
cloud1_tkemenade 13700991845 4318 646

1717273599.747876 332189658
cloud0_tkemenade 19061764771 6251 940

1717273599.7483659 332189658
cloud1_tkemenade 13700991845 4318 646

1717273600.7505608 332189863
cloud0_tkemenade 19061764771 6251 940

1717273600.7510686 332189863
cloud1_tkemenade 13700991845 4319 646

1717273601.7533004 332190057
cloud0_tkemenade 19061764771 6251 940

1717273601.7538202 332190057
cloud1_tkemenade 13700991845 4319 646

1717273601.9544673 332190077
cloud0_tkemenade 19061777769 6251 940

1717273601.954966 332190077
cloud1_tkemenade 13701009176 4319 646

1717273602.9572263 332190156
cloud0_tkemenade 19061777769 6252 940

1717273602.9577317 332190156
cloud1_tkemenade 13701009176 4319 647

1717273603.9603047 332190258
cloud0_tkemenade 19061777769 6252 940

1717273603.96083 332190258
cloud1_tkemenade 13701009176 4319 647

1717273604.9633443 332190389
cloud0_tkemenade 19061777769 6252 940

1717273604.9638524 332190389
cloud1_tkemenade 13701009176 4320 647

1717273605.9662697 332190473
cloud0_tkemenade 19061777769 6252 940

1717273605.966779 332190473
cloud1_tkemenade 13701009176 4320 647

1717273606.969242 332190567
cloud0_tkemenade 19061777769 6252 940

1717273606.9697337 332190567
cloud1_tkemenade 13701009176 4320 647

1717273607.9722054 332190698
cloud0_tkemenade 19061777769 6253 940

1717273607.9727175 332190698
cloud1_tkemenade 13701009176 4320 647

1717273608.9751868 332190794
cloud0_tkemenade 19061777769 6253 941

1717273608.9756944 332190794
cloud1_tkemenade 13701009176 4321 647

1717273609.0761395 332190816
cloud0_tkemenade 19061790281 6253 941

1717273609.0766408 332190816
cloud1_tkemenade 13701021688 4321 647

1717273610.078899 332190903
cloud0_tkemenade 19061790281 6253 941

1717273610.0792363 332190903
cloud1_tkemenade 13701021688 4321 647

1717273611.0815432 332191194
cloud0_tkemenade 19061790281 6254 941

1717273611.0820615 332191194
cloud1_tkemenade 13701021688 4321 647

1717273612.08458 332191331
cloud0_tkemenade 19061790281 6254 941

1717273612.0851145 332191331
cloud1_tkemenade 13701021688 4322 647

1717273613.087722 332191442
cloud0_tkemenade 19061790281 6255 941

1717273613.0882416 332191442
cloud1_tkemenade 13701021688 4322 647

1717273614.090627 332191564
cloud0_tkemenade 19061790281 6255 941

1717273614.0911489 332191564
cloud1_tkemenade 13701021688 4322 647

1717273615.0937552 332191684
cloud0_tkemenade 19061790281 6255 941

1717273615.0942855 332191684
cloud1_tkemenade 13701021688 4322 647

1717273616.096926 332191774
cloud0_tkemenade 19061790281 6255 941

1717273616.0974724 332191774
cloud1_tkemenade 13701021688 4323 647

1717273616.1979394 332191785
cloud0_tkemenade 19061799136 6255 941

1717273616.1984422 332191785
cloud1_tkemenade 13701030543 4323 647

1717273617.201064 332191895
cloud0_tkemenade 19061799136 6256 941

1717273617.2016563 332191895
cloud1_tkemenade 13701030543 4323 647

1717273618.2041502 332192046
cloud0_tkemenade 19061799136 6256 941

1717273618.2046611 332192046
cloud1_tkemenade 13701030543 4323 647

1717273619.20705 332192184
cloud0_tkemenade 19061799136 6256 941

1717273619.2075686 332192184
cloud1_tkemenade 13701030543 4324 647

1717273620.2097945 332192270
cloud0_tkemenade 19061799136 6256 941

1717273620.21012 332192270
cloud1_tkemenade 13701030543 4324 647

1717273621.212439 332192580
cloud0_tkemenade 19061799136 6257 941

1717273621.2129538 332192580
cloud1_tkemenade 13701030543 4324 648

1717273622.2153678 332192676
cloud0_tkemenade 19061799136 6257 941

1717273622.2158935 332192676
cloud1_tkemenade 13701030543 4324 648

1717273623.2183523 332192767
cloud0_tkemenade 19061799136 6257 941

1717273623.2188733 332192767
cloud1_tkemenade 13701030543 4325 648

1717273623.4196181 332192785
cloud0_tkemenade 19061807939 6257 941

1717273623.4201176 332192785
cloud1_tkemenade 13701043748 4325 648

1717273624.4225423 332192911
cloud0_tkemenade 19061807939 6258 941

1717273624.4230654 332192911
cloud1_tkemenade 13701043748 4325 648

1717273625.425733 332193011
cloud0_tkemenade 19061807939 6258 942

1717273625.4262166 332193011
cloud1_tkemenade 13701043748 4326 648

1717273626.4287097 332193110
cloud0_tkemenade 19061807939 6258 942

1717273626.4290593 332193110
cloud1_tkemenade 13701043748 4326 648

1717273627.4314027 332193223
cloud0_tkemenade 19061807939 6259 942

1717273627.431941 332193223
cloud1_tkemenade 13701043748 4326 648

1717273628.4343479 332193358
cloud0_tkemenade 19061807939 6259 942

1717273628.4347272 332193358
cloud1_tkemenade 13701043748 4327 648

1717273629.4369626 332193480
cloud0_tkemenade 19061807939 6259 942

1717273629.4374473 332193480
cloud1_tkemenade 13701043748 4327 648

1717273630.4396555 332193596
cloud0_tkemenade 19061807939 6259 942

1717273630.4399757 332193596
cloud1_tkemenade 13701043748 4327 648

1717273630.540273 332193636
cloud0_tkemenade 19061820777 6259 942

1717273630.5405908 332193636
cloud1_tkemenade 13701052306 4327 648

1717273631.5426128 332193872
cloud0_tkemenade 19061820777 6259 942

1717273631.5429502 332193872
cloud1_tkemenade 13701052306 4327 648

1717273632.5450914 332193982
cloud0_tkemenade 19061820777 6260 942

1717273632.5456166 332193982
cloud1_tkemenade 13701052306 4328 648

1717273633.548039 332194066
cloud0_tkemenade 19061820777 6260 942

1717273633.548551 332194066
cloud1_tkemenade 13701052306 4328 648

1717273634.551052 332194194
cloud0_tkemenade 19061820777 6260 942

1717273634.5515544 332194194
cloud1_tkemenade 13701052306 4328 648

1717273635.553986 332194284
cloud0_tkemenade 19061820777 6260 942

1717273635.5545542 332194284
cloud1_tkemenade 13701052306 4328 648

1717273636.5569625 332194378
cloud0_tkemenade 19061820777 6261 942

1717273636.5575106 332194378
cloud1_tkemenade 13701052306 4328 648

1717273637.5599778 332194476
cloud0_tkemenade 19061829652 6261 942

1717273637.5605006 332194476
cloud1_tkemenade 13701061181 4329 648

1717273638.5629625 332194610
cloud0_tkemenade 19061829652 6261 942

1717273638.5634694 332194610
cloud1_tkemenade 13701061181 4329 648

1717273639.565851 332194717
cloud0_tkemenade 19061829652 6261 942

1717273639.566353 332194717
cloud1_tkemenade 13701061181 4329 648

1717273640.568796 332194865
cloud0_tkemenade 19061829652 6262 942

1717273640.569312 332194867
cloud1_tkemenade 13701061181 4329 648

1717273641.5718405 332195093
cloud0_tkemenade 19061829652 6262 942

1717273641.5723486 332195093
cloud1_tkemenade 13701061181 4330 648

1717273642.5746472 332195181
cloud0_tkemenade 19061829652 6262 942

1717273642.5749574 332195181
cloud1_tkemenade 13701061181 4330 648

1717273643.5772097 332195278
cloud0_tkemenade 19061829652 6262 942

1717273643.5777216 332195278
cloud1_tkemenade 13701061181 4330 648

1717273644.5798454 332195425
cloud0_tkemenade 19061829652 6263 942

1717273644.5803494 332195425
cloud1_tkemenade 13701061181 4330 649

1717273644.680784 332195439
cloud0_tkemenade 19061838320 6263 942

1717273644.6813326 332195440
cloud1_tkemenade 13701069849 4330 649

1717273645.683671 332195526
cloud0_tkemenade 19061838320 6263 942

1717273645.6841612 332195526
cloud1_tkemenade 13701069849 4330 649

1717273646.6866322 332195595
cloud0_tkemenade 19061838320 6263 942

1717273646.6871397 332195595
cloud1_tkemenade 13701069849 4331 649

1717273647.6896448 332195663
cloud0_tkemenade 19061838320 6263 942

1717273647.6901479 332195663
cloud1_tkemenade 13701069849 4331 649

1717273648.6927023 332195824
cloud0_tkemenade 19061838320 6264 942

1717273648.693242 332195825
cloud1_tkemenade 13701069849 4331 649

1717273649.6958385 332195921
cloud0_tkemenade 19061838320 6264 942

1717273649.6963139 332195921
cloud1_tkemenade 13701069849 4331 649

1717273650.6988199 332196106
cloud0_tkemenade 19061838320 6264 942

1717273650.6994476 332196106
cloud1_tkemenade 13701069849 4332 649

1717273651.7018652 332196291
cloud0_tkemenade 19061838320 6264 942

1717273651.7023432 332196291
cloud1_tkemenade 13701069849 4332 649

1717273651.8028321 332196303
cloud0_tkemenade 19061842713 6265 942

1717273651.8033538 332196303
cloud1_tkemenade 13701078635 4332 649

1717273652.8056283 332196387
cloud0_tkemenade 19061842713 6265 942

1717273652.8059342 332196387
cloud1_tkemenade 13701078635 4332 649

1717273653.8078957 332196478
cloud0_tkemenade 19061842713 6265 942

1717273653.8084214 332196478
cloud1_tkemenade 13701078635 4333 649

1717273654.8106225 332196583
cloud0_tkemenade 19061842713 6266 942

1717273654.8111227 332196583
cloud1_tkemenade 13701078635 4333 649

1717273655.8136613 332196664
cloud0_tkemenade 19061842713 6266 942

1717273655.814191 332196664
cloud1_tkemenade 13701078635 4333 649

1717273656.8166835 332196753
cloud0_tkemenade 19061842713 6267 943

1717273656.8172052 332196753
cloud1_tkemenade 13701078635 4335 649

1717273657.8194995 332196819
cloud0_tkemenade 19061842713 6267 943

1717273657.820014 332196819
cloud1_tkemenade 13701078635 4335 649

1717273658.8243737 332196928
cloud0_tkemenade 19061842713 6268 943

1717273658.825146 332196929
cloud1_tkemenade 13701078635 4335 649

1717273659.0256348 332196976
cloud0_tkemenade 19061864179 6268 943

1717273659.026201 332196976
cloud1_tkemenade 13701091514 4335 649

1717273660.028623 332197063
cloud0_tkemenade 19061864179 6268 943

1717273660.028939 332197063
cloud1_tkemenade 13701091514 4336 649

1717273661.0312028 332197349
cloud0_tkemenade 19061864179 6269 943

1717273661.031702 332197349
cloud1_tkemenade 13701091514 4336 649

1717273662.0341525 332197471
cloud0_tkemenade 19061864179 6269 943

1717273662.0346732 332197471
cloud1_tkemenade 13701091514 4336 650

1717273663.0371242 332197542
cloud0_tkemenade 19061864179 6269 943

1717273663.037641 332197542
cloud1_tkemenade 13701091514 4336 650

1717273664.0402102 332197652
cloud0_tkemenade 19061864179 6269 943

1717273664.0407188 332197652
cloud1_tkemenade 13701091514 4336 650

1717273665.0431592 332197776
cloud0_tkemenade 19061864179 6270 943

1717273665.0436878 332197776
cloud1_tkemenade 13701091514 4336 650

1717273666.045838 332197860
cloud0_tkemenade 19061864179 6270 943

1717273666.0463388 332197860
cloud1_tkemenade 13701091514 4337 650

1717273666.1467597 332197866
cloud0_tkemenade 19061873151 6270 943

1717273666.147267 332197866
cloud1_tkemenade 13701104972 4337 650

1717273667.1496358 332197952
cloud0_tkemenade 19061873151 6271 943

1717273667.150153 332197952
cloud1_tkemenade 13701104972 4338 650

1717273668.1526427 332198043
cloud0_tkemenade 19061873151 6271 943

1717273668.1531377 332198043
cloud1_tkemenade 13701104972 4338 650

1717273669.1555634 332198183
cloud0_tkemenade 19061873151 6272 943

1717273669.1560576 332198183
cloud1_tkemenade 13701104972 4338 651

1717273670.1582735 332198280
cloud0_tkemenade 19061873151 6272 943

1717273670.1585948 332198280
cloud1_tkemenade 13701104972 4339 651

1717273671.1608205 332198562
cloud0_tkemenade 19061873151 6272 943

1717273671.1613817 332198562
cloud1_tkemenade 13701104972 4339 651

