1720986210.8381534 54949602
cloud0_tkemenade 22036271382 9690 1247

1720986211.840468 54949786
cloud0_tkemenade 22036271382 9791 1248

1720986212.6426768 54949910
cloud0_tkemenade 22039195389 9858 1258

1720986213.6453416 54950099
cloud0_tkemenade 22039195389 9949 1265

1720986214.6479955 54950298
cloud0_tkemenade 22039195389 10049 1266

1720986215.6508975 54950472
cloud0_tkemenade 22039195389 10147 1271

1720986216.6537862 54950655
cloud0_tkemenade 22039195389 10248 1273

1720986217.6564705 54950811
cloud0_tkemenade 22039195389 10341 1277

1720986218.65918 54950990
cloud0_tkemenade 22039195389 10437 1283

1720986219.6621535 54951140
cloud0_tkemenade 22039195389 10507 1288

1720986219.7629502 54951156
cloud0_tkemenade 22041770560 10515 1288

1720986220.7658746 54951308
cloud0_tkemenade 22041770560 10597 1289

1720986221.768726 54951506
cloud0_tkemenade 22041770560 10687 1291

1720986222.7714975 54951683
cloud0_tkemenade 22041770560 10785 1291

1720986223.7742827 54951861
cloud0_tkemenade 22041770560 10877 1291

1720986224.7768054 54951985
cloud0_tkemenade 22041770560 10925 1293

1720986225.7793672 54952092
cloud0_tkemenade 22041770560 10943 1294

1720986226.7822764 54952284
cloud0_tkemenade 22043734800 11042 1294

1720986227.7849193 54952397
cloud0_tkemenade 22043734800 11105 1296

1720986228.787626 54952569
cloud0_tkemenade 22043734800 11192 1298

1720986229.7906246 54952735
cloud0_tkemenade 22043734800 11287 1302

1720986230.793348 54952869
cloud0_tkemenade 22043734800 11337 1307

1720986231.7963364 54953058
cloud0_tkemenade 22043734800 11434 1307

1720986232.7993183 54953212
cloud0_tkemenade 22043734800 11531 1308

1720986233.8022327 54953396
cloud0_tkemenade 22046064071 11630 1308

1720986234.805228 54953585
cloud0_tkemenade 22046064071 11728 1308

1720986235.8079681 54953752
cloud0_tkemenade 22046064071 11827 1308

1720986236.8108685 54953915
cloud0_tkemenade 22046064071 11927 1308

1720986237.813732 54954051
cloud0_tkemenade 22046064071 12014 1309

1720986238.8165553 54954211
cloud0_tkemenade 22046064071 12094 1312

1720986239.8191738 54954381
cloud0_tkemenade 22046064071 12183 1315

1720986240.8219028 54954550
cloud0_tkemenade 22046064071 12276 1318

1720986240.9226756 54954575
cloud0_tkemenade 22048675124 12285 1318

1720986241.9254122 54954755
cloud0_tkemenade 22048675124 12380 1321

1720986242.9281187 54954918
cloud0_tkemenade 22048675124 12475 1323

1720986243.9308007 54955097
cloud0_tkemenade 22048675124 12567 1327

1720986244.933398 54955283
cloud0_tkemenade 22048675124 12664 1327

1720986245.936231 54955443
cloud0_tkemenade 22048675124 12761 1328

1720986246.9389737 54955625
cloud0_tkemenade 22048675124 12860 1329

1720986247.8413746 54955791
cloud0_tkemenade 22051441058 12950 1329

1720986248.8440852 54955943
cloud0_tkemenade 22051441058 13018 1335

1720986249.8468554 54956148
cloud0_tkemenade 22051441058 13118 1335

1720986250.8497062 54956303
cloud0_tkemenade 22051441058 13215 1335

1720986251.8523839 54956475
cloud0_tkemenade 22051441058 13314 1335

1720986252.8551104 54956637
cloud0_tkemenade 22051441058 13413 1335

1720986253.857729 54956805
cloud0_tkemenade 22051441058 13507 1335

1720986254.8599925 54956999
cloud0_tkemenade 22054021548 13607 1335

1720986255.8625844 54957134
cloud0_tkemenade 22054021548 13704 1336

1720986256.8651388 54957304
cloud0_tkemenade 22054021548 13801 1337

1720986257.8674846 54957457
cloud0_tkemenade 22054021548 13900 1338

1720986258.8701222 54957608
cloud0_tkemenade 22054021548 13979 1340

1720986259.8729272 54957746
cloud0_tkemenade 22054021548 14062 1345

1720986260.8755608 54957899
cloud0_tkemenade 22054021548 14152 1346

1720986261.8784184 54958055
cloud0_tkemenade 22054021548 14250 1346

1720986261.9791508 54958068
cloud0_tkemenade 22056683978 14254 1346

1720986262.9816413 54958131
cloud0_tkemenade 22056683978 14255 1346

1720986263.98444 54958202
cloud0_tkemenade 22056683978 14255 1346

1720986264.9873426 54958305
cloud0_tkemenade 22056683978 14256 1346

1720986265.9901683 54958355
cloud0_tkemenade 22056683978 14259 1346

1720986266.993026 54958429
cloud0_tkemenade 22056683978 14259 1346

1720986267.9956791 54958467
cloud0_tkemenade 22056683978 14260 1346

1720986268.9983745 54958532
cloud0_tkemenade 22056705540 14260 1346

1720986270.0010116 54958591
cloud0_tkemenade 22056705540 14260 1346

1720986271.00366 54958656
cloud0_tkemenade 22056705540 14261 1346

1720986272.0063927 54958720
cloud0_tkemenade 22056705540 14261 1346

1720986273.0089357 54958787
cloud0_tkemenade 22056705540 14278 1347

1720986274.011672 54958854
cloud0_tkemenade 22056705540 14278 1347

1720986275.014373 54958927
cloud0_tkemenade 22056705540 14279 1347

1720986276.0168552 54958976
cloud0_tkemenade 22056776319 14282 1347

1720986277.0196376 54959055
cloud0_tkemenade 22056776319 14283 1347

1720986278.0224104 54959097
cloud0_tkemenade 22056776319 14283 1347

1720986279.0250843 54959150
cloud0_tkemenade 22056776319 14283 1347

1720986280.0276225 54959205
cloud0_tkemenade 22056776319 14284 1347

1720986281.0303159 54959265
cloud0_tkemenade 22056776319 14284 1347

1720986282.0329401 54959333
cloud0_tkemenade 22056776319 14284 1347

1720986283.0354552 54959375
cloud0_tkemenade 22056776319 14284 1347

1720986283.1361873 54959380
cloud0_tkemenade 22056782416 14284 1347

1720986284.1385856 54959437
cloud0_tkemenade 22056782416 14285 1347

1720986285.1414104 54959505
cloud0_tkemenade 22056782416 14285 1347

1720986286.1440625 54959561
cloud0_tkemenade 22056782416 14285 1347

1720986287.1467938 54959618
cloud0_tkemenade 22056782416 14285 1348

1720986288.1494973 54959656
cloud0_tkemenade 22056782416 14285 1348

1720986289.1518362 54959706
cloud0_tkemenade 22056782416 14286 1348

1720986290.1544278 54959781
cloud0_tkemenade 22056791563 14286 1348

1720986291.156808 54959838
cloud0_tkemenade 22056791563 14287 1352

1720986292.1593268 54959902
cloud0_tkemenade 22056791563 14288 1352

1720986293.1619601 54959938
cloud0_tkemenade 22056791563 14288 1352

1720986294.1647205 54959979
cloud0_tkemenade 22056791563 14288 1352

1720986295.1675162 54960047
cloud0_tkemenade 22056791563 14288 1352

1720986296.1702402 54960090
cloud0_tkemenade 22056791563 14289 1353

1720986297.1727238 54960151
cloud0_tkemenade 22056816318 14289 1353

1720986298.1748688 54960201
cloud0_tkemenade 22056816318 14289 1353

1720986299.1776035 54960239
cloud0_tkemenade 22056816318 14290 1353

1720986300.1801548 54960295
cloud0_tkemenade 22056816318 14290 1353

1720986301.1827643 54960344
cloud0_tkemenade 22056816318 14290 1353

1720986302.1856062 54960393
cloud0_tkemenade 22056816318 14290 1353

1720986303.18845 54960449
cloud0_tkemenade 22056816318 14291 1353

1720986304.1909022 54960497
cloud0_tkemenade 22056816318 14291 1353

1720986304.2916634 54960512
cloud0_tkemenade 22056822404 14291 1353

1720986305.2944503 54960577
cloud0_tkemenade 22056822404 14291 1353

1720986306.2971237 54960617
cloud0_tkemenade 22056822404 14292 1353

1720986307.299754 54960673
cloud0_tkemenade 22056822404 14292 1353

1720986308.302488 54960751
cloud0_tkemenade 22056822404 14292 1353

1720986309.3052857 54960799
cloud0_tkemenade 22056822404 14292 1353

1720986310.3079252 54960859
cloud0_tkemenade 22056822404 14293 1353

1720986311.3106878 54960912
cloud0_tkemenade 22056828598 14293 1353

1720986312.3132274 54960981
cloud0_tkemenade 22056828598 14294 1353

1720986313.3156192 54961015
cloud0_tkemenade 22056828598 14294 1354

1720986314.3182907 54961069
cloud0_tkemenade 22056828598 14294 1354

1720986315.3209095 54961125
cloud0_tkemenade 22056828598 14294 1354

1720986316.3235211 54961171
cloud0_tkemenade 22056828598 14294 1354

1720986317.326155 54961217
cloud0_tkemenade 22056828598 14294 1354

1720986318.3286822 54961277
cloud0_tkemenade 22056828598 14295 1354

1720986318.4297414 54961286
cloud0_tkemenade 22056837752 14295 1354

1720986319.4324186 54961334
cloud0_tkemenade 22056837752 14295 1354

1720986320.4349365 54961390
cloud0_tkemenade 22056837752 14295 1354

1720986321.4376886 54961436
cloud0_tkemenade 22056837752 14295 1354

1720986322.4403415 54961492
cloud0_tkemenade 22056837752 14295 1354

1720986323.4429832 54961530
cloud0_tkemenade 22056837752 14295 1354

1720986324.4458022 54961582
cloud0_tkemenade 22056837752 14295 1354

1720986325.4483554 54961642
cloud0_tkemenade 22056840786 14296 1354

1720986326.4508934 54961684
cloud0_tkemenade 22056840786 14296 1354

1720986327.453724 54961735
cloud0_tkemenade 22056840786 14296 1354

1720986328.4565327 54961771
cloud0_tkemenade 22056840786 14296 1354

1720986329.4593558 54961827
cloud0_tkemenade 22056840786 14297 1355

1720986330.4619658 54961884
cloud0_tkemenade 22056840786 14297 1355

1720986331.46456 54961932
cloud0_tkemenade 22056840786 14297 1355

1720986332.4670756 54961977
cloud0_tkemenade 22056840786 14297 1355

1720986332.5678213 54961981
cloud0_tkemenade 22056846890 14297 1355

1720986333.5705223 54962026
cloud0_tkemenade 22056846890 14297 1355

1720986334.5732665 54962077
cloud0_tkemenade 22056846890 14297 1355

1720986335.5758433 54962142
cloud0_tkemenade 22056846890 14298 1355

1720986336.5784867 54962182
cloud0_tkemenade 22056846890 14298 1355

1720986337.5810034 54962240
cloud0_tkemenade 22056846890 14298 1355

1720986338.5834856 54962289
cloud0_tkemenade 22056846890 14298 1356

1720986339.5861378 54962339
cloud0_tkemenade 22056846890 14298 1356

1720986339.7870576 54962360
cloud0_tkemenade 22056852888 14298 1356

1720986340.7895963 54962407
cloud0_tkemenade 22056852888 14298 1356

1720986341.7923002 54962471
cloud0_tkemenade 22056852888 14299 1356

1720986342.794872 54962517
cloud0_tkemenade 22056852888 14299 1356

1720986343.7975867 54962571
cloud0_tkemenade 22056852888 14299 1356

1720986344.8002393 54962624
cloud0_tkemenade 22056852888 14299 1356

1720986345.802871 54962675
cloud0_tkemenade 22056852888 14300 1356

1720986346.8055944 54962719
cloud0_tkemenade 22056862132 14301 1356

1720986347.8081825 54962763
cloud0_tkemenade 22056862132 14301 1356

1720986348.8107505 54962814
cloud0_tkemenade 22056862132 14301 1356

1720986349.8131602 54962865
cloud0_tkemenade 22056862132 14301 1356

1720986350.815819 54962929
cloud0_tkemenade 22056862132 14301 1356

1720986351.8183806 54962988
cloud0_tkemenade 22056862132 14302 1356

1720986352.8209238 54963034
cloud0_tkemenade 22056862132 14302 1356

1720986353.8235178 54963086
cloud0_tkemenade 22056865223 14302 1356

1720986354.8262281 54963125
cloud0_tkemenade 22056865223 14302 1356

1720986355.8288598 54963183
cloud0_tkemenade 22056865223 14303 1356

1720986356.8314254 54963221
cloud0_tkemenade 22056865223 14303 1356

1720986357.8340976 54963275
cloud0_tkemenade 22056865223 14303 1356

1720986358.83683 54963333
cloud0_tkemenade 22056865223 14303 1356

1720986359.8389926 54963378
cloud0_tkemenade 22056865223 14303 1356

1720986360.8416605 54963444
cloud0_tkemenade 22056868270 14303 1356

1720986361.8442786 54963504
cloud0_tkemenade 22056868270 14304 1356

1720986362.8468432 54963555
cloud0_tkemenade 22056868270 14304 1356

1720986363.8496144 54963607
cloud0_tkemenade 22056868270 14305 1356

1720986364.8523667 54963654
cloud0_tkemenade 22056868270 14305 1356

1720986365.855136 54963724
cloud0_tkemenade 22056868270 14305 1356

1720986366.8579366 54963769
cloud0_tkemenade 22056868270 14305 1356

1720986367.8607 54963854
cloud0_tkemenade 22056877439 14306 1356

1720986368.8633146 54963894
cloud0_tkemenade 22056877439 14306 1356

1720986369.866168 54963959
cloud0_tkemenade 22056877439 14306 1356

1720986370.8689559 54964015
cloud0_tkemenade 22056877439 14306 1356

1720986371.8716598 54964081
cloud0_tkemenade 22056877439 14306 1356

1720986372.8742766 54964134
cloud0_tkemenade 22056877439 14307 1356

1720986373.8771212 54964177
cloud0_tkemenade 22056877439 14307 1356

1720986374.8797066 54964232
cloud0_tkemenade 22056880516 14307 1356

1720986375.8823483 54964294
cloud0_tkemenade 22056880516 14307 1356

1720986376.8849235 54964337
cloud0_tkemenade 22056880516 14308 1356

1720986377.887633 54964400
cloud0_tkemenade 22056880516 14308 1356

1720986378.890385 54964447
cloud0_tkemenade 22056880516 14308 1356

1720986379.893149 54964530
cloud0_tkemenade 22056880516 14308 1357

1720986380.8958848 54964603
cloud0_tkemenade 22056880516 14308 1357

1720986381.8983197 54964680
cloud0_tkemenade 22056880516 14309 1357

1720986381.9990308 54964687
cloud0_tkemenade 22056889578 14309 1357

1720986383.0016296 54964742
cloud0_tkemenade 22056889578 14309 1357

1720986384.0044076 54964793
cloud0_tkemenade 22056889578 14309 1357

1720986385.0070395 54964848
cloud0_tkemenade 22056889578 14309 1357

1720986386.0096455 54964919
cloud0_tkemenade 22056889578 14309 1357

1720986387.0123532 54964966
cloud0_tkemenade 22056889578 14309 1357

1720986388.015055 54965031
cloud0_tkemenade 22056889578 14310 1357

1720986389.0174654 54965084
cloud0_tkemenade 22056892638 14310 1357

1720986390.0199823 54965163
cloud0_tkemenade 22056892638 14310 1357

1720986391.0225422 54965229
cloud0_tkemenade 22056892638 14310 1357

1720986392.0254471 54965299
cloud0_tkemenade 22056892638 14310 1357

1720986393.028244 54965357
cloud0_tkemenade 22056892638 14310 1357

1720986394.0310497 54965427
cloud0_tkemenade 22056892638 14311 1357

1720986395.0338118 54965482
cloud0_tkemenade 22056892638 14311 1357

1720986396.0366151 54965538
cloud0_tkemenade 22056892638 14311 1357

1720986396.1373143 54965545
cloud0_tkemenade 22056895673 14311 1357

1720986397.1398323 54965600
cloud0_tkemenade 22056895673 14311 1357

1720986398.1424506 54965663
cloud0_tkemenade 22056895673 14312 1357

1720986399.1452143 54965704
cloud0_tkemenade 22056895673 14312 1357

1720986400.147935 54965780
cloud0_tkemenade 22056895673 14312 1358

1720986401.1507418 54965841
cloud0_tkemenade 22056895673 14312 1358

1720986402.1535006 54965903
cloud0_tkemenade 22056895673 14312 1358

1720986403.155724 54965955
cloud0_tkemenade 22056901742 14312 1358

1720986404.1579301 54966006
cloud0_tkemenade 22056901742 14313 1358

1720986405.160628 54966051
cloud0_tkemenade 22056901742 14313 1358

1720986406.1632688 54966104
cloud0_tkemenade 22056901742 14313 1358

1720986407.1659923 54966135
cloud0_tkemenade 22056901742 14313 1358

1720986408.1687202 54966185
cloud0_tkemenade 22056901742 14313 1358

1720986409.171454 54966227
cloud0_tkemenade 22056901742 14313 1358

1720986410.1742477 54966298
cloud0_tkemenade 22056904813 14313 1358

1720986411.1770005 54966357
cloud0_tkemenade 22056904813 14313 1358

1720986412.179669 54966416
cloud0_tkemenade 22056904813 14314 1358

1720986413.182368 54966459
cloud0_tkemenade 22056904813 14314 1358

1720986414.1850219 54966513
cloud0_tkemenade 22056904813 14314 1358

1720986415.1876454 54966563
cloud0_tkemenade 22056904813 14314 1358

1720986416.1901855 54966624
cloud0_tkemenade 22056904813 14314 1358

1720986417.1928637 54966658
cloud0_tkemenade 22056904813 14314 1358

1720986417.2935488 54966665
cloud0_tkemenade 22056907825 14314 1358

1720986418.2960403 54966725
cloud0_tkemenade 22056907825 14315 1358

1720986419.2987115 54966765
cloud0_tkemenade 22056907825 14315 1358

1720986420.3014164 54966818
cloud0_tkemenade 22056907825 14315 1358

1720986421.303974 54966868
cloud0_tkemenade 22056907825 14315 1358

1720986422.3066864 54966923
cloud0_tkemenade 22056907825 14315 1358

1720986423.3094687 54966979
cloud0_tkemenade 22056907825 14316 1358

1720986424.312191 54967035
cloud0_tkemenade 22056907825 14316 1358

1720986424.513113 54967044
cloud0_tkemenade 22056913812 14316 1358

1720986425.5153027 54967103
cloud0_tkemenade 22056913812 14316 1358

1720986426.5180562 54967145
cloud0_tkemenade 22056913812 14316 1358

1720986427.5208125 54967181
cloud0_tkemenade 22056913812 14316 1358

1720986428.5235777 54967249
cloud0_tkemenade 22056913812 14317 1358

1720986429.526114 54967293
cloud0_tkemenade 22056913812 14317 1358

1720986430.5288684 54967357
cloud0_tkemenade 22056913812 14317 1358

1720986431.5310867 54967411
cloud0_tkemenade 22056916912 14317 1358

1720986432.5338829 54967462
cloud0_tkemenade 22056916912 14318 1358

1720986433.5365796 54967513
cloud0_tkemenade 22056916912 14318 1358

1720986434.5391877 54967564
cloud0_tkemenade 22056916912 14318 1358

1720986435.5419984 54967617
cloud0_tkemenade 22056916912 14318 1358

1720986436.5447192 54967672
cloud0_tkemenade 22056916912 14318 1358

1720986437.5473487 54967705
cloud0_tkemenade 22056916912 14319 1358

1720986438.550101 54967774
cloud0_tkemenade 22056922954 14319 1358

1720986439.5525966 54967816
cloud0_tkemenade 22056922954 14319 1358

1720986440.5553563 54967863
cloud0_tkemenade 22056922954 14319 1359

1720986441.558155 54967934
cloud0_tkemenade 22056922954 14319 1359

1720986442.5609875 54967977
cloud0_tkemenade 22056922954 14319 1359

1720986443.5637152 54968024
cloud0_tkemenade 22056922954 14320 1359

1720986444.566593 54968076
cloud0_tkemenade 22056922954 14320 1359

1720986445.5693967 54968121
cloud0_tkemenade 22056929106 14320 1359

1720986446.5721521 54968171
cloud0_tkemenade 22056929106 14320 1359

1720986447.5746229 54968206
cloud0_tkemenade 22056929106 14320 1359

1720986448.5770888 54968257
cloud0_tkemenade 22056929106 14321 1359

1720986449.5799143 54968293
cloud0_tkemenade 22056929106 14321 1359

1720986450.582627 54968342
cloud0_tkemenade 22056929106 14321 1359

1720986451.585473 54968410
cloud0_tkemenade 22056929106 14321 1359

1720986452.5880628 54968463
cloud0_tkemenade 22056935267 14322 1359

1720986453.5903795 54968513
cloud0_tkemenade 22056935267 14322 1359

1720986454.5928807 54968567
cloud0_tkemenade 22056935267 14322 1359

1720986455.595281 54968614
cloud0_tkemenade 22056935267 14322 1359

1720986456.5978432 54968659
cloud0_tkemenade 22056935267 14322 1359

1720986457.600313 54968699
cloud0_tkemenade 22056935267 14323 1359

1720986458.6028068 54968749
cloud0_tkemenade 22056935267 14323 1359

1720986459.6055233 54968793
cloud0_tkemenade 22056935267 14323 1359

1720986459.706278 54968807
cloud0_tkemenade 22056938349 14323 1359

1720986460.7088783 54968854
cloud0_tkemenade 22056938349 14323 1359

1720986461.7115958 54968945
cloud0_tkemenade 22056938349 14323 1360

1720986462.7142744 54968991
cloud0_tkemenade 22056938349 14324 1360

1720986463.7170122 54969033
cloud0_tkemenade 22056938349 14324 1360

1720986464.71969 54969084
cloud0_tkemenade 22056938349 14324 1360

1720986465.7223833 54969127
cloud0_tkemenade 22056938349 14324 1360

1720986466.725071 54969180
cloud0_tkemenade 22056944542 14324 1360

1720986467.7277837 54969212
cloud0_tkemenade 22056944542 14325 1360

1720986468.7302291 54969261
cloud0_tkemenade 22056944542 14325 1360

1720986469.7329342 54969302
cloud0_tkemenade 22056944542 14325 1360

1720986470.7354019 54969353
cloud0_tkemenade 22056944542 14325 1360

1720986471.738134 54969428
cloud0_tkemenade 22056944542 14325 1360

1720986472.74064 54969474
cloud0_tkemenade 22056944542 14326 1360

1720986473.6429293 54969509
cloud0_tkemenade 22056950731 14326 1360

1720986474.6456566 54969562
cloud0_tkemenade 22056950731 14326 1360

1720986475.6483989 54969622
cloud0_tkemenade 22056950731 14326 1360

1720986476.6511338 54969671
cloud0_tkemenade 22056950731 14326 1360

1720986477.6539135 54969704
cloud0_tkemenade 22056950731 14327 1360

1720986478.656602 54969741
cloud0_tkemenade 22056950731 14327 1360

1720986479.659391 54969797
cloud0_tkemenade 22056950731 14327 1360

1720986480.6619616 54969843
cloud0_tkemenade 22056950731 14327 1360

1720986480.7627559 54969851
cloud0_tkemenade 22056953772 14327 1360

1720986481.7655153 54969926
cloud0_tkemenade 22056953772 14327 1360

1720986482.7681139 54969959
cloud0_tkemenade 22056953772 14328 1360

1720986483.7707803 54970004
cloud0_tkemenade 22056953772 14328 1360

1720986484.773651 54970058
cloud0_tkemenade 22056953772 14328 1360

1720986485.7764823 54970111
cloud0_tkemenade 22056953772 14328 1360

1720986486.7792985 54970165
cloud0_tkemenade 22056953772 14329 1360

1720986487.782031 54970241
cloud0_tkemenade 22056959956 14329 1360

1720986488.78452 54970293
cloud0_tkemenade 22056959956 14329 1360

1720986489.7872195 54970346
cloud0_tkemenade 22056959956 14330 1360

1720986490.789648 54970387
cloud0_tkemenade 22056959956 14330 1360

1720986491.7924025 54970463
cloud0_tkemenade 22056959956 14330 1360

1720986492.7950015 54970512
cloud0_tkemenade 22056959956 14330 1360

1720986493.7976053 54970561
cloud0_tkemenade 22056959956 14330 1360

1720986494.8001876 54970616
cloud0_tkemenade 22056959956 14331 1360

1720986494.9009466 54970629
cloud0_tkemenade 22056966054 14331 1360

1720986495.9035292 54970673
cloud0_tkemenade 22056966054 14331 1360

1720986496.906406 54970733
cloud0_tkemenade 22056966054 14331 1360

1720986497.9092193 54970765
cloud0_tkemenade 22056966054 14331 1360

1720986498.912032 54970808
cloud0_tkemenade 22056966054 14331 1360

1720986499.914919 54970851
cloud0_tkemenade 22056966054 14331 1360

1720986500.9177053 54970904
cloud0_tkemenade 22056966054 14332 1360

1720986501.9204717 54970981
cloud0_tkemenade 22056966054 14332 1360

1720986502.021214 54970985
cloud0_tkemenade 22056969088 14332 1360

1720986503.023873 54971037
cloud0_tkemenade 22056969088 14332 1360

1720986504.026568 54971085
cloud0_tkemenade 22056969088 14332 1360

1720986505.029415 54971131
cloud0_tkemenade 22056969088 14332 1360

1720986506.0321136 54971184
cloud0_tkemenade 22056969088 14333 1360

1720986507.0347712 54971243
cloud0_tkemenade 22056969088 14333 1360

1720986508.0375533 54971275
cloud0_tkemenade 22056969088 14333 1360

1720986508.9400802 54971319
cloud0_tkemenade 22056972148 14333 1360

1720986509.9427998 54971361
cloud0_tkemenade 22056972148 14333 1361

1720986510.9455943 54971412
cloud0_tkemenade 22056972148 14333 1361

1720986511.9482253 54971482
cloud0_tkemenade 22056972148 14334 1361

1720986512.950739 54971525
cloud0_tkemenade 22056972148 14334 1361

1720986513.9534929 54971582
cloud0_tkemenade 22056972148 14334 1361

1720986514.9559994 54971637
cloud0_tkemenade 22056972148 14334 1361

1720986515.9586976 54971683
cloud0_tkemenade 22056972148 14334 1361

1720986516.0594184 54971690
cloud0_tkemenade 22056978215 14334 1361

1720986517.0620663 54971752
cloud0_tkemenade 22056978215 14335 1361

1720986518.0649405 54971797
cloud0_tkemenade 22056978215 14335 1361

1720986519.0675225 54971838
cloud0_tkemenade 22056978215 14335 1361

1720986520.0702736 54971890
cloud0_tkemenade 22056978215 14338 1362

1720986521.0729852 54971933
cloud0_tkemenade 22056978215 14338 1362

1720986522.0756187 54972014
cloud0_tkemenade 22056978215 14338 1363

1720986523.0782623 54972065
cloud0_tkemenade 22056996762 14338 1363

1720986524.0808437 54972111
cloud0_tkemenade 22056996762 14338 1363

1720986525.083526 54972166
cloud0_tkemenade 22056996762 14338 1363

1720986526.0862603 54972218
cloud0_tkemenade 22056996762 14338 1364

1720986527.0889556 54972279
cloud0_tkemenade 22056996762 14338 1364

1720986528.0916364 54972317
cloud0_tkemenade 22056996762 14338 1364

1720986529.0941772 54972359
cloud0_tkemenade 22056996762 14338 1365

1720986530.0968199 54972424
cloud0_tkemenade 22057002894 14338 1365

1720986531.0993598 54972470
cloud0_tkemenade 22057002894 14338 1365

1720986532.1021614 54972537
cloud0_tkemenade 22057002894 14338 1365

1720986533.1049871 54972583
cloud0_tkemenade 22057002894 14338 1366

1720986534.1077497 54972624
cloud0_tkemenade 22057002894 14338 1366

1720986535.110439 54972678
cloud0_tkemenade 22057002894 14338 1366

1720986536.1129704 54972717
cloud0_tkemenade 22057002894 14338 1366

1720986537.1152503 54972771
cloud0_tkemenade 22057002894 14338 1366

1720986537.2159145 54972776
cloud0_tkemenade 22057005932 14338 1366

1720986538.2185051 54972817
cloud0_tkemenade 22057005932 14338 1366

1720986539.2209947 54972849
cloud0_tkemenade 22057005932 14338 1367

1720986540.2237334 54972906
cloud0_tkemenade 22057005932 14338 1367

1720986541.22638 54972953
cloud0_tkemenade 22057005932 14338 1367

1720986542.2291367 54973017
cloud0_tkemenade 22057005932 14338 1368

1720986543.231711 54973066
cloud0_tkemenade 22057005932 14338 1368

1720986544.2343597 54973143
cloud0_tkemenade 22057012109 14338 1368

1720986545.236956 54973199
cloud0_tkemenade 22057012109 14338 1369

1720986546.2396195 54973245
cloud0_tkemenade 22057012109 14338 1369

1720986547.2422216 54973299
cloud0_tkemenade 22057012109 14338 1369

1720986548.2448432 54973362
cloud0_tkemenade 22057012109 14338 1369

1720986549.2473426 54973402
cloud0_tkemenade 22057012109 14338 1369

1720986550.249985 54973456
cloud0_tkemenade 22057012109 14338 1370

1720986551.152473 54973507
cloud0_tkemenade 22057018273 14338 1370

1720986552.1553595 54973578
cloud0_tkemenade 22057018273 14338 1370

1720986553.158285 54973619
cloud0_tkemenade 22057018273 14338 1371

1720986554.1610787 54973671
cloud0_tkemenade 22057018273 14338 1371

1720986555.1636672 54973726
cloud0_tkemenade 22057018273 14338 1371

1720986556.1663704 54973764
cloud0_tkemenade 22057018273 14338 1371

1720986557.1692402 54973821
cloud0_tkemenade 22057018273 14338 1372

1720986558.171962 54973861
cloud0_tkemenade 22057018273 14338 1372

1720986558.2727342 54973869
cloud0_tkemenade 22057024343 14338 1372

1720986559.2751257 54973912
cloud0_tkemenade 22057024343 14338 1372

1720986560.2779152 54973967
cloud0_tkemenade 22057024343 14338 1372

1720986561.2807987 54974013
cloud0_tkemenade 22057024343 14338 1372

1720986562.2833657 54974085
cloud0_tkemenade 22057024343 14338 1373

1720986563.2858422 54974120
cloud0_tkemenade 22057024343 14338 1373

1720986564.2885618 54974178
cloud0_tkemenade 22057024343 14338 1373

1720986565.2912896 54974242
cloud0_tkemenade 22057027433 14338 1373

1720986566.2938452 54974288
cloud0_tkemenade 22057027433 14338 1373

1720986567.296605 54974344
cloud0_tkemenade 22057027433 14338 1374

1720986568.2992396 54974396
cloud0_tkemenade 22057027433 14346 1375

1720986569.3019707 54974429
cloud0_tkemenade 22057027433 14346 1376

1720986570.3047092 54974493
cloud0_tkemenade 22057027433 14346 1376

1720986571.307424 54974536
cloud0_tkemenade 22057027433 14346 1376

1720986572.3101587 54974605
cloud0_tkemenade 22057073728 14349 1377

1720986573.3126106 54974651
cloud0_tkemenade 22057073728 14349 1377

1720986574.3149936 54974697
cloud0_tkemenade 22057073728 14350 1377

1720986575.3175945 54974753
cloud0_tkemenade 22057073728 14350 1377

1720986576.3202858 54974797
cloud0_tkemenade 22057073728 14350 1377

1720986577.3229363 54974849
cloud0_tkemenade 22057073728 14350 1377

1720986578.3257396 54974889
cloud0_tkemenade 22057073728 14350 1377

1720986579.328398 54974932
cloud0_tkemenade 22057073728 14350 1377

1720986579.429043 54974936
cloud0_tkemenade 22057076767 14350 1377

1720986580.4314742 54974997
cloud0_tkemenade 22057076767 14350 1377

1720986581.4341743 54975047
cloud0_tkemenade 22057076767 14351 1377

1720986582.4370487 54975113
cloud0_tkemenade 22057076767 14351 1377

1720986583.4398026 54975156
cloud0_tkemenade 22057076767 14351 1377

1720986584.4426699 54975203
cloud0_tkemenade 22057076767 14351 1378

1720986585.4453967 54975270
cloud0_tkemenade 22057076767 14351 1378

1720986586.347808 54975305
cloud0_tkemenade 22057082934 14351 1378

1720986587.350381 54975355
cloud0_tkemenade 22057082934 14351 1378

1720986588.3530865 54975399
cloud0_tkemenade 22057082934 14351 1378

1720986589.355698 54975438
cloud0_tkemenade 22057082934 14351 1379

1720986590.358388 54975517
cloud0_tkemenade 22057082934 14351 1379

1720986591.3612123 54975565
cloud0_tkemenade 22057082934 14351 1379

1720986592.3638244 54975633
cloud0_tkemenade 22057082934 14352 1379

1720986593.3663757 54975670
cloud0_tkemenade 22057082934 14352 1379

1720986593.5672896 54975681
cloud0_tkemenade 22057088905 14352 1379

1720986594.569807 54975729
cloud0_tkemenade 22057088905 14352 1379

1720986595.5726252 54975785
cloud0_tkemenade 22057088905 14352 1379

1720986596.5752482 54975837
cloud0_tkemenade 22057088905 14352 1379

1720986597.577986 54975883
cloud0_tkemenade 22057088905 14352 1379

1720986598.5808003 54975916
cloud0_tkemenade 22057088905 14352 1379

1720986599.5835736 54975956
cloud0_tkemenade 22057088905 14352 1380

1720986600.586331 54976011
cloud0_tkemenade 22057088905 14352 1381

1720986600.7871902 54976019
cloud0_tkemenade 22057094878 14352 1381

1720986601.7898014 54976074
cloud0_tkemenade 22057094878 14352 1381

1720986602.7926662 54976132
cloud0_tkemenade 22057094878 14353 1381

1720986603.795551 54976171
cloud0_tkemenade 22057094878 14353 1381

1720986604.7982385 54976233
cloud0_tkemenade 22057094878 14353 1381

1720986605.8009055 54976284
cloud0_tkemenade 22057094878 14353 1381

1720986606.8036315 54976326
cloud0_tkemenade 22057094878 14353 1381

1720986607.806379 54976402
cloud0_tkemenade 22057094878 14354 1381

1720986607.90712 54976408
cloud0_tkemenade 22057100977 14354 1381

1720986608.909692 54976457
cloud0_tkemenade 22057100977 14354 1381

1720986609.912018 54976502
cloud0_tkemenade 22057100977 14354 1382

1720986610.9147787 54976561
cloud0_tkemenade 22057100977 14354 1382

1720986611.9173152 54976621
cloud0_tkemenade 22057100977 14354 1382

1720986612.9201844 54976680
cloud0_tkemenade 22057100977 14354 1382

1720986613.922569 54976719
cloud0_tkemenade 22057100977 14354 1382

1720986614.925193 54976769
cloud0_tkemenade 22057100977 14354 1382

1720986615.025801 54976780
cloud0_tkemenade 22057104014 14354 1382

1720986616.028335 54976844
cloud0_tkemenade 22057104014 14354 1382

1720986617.0307367 54976885
cloud0_tkemenade 22057104014 14354 1383

1720986618.0334508 54976939
cloud0_tkemenade 22057104014 14354 1383

1720986619.0359974 54976976
cloud0_tkemenade 22057104014 14354 1383

1720986620.0387716 54977036
cloud0_tkemenade 22057104014 14354 1383

1720986621.0415826 54977093
cloud0_tkemenade 22057104014 14354 1383

1720986621.9439225 54977148
cloud0_tkemenade 22057110157 14354 1384

1720986622.9466076 54977215
cloud0_tkemenade 22057110157 14354 1384

1720986623.9491887 54977251
cloud0_tkemenade 22057110157 14354 1384

1720986624.9517665 54977295
cloud0_tkemenade 22057110157 14354 1384

1720986625.9544168 54977367
cloud0_tkemenade 22057110157 14355 1384

1720986626.9572082 54977407
cloud0_tkemenade 22057110157 14355 1384

1720986627.9599004 54977474
cloud0_tkemenade 22057110157 14355 1384

1720986628.9627364 54977526
cloud0_tkemenade 22057116304 14356 1384

1720986629.965371 54977575
cloud0_tkemenade 22057116304 14356 1385

1720986630.9678626 54977625
cloud0_tkemenade 22057116304 14356 1385

1720986631.970378 54977681
cloud0_tkemenade 22057116304 14356 1385

1720986632.973166 54977740
cloud0_tkemenade 22057116304 14356 1385

1720986633.9759328 54977777
cloud0_tkemenade 22057116304 14356 1385

1720986634.9785087 54977826
cloud0_tkemenade 22057116304 14357 1385

1720986635.9810205 54977914
cloud0_tkemenade 22057116304 14357 1386

1720986636.0817645 54977922
cloud0_tkemenade 22057125407 14357 1386

1720986637.0843356 54977973
cloud0_tkemenade 22057125407 14357 1386

1720986638.0869727 54978031
cloud0_tkemenade 22057125407 14357 1386

1720986639.0897992 54978073
cloud0_tkemenade 22057125407 14357 1386

1720986640.092586 54978134
cloud0_tkemenade 22057125407 14357 1386

1720986641.0953777 54978185
cloud0_tkemenade 22057125407 14357 1387

1720986642.0981243 54978245
cloud0_tkemenade 22057125407 14357 1387

1720986643.100828 54978305
cloud0_tkemenade 22057125407 14357 1387

1720986643.2015386 54978308
cloud0_tkemenade 22057128433 14357 1387

1720986644.2041364 54978344
cloud0_tkemenade 22057128433 14357 1387

1720986645.20691 54978396
cloud0_tkemenade 22057128433 14357 1387

1720986646.2096493 54978477
cloud0_tkemenade 22057128433 14357 1387

1720986647.2123666 54978518
cloud0_tkemenade 22057128433 14357 1387

1720986648.2150824 54978584
cloud0_tkemenade 22057128433 14357 1388

1720986649.2178586 54978629
cloud0_tkemenade 22057128433 14357 1388

1720986650.2203746 54978709
cloud0_tkemenade 22057128433 14357 1388

1720986650.32108 54978718
cloud0_tkemenade 22057131452 14357 1388

1720986651.3237865 54978777
cloud0_tkemenade 22057131452 14357 1388

1720986652.3263803 54978840
cloud0_tkemenade 22057131452 14357 1388

1720986653.3292391 54978917
cloud0_tkemenade 22057131452 14357 1388

1720986654.3319983 54978960
cloud0_tkemenade 22057131452 14357 1388

1720986655.3346684 54979022
cloud0_tkemenade 22057131452 14357 1388

1720986656.337585 54979121
cloud0_tkemenade 22057131452 14358 1388

1720986657.3402412 54979173
cloud0_tkemenade 22057131452 14358 1388

1720986657.440931 54979185
cloud0_tkemenade 22057134439 14358 1388

1720986658.4433565 54979252
cloud0_tkemenade 22057134439 14358 1389

1720986659.4460964 54979306
cloud0_tkemenade 22057134439 14358 1389

1720986660.4485202 54979367
cloud0_tkemenade 22057134439 14358 1389

1720986661.4512947 54979443
cloud0_tkemenade 22057134439 14358 1389

1720986662.4539053 54979498
cloud0_tkemenade 22057134439 14358 1390

1720986663.456553 54979581
cloud0_tkemenade 22057134439 14358 1390

1720986664.4592924 54979643
cloud0_tkemenade 22057140546 14358 1390

1720986665.4617958 54979708
cloud0_tkemenade 22057140546 14358 1390

1720986666.4647322 54979804
cloud0_tkemenade 22057140546 14358 1391

1720986667.4673502 54979882
cloud0_tkemenade 22057140546 14358 1391

1720986668.469833 54979960
cloud0_tkemenade 22057140546 14358 1391

1720986669.4722953 54980007
cloud0_tkemenade 22057140546 14358 1391

1720986670.4749625 54980083
cloud0_tkemenade 22057140546 14358 1391

1720986671.477666 54980156
cloud0_tkemenade 22057140546 14358 1391

1720986671.5784252 54980178
cloud0_tkemenade 22057143566 14358 1391

1720986672.581069 54980251
cloud0_tkemenade 22057143566 14358 1392

1720986673.5839279 54980336
cloud0_tkemenade 22057143566 14358 1392

1720986674.5865853 54980390
cloud0_tkemenade 22057143566 14358 1392

1720986675.5893886 54980455
cloud0_tkemenade 22057143566 14358 1392

1720986676.5920954 54980543
cloud0_tkemenade 22057143566 14358 1392

1720986677.5946198 54980593
cloud0_tkemenade 22057143566 14358 1392

1720986678.5973165 54980653
cloud0_tkemenade 22057146619 14358 1392

1720986679.6000655 54980706
cloud0_tkemenade 22057146619 14358 1393

1720986680.6026096 54980763
cloud0_tkemenade 22057146619 14358 1393

1720986681.6053982 54980831
cloud0_tkemenade 22057146619 14358 1393

1720986682.6075966 54980883
cloud0_tkemenade 22057146619 14358 1393

1720986683.6103864 54980949
cloud0_tkemenade 22057146619 14359 1393

1720986684.613022 54980995
cloud0_tkemenade 22057146619 14359 1393

1720986685.615705 54981068
cloud0_tkemenade 22057146619 14359 1393

1720986685.7164211 54981077
cloud0_tkemenade 22057152633 14359 1393

1720986686.7189102 54981156
cloud0_tkemenade 22057152633 14359 1394

1720986687.7215614 54981213
cloud0_tkemenade 22057152633 14359 1394

1720986688.7242007 54981253
cloud0_tkemenade 22057152633 14359 1394

1720986689.7266855 54981313
cloud0_tkemenade 22057152633 14359 1394

1720986690.7292418 54981368
cloud0_tkemenade 22057152633 14359 1395

1720986691.731975 54981437
cloud0_tkemenade 22057152633 14359 1395

1720986692.7345672 54981487
cloud0_tkemenade 22057152633 14359 1395

1720986692.9355567 54981503
cloud0_tkemenade 22057158586 14359 1395

1720986693.9382675 54981564
cloud0_tkemenade 22057158586 14359 1395

1720986694.940998 54981618
cloud0_tkemenade 22057158586 14359 1396

1720986695.9435458 54981689
cloud0_tkemenade 22057158586 14359 1396

1720986696.9462707 54981742
cloud0_tkemenade 22057158586 14359 1396

1720986697.9487739 54981806
cloud0_tkemenade 22057158586 14359 1396

1720986698.9514735 54981851
cloud0_tkemenade 22057158586 14359 1397

1720986699.8540063 54981903
cloud0_tkemenade 22057164722 14359 1397

1720986700.8568106 54981951
cloud0_tkemenade 22057164722 14360 1397

1720986701.859677 54982021
cloud0_tkemenade 22057164722 14360 1397

1720986702.8624597 54982070
cloud0_tkemenade 22057164722 14360 1397

1720986703.8652444 54982127
cloud0_tkemenade 22057164722 14360 1397

1720986704.8678892 54982165
cloud0_tkemenade 22057164722 14360 1398

1720986705.8706527 54982221
cloud0_tkemenade 22057164722 14360 1398

1720986706.8734534 54982272
cloud0_tkemenade 22057164722 14360 1398

1720986706.9742076 54982283
cloud0_tkemenade 22057170754 14360 1398

1720986707.976762 54982346
cloud0_tkemenade 22057170754 14360 1398

1720986708.9792097 54982395
cloud0_tkemenade 22057170754 14360 1399

1720986709.9818282 54982441
cloud0_tkemenade 22057170754 14360 1399

1720986710.984623 54982497
cloud0_tkemenade 22057170754 14360 1399

1720986711.9874082 54982562
cloud0_tkemenade 22057170754 14360 1399

1720986712.9901896 54982608
cloud0_tkemenade 22057170754 14360 1400

1720986713.9928873 54982659
cloud0_tkemenade 22057170754 14360 1400

1720986714.0936382 54982665
cloud0_tkemenade 22057176788 14360 1400

1720986715.0962925 54982712
cloud0_tkemenade 22057176788 14360 1400

1720986716.0990639 54982776
cloud0_tkemenade 22057176788 14360 1401

1720986717.1018038 54982820
cloud0_tkemenade 22057176788 14360 1401

1720986718.1044662 54982891
cloud0_tkemenade 22057176788 14360 1401

1720986719.1072326 54982938
cloud0_tkemenade 22057176788 14360 1401

1720986720.1099555 54982983
cloud0_tkemenade 22057176788 14360 1402

1720986721.1124692 54983040
cloud0_tkemenade 22057182903 14360 1402

1720986722.115219 54983094
cloud0_tkemenade 22057182903 14360 1402

1720986723.118025 54983150
cloud0_tkemenade 22057182903 14360 1402

1720986724.1207826 54983208
cloud0_tkemenade 22057182903 14360 1403

1720986725.1234972 54983246
cloud0_tkemenade 22057182903 14360 1403

1720986726.1263723 54983307
cloud0_tkemenade 22057182903 14360 1403

1720986727.1288974 54983359
cloud0_tkemenade 22057182903 14360 1403

1720986728.1314917 54983437
cloud0_tkemenade 22057182903 14360 1403

1720986728.2321131 54983444
cloud0_tkemenade 22057185950 14360 1403

1720986729.234619 54983489
cloud0_tkemenade 22057185950 14360 1404

1720986730.2372198 54983541
cloud0_tkemenade 22057185950 14360 1404

1720986731.2398713 54983598
cloud0_tkemenade 22057185950 14360 1404

1720986732.2425435 54983658
cloud0_tkemenade 22057185950 14360 1404

1720986733.245249 54983707
cloud0_tkemenade 22057185950 14360 1404

1720986734.2475395 54983750
cloud0_tkemenade 22057185950 14360 1405

1720986735.1498427 54983786
cloud0_tkemenade 22057192102 14360 1405

1720986736.1526163 54983851
cloud0_tkemenade 22057192102 14360 1405

1720986737.155317 54983904
cloud0_tkemenade 22057192102 14360 1405

1720986738.1580844 54983955
cloud0_tkemenade 22057192102 14360 1405

1720986739.160873 54984001
cloud0_tkemenade 22057192102 14360 1405

1720986740.1634774 54984049
cloud0_tkemenade 22057192102 14360 1406

1720986741.1662812 54984090
cloud0_tkemenade 22057192102 14360 1406

1720986742.1690612 54984146
cloud0_tkemenade 22057192102 14360 1406

1720986742.2698498 54984155
cloud0_tkemenade 22057195144 14360 1406

1720986743.2721498 54984203
cloud0_tkemenade 22057195144 14360 1406

1720986744.2748954 54984246
cloud0_tkemenade 22057195144 14360 1406

1720986745.2777278 54984295
cloud0_tkemenade 22057195144 14360 1407

1720986746.280219 54984360
cloud0_tkemenade 22057195144 14360 1407

1720986747.282715 54984411
cloud0_tkemenade 22057195144 14360 1407

1720986748.2854147 54984465
cloud0_tkemenade 22057195144 14360 1407

1720986749.287695 54984513
cloud0_tkemenade 22057195144 14360 1407

1720986749.3884337 54984519
cloud0_tkemenade 22057198205 14360 1407

1720986750.3909302 54984566
cloud0_tkemenade 22057198205 14360 1407

1720986751.3937063 54984615
cloud0_tkemenade 22057198205 14360 1407

1720986752.396183 54984673
cloud0_tkemenade 22057198205 14361 1407

1720986753.3987832 54984721
cloud0_tkemenade 22057198205 14361 1407

1720986754.4014008 54984771
cloud0_tkemenade 22057198205 14361 1407

1720986755.40408 54984812
cloud0_tkemenade 22057198205 14361 1408

1720986756.406893 54984879
cloud0_tkemenade 22057204376 14361 1408

1720986757.4096947 54984933
cloud0_tkemenade 22057204376 14361 1408

1720986758.4124732 54984986
cloud0_tkemenade 22057204376 14361 1408

1720986759.4151855 54985037
cloud0_tkemenade 22057204376 14361 1408

1720986760.4179723 54985092
cloud0_tkemenade 22057204376 14361 1408

1720986761.4206362 54985147
cloud0_tkemenade 22057204376 14362 1408

1720986762.4233787 54985209
cloud0_tkemenade 22057204376 14362 1408

1720986763.426131 54985253
cloud0_tkemenade 22057207474 14362 1408

1720986764.4287612 54985295
cloud0_tkemenade 22057207474 14362 1408

1720986765.4315085 54985339
cloud0_tkemenade 22057207474 14362 1408

1720986766.4341202 54985405
cloud0_tkemenade 22057207474 14362 1408

1720986767.4367192 54985448
cloud0_tkemenade 22057207474 14362 1408

1720986768.4392729 54985493
cloud0_tkemenade 22057207474 14363 1408

1720986769.4419782 54985540
cloud0_tkemenade 22057207474 14363 1409

1720986770.4446583 54985589
cloud0_tkemenade 22057213573 14363 1409

1720986771.447309 54985633
cloud0_tkemenade 22057213573 14363 1409

1720986772.450106 54985697
cloud0_tkemenade 22057213573 14363 1409

1720986773.452895 54985738
cloud0_tkemenade 22057213573 14363 1409

1720986774.4556894 54985783
cloud0_tkemenade 22057213573 14363 1410

1720986775.4585853 54985827
cloud0_tkemenade 22057213573 14363 1410

1720986776.4613516 54985898
cloud0_tkemenade 22057213573 14363 1410

1720986777.4641566 54985938
cloud0_tkemenade 22057216657 14363 1410

1720986778.4668193 54985979
cloud0_tkemenade 22057216657 14363 1410

1720986779.4696734 54986035
cloud0_tkemenade 22057216657 14363 1411

1720986780.472424 54986077
cloud0_tkemenade 22057216657 14363 1411

1720986781.4751606 54986126
cloud0_tkemenade 22057216657 14364 1411

1720986782.4778855 54986187
cloud0_tkemenade 22057216657 14364 1411

1720986783.4805915 54986241
cloud0_tkemenade 22057216657 14364 1411

1720986784.4833179 54986301
cloud0_tkemenade 22057216657 14365 1411

1720986784.5840576 54986311
cloud0_tkemenade 22057225830 14365 1411

1720986785.5867515 54986349
cloud0_tkemenade 22057225830 14365 1411

1720986786.5895805 54986414
cloud0_tkemenade 22057225830 14365 1411

1720986787.592451 54986472
cloud0_tkemenade 22057225830 14365 1411

1720986788.5953176 54986528
cloud0_tkemenade 22057225830 14365 1411

1720986789.5981095 54986593
cloud0_tkemenade 22057225830 14365 1412

1720986790.6009083 54986639
cloud0_tkemenade 22057225830 14365 1412

1720986791.6036623 54986696
cloud0_tkemenade 22057225830 14365 1412

1720986791.8046377 54986716
cloud0_tkemenade 22057228847 14365 1412

1720986792.8072152 54986771
cloud0_tkemenade 22057228847 14365 1412

1720986793.8099165 54986826
cloud0_tkemenade 22057228847 14365 1412

1720986794.8126428 54986867
cloud0_tkemenade 22057228847 14365 1412

1720986795.8154056 54986914
cloud0_tkemenade 22057228847 14365 1413

1720986796.8182821 54986985
cloud0_tkemenade 22057228847 14366 1413

1720986797.8210452 54987029
cloud0_tkemenade 22057228847 14366 1413

1720986798.8238108 54987080
cloud0_tkemenade 22057235011 14366 1413

1720986799.8265355 54987123
cloud0_tkemenade 22057235011 14366 1413

1720986800.8291063 54987170
cloud0_tkemenade 22057235011 14366 1413

1720986801.8316824 54987225
cloud0_tkemenade 22057235011 14366 1413

1720986802.8345044 54987269
cloud0_tkemenade 22057235011 14366 1413

1720986803.8370864 54987309
cloud0_tkemenade 22057235011 14367 1413

1720986804.8398237 54987356
cloud0_tkemenade 22057235011 14367 1414

1720986805.842412 54987406
cloud0_tkemenade 22057241107 14367 1414

1720986806.8451374 54987471
cloud0_tkemenade 22057241107 14367 1414

1720986807.8477373 54987510
cloud0_tkemenade 22057241107 14367 1414

1720986808.8505378 54987555
cloud0_tkemenade 22057241107 14368 1414

1720986809.8532639 54987609
cloud0_tkemenade 22057241107 14368 1414

