1720983951.9634624 54783283
cloud0_tkemenade 21896053253 10341 1356

1720983952.9656596 54783381
cloud0_tkemenade 21896053253 10404 1360

1720983953.968149 54783519
cloud0_tkemenade 21896053253 10498 1360

1720983954.970803 54783650
cloud0_tkemenade 21896053253 10581 1363

1720983955.973605 54783782
cloud0_tkemenade 21896053253 10667 1365

1720983956.976508 54783904
cloud0_tkemenade 21896053253 10748 1366

1720983957.9793174 54784021
cloud0_tkemenade 21896053253 10817 1369

1720983958.3807812 54784083
cloud0_tkemenade 21898345471 10857 1369

1720983959.3831387 54784210
cloud0_tkemenade 21898345471 10938 1371

1720983960.3857684 54784375
cloud0_tkemenade 21898345471 11035 1371

1720983961.387983 54784499
cloud0_tkemenade 21898345471 11124 1375

1720983962.3905323 54784601
cloud0_tkemenade 21898345471 11188 1381

1720983963.3931668 54784726
cloud0_tkemenade 21898345471 11267 1384

1720983964.3956618 54784857
cloud0_tkemenade 21898345471 11357 1386

1720983965.3982558 54784983
cloud0_tkemenade 21898345471 11441 1388

1720983965.498966 54784994
cloud0_tkemenade 21900704585 11449 1388

1720983966.50169 54785126
cloud0_tkemenade 21900704585 11546 1391

1720983967.5044553 54785215
cloud0_tkemenade 21900704585 11588 1398

1720983968.5073023 54785379
cloud0_tkemenade 21900704585 11684 1398

1720983969.5102108 54785511
cloud0_tkemenade 21900704585 11780 1399

1720983970.5130212 54785690
cloud0_tkemenade 21900704585 11878 1400

1720983971.5157087 54785835
cloud0_tkemenade 21900704585 11977 1403

1720983972.5184348 54785983
cloud0_tkemenade 21903287228 12076 1403

1720983973.5211895 54786140
cloud0_tkemenade 21903287228 12175 1403

1720983974.5240653 54786268
cloud0_tkemenade 21903287228 12263 1406

1720983975.526845 54786396
cloud0_tkemenade 21903287228 12341 1409

1720983976.5296543 54786513
cloud0_tkemenade 21903287228 12428 1413

1720983977.532494 54786641
cloud0_tkemenade 21903287228 12521 1416

1720983978.5351415 54786782
cloud0_tkemenade 21903287228 12614 1419

1720983979.5379462 54786923
cloud0_tkemenade 21905888308 12707 1421

1720983980.5406454 54787061
cloud0_tkemenade 21905888308 12797 1425

1720983981.5431066 54787214
cloud0_tkemenade 21905888308 12896 1426

1720983982.5456975 54787353
cloud0_tkemenade 21905888308 12996 1426

1720983983.5481853 54787499
cloud0_tkemenade 21905888308 13095 1426

1720983984.550759 54787644
cloud0_tkemenade 21905888308 13195 1427

1720983985.5535488 54787764
cloud0_tkemenade 21905888308 13265 1432

1720983986.5564895 54787920
cloud0_tkemenade 21908592657 13364 1433

1720983987.5590796 54788061
cloud0_tkemenade 21908592657 13463 1433

1720983988.5618205 54788219
cloud0_tkemenade 21908592657 13561 1435

1720983989.5644727 54788366
cloud0_tkemenade 21908592657 13660 1435

1720983990.5671253 54788512
cloud0_tkemenade 21908592657 13759 1435

1720983991.5698216 54788658
cloud0_tkemenade 21908592657 13858 1436

1720983992.5724235 54788807
cloud0_tkemenade 21908592657 13957 1436

1720983993.5749402 54788963
cloud0_tkemenade 21908592657 14055 1437

1720983993.7758512 54789009
cloud0_tkemenade 21911509113 14075 1437

1720983994.7784102 54789138
cloud0_tkemenade 21911509113 14160 1439

1720983995.7814794 54789258
cloud0_tkemenade 21911509113 14236 1444

1720983996.7845166 54789375
cloud0_tkemenade 21911509113 14322 1448

1720983997.7873175 54789515
cloud0_tkemenade 21911509113 14421 1448

1720983998.7902431 54789617
cloud0_tkemenade 21911509113 14453 1449

1720983999.7930055 54789657
cloud0_tkemenade 21911509113 14453 1449

1720984000.7956643 54789709
cloud0_tkemenade 21911509113 14454 1449

1720984000.8964295 54789719
cloud0_tkemenade 21912945623 14454 1449

1720984001.898908 54789790
cloud0_tkemenade 21912945623 14457 1449

1720984002.901644 54789829
cloud0_tkemenade 21912945623 14457 1449

1720984003.9043648 54789887
cloud0_tkemenade 21912945623 14458 1449

1720984004.9071634 54789927
cloud0_tkemenade 21912945623 14458 1449

1720984005.909929 54789976
cloud0_tkemenade 21912945623 14458 1449

1720984006.9127023 54790010
cloud0_tkemenade 21912945623 14458 1450

1720984007.9152217 54790052
cloud0_tkemenade 21912945623 14458 1450

1720984008.015848 54790058
cloud0_tkemenade 21912960908 14458 1450

1720984009.0186498 54790133
cloud0_tkemenade 21912960908 14475 1450

1720984010.0212297 54790195
cloud0_tkemenade 21912960908 14476 1450

1720984011.023934 54790254
cloud0_tkemenade 21912960908 14476 1450

1720984012.0267148 54790303
cloud0_tkemenade 21912960908 14478 1450

1720984013.02943 54790347
cloud0_tkemenade 21912960908 14479 1450

1720984014.0321448 54790408
cloud0_tkemenade 21912960908 14479 1450

1720984015.0347466 54790458
cloud0_tkemenade 21912960908 14479 1450

1720984015.1355023 54790465
cloud0_tkemenade 21913025245 14479 1450

1720984016.1380534 54790508
cloud0_tkemenade 21913025245 14480 1450

1720984017.1407797 54790555
cloud0_tkemenade 21913025245 14480 1450

1720984018.1434386 54790593
cloud0_tkemenade 21913025245 14480 1450

1720984019.1462255 54790657
cloud0_tkemenade 21913025245 14480 1450

1720984020.1489518 54790734
cloud0_tkemenade 21913025245 14480 1450

1720984021.1515894 54790792
cloud0_tkemenade 21913025245 14481 1450

1720984022.0539353 54790848
cloud0_tkemenade 21913031446 14481 1450

1720984023.0566795 54790886
cloud0_tkemenade 21913031446 14481 1450

1720984024.059327 54790946
cloud0_tkemenade 21913031446 14481 1450

1720984025.061992 54790990
cloud0_tkemenade 21913031446 14481 1451

1720984026.0648 54791041
cloud0_tkemenade 21913031446 14482 1451

1720984027.0674832 54791100
cloud0_tkemenade 21913031446 14482 1456

1720984028.0703166 54791152
cloud0_tkemenade 21913031446 14482 1457

1720984029.0729926 54791219
cloud0_tkemenade 21913056229 14482 1457

1720984030.0756686 54791269
cloud0_tkemenade 21913056229 14483 1457

1720984031.0783699 54791325
cloud0_tkemenade 21913056229 14483 1457

1720984032.0811973 54791392
cloud0_tkemenade 21913056229 14483 1457

1720984033.0838041 54791429
cloud0_tkemenade 21913056229 14484 1457

1720984034.0865095 54791489
cloud0_tkemenade 21913056229 14484 1457

1720984035.0892372 54791532
cloud0_tkemenade 21913056229 14484 1457

1720984036.0917363 54791587
cloud0_tkemenade 21913056229 14485 1457

1720984036.1924489 54791591
cloud0_tkemenade 21913065411 14485 1457

1720984037.195109 54791639
cloud0_tkemenade 21913065411 14485 1457

1720984038.1978319 54791673
cloud0_tkemenade 21913065411 14485 1457

1720984039.2003987 54791736
cloud0_tkemenade 21913065411 14485 1457

1720984040.2030482 54791787
cloud0_tkemenade 21913065411 14485 1457

1720984041.2057297 54791834
cloud0_tkemenade 21913065411 14485 1458

1720984042.2082875 54791893
cloud0_tkemenade 21913065411 14486 1458

1720984043.210795 54791945
cloud0_tkemenade 21913071615 14486 1458

1720984044.2134244 54791995
cloud0_tkemenade 21913071615 14487 1458

1720984045.2158728 54792033
cloud0_tkemenade 21913071615 14487 1458

1720984046.2184927 54792090
cloud0_tkemenade 21913071615 14487 1458

1720984047.2211704 54792125
cloud0_tkemenade 21913071615 14487 1458

1720984048.2238908 54792168
cloud0_tkemenade 21913071615 14488 1458

1720984049.2265859 54792225
cloud0_tkemenade 21913071615 14488 1458

1720984050.229243 54792273
cloud0_tkemenade 21913071615 14489 1459

1720984050.3299148 54792279
cloud0_tkemenade 21913083728 14489 1459

1720984051.3324661 54792337
cloud0_tkemenade 21913083728 14489 1459

1720984052.335113 54792383
cloud0_tkemenade 21913083728 14489 1459

1720984053.3378046 54792431
cloud0_tkemenade 21913083728 14489 1459

1720984054.3404834 54792497
cloud0_tkemenade 21913083728 14489 1459

1720984055.342952 54792539
cloud0_tkemenade 21913083728 14489 1459

1720984056.3455946 54792591
cloud0_tkemenade 21913083728 14489 1459

1720984057.347913 54792632
cloud0_tkemenade 21913086768 14490 1459

1720984058.3502665 54792676
cloud0_tkemenade 21913086768 14490 1461

1720984059.35295 54792733
cloud0_tkemenade 21913086768 14490 1461

1720984060.3556287 54792787
cloud0_tkemenade 21913086768 14490 1461

1720984061.3581727 54792839
cloud0_tkemenade 21913086768 14490 1461

1720984062.360933 54792890
cloud0_tkemenade 21913086768 14491 1461

1720984063.3636613 54792939
cloud0_tkemenade 21913086768 14491 1461

1720984064.366155 54792995
cloud0_tkemenade 21913096039 14491 1461

1720984065.368711 54793043
cloud0_tkemenade 21913096039 14491 1461

1720984066.371317 54793094
cloud0_tkemenade 21913096039 14491 1461

1720984067.3740513 54793136
cloud0_tkemenade 21913096039 14492 1461

1720984068.3766577 54793183
cloud0_tkemenade 21913096039 14492 1461

1720984069.3792312 54793241
cloud0_tkemenade 21913096039 14492 1461

1720984070.3819695 54793297
cloud0_tkemenade 21913096039 14492 1462

1720984071.3844502 54793350
cloud0_tkemenade 21913096039 14492 1462

1720984071.5853777 54793361
cloud0_tkemenade 21913102010 14492 1462

1720984072.5880356 54793402
cloud0_tkemenade 21913102010 14492 1462

1720984073.590722 54793448
cloud0_tkemenade 21913102010 14492 1463

1720984074.5934117 54793512
cloud0_tkemenade 21913102010 14492 1463

1720984075.5959537 54793561
cloud0_tkemenade 21913102010 14492 1463

1720984076.59855 54793615
cloud0_tkemenade 21913102010 14492 1463

1720984077.6009796 54793655
cloud0_tkemenade 21913102010 14492 1463

1720984078.603483 54793693
cloud0_tkemenade 21913105097 14492 1463

1720984079.6061368 54793754
cloud0_tkemenade 21913105097 14492 1463

1720984080.6087317 54793814
cloud0_tkemenade 21913105097 14493 1464

1720984081.611291 54793868
cloud0_tkemenade 21913105097 14493 1464

1720984082.6140034 54793913
cloud0_tkemenade 21913105097 14493 1464

1720984083.6166456 54793967
cloud0_tkemenade 21913105097 14493 1464

1720984084.6192327 54794034
cloud0_tkemenade 21913105097 14494 1464

1720984085.6219223 54794081
cloud0_tkemenade 21913114387 14494 1464

1720984086.6247098 54794133
cloud0_tkemenade 21913114387 14494 1464

1720984087.6275134 54794186
cloud0_tkemenade 21913114387 14494 1464

1720984088.630166 54794245
cloud0_tkemenade 21913114387 14495 1464

1720984089.632943 54794296
cloud0_tkemenade 21913114387 14495 1464

1720984090.6356566 54794362
cloud0_tkemenade 21913114387 14495 1464

1720984091.6383407 54794437
cloud0_tkemenade 21913114387 14495 1464

1720984092.6410525 54794493
cloud0_tkemenade 21913120498 14496 1464

1720984093.6435676 54794539
cloud0_tkemenade 21913120498 14496 1464

1720984094.6462808 54794609
cloud0_tkemenade 21913120498 14497 1464

1720984095.64905 54794652
cloud0_tkemenade 21913120498 14497 1464

1720984096.6516778 54794708
cloud0_tkemenade 21913120498 14497 1464

1720984097.6544197 54794747
cloud0_tkemenade 21913120498 14497 1465

1720984098.6570685 54794783
cloud0_tkemenade 21913120498 14497 1465

1720984099.6596243 54794858
cloud0_tkemenade 21913126703 14497 1465

1720984100.6622362 54794907
cloud0_tkemenade 21913126703 14498 1465

1720984101.6649287 54794956
cloud0_tkemenade 21913126703 14498 1465

1720984102.667318 54794991
cloud0_tkemenade 21913126703 14498 1465

1720984103.6699862 54795043
cloud0_tkemenade 21913126703 14498 1465

1720984104.6726196 54795110
cloud0_tkemenade 21913126703 14499 1466

1720984105.6752942 54795155
cloud0_tkemenade 21913126703 14499 1466

1720984106.677674 54795210
cloud0_tkemenade 21913126703 14499 1466

1720984106.778377 54795215
cloud0_tkemenade 21913135868 14499 1466

1720984107.7809145 54795252
cloud0_tkemenade 21913135868 14499 1466

1720984108.7834656 54795291
cloud0_tkemenade 21913135868 14499 1466

1720984109.786135 54795335
cloud0_tkemenade 21913135868 14499 1466

1720984110.7887216 54795385
cloud0_tkemenade 21913135868 14500 1466

1720984111.7911644 54795447
cloud0_tkemenade 21913135868 14500 1467

1720984112.793785 54795492
cloud0_tkemenade 21913135868 14500 1467

1720984113.796308 54795554
cloud0_tkemenade 21913135868 14500 1467

1720984113.9972317 54795592
cloud0_tkemenade 21913141871 14500 1467

1720984114.9999022 54795651
cloud0_tkemenade 21913141871 14500 1467

1720984116.002648 54795690
cloud0_tkemenade 21913141871 14501 1467

1720984117.0054007 54795738
cloud0_tkemenade 21913141871 14501 1467

1720984118.0081584 54795778
cloud0_tkemenade 21913141871 14501 1467

1720984119.010868 54795826
cloud0_tkemenade 21913141871 14501 1467

1720984120.0135632 54795880
cloud0_tkemenade 21913141871 14502 1467

1720984121.016204 54795932
cloud0_tkemenade 21913141871 14502 1467

1720984121.2171915 54795949
cloud0_tkemenade 21913147912 14502 1467

1720984122.2199829 54796012
cloud0_tkemenade 21913147912 14502 1467

1720984123.2226884 54796049
cloud0_tkemenade 21913147912 14503 1467

1720984124.225412 54796107
cloud0_tkemenade 21913147912 14503 1467

1720984125.227969 54796175
cloud0_tkemenade 21913147912 14503 1467

1720984126.2306535 54796216
cloud0_tkemenade 21913147912 14503 1467

1720984127.2333207 54796255
cloud0_tkemenade 21913147912 14503 1467

1720984128.235775 54796309
cloud0_tkemenade 21913154040 14504 1467

1720984129.2383935 54796351
cloud0_tkemenade 21913154040 14504 1467

1720984130.2410092 54796407
cloud0_tkemenade 21913154040 14504 1467

1720984131.2435806 54796473
cloud0_tkemenade 21913154040 14504 1467

1720984132.2462032 54796526
cloud0_tkemenade 21913154040 14505 1468

1720984133.2488668 54796559
cloud0_tkemenade 21913154040 14505 1468

1720984134.2514613 54796604
cloud0_tkemenade 21913154040 14505 1468

1720984135.2540536 54796685
cloud0_tkemenade 21913160239 14505 1468

1720984136.2568636 54796725
cloud0_tkemenade 21913160239 14505 1468

1720984137.259316 54796774
cloud0_tkemenade 21913160239 14506 1468

1720984138.2620378 54796816
cloud0_tkemenade 21913160239 14506 1468

1720984139.2644546 54796861
cloud0_tkemenade 21913160239 14506 1468

1720984140.267061 54796938
cloud0_tkemenade 21913160239 14506 1468

1720984141.2697647 54797000
cloud0_tkemenade 21913160239 14507 1468

1720984142.2724106 54797059
cloud0_tkemenade 21913166413 14507 1468

1720984143.2750764 54797100
cloud0_tkemenade 21913166413 14507 1468

1720984144.2777724 54797146
cloud0_tkemenade 21913166413 14508 1468

1720984145.280461 54797221
cloud0_tkemenade 21913166413 14508 1468

1720984146.2832103 54797257
cloud0_tkemenade 21913166413 14508 1468

1720984147.285954 54797311
cloud0_tkemenade 21913166413 14508 1468

1720984148.2886813 54797360
cloud0_tkemenade 21913166413 14508 1468

1720984149.2912633 54797407
cloud0_tkemenade 21913166413 14509 1468

1720984149.392004 54797412
cloud0_tkemenade 21913172464 14509 1468

1720984150.3946455 54797479
cloud0_tkemenade 21913172464 14509 1468

1720984151.3973756 54797535
cloud0_tkemenade 21913172464 14509 1468

1720984152.4000158 54797591
cloud0_tkemenade 21913172464 14509 1469

1720984153.402752 54797632
cloud0_tkemenade 21913172464 14509 1469

1720984154.4054422 54797671
cloud0_tkemenade 21913172464 14509 1469

1720984155.4083278 54797748
cloud0_tkemenade 21913172464 14510 1469

1720984156.4112425 54797788
cloud0_tkemenade 21913172464 14510 1469

1720984156.5119264 54797797
cloud0_tkemenade 21913178597 14510 1469

1720984157.5145462 54797839
cloud0_tkemenade 21913178597 14510 1469

1720984158.517343 54797872
cloud0_tkemenade 21913178597 14510 1469

1720984159.5199456 54797910
cloud0_tkemenade 21913178597 14511 1469

1720984160.522583 54797962
cloud0_tkemenade 21913178597 14511 1469

1720984161.5251937 54798021
cloud0_tkemenade 21913178597 14511 1469

1720984162.5279093 54798073
cloud0_tkemenade 21913178597 14512 1469

1720984163.5302258 54798111
cloud0_tkemenade 21913184767 14512 1469

1720984164.5327113 54798149
cloud0_tkemenade 21913184767 14512 1469

1720984165.5352678 54798225
cloud0_tkemenade 21913184767 14512 1469

1720984166.537904 54798273
cloud0_tkemenade 21913184767 14512 1469

1720984167.5405717 54798331
cloud0_tkemenade 21913184767 14513 1469

1720984168.5432043 54798370
cloud0_tkemenade 21913184767 14513 1469

1720984169.5459044 54798419
cloud0_tkemenade 21913184767 14513 1469

1720984170.5482616 54798478
cloud0_tkemenade 21913190862 14514 1469

1720984171.5508425 54798526
cloud0_tkemenade 21913190862 14514 1469

1720984172.5535407 54798578
cloud0_tkemenade 21913190862 14514 1469

1720984173.5561688 54798620
cloud0_tkemenade 21913190862 14514 1470

1720984174.5589337 54798658
cloud0_tkemenade 21913190862 14515 1470

1720984175.561548 54798723
cloud0_tkemenade 21913190862 14515 1470

1720984176.5642037 54798763
cloud0_tkemenade 21913190862 14515 1470

1720984177.5668986 54798822
cloud0_tkemenade 21913197043 14515 1470

1720984178.5695531 54798854
cloud0_tkemenade 21913197043 14515 1470

1720984179.5722682 54798894
cloud0_tkemenade 21913197043 14515 1470

1720984180.5750132 54798957
cloud0_tkemenade 21913197043 14516 1470

1720984181.5776799 54799015
cloud0_tkemenade 21913197043 14516 1470

1720984182.580354 54799075
cloud0_tkemenade 21913197043 14516 1470

1720984183.582957 54799112
cloud0_tkemenade 21913197043 14516 1470

1720984184.5856016 54799153
cloud0_tkemenade 21913197043 14517 1470

1720984184.6863527 54799169
cloud0_tkemenade 21913203113 14517 1470

1720984185.6889734 54799251
cloud0_tkemenade 21913203113 14517 1470

1720984186.6916635 54799293
cloud0_tkemenade 21913203113 14517 1470

1720984187.6943736 54799350
cloud0_tkemenade 21913203113 14517 1470

1720984188.6970577 54799383
cloud0_tkemenade 21913203113 14518 1470

1720984189.6997113 54799418
cloud0_tkemenade 21913203113 14518 1470

1720984190.70243 54799477
cloud0_tkemenade 21913203113 14518 1470

1720984191.7049627 54799534
cloud0_tkemenade 21913209288 14518 1471

1720984192.707693 54799589
cloud0_tkemenade 21913209288 14519 1471

1720984193.710357 54799626
cloud0_tkemenade 21913209288 14519 1471

1720984194.7130167 54799677
cloud0_tkemenade 21913209288 14519 1471

1720984195.7155733 54799739
cloud0_tkemenade 21913209288 14519 1471

1720984196.7182827 54799783
cloud0_tkemenade 21913209288 14520 1471

1720984197.7210093 54799838
cloud0_tkemenade 21913209288 14520 1471

1720984198.7236571 54799891
cloud0_tkemenade 21913215459 14520 1471

1720984199.7263625 54799928
cloud0_tkemenade 21913215459 14521 1471

1720984200.729012 54799986
cloud0_tkemenade 21913215459 14521 1471

1720984201.7316751 54800038
cloud0_tkemenade 21913215459 14521 1471

1720984202.734375 54800103
cloud0_tkemenade 21913215459 14521 1471

1720984203.7371123 54800157
cloud0_tkemenade 21913215459 14521 1471

1720984204.7397563 54800201
cloud0_tkemenade 21913215459 14521 1471

1720984205.7425284 54800267
cloud0_tkemenade 21913218497 14521 1471

1720984206.7452374 54800329
cloud0_tkemenade 21913218497 14522 1471

1720984207.748026 54800407
cloud0_tkemenade 21913218497 14522 1471

1720984208.7507813 54800450
cloud0_tkemenade 21913218497 14522 1471

1720984209.7535048 54800485
cloud0_tkemenade 21913218497 14522 1471

1720984210.7560632 54800541
cloud0_tkemenade 21913218497 14522 1471

1720984211.7587614 54800603
cloud0_tkemenade 21913218497 14523 1472

1720984212.7614985 54800661
cloud0_tkemenade 21913227787 14523 1472

1720984213.7642825 54800695
cloud0_tkemenade 21913227787 14523 1472

1720984214.766947 54800742
cloud0_tkemenade 21913227787 14523 1472

1720984215.7696884 54800813
cloud0_tkemenade 21913227787 14523 1472

1720984216.7723308 54800868
cloud0_tkemenade 21913227787 14523 1473

1720984217.7750888 54800923
cloud0_tkemenade 21913227787 14523 1473

1720984218.7776954 54800957
cloud0_tkemenade 21913227787 14523 1473

1720984219.7798955 54800991
cloud0_tkemenade 21913230878 14523 1473

1720984220.7824943 54801041
cloud0_tkemenade 21913230878 14524 1473

1720984221.7850893 54801093
cloud0_tkemenade 21913230878 14524 1473

1720984222.7875845 54801145
cloud0_tkemenade 21913230878 14524 1473

1720984223.7902813 54801195
cloud0_tkemenade 21913230878 14524 1473

1720984224.7928815 54801244
cloud0_tkemenade 21913230878 14524 1473

1720984225.7954614 54801315
cloud0_tkemenade 21913230878 14524 1474

1720984226.7979813 54801381
cloud0_tkemenade 21913230878 14524 1474

1720984226.8987763 54801387
cloud0_tkemenade 21913236958 14524 1474

1720984227.9013205 54801437
cloud0_tkemenade 21913236958 14525 1474

1720984228.9040334 54801471
cloud0_tkemenade 21913236958 14525 1474

1720984229.906741 54801517
cloud0_tkemenade 21913236958 14525 1474

1720984230.9094923 54801571
cloud0_tkemenade 21913236958 14525 1474

1720984231.9121394 54801635
cloud0_tkemenade 21913236958 14525 1474

1720984232.914873 54801688
cloud0_tkemenade 21913236958 14526 1474

1720984233.9174922 54801743
cloud0_tkemenade 21913236958 14526 1474

1720984234.0182662 54801754
cloud0_tkemenade 21913243020 14526 1474

1720984235.020752 54801803
cloud0_tkemenade 21913243020 14526 1474

1720984236.0234604 54801863
cloud0_tkemenade 21913243020 14526 1474

1720984237.0262282 54801921
cloud0_tkemenade 21913243020 14526 1474

1720984238.0290349 54801969
cloud0_tkemenade 21913243020 14526 1474

1720984239.0317328 54802013
cloud0_tkemenade 21913243020 14527 1474

1720984240.0342238 54802052
cloud0_tkemenade 21913243020 14527 1474

1720984241.036742 54802112
cloud0_tkemenade 21913246064 14527 1474

1720984241.1375093 54802115
cloud0_tkemenade 21913246064 14527 1474

1720984242.1400306 54802174
cloud0_tkemenade 21913246064 14527 1474

1720984243.1426167 54802228
cloud0_tkemenade 21913246064 14528 1474

1720984244.1454043 54802264
cloud0_tkemenade 21913246064 14528 1474

1720984245.148081 54802324
cloud0_tkemenade 21913246064 14528 1474

1720984246.150826 54802385
cloud0_tkemenade 21913246064 14529 1475

1720984247.1536107 54802420
cloud0_tkemenade 21913246064 14529 1475

1720984248.1563427 54802497
cloud0_tkemenade 21913255199 14529 1475

1720984249.1590698 54802546
cloud0_tkemenade 21913255199 14529 1475

1720984250.1617503 54802589
cloud0_tkemenade 21913255199 14529 1475

1720984251.164401 54802646
cloud0_tkemenade 21913255199 14529 1475

1720984252.167089 54802698
cloud0_tkemenade 21913255199 14530 1475

1720984253.1697726 54802753
cloud0_tkemenade 21913255199 14530 1475

1720984254.1724405 54802793
cloud0_tkemenade 21913255199 14530 1475

1720984255.17495 54802845
cloud0_tkemenade 21913258365 14530 1475

1720984256.1780796 54802915
cloud0_tkemenade 21913258365 14530 1476

1720984257.1808124 54802960
cloud0_tkemenade 21913258365 14530 1476

1720984258.1833885 54803029
cloud0_tkemenade 21913258365 14530 1476

1720984259.1859505 54803067
cloud0_tkemenade 21913258365 14530 1477

1720984260.1887558 54803125
cloud0_tkemenade 21913258365 14530 1477

1720984261.1911185 54803187
cloud0_tkemenade 21913258365 14531 1477

1720984262.1938524 54803247
cloud0_tkemenade 21913258365 14531 1477

1720984262.2945476 54803257
cloud0_tkemenade 21913267501 14531 1477

1720984263.2973373 54803313
cloud0_tkemenade 21913267501 14531 1477

1720984264.30015 54803351
cloud0_tkemenade 21913267501 14531 1477

1720984265.3029473 54803386
cloud0_tkemenade 21913267501 14531 1477

1720984266.3058517 54803448
cloud0_tkemenade 21913267501 14532 1477

1720984267.3083897 54803503
cloud0_tkemenade 21913267501 14532 1477

1720984268.3110294 54803579
cloud0_tkemenade 21913267501 14532 1477

1720984269.313846 54803621
cloud0_tkemenade 21913267501 14532 1477

1720984269.4145555 54803624
cloud0_tkemenade 21913270550 14532 1477

1720984270.4171102 54803672
cloud0_tkemenade 21913270550 14532 1477

1720984271.4196985 54803732
cloud0_tkemenade 21913270550 14533 1477

1720984272.4224348 54803784
cloud0_tkemenade 21913270550 14533 1477

1720984273.4251966 54803839
cloud0_tkemenade 21913270550 14533 1477

1720984274.427877 54803882
cloud0_tkemenade 21913270550 14533 1477

1720984275.4305713 54803933
cloud0_tkemenade 21913270550 14534 1477

1720984276.3331485 54803988
cloud0_tkemenade 21913276734 14534 1477

1720984277.3359241 54804027
cloud0_tkemenade 21913276734 14534 1477

1720984278.3386114 54804084
cloud0_tkemenade 21913276734 14534 1477

1720984279.3413713 54804127
cloud0_tkemenade 21913276734 14535 1477

1720984280.3436458 54804157
cloud0_tkemenade 21913276734 14535 1477

1720984281.3463976 54804216
cloud0_tkemenade 21913276734 14535 1477

1720984282.3491535 54804271
cloud0_tkemenade 21913276734 14535 1477

1720984283.3519964 54804317
cloud0_tkemenade 21913276734 14536 1477

1720984283.4527626 54804325
cloud0_tkemenade 21913282845 14536 1477

1720984284.455363 54804365
cloud0_tkemenade 21913282845 14536 1477

1720984285.4580717 54804409
cloud0_tkemenade 21913282845 14536 1477

1720984286.4608822 54804465
cloud0_tkemenade 21913282845 14536 1477

1720984287.4636443 54804510
cloud0_tkemenade 21913282845 14536 1477

1720984288.4665992 54804570
cloud0_tkemenade 21913282845 14536 1477

1720984289.4693017 54804623
cloud0_tkemenade 21913282845 14536 1478

1720984290.4718938 54804662
cloud0_tkemenade 21913282845 14537 1478

1720984290.5725741 54804670
cloud0_tkemenade 21913288934 14537 1478

1720984291.5750265 54804738
cloud0_tkemenade 21913288934 14537 1478

1720984292.5776837 54804783
cloud0_tkemenade 21913288934 14537 1478

1720984293.580329 54804840
cloud0_tkemenade 21913288934 14537 1478

1720984294.5829682 54804879
cloud0_tkemenade 21913288934 14537 1478

1720984295.5857062 54804923
cloud0_tkemenade 21913288934 14537 1478

1720984296.5881882 54804973
cloud0_tkemenade 21913288934 14537 1478

1720984297.590621 54805014
cloud0_tkemenade 21913292035 14538 1478

1720984298.5931046 54805080
cloud0_tkemenade 21913292035 14538 1478

1720984299.5955656 54805118
cloud0_tkemenade 21913292035 14538 1478

1720984300.5983944 54805151
cloud0_tkemenade 21913292035 14538 1478

1720984301.6010952 54805219
cloud0_tkemenade 21913292035 14547 1478

1720984302.6038854 54805266
cloud0_tkemenade 21913292035 14547 1478

1720984303.6065903 54805315
cloud0_tkemenade 21913292035 14548 1478

1720984304.6091008 54805357
cloud0_tkemenade 21913292035 14551 1478

1720984304.70983 54805372
cloud0_tkemenade 21913335023 14552 1478

1720984305.7124197 54805424
cloud0_tkemenade 21913335023 14553 1478

1720984306.7150123 54805485
cloud0_tkemenade 21913335023 14553 1479

1720984307.7176204 54805522
cloud0_tkemenade 21913335023 14553 1479

1720984308.7202945 54805583
cloud0_tkemenade 21913335023 14553 1479

1720984309.722592 54805622
cloud0_tkemenade 21913335023 14553 1479

1720984310.7252355 54805667
cloud0_tkemenade 21913335023 14554 1479

1720984311.7279975 54805741
cloud0_tkemenade 21913344351 14554 1479

1720984312.730397 54805789
cloud0_tkemenade 21913344351 14554 1479

1720984313.7328916 54805833
cloud0_tkemenade 21913344351 14554 1479

1720984314.7355406 54805875
cloud0_tkemenade 21913344351 14555 1479

1720984315.7383993 54805932
cloud0_tkemenade 21913344351 14555 1479

1720984316.7411695 54805982
cloud0_tkemenade 21913344351 14555 1479

1720984317.7436953 54806018
cloud0_tkemenade 21913344351 14555 1479

1720984318.6462448 54806078
cloud0_tkemenade 21913347432 14555 1479

1720984319.6488838 54806141
cloud0_tkemenade 21913347432 14556 1479

1720984320.6514194 54806171
cloud0_tkemenade 21913347432 14556 1479

1720984321.6540976 54806221
cloud0_tkemenade 21913347432 14556 1479

1720984322.6569772 54806264
cloud0_tkemenade 21913347432 14556 1479

1720984323.6594617 54806312
cloud0_tkemenade 21913347432 14556 1479

1720984324.6621768 54806349
cloud0_tkemenade 21913347432 14557 1479

1720984325.6650362 54806398
cloud0_tkemenade 21913347432 14557 1479

1720984325.765836 54806404
cloud0_tkemenade 21913353517 14557 1479

1720984326.768582 54806460
cloud0_tkemenade 21913353517 14557 1479

1720984327.771145 54806508
cloud0_tkemenade 21913353517 14557 1479

1720984328.7740126 54806577
cloud0_tkemenade 21913353517 14557 1479

1720984329.776867 54806636
cloud0_tkemenade 21913353517 14557 1479

1720984330.7793498 54806685
cloud0_tkemenade 21913353517 14558 1479

1720984331.7819471 54806759
cloud0_tkemenade 21913353517 14558 1479

1720984332.7846453 54806807
cloud0_tkemenade 21913353517 14559 1479

1720984332.8853683 54806818
cloud0_tkemenade 21913359630 14559 1479

1720984333.8880696 54806878
cloud0_tkemenade 21913359630 14559 1480

1720984334.8907351 54806921
cloud0_tkemenade 21913359630 14559 1480

1720984335.893298 54806979
cloud0_tkemenade 21913359630 14559 1480

1720984336.8958254 54807025
cloud0_tkemenade 21913359630 14559 1480

1720984337.8984504 54807061
cloud0_tkemenade 21913359630 14560 1480

1720984338.9010627 54807120
cloud0_tkemenade 21913359630 14560 1480

1720984339.9037068 54807181
cloud0_tkemenade 21913359630 14560 1480

1720984340.0044255 54807191
cloud0_tkemenade 21913365702 14560 1480

1720984341.0069916 54807232
cloud0_tkemenade 21913365702 14560 1480

1720984342.0097983 54807287
cloud0_tkemenade 21913365702 14560 1480

1720984343.0125206 54807321
cloud0_tkemenade 21913365702 14561 1480

1720984344.0151181 54807371
cloud0_tkemenade 21913365702 14561 1480

1720984345.0179207 54807415
cloud0_tkemenade 21913365702 14561 1480

1720984346.0206144 54807468
cloud0_tkemenade 21913365702 14561 1480

1720984347.0232153 54807528
cloud0_tkemenade 21913368773 14561 1480

1720984348.0258641 54807567
cloud0_tkemenade 21913368773 14562 1480

1720984349.028532 54807629
cloud0_tkemenade 21913368773 14562 1480

1720984350.0311434 54807679
cloud0_tkemenade 21913368773 14562 1480

1720984351.0339494 54807720
cloud0_tkemenade 21913368773 14562 1480

1720984352.036689 54807787
cloud0_tkemenade 21913368773 14562 1480

1720984353.0392003 54807825
cloud0_tkemenade 21913368773 14563 1480

1720984353.9416213 54807877
cloud0_tkemenade 21913374978 14563 1480

1720984354.9441402 54807935
cloud0_tkemenade 21913374978 14563 1480

1720984355.9467785 54807987
cloud0_tkemenade 21913374978 14563 1480

1720984356.9494653 54808036
cloud0_tkemenade 21913374978 14563 1480

1720984357.951962 54808072
cloud0_tkemenade 21913374978 14564 1480

1720984358.9546402 54808137
cloud0_tkemenade 21913374978 14564 1480

1720984359.9572718 54808189
cloud0_tkemenade 21913374978 14564 1480

1720984360.9596267 54808229
cloud0_tkemenade 21913374978 14565 1480

1720984361.0604057 54808237
cloud0_tkemenade 21913381070 14565 1480

1720984362.063048 54808306
cloud0_tkemenade 21913381070 14565 1480

1720984363.0658672 54808347
cloud0_tkemenade 21913381070 14565 1480

1720984364.06865 54808397
cloud0_tkemenade 21913381070 14566 1480

1720984365.0731375 54808445
cloud0_tkemenade 21913381070 14566 1480

1720984366.0763452 54808495
cloud0_tkemenade 21913381070 14566 1480

1720984367.0788958 54808541
cloud0_tkemenade 21913381070 14566 1480

1720984368.08162 54808576
cloud0_tkemenade 21913381070 14567 1480

1720984368.182403 54808587
cloud0_tkemenade 21913387155 14567 1480

1720984369.1849916 54808641
cloud0_tkemenade 21913387155 14567 1481

1720984370.1873434 54808691
cloud0_tkemenade 21913387155 14567 1481

1720984371.1899302 54808739
cloud0_tkemenade 21913387155 14567 1481

1720984372.1928017 54808807
cloud0_tkemenade 21913387155 14568 1481

1720984373.1955009 54808838
cloud0_tkemenade 21913387155 14568 1481

1720984374.198253 54808881
cloud0_tkemenade 21913387155 14568 1481

1720984375.2009275 54808935
cloud0_tkemenade 21913393342 14568 1481

1720984376.2035174 54808975
cloud0_tkemenade 21913393342 14568 1481

1720984377.2062469 54809024
cloud0_tkemenade 21913393342 14568 1481

1720984378.2089367 54809075
cloud0_tkemenade 21913393342 14569 1481

1720984379.2117515 54809133
cloud0_tkemenade 21913393342 14569 1481

1720984380.2144485 54809193
cloud0_tkemenade 21913393342 14569 1481

1720984381.2170892 54809263
cloud0_tkemenade 21913393342 14569 1481

1720984382.219611 54809332
cloud0_tkemenade 21913393342 14569 1481

1720984382.320311 54809341
cloud0_tkemenade 21913396399 14569 1481

1720984383.3228824 54809377
cloud0_tkemenade 21913396399 14569 1481

1720984384.3257155 54809432
cloud0_tkemenade 21913396399 14570 1481

1720984385.3283758 54809477
cloud0_tkemenade 21913396399 14570 1481

1720984386.3310375 54809512
cloud0_tkemenade 21913396399 14570 1481

1720984387.3339298 54809589
cloud0_tkemenade 21913396399 14570 1481

1720984388.3368347 54809644
cloud0_tkemenade 21913396399 14570 1481

1720984389.2394207 54809707
cloud0_tkemenade 21913399481 14570 1481

1720984390.242119 54809761
cloud0_tkemenade 21913399481 14571 1481

1720984391.2448382 54809818
cloud0_tkemenade 21913399481 14571 1481

1720984392.2475429 54809880
cloud0_tkemenade 21913399481 14571 1481

1720984393.2503335 54809929
cloud0_tkemenade 21913399481 14571 1481

1720984394.2527316 54809985
cloud0_tkemenade 21913399481 14572 1481

1720984395.255316 54810034
cloud0_tkemenade 21913399481 14572 1481

1720984396.257944 54810087
cloud0_tkemenade 21913405655 14572 1481

1720984397.260744 54810134
cloud0_tkemenade 21913405655 14572 1481

1720984398.2633731 54810193
cloud0_tkemenade 21913405655 14573 1481

1720984399.2661688 54810268
cloud0_tkemenade 21913405655 14573 1481

1720984400.2689762 54810313
cloud0_tkemenade 21913405655 14573 1481

1720984401.2716854 54810363
cloud0_tkemenade 21913405655 14573 1481

1720984402.2744908 54810421
cloud0_tkemenade 21913405655 14573 1481

1720984403.2773035 54810467
cloud0_tkemenade 21913405655 14573 1481

1720984403.378241 54810477
cloud0_tkemenade 21913408711 14573 1481

1720984404.3810496 54810525
cloud0_tkemenade 21913408711 14573 1481

1720984405.3838308 54810573
cloud0_tkemenade 21913408711 14574 1481

1720984406.3866131 54810625
cloud0_tkemenade 21913408711 14574 1481

1720984407.3893347 54810670
cloud0_tkemenade 21913408711 14574 1481

1720984408.392078 54810718
cloud0_tkemenade 21913408711 14574 1481

1720984409.3948963 54810782
cloud0_tkemenade 21913408711 14574 1481

1720984410.3976276 54810825
cloud0_tkemenade 21913408711 14574 1481

1720984410.4983768 54810831
cloud0_tkemenade 21913411742 14574 1481

1720984411.5011842 54810885
cloud0_tkemenade 21913411742 14575 1481

1720984412.5038207 54810953
cloud0_tkemenade 21913411742 14575 1481

1720984413.506576 54810991
cloud0_tkemenade 21913411742 14575 1481

1720984414.5092368 54811044
cloud0_tkemenade 21913411742 14575 1481

1720984415.5119028 54811087
cloud0_tkemenade 21913411742 14575 1481

1720984416.5145977 54811127
cloud0_tkemenade 21913411742 14576 1481

1720984417.5171113 54811182
cloud0_tkemenade 21913411742 14576 1481

1720984417.7180762 54811199
cloud0_tkemenade 21913417729 14576 1481

1720984418.720829 54811242
cloud0_tkemenade 21913417729 14576 1481

1720984419.7234857 54811294
cloud0_tkemenade 21913417729 14576 1482

1720984420.7260659 54811343
cloud0_tkemenade 21913417729 14576 1482

1720984421.7290523 54811405
cloud0_tkemenade 21913417729 14577 1482

1720984422.73182 54811475
cloud0_tkemenade 21913417729 14577 1482

1720984423.7346225 54811515
cloud0_tkemenade 21913417729 14577 1482

1720984424.7373934 54811573
cloud0_tkemenade 21913423809 14577 1482

1720984425.7399688 54811618
cloud0_tkemenade 21913423809 14577 1482

1720984426.7423737 54811657
cloud0_tkemenade 21913423809 14578 1482

1720984427.744899 54811713
cloud0_tkemenade 21913423809 14578 1482

1720984428.747694 54811749
cloud0_tkemenade 21913423809 14578 1482

1720984429.7506166 54811811
cloud0_tkemenade 21913423809 14578 1483

1720984430.7532258 54811859
cloud0_tkemenade 21913423809 14578 1483

1720984431.755817 54811919
cloud0_tkemenade 21913429994 14578 1483

1720984432.7583382 54811980
cloud0_tkemenade 21913429994 14578 1483

1720984433.7609587 54812014
cloud0_tkemenade 21913429994 14578 1483

1720984434.763519 54812059
cloud0_tkemenade 21913429994 14579 1483

1720984435.7663367 54812107
cloud0_tkemenade 21913429994 14579 1483

1720984436.7691476 54812141
cloud0_tkemenade 21913429994 14579 1483

1720984437.7720609 54812205
cloud0_tkemenade 21913429994 14579 1483

1720984438.7747447 54812256
cloud0_tkemenade 21913429994 14579 1483

1720984438.8755815 54812263
cloud0_tkemenade 21913433027 14579 1483

1720984439.8783417 54812322
cloud0_tkemenade 21913433027 14579 1483

1720984440.8809588 54812366
cloud0_tkemenade 21913433027 14579 1484

1720984441.883262 54812407
cloud0_tkemenade 21913433027 14579 1484

1720984442.886109 54812476
cloud0_tkemenade 21913433027 14580 1484

1720984443.8888266 54812512
cloud0_tkemenade 21913433027 14580 1484

1720984444.8915293 54812566
cloud0_tkemenade 21913433027 14580 1484

1720984445.8941035 54812619
cloud0_tkemenade 21913439209 14580 1484

1720984446.8966668 54812667
cloud0_tkemenade 21913439209 14581 1484

1720984447.8993323 54812741
cloud0_tkemenade 21913439209 14581 1484

1720984448.901906 54812794
cloud0_tkemenade 21913439209 14581 1484

1720984449.9046426 54812855
cloud0_tkemenade 21913439209 14581 1484

1720984450.9074695 54812894
cloud0_tkemenade 21913439209 14581 1485

1720984451.910018 54812951
cloud0_tkemenade 21913439209 14581 1485

1720984452.912718 54813025
cloud0_tkemenade 21913439209 14581 1485

1720984453.0133224 54813029
cloud0_tkemenade 21913445325 14581 1485

1720984454.0155706 54813063
cloud0_tkemenade 21913445325 14581 1485

1720984455.018036 54813116
cloud0_tkemenade 21913445325 14581 1485

1720984456.0207808 54813165
cloud0_tkemenade 21913445325 14581 1486

1720984457.0232449 54813215
cloud0_tkemenade 21913445325 14581 1486

1720984458.0260618 54813272
cloud0_tkemenade 21913445325 14581 1486

1720984459.0288346 54813315
cloud0_tkemenade 21913445325 14581 1486

1720984460.031372 54813379
cloud0_tkemenade 21913445325 14581 1486

1720984460.131919 54813383
cloud0_tkemenade 21913448375 14581 1486

1720984461.1341136 54813422
cloud0_tkemenade 21913448375 14581 1486

1720984462.1368704 54813473
cloud0_tkemenade 21913448375 14582 1486

1720984463.1395075 54813541
cloud0_tkemenade 21913448375 14582 1486

1720984464.1422455 54813575
cloud0_tkemenade 21913448375 14582 1486

1720984465.1447544 54813618
cloud0_tkemenade 21913448375 14582 1486

1720984466.1473866 54813666
cloud0_tkemenade 21913448375 14582 1486

1720984467.0497127 54813711
cloud0_tkemenade 21913451465 14582 1486

1720984468.052475 54813763
cloud0_tkemenade 21913451465 14583 1486

1720984469.0553205 54813816
cloud0_tkemenade 21913451465 14583 1486

1720984470.0581028 54813871
cloud0_tkemenade 21913451465 14583 1486

1720984471.0609412 54813918
cloud0_tkemenade 21913451465 14583 1486

1720984472.0636423 54813963
cloud0_tkemenade 21913451465 14583 1486

1720984473.0664117 54814053
cloud0_tkemenade 21913451465 14583 1487

1720984474.0690808 54814093
cloud0_tkemenade 21913451465 14583 1487

1720984474.1698403 54814109
cloud0_tkemenade 21913457566 14583 1487

1720984475.1724846 54814164
cloud0_tkemenade 21913457566 14583 1487

1720984476.1752174 54814208
cloud0_tkemenade 21913457566 14584 1487

1720984477.1778336 54814251
cloud0_tkemenade 21913457566 14584 1487

1720984478.1805239 54814302
cloud0_tkemenade 21913457566 14584 1487

1720984479.183147 54814354
cloud0_tkemenade 21913457566 14584 1487

1720984480.1858687 54814415
cloud0_tkemenade 21913457566 14584 1487

1720984481.18852 54814460
cloud0_tkemenade 21913457566 14584 1487

1720984481.2891693 54814471
cloud0_tkemenade 21913460614 14584 1487

1720984482.2919526 54814526
cloud0_tkemenade 21913460614 14584 1487

1720984483.2946174 54814597
cloud0_tkemenade 21913460614 14585 1487

1720984484.2973168 54814638
cloud0_tkemenade 21913460614 14585 1487

1720984485.299844 54814697
cloud0_tkemenade 21913460614 14585 1487

1720984486.3025548 54814736
cloud0_tkemenade 21913460614 14585 1487

1720984487.305289 54814768
cloud0_tkemenade 21913460614 14585 1487

1720984488.3080535 54814833
cloud0_tkemenade 21913463708 14585 1487

1720984489.3107457 54814883
cloud0_tkemenade 21913463708 14586 1487

1720984490.3135855 54814944
cloud0_tkemenade 21913463708 14586 1487

1720984491.3164454 54814987
cloud0_tkemenade 21913463708 14586 1487

1720984492.31921 54815037
cloud0_tkemenade 21913463708 14586 1487

1720984493.32204 54815105
cloud0_tkemenade 21913463708 14586 1488

1720984494.3248196 54815140
cloud0_tkemenade 21913463708 14586 1488

1720984495.327385 54815193
cloud0_tkemenade 21913463708 14586 1488

1720984495.428112 54815197
cloud0_tkemenade 21913469794 14586 1488

1720984496.4305627 54815234
cloud0_tkemenade 21913469794 14586 1488

1720984497.4333215 54815271
cloud0_tkemenade 21913469794 14587 1488

1720984498.4359782 54815324
cloud0_tkemenade 21913469794 14587 1488

1720984499.438837 54815370
cloud0_tkemenade 21913469794 14587 1488

1720984500.441668 54815432
cloud0_tkemenade 21913469794 14588 1488

1720984501.4443026 54815478
cloud0_tkemenade 21913469794 14588 1488

1720984502.4467938 54815527
cloud0_tkemenade 21913475864 14588 1488

1720984503.4495056 54815596
cloud0_tkemenade 21913475864 14588 1488

1720984504.4520583 54815651
cloud0_tkemenade 21913475864 14588 1488

1720984505.4546938 54815707
cloud0_tkemenade 21913475864 14588 1488

1720984506.4574795 54815754
cloud0_tkemenade 21913475864 14589 1488

1720984507.4602942 54815803
cloud0_tkemenade 21913475864 14589 1488

1720984508.4630425 54815876
cloud0_tkemenade 21913475864 14589 1488

1720984509.4658592 54815939
cloud0_tkemenade 21913478947 14589 1488

1720984510.4687028 54815986
cloud0_tkemenade 21913478947 14590 1488

1720984511.471536 54816035
cloud0_tkemenade 21913478947 14590 1489

1720984512.4742799 54816091
cloud0_tkemenade 21913478947 14590 1489

1720984513.4771378 54816149
cloud0_tkemenade 21913478947 14590 1489

1720984514.4796102 54816197
cloud0_tkemenade 21913478947 14590 1489

1720984515.482404 54816257
cloud0_tkemenade 21913478947 14590 1490

1720984516.4851732 54816297
cloud0_tkemenade 21913478947 14590 1490

1720984516.6861463 54816306
cloud0_tkemenade 21913487966 14590 1490

1720984517.6888149 54816343
cloud0_tkemenade 21913487966 14590 1490

1720984518.6915627 54816399
cloud0_tkemenade 21913487966 14590 1491

1720984519.6945002 54816443
cloud0_tkemenade 21913487966 14590 1491

1720984520.697075 54816493
cloud0_tkemenade 21913487966 14590 1491

1720984521.6999168 54816545
cloud0_tkemenade 21913487966 14590 1491

1720984522.7026675 54816588
cloud0_tkemenade 21913487966 14590 1491

1720984523.7053227 54816655
cloud0_tkemenade 21913494143 14590 1492

1720984524.7076094 54816699
cloud0_tkemenade 21913494143 14590 1492

1720984525.7101765 54816760
cloud0_tkemenade 21913494143 14590 1492

1720984526.7125187 54816799
cloud0_tkemenade 21913494143 14590 1492

1720984527.7147422 54816845
cloud0_tkemenade 21913494143 14590 1493

1720984528.7172158 54816909
cloud0_tkemenade 21913494143 14590 1493

1720984529.7196927 54816952
cloud0_tkemenade 21913494143 14590 1493

1720984530.7221167 54817013
cloud0_tkemenade 21913497218 14590 1493

1720984531.7246757 54817063
cloud0_tkemenade 21913497218 14590 1494

1720984532.7273269 54817104
cloud0_tkemenade 21913497218 14590 1494

1720984533.7301226 54817169
cloud0_tkemenade 21913497218 14590 1494

1720984534.732922 54817223
cloud0_tkemenade 21913497218 14590 1494

1720984535.7354317 54817279
cloud0_tkemenade 21913497218 14590 1495

1720984536.7379725 54817326
cloud0_tkemenade 21913497218 14590 1495

1720984537.7403922 54817373
cloud0_tkemenade 21913503290 14590 1495

1720984538.7429447 54817439
cloud0_tkemenade 21913503290 14590 1495

1720984539.7456892 54817493
cloud0_tkemenade 21913503290 14590 1496

1720984540.7483366 54817545
cloud0_tkemenade 21913503290 14590 1496

1720984541.7512095 54817599
cloud0_tkemenade 21913503290 14590 1496

1720984542.753994 54817653
cloud0_tkemenade 21913503290 14590 1496

1720984543.7566776 54817714
cloud0_tkemenade 21913503290 14590 1497

1720984544.7592456 54817771
cloud0_tkemenade 21913509453 14590 1497

1720984545.7619548 54817828
cloud0_tkemenade 21913509453 14590 1499

1720984546.7646642 54817866
cloud0_tkemenade 21913509453 14590 1499

1720984547.7673476 54817908
cloud0_tkemenade 21913509453 14590 1499

1720984548.77013 54817964
cloud0_tkemenade 21913509453 14590 1499

1720984549.7728598 54818005
cloud0_tkemenade 21913509453 14590 1500

1720984550.7756464 54818075
cloud0_tkemenade 21913509453 14590 1500

1720984551.7782063 54818135
cloud0_tkemenade 21913518717 14590 1500

