1717273887.6775348 332240574
cloud0_tkemenade 19061873151 3129 490
cloud1_tkemenade 13701104972 3065 458

1717273888.6804047 332240780
cloud0_tkemenade 19061873151 3222 504

1717273888.6808178 332240780
cloud1_tkemenade 13701104972 3074 460

1717273889.6832495 332240980
cloud0_tkemenade 19061873151 3279 517

1717273889.6838038 332240980
cloud1_tkemenade 13701104972 3130 466

1717273890.6861784 332241282
cloud0_tkemenade 19061873151 3288 521

1717273890.6867561 332241282
cloud1_tkemenade 13701104972 3226 477

1717273891.6892562 332241497
cloud0_tkemenade 19061873151 3293 525

1717273891.6897871 332241497
cloud1_tkemenade 13701104972 3293 499

1717273892.6923878 332241859
cloud0_tkemenade 19061873151 3328 534

1717273892.6929352 332241859
cloud1_tkemenade 13701104972 3550 505

1717273893.6955721 332242180
cloud0_tkemenade 19061873151 3434 538

1717273893.6961575 332242180
cloud1_tkemenade 13701104972 3701 509

1717273894.698901 332242436
cloud0_tkemenade 19061873151 3491 558

1717273894.6994562 332242436
cloud1_tkemenade 13701104972 3742 524

1717273895.701959 332242713
cloud0_tkemenade 19061873151 3591 574

1717273895.7025352 332242713
cloud1_tkemenade 13701104972 3825 532

1717273896.7050035 332243124
cloud0_tkemenade 19061873151 3843 579

1717273896.7055862 332243124
cloud1_tkemenade 13701104972 3889 572

1717273897.7080865 332243434
cloud0_tkemenade 19061873151 3985 589

1717273897.7086546 332243434
cloud1_tkemenade 13701104972 3974 593

1717273898.7111075 332243704
cloud0_tkemenade 19061873151 4088 604

1717273898.7116747 332243704
cloud1_tkemenade 13701104972 4071 599

1717273899.7141047 332243978
cloud0_tkemenade 19061873151 4130 629

1717273899.7146184 332243978
cloud1_tkemenade 13701104972 4213 612

1717273900.7169557 332244224
cloud0_tkemenade 19061873151 4174 657

1717273900.7173462 332244226
cloud1_tkemenade 13701104972 4233 617

1717273901.7199955 332244509
cloud0_tkemenade 19061873151 4265 661

1717273901.720575 332244509
cloud1_tkemenade 13701104972 4261 637

1717273902.723169 332244704
cloud0_tkemenade 19061873151 4375 668

1717273902.7237487 332244704
cloud1_tkemenade 13701104972 4268 638

1717273903.7262998 332244914
cloud0_tkemenade 19061873151 4503 680

1717273903.7268407 332244914
cloud1_tkemenade 13701104972 4274 638

1717273904.0285208 332244962
cloud0_tkemenade 19065418433 4516 685

1717273904.0290818 332244962
cloud1_tkemenade 13703177896 4274 638

1717273905.0314424 332245120
cloud0_tkemenade 19065418433 4542 698

1717273905.0319798 332245120
cloud1_tkemenade 13703177896 4274 638

1717273906.0346036 332245210
cloud0_tkemenade 19065418433 4559 708

1717273906.0351505 332245210
cloud1_tkemenade 13703177896 4275 638

1717273907.0376897 332245317
cloud0_tkemenade 19065418433 4565 708

1717273907.038241 332245317
cloud1_tkemenade 13703177896 4275 638

1717273908.0408473 332245408
cloud0_tkemenade 19065418433 4566 709

1717273908.0414066 332245410
cloud1_tkemenade 13703177896 4275 639

1717273909.0437863 332245506
cloud0_tkemenade 19065418433 4566 709

1717273909.0441248 332245506
cloud1_tkemenade 13703177896 4275 639

1717273910.046429 332245604
cloud0_tkemenade 19065418433 4566 709

1717273910.0467618 332245604
cloud1_tkemenade 13703177896 4275 639

1717273911.0488997 332245875
cloud0_tkemenade 19065418433 4567 709

1717273911.049493 332245877
cloud1_tkemenade 13703177896 4276 639

1717273911.1499834 332245912
cloud0_tkemenade 19065766429 4567 709

1717273911.150554 332245912
cloud1_tkemenade 13703191454 4276 639

1717273912.1532838 332246004
cloud0_tkemenade 19065766429 4567 709

1717273912.153808 332246004
cloud1_tkemenade 13703191454 4276 640

1717273913.1563644 332246083
cloud0_tkemenade 19065766429 4568 709

1717273913.1569061 332246083
cloud1_tkemenade 13703191454 4276 640

1717273914.1593015 332246159
cloud0_tkemenade 19065766429 4568 709

1717273914.1598287 332246159
cloud1_tkemenade 13703191454 4276 641

1717273915.162382 332246294
cloud0_tkemenade 19065766429 4568 709

1717273915.1629548 332246294
cloud1_tkemenade 13703191454 4276 641

1717273916.1656492 332246382
cloud0_tkemenade 19065766429 4568 710

1717273916.166158 332246382
cloud1_tkemenade 13703191454 4277 641

1717273917.168807 332246497
cloud0_tkemenade 19065766429 4569 710

1717273917.1693094 332246498
cloud1_tkemenade 13703191454 4277 641

1717273918.1716793 332246596
cloud0_tkemenade 19065766429 4569 710

1717273918.172188 332246596
cloud1_tkemenade 13703191454 4277 641

1717273918.2726212 332246602
cloud0_tkemenade 19065779590 4569 710

1717273918.2730837 332246602
cloud1_tkemenade 13703204615 4277 641

1717273919.2755451 332246690
cloud0_tkemenade 19065779590 4569 710

1717273919.2759795 332246690
cloud1_tkemenade 13703204615 4278 641

1717273920.278479 332246778
cloud0_tkemenade 19065779590 4569 710

1717273920.2788093 332246778
cloud1_tkemenade 13703204615 4278 641

1717273921.2813628 332247084
cloud0_tkemenade 19065779590 4569 711

1717273921.281864 332247084
cloud1_tkemenade 13703204615 4278 641

1717273922.28458 332247164
cloud0_tkemenade 19065779590 4569 711

1717273922.2850676 332247164
cloud1_tkemenade 13703204615 4278 641

1717273923.2875483 332247251
cloud0_tkemenade 19065779590 4569 711

1717273923.2880917 332247251
cloud1_tkemenade 13703204615 4289 641

1717273924.290438 332247322
cloud0_tkemenade 19065779590 4570 712

1717273924.290944 332247322
cloud1_tkemenade 13703204615 4289 642

1717273925.2935054 332247421
cloud0_tkemenade 19065779590 4570 712

1717273925.2940261 332247421
cloud1_tkemenade 13703204615 4290 642

1717273925.3944821 332247470
cloud0_tkemenade 19065792667 4570 712

1717273925.3949766 332247470
cloud1_tkemenade 13703265642 4290 642

1717273926.3976812 332247587
cloud0_tkemenade 19065792667 4582 712

1717273926.3982177 332247587
cloud1_tkemenade 13703265642 4293 642

1717273927.4007528 332247675
cloud0_tkemenade 19065792667 4582 712

1717273927.4012833 332247676
cloud1_tkemenade 13703265642 4293 642

1717273928.4037368 332247753
cloud0_tkemenade 19065792667 4582 713

1717273928.4042375 332247753
cloud1_tkemenade 13703265642 4293 643

1717273929.4068596 332247839
cloud0_tkemenade 19065792667 4582 714

1717273929.4073548 332247839
cloud1_tkemenade 13703265642 4294 643

1717273930.4097316 332247957
cloud0_tkemenade 19065792667 4583 717

1717273930.4102309 332247957
cloud1_tkemenade 13703265642 4294 643

1717273931.4128163 332248254
cloud0_tkemenade 19065792667 4583 718

1717273931.4133399 332248254
cloud1_tkemenade 13703265642 4294 643

1717273932.415805 332248328
cloud0_tkemenade 19065792667 4583 718

1717273932.4162912 332248328
cloud1_tkemenade 13703265642 4295 643

1717273932.6170323 332248344
cloud0_tkemenade 19065876245 4583 718

1717273932.6175716 332248344
cloud1_tkemenade 13703292035 4295 643

1717273933.6201634 332248428
cloud0_tkemenade 19065876245 4583 719

1717273933.6207056 332248428
cloud1_tkemenade 13703292035 4295 643

1717273934.6230485 332248516
cloud0_tkemenade 19065876245 4583 719

1717273934.62357 332248516
cloud1_tkemenade 13703292035 4295 643

1717273935.6259415 332248611
cloud0_tkemenade 19065876245 4584 720

1717273935.626486 332248611
cloud1_tkemenade 13703292035 4295 643

1717273936.6291404 332248720
cloud0_tkemenade 19065876245 4584 720

1717273936.629671 332248720
cloud1_tkemenade 13703292035 4295 643

1717273937.6321127 332248814
cloud0_tkemenade 19065876245 4584 720

1717273937.6324358 332248814
cloud1_tkemenade 13703292035 4295 644

1717273938.6348114 332248890
cloud0_tkemenade 19065876245 4584 720

1717273938.6353753 332248890
cloud1_tkemenade 13703292035 4296 644

1717273939.637797 332248984
cloud0_tkemenade 19065876245 4584 720

1717273939.63832 332248984
cloud1_tkemenade 13703292035 4296 644

1717273939.838955 332249006
cloud0_tkemenade 19065893078 4584 721

1717273939.8392808 332249006
cloud1_tkemenade 13703300451 4296 644

1717273940.8414292 332249258
cloud0_tkemenade 19065893078 4584 721

1717273940.8419812 332249258
cloud1_tkemenade 13703300451 4296 644

1717273941.8446338 332249388
cloud0_tkemenade 19065893078 4584 721

1717273941.8451824 332249388
cloud1_tkemenade 13703300451 4297 644

1717273942.8478563 332249465
cloud0_tkemenade 19065893078 4584 721

1717273942.8483953 332249465
cloud1_tkemenade 13703300451 4297 644

1717273943.851128 332249539
cloud0_tkemenade 19065893078 4584 721

1717273943.851679 332249539
cloud1_tkemenade 13703300451 4297 644

1717273944.854216 332249618
cloud0_tkemenade 19065893078 4585 721

1717273944.8547294 332249618
cloud1_tkemenade 13703300451 4297 644

1717273945.857081 332249715
cloud0_tkemenade 19065893078 4585 721

1717273945.857637 332249715
cloud1_tkemenade 13703300451 4298 644

1717273946.8603642 332249846
cloud0_tkemenade 19065893078 4585 722

1717273946.860892 332249846
cloud1_tkemenade 13703300451 4298 644

1717273947.061576 332249870
cloud0_tkemenade 19065901871 4585 722

1717273947.0620806 332249870
cloud1_tkemenade 13703309244 4298 644

1717273948.0645573 332249954
cloud0_tkemenade 19065901871 4585 722

1717273948.065071 332249954
cloud1_tkemenade 13703309244 4298 645

1717273949.0675569 332250050
cloud0_tkemenade 19065901871 4586 722

1717273949.0680776 332250050
cloud1_tkemenade 13703309244 4298 645

1717273950.070541 332250129
cloud0_tkemenade 19065901871 4586 722

1717273950.0708525 332250129
cloud1_tkemenade 13703309244 4298 645

1717273951.0730913 332250402
cloud0_tkemenade 19065901871 4586 723

1717273951.0736363 332250402
cloud1_tkemenade 13703309244 4299 645

1717273952.0763268 332250515
cloud0_tkemenade 19065901871 4586 723

1717273952.0768192 332250515
cloud1_tkemenade 13703309244 4299 645

1717273953.0793273 332250590
cloud0_tkemenade 19065901871 4586 723

1717273953.0798345 332250590
cloud1_tkemenade 13703309244 4299 645

1717273954.0820577 332250676
cloud0_tkemenade 19065910653 4586 723

1717273954.0825536 332250676
cloud1_tkemenade 13703322417 4300 645

1717273955.084947 332250774
cloud0_tkemenade 19065910653 4587 723

1717273955.0855029 332250774
cloud1_tkemenade 13703322417 4300 645

1717273956.0879695 332250870
cloud0_tkemenade 19065910653 4587 723

1717273956.0884943 332250870
cloud1_tkemenade 13703322417 4300 645

1717273957.0908797 332251014
cloud0_tkemenade 19065910653 4587 724

1717273957.0912302 332251014
cloud1_tkemenade 13703322417 4300 645

1717273958.0935133 332251101
cloud0_tkemenade 19065910653 4587 724

1717273958.09406 332251101
cloud1_tkemenade 13703322417 4300 645

1717273959.096695 332251183
cloud0_tkemenade 19065910653 4587 724

1717273959.097196 332251184
cloud1_tkemenade 13703322417 4301 645

1717273960.0996027 332251254
cloud0_tkemenade 19065910653 4587 725

1717273960.0999289 332251254
cloud1_tkemenade 13703322417 4301 645

1717273961.1018863 332251530
cloud0_tkemenade 19065910653 4588 725

1717273961.1024253 332251530
cloud1_tkemenade 13703322417 4301 645

1717273961.2028923 332251554
cloud0_tkemenade 19065928600 4588 725

1717273961.2034009 332251554
cloud1_tkemenade 13703326903 4301 645

1717273962.206012 332251658
cloud0_tkemenade 19065928600 4588 725

1717273962.206537 332251658
cloud1_tkemenade 13703326903 4302 645

1717273963.209253 332251740
cloud0_tkemenade 19065928600 4588 725

1717273963.2097785 332251740
cloud1_tkemenade 13703326903 4302 645

1717273964.2124484 332251823
cloud0_tkemenade 19065928600 4589 725

1717273964.2129443 332251823
cloud1_tkemenade 13703326903 4302 645

1717273965.2153673 332251910
cloud0_tkemenade 19065928600 4589 725

1717273965.2158992 332251910
cloud1_tkemenade 13703326903 4302 645

1717273966.2184093 332251996
cloud0_tkemenade 19065928600 4589 725

1717273966.2189407 332251996
cloud1_tkemenade 13703326903 4302 646

1717273967.22158 332252172
cloud0_tkemenade 19065928600 4589 725

1717273967.2221103 332252172
cloud1_tkemenade 13703326903 4303 646

1717273968.2247016 332252260
cloud0_tkemenade 19065928600 4590 725

1717273968.2252424 332252260
cloud1_tkemenade 13703326903 4303 646

1717273968.4259064 332252283
cloud0_tkemenade 19065937105 4590 725

1717273968.4264214 332252283
cloud1_tkemenade 13703339661 4303 646

1717273969.4286268 332252362
cloud0_tkemenade 19065937105 4590 725

1717273969.429146 332252362
cloud1_tkemenade 13703339661 4304 646

1717273970.4314365 332252449
cloud0_tkemenade 19065937105 4590 725

1717273970.431962 332252449
cloud1_tkemenade 13703339661 4304 646

1717273971.4343107 332252728
cloud0_tkemenade 19065937105 4590 725

1717273971.4348316 332252728
cloud1_tkemenade 13703339661 4304 646

1717273972.4375036 332252865
cloud0_tkemenade 19065937105 4590 725

1717273972.4380305 332252865
cloud1_tkemenade 13703339661 4304 646

1717273973.440492 332252952
cloud0_tkemenade 19065937105 4591 725

1717273973.441018 332252952
cloud1_tkemenade 13703339661 4304 646

1717273974.4435234 332253043
cloud0_tkemenade 19065937105 4591 725

1717273974.4440484 332253043
cloud1_tkemenade 13703339661 4305 646

1717273975.4465425 332253125
cloud0_tkemenade 19065937105 4591 725

1717273975.4470503 332253125
cloud1_tkemenade 13703339661 4305 646

1717273975.5475478 332253132
cloud0_tkemenade 19065941585 4591 725

1717273975.548058 332253132
cloud1_tkemenade 13703348621 4305 646

1717273976.5504692 332253221
cloud0_tkemenade 19065941585 4592 725

1717273976.5509996 332253221
cloud1_tkemenade 13703348621 4305 646

1717273977.5535557 332253392
cloud0_tkemenade 19065941585 4592 725

1717273977.5540786 332253392
cloud1_tkemenade 13703348621 4305 646

1717273978.556687 332253476
cloud0_tkemenade 19065941585 4592 725

1717273978.5572162 332253477
cloud1_tkemenade 13703348621 4306 646

1717273979.5595655 332253560
cloud0_tkemenade 19065941585 4592 725

1717273979.560079 332253560
cloud1_tkemenade 13703348621 4306 646

1717273980.5623279 332253694
cloud0_tkemenade 19065941585 4593 725

1717273980.5628607 332253694
cloud1_tkemenade 13703348621 4306 646

1717273981.5654225 332253931
cloud0_tkemenade 19065941585 4593 725

1717273981.5659375 332253931
cloud1_tkemenade 13703348621 4307 646

1717273982.5684648 332254040
cloud0_tkemenade 19065941585 4593 726

1717273982.5689847 332254040
cloud1_tkemenade 13703348621 4307 646

1717273982.6694846 332254051
cloud0_tkemenade 19065954585 4593 726

1717273982.6699724 332254051
cloud1_tkemenade 13703357288 4307 646

1717273983.6726928 332254124
cloud0_tkemenade 19065954585 4594 726

1717273983.6732373 332254124
cloud1_tkemenade 13703357288 4307 646

1717273984.6757748 332254206
cloud0_tkemenade 19065954585 4594 726

1717273984.6762877 332254206
cloud1_tkemenade 13703357288 4308 646

1717273985.6787887 332254288
cloud0_tkemenade 19065954585 4594 726

1717273985.679301 332254288
cloud1_tkemenade 13703357288 4308 646

1717273986.6817248 332254372
cloud0_tkemenade 19065954585 4594 726

1717273986.6822484 332254372
cloud1_tkemenade 13703357288 4308 646

1717273987.6849537 332254574
cloud0_tkemenade 19065954585 4594 726

1717273987.6854618 332254574
cloud1_tkemenade 13703357288 4308 646

1717273988.6882088 332254664
cloud0_tkemenade 19065954585 4595 726

1717273988.6887293 332254664
cloud1_tkemenade 13703357288 4308 647

1717273989.6911697 332254744
cloud0_tkemenade 19065954585 4595 726

1717273989.6916797 332254744
cloud1_tkemenade 13703357288 4308 647

1717273989.7921243 332254755
cloud0_tkemenade 19065963141 4595 726

1717273989.7926173 332254755
cloud1_tkemenade 13703365844 4308 647

1717273990.7947836 332254971
cloud0_tkemenade 19065963141 4595 726

1717273990.795334 332254971
cloud1_tkemenade 13703365844 4308 647

1717273991.7979321 332255124
cloud0_tkemenade 19065963141 4595 727

1717273991.7984521 332255124
cloud1_tkemenade 13703365844 4309 647

1717273992.8011446 332255235
cloud0_tkemenade 19065963141 4595 727

1717273992.8017058 332255235
cloud1_tkemenade 13703365844 4309 647

1717273993.8043032 332255326
cloud0_tkemenade 19065963141 4595 727

1717273993.8048313 332255326
cloud1_tkemenade 13703365844 4309 647

1717273994.807259 332255405
cloud0_tkemenade 19065963141 4596 727

1717273994.8077474 332255405
cloud1_tkemenade 13703365844 4309 647

1717273995.810213 332255477
cloud0_tkemenade 19065963141 4596 727

1717273995.810715 332255477
cloud1_tkemenade 13703365844 4309 647

1717273996.81345 332255564
cloud0_tkemenade 19065963141 4596 727

1717273996.813965 332255564
cloud1_tkemenade 13703365844 4310 647

1717273996.9144182 332255576
cloud0_tkemenade 19065971941 4596 727

1717273996.9149354 332255576
cloud1_tkemenade 13703374644 4310 647

1717273997.9174356 332255737
cloud0_tkemenade 19065971941 4596 727

1717273997.9179883 332255737
cloud1_tkemenade 13703374644 4310 647

1717273998.9205234 332255830
cloud0_tkemenade 19065971941 4596 728

1717273998.9208558 332255830
cloud1_tkemenade 13703374644 4310 648

1717273999.9234333 332255916
cloud0_tkemenade 19065971941 4596 728

1717273999.9239874 332255916
cloud1_tkemenade 13703374644 4311 648

1717274000.926427 332256167
cloud0_tkemenade 19065971941 4597 728

1717274000.9269774 332256167
cloud1_tkemenade 13703374644 4311 648

1717274001.929483 332256294
cloud0_tkemenade 19065971941 4597 728

1717274001.9298253 332256294
cloud1_tkemenade 13703374644 4311 648

1717274002.9324331 332256420
cloud0_tkemenade 19065971941 4597 728

1717274002.9329827 332256420
cloud1_tkemenade 13703374644 4311 648

1717274003.9354317 332256505
cloud0_tkemenade 19065971941 4598 728

1717274003.9359436 332256505
cloud1_tkemenade 13703374644 4312 648

1717274004.1366441 332256524
cloud0_tkemenade 19065984991 4598 728

1717274004.1372013 332256524
cloud1_tkemenade 13703387694 4312 648

1717274005.139855 332256619
cloud0_tkemenade 19065984991 4598 728

1717274005.1404183 332256619
cloud1_tkemenade 13703387694 4312 648

1717274006.1429508 332256690
cloud0_tkemenade 19065984991 4598 728

1717274006.1434696 332256690
cloud1_tkemenade 13703387694 4312 648

1717274007.145895 332256798
cloud0_tkemenade 19065984991 4598 728

1717274007.146424 332256798
cloud1_tkemenade 13703387694 4312 648

1717274008.149211 332256953
cloud0_tkemenade 19065984991 4599 728

1717274008.149783 332256953
cloud1_tkemenade 13703387694 4312 648

1717274009.1525524 332257067
cloud0_tkemenade 19065984991 4599 728

1717274009.1530986 332257067
cloud1_tkemenade 13703387694 4313 648

1717274010.155657 332257141
cloud0_tkemenade 19065984991 4599 729

1717274010.1559732 332257141
cloud1_tkemenade 13703387694 4313 648

1717274011.1579187 332257421
cloud0_tkemenade 19065984991 4599 729

1717274011.1584342 332257421
cloud1_tkemenade 13703387694 4313 649

1717274011.359042 332257446
cloud0_tkemenade 19065993586 4599 729

1717274011.3595328 332257446
cloud1_tkemenade 13703396289 4313 649

1717274012.361768 332257540
cloud0_tkemenade 19065993586 4599 729

1717274012.36227 332257540
cloud1_tkemenade 13703396289 4313 649

1717274013.3648334 332257648
cloud0_tkemenade 19065993586 4599 730

1717274013.3653557 332257648
cloud1_tkemenade 13703396289 4313 649

1717274014.367835 332257747
cloud0_tkemenade 19065993586 4599 730

1717274014.3683577 332257747
cloud1_tkemenade 13703396289 4313 649

1717274015.3708255 332257846
cloud0_tkemenade 19065993586 4599 730

1717274015.3713346 332257846
cloud1_tkemenade 13703396289 4314 649

1717274016.373879 332257920
cloud0_tkemenade 19065993586 4599 730

1717274016.3743827 332257920
cloud1_tkemenade 13703396289 4314 649

1717274017.3770862 332258042
cloud0_tkemenade 19065993586 4600 730

1717274017.3776047 332258042
cloud1_tkemenade 13703396289 4314 649

1717274018.3801756 332258198
cloud0_tkemenade 19066002366 4600 730

1717274018.3806686 332258198
cloud1_tkemenade 13703400679 4314 649

1717274019.3831797 332258282
cloud0_tkemenade 19066002366 4600 730

1717274019.383684 332258282
cloud1_tkemenade 13703400679 4315 649

1717274020.3861399 332258373
cloud0_tkemenade 19066002366 4600 730

1717274020.3866482 332258373
cloud1_tkemenade 13703400679 4315 649

1717274021.389249 332258671
cloud0_tkemenade 19066002366 4600 731

1717274021.389722 332258671
cloud1_tkemenade 13703400679 4315 649

1717274022.3923075 332258792
cloud0_tkemenade 19066002366 4600 731

1717274022.3927932 332258792
cloud1_tkemenade 13703400679 4315 649

1717274023.395447 332258904
cloud0_tkemenade 19066002366 4601 731

1717274023.3959522 332258904
cloud1_tkemenade 13703400679 4316 649

1717274024.3986907 332259016
cloud0_tkemenade 19066002366 4601 731

1717274024.399187 332259016
cloud1_tkemenade 13703400679 4316 649

1717274025.4016335 332259102
cloud0_tkemenade 19066002366 4601 731

1717274025.4021475 332259102
cloud1_tkemenade 13703400679 4316 649

1717274025.6028056 332259127
cloud0_tkemenade 19066010972 4601 731

1717274025.6033285 332259127
cloud1_tkemenade 13703409285 4316 649

1717274026.6057055 332259206
cloud0_tkemenade 19066010972 4601 732

1717274026.6062229 332259206
cloud1_tkemenade 13703409285 4316 649

1717274027.6087422 332259332
cloud0_tkemenade 19066010972 4601 732

1717274027.6090817 332259332
cloud1_tkemenade 13703409285 4316 649

1717274028.6114326 332259468
cloud0_tkemenade 19066010972 4601 732

1717274028.6119952 332259468
cloud1_tkemenade 13703409285 4317 649

1717274029.6145296 332259544
cloud0_tkemenade 19066010972 4601 732

1717274029.6150963 332259544
cloud1_tkemenade 13703409285 4317 649

1717274030.6174903 332259713
cloud0_tkemenade 19066010972 4602 733

1717274030.618011 332259713
cloud1_tkemenade 13703409285 4317 650

1717274031.620383 332259912
cloud0_tkemenade 19066010972 4602 733

1717274031.620925 332259912
cloud1_tkemenade 13703409285 4317 650

1717274032.6236014 332260027
cloud0_tkemenade 19066010972 4602 733

1717274032.62413 332260027
cloud1_tkemenade 13703409285 4317 650

1717274032.7246525 332260040
cloud0_tkemenade 19066023912 4602 733

1717274032.7252126 332260040
cloud1_tkemenade 13703417911 4317 650

1717274033.7278128 332260153
cloud0_tkemenade 19066023912 4602 733

1717274033.7283785 332260153
cloud1_tkemenade 13703417911 4317 650

1717274034.7310414 332260246
cloud0_tkemenade 19066023912 4603 733

1717274034.7315853 332260246
cloud1_tkemenade 13703417911 4317 650

1717274035.734097 332260335
cloud0_tkemenade 19066023912 4603 733

1717274035.7346163 332260335
cloud1_tkemenade 13703417911 4317 650

1717274036.7371752 332260414
cloud0_tkemenade 19066023912 4603 733

1717274036.737692 332260414
cloud1_tkemenade 13703417911 4318 651

1717274037.7402809 332260536
cloud0_tkemenade 19066023912 4604 733

1717274037.7405837 332260536
cloud1_tkemenade 13703417911 4318 651

1717274038.7428696 332260675
cloud0_tkemenade 19066023912 4604 733

1717274038.7434008 332260675
cloud1_tkemenade 13703417911 4318 651

1717274039.7458918 332260759
cloud0_tkemenade 19066023912 4604 733

1717274039.7464092 332260759
cloud1_tkemenade 13703417911 4318 651

1717274040.0472066 332260780
cloud0_tkemenade 19066032087 4604 733

1717274040.0475252 332260780
cloud1_tkemenade 13703426086 4318 651

1717274041.049622 332261058
cloud0_tkemenade 19066032087 4604 733

1717274041.0499554 332261058
cloud1_tkemenade 13703426086 4318 651

1717274042.0523741 332261190
cloud0_tkemenade 19066032087 4605 733

1717274042.0529265 332261190
cloud1_tkemenade 13703426086 4319 651

1717274043.0554721 332261294
cloud0_tkemenade 19066032087 4605 733

1717274043.0559897 332261294
cloud1_tkemenade 13703426086 4320 651

1717274044.0585802 332261417
cloud0_tkemenade 19066032087 4605 733

1717274044.0591102 332261417
cloud1_tkemenade 13703426086 4320 651

1717274045.0615199 332261502
cloud0_tkemenade 19066032087 4606 733

1717274045.0620513 332261502
cloud1_tkemenade 13703426086 4321 651

1717274046.064666 332261577
cloud0_tkemenade 19066032087 4606 733

1717274046.0651991 332261578
cloud1_tkemenade 13703426086 4321 651

1717274047.0676892 332261662
cloud0_tkemenade 19066032087 4608 733

1717274047.0680337 332261662
cloud1_tkemenade 13703426086 4321 651

1717274047.168427 332261669
cloud0_tkemenade 19066049513 4608 733

1717274047.1689203 332261669
cloud1_tkemenade 13703439156 4321 651

1717274048.1715505 332261769
cloud0_tkemenade 19066049513 4608 733

1717274048.1720755 332261769
cloud1_tkemenade 13703439156 4322 652

1717274049.1747046 332261922
cloud0_tkemenade 19066049513 4608 733

1717274049.175238 332261922
cloud1_tkemenade 13703439156 4322 652

1717274050.177731 332262000
cloud0_tkemenade 19066049513 4608 733

1717274050.1780453 332262000
cloud1_tkemenade 13703439156 4322 652

1717274051.180332 332262279
cloud0_tkemenade 19066049513 4609 733

1717274051.1808724 332262279
cloud1_tkemenade 13703439156 4322 652

1717274052.183289 332262361
cloud0_tkemenade 19066049513 4609 733

1717274052.1838262 332262361
cloud1_tkemenade 13703439156 4322 652

1717274053.1864464 332262465
cloud0_tkemenade 19066049513 4609 733

1717274053.1870863 332262465
cloud1_tkemenade 13703439156 4322 652

1717274054.1894 332262556
cloud0_tkemenade 19066058422 4609 734

1717274054.1899338 332262556
cloud1_tkemenade 13703448065 4322 652

1717274055.1926637 332262652
cloud0_tkemenade 19066058422 4609 734

1717274055.1932101 332262652
cloud1_tkemenade 13703448065 4322 653

1717274056.1958983 332262712
cloud0_tkemenade 19066058422 4609 734

1717274056.196445 332262712
cloud1_tkemenade 13703448065 4322 653

1717274057.198984 332262785
cloud0_tkemenade 19066058422 4610 734

1717274057.1995382 332262785
cloud1_tkemenade 13703448065 4322 653

1717274058.2020602 332262914
cloud0_tkemenade 19066058422 4610 734

1717274058.2025988 332262914
cloud1_tkemenade 13703448065 4322 653

1717274059.2052503 332263037
cloud0_tkemenade 19066058422 4610 734

1717274059.205759 332263037
cloud1_tkemenade 13703448065 4322 653

1717274060.2081892 332263135
cloud0_tkemenade 19066058422 4610 734

1717274060.20852 332263135
cloud1_tkemenade 13703448065 4323 653

1717274061.2105334 332263408
cloud0_tkemenade 19066058422 4610 734

1717274061.211057 332263408
cloud1_tkemenade 13703448065 4323 654

1717274061.411698 332263423
cloud0_tkemenade 19066062731 4610 734

1717274061.4121997 332263423
cloud1_tkemenade 13703460994 4323 654

1717274062.4145439 332263516
cloud0_tkemenade 19066062731 4611 734

1717274062.4150417 332263516
cloud1_tkemenade 13703460994 4323 654

1717274063.4174852 332263652
cloud0_tkemenade 19066062731 4611 734

1717274063.4177976 332263652
cloud1_tkemenade 13703460994 4323 654

1717274064.420129 332263770
cloud0_tkemenade 19066062731 4611 734

1717274064.4206333 332263770
cloud1_tkemenade 13703460994 4323 654

1717274065.4230483 332263886
cloud0_tkemenade 19066062731 4611 734

1717274065.423536 332263886
cloud1_tkemenade 13703460994 4324 654

1717274066.4260523 332263958
cloud0_tkemenade 19066062731 4612 734

1717274066.4265692 332263958
cloud1_tkemenade 13703460994 4324 654

1717274067.42919 332264042
cloud0_tkemenade 19066062731 4612 734

1717274067.429671 332264042
cloud1_tkemenade 13703460994 4324 654

1717274068.43223 332264136
cloud0_tkemenade 19066062731 4612 734

1717274068.4327016 332264136
cloud1_tkemenade 13703460994 4324 654

1717274068.5331953 332264151
cloud0_tkemenade 19066071466 4612 734

1717274068.5337362 332264151
cloud1_tkemenade 13703465361 4324 654

1717274069.536366 332264268
cloud0_tkemenade 19066071466 4612 734

1717274069.5368793 332264268
cloud1_tkemenade 13703465361 4325 654

1717274070.5390382 332264423
cloud0_tkemenade 19066071466 4612 735

1717274070.5395856 332264423
cloud1_tkemenade 13703465361 4325 654

1717274071.5420387 332264658
cloud0_tkemenade 19066071466 4612 735

1717274071.542419 332264658
cloud1_tkemenade 13703465361 4325 654

1717274072.545033 332264742
cloud0_tkemenade 19066071466 4612 735

1717274072.545383 332264742
cloud1_tkemenade 13703465361 4325 654

1717274073.547701 332264870
cloud0_tkemenade 19066071466 4613 735

1717274073.5480304 332264870
cloud1_tkemenade 13703465361 4325 654

1717274074.5504603 332264963
cloud0_tkemenade 19066071466 4613 735

1717274074.5509717 332264963
cloud1_tkemenade 13703465361 4325 654

1717274075.553361 332265064
cloud0_tkemenade 19066071466 4613 735

1717274075.553872 332265064
cloud1_tkemenade 13703465361 4326 654

1717274075.6543343 332265070
cloud0_tkemenade 19066080201 4613 735

1717274075.6546617 332265070
cloud1_tkemenade 13703474096 4326 654

1717274076.657147 332265148
cloud0_tkemenade 19066080201 4613 736

1717274076.6576853 332265148
cloud1_tkemenade 13703474096 4326 654

1717274077.6602654 332265240
cloud0_tkemenade 19066080201 4613 736

1717274077.6605816 332265240
cloud1_tkemenade 13703474096 4326 654

1717274078.6630514 332265358
cloud0_tkemenade 19066080201 4613 736

1717274078.66358 332265358
cloud1_tkemenade 13703474096 4326 654

1717274079.6661499 332265483
cloud0_tkemenade 19066080201 4614 736

1717274079.666674 332265483
cloud1_tkemenade 13703474096 4327 654

1717274080.6691155 332265694
cloud0_tkemenade 19066080201 4614 736

1717274080.6694658 332265694
cloud1_tkemenade 13703474096 4327 654

1717274081.6720357 332265863
cloud0_tkemenade 19066080201 4614 736

1717274081.672555 332265863
cloud1_tkemenade 13703474096 4327 654

1717274082.6749835 332265939
cloud0_tkemenade 19066080201 4614 736

1717274082.675493 332265939
cloud1_tkemenade 13703474096 4328 654

1717274082.7759378 332265965
cloud0_tkemenade 19066088999 4614 736

1717274082.7764199 332265965
cloud1_tkemenade 13703482894 4328 654

1717274083.7788188 332266062
cloud0_tkemenade 19066088999 4615 736

1717274083.779385 332266062
cloud1_tkemenade 13703482894 4328 654

1717274084.7819812 332266170
cloud0_tkemenade 19066088999 4615 736

1717274084.7824953 332266170
cloud1_tkemenade 13703482894 4328 654

1717274085.7848573 332266265
cloud0_tkemenade 19066088999 4615 736

1717274085.7854233 332266265
cloud1_tkemenade 13703482894 4328 654

1717274086.788128 332266333
cloud0_tkemenade 19066088999 4615 736

1717274086.7886622 332266333
cloud1_tkemenade 13703482894 4328 655

1717274087.791448 332266437
cloud0_tkemenade 19066088999 4616 736

1717274087.7919385 332266437
cloud1_tkemenade 13703482894 4329 655

1717274088.794443 332266548
cloud0_tkemenade 19066088999 4616 737

1717274088.79496 332266548
cloud1_tkemenade 13703482894 4329 655

1717274089.7973232 332266666
cloud0_tkemenade 19066088999 4616 737

1717274089.7978327 332266666
cloud1_tkemenade 13703482894 4329 655

1717274089.8982925 332266685
cloud0_tkemenade 19066101896 4616 737

1717274089.8988025 332266685
cloud1_tkemenade 13703491492 4329 655

1717274090.9010077 332266948
cloud0_tkemenade 19066101896 4616 737

1717274090.9015868 332266948
cloud1_tkemenade 13703491492 4329 655

1717274091.9041653 332267060
cloud0_tkemenade 19066101896 4617 737

1717274091.9046788 332267060
cloud1_tkemenade 13703491492 4330 655

1717274092.906946 332267217
cloud0_tkemenade 19066101896 4617 737

1717274092.9074717 332267217
cloud1_tkemenade 13703491492 4330 655

1717274093.9101186 332267344
cloud0_tkemenade 19066101896 4617 737

1717274093.9106362 332267344
cloud1_tkemenade 13703491492 4330 655

1717274094.9132328 332267458
cloud0_tkemenade 19066101896 4617 737

1717274094.9136913 332267458
cloud1_tkemenade 13703491492 4330 655

1717274095.9162128 332267553
cloud0_tkemenade 19066101896 4618 737

1717274095.9167316 332267553
cloud1_tkemenade 13703491492 4331 655

1717274096.9191084 332267628
cloud0_tkemenade 19066101896 4618 737

1717274096.9196162 332267628
cloud1_tkemenade 13703491492 4331 655

1717274097.1203809 332267652
cloud0_tkemenade 19066110694 4618 737

1717274097.1209126 332267652
cloud1_tkemenade 13703500290 4331 655

1717274098.1232765 332267745
cloud0_tkemenade 19066110694 4618 737

1717274098.1238036 332267745
cloud1_tkemenade 13703500290 4331 655

1717274099.126227 332267850
cloud0_tkemenade 19066110694 4618 737

1717274099.1267529 332267850
cloud1_tkemenade 13703500290 4331 655

1717274100.129288 332267976
cloud0_tkemenade 19066110694 4618 737

1717274100.129631 332267976
cloud1_tkemenade 13703500290 4331 655

1717274101.1321237 332268284
cloud0_tkemenade 19066110694 4618 737

1717274101.1326466 332268284
cloud1_tkemenade 13703500290 4332 655

1717274102.134929 332268384
cloud0_tkemenade 19066110694 4619 737

1717274102.1354134 332268384
cloud1_tkemenade 13703500290 4332 655

1717274103.1379433 332268497
cloud0_tkemenade 19066110694 4619 737

1717274103.1384633 332268497
cloud1_tkemenade 13703500290 4332 656

1717274104.1409364 332268596
cloud0_tkemenade 19066110694 4619 737

1717274104.1414568 332268598
cloud1_tkemenade 13703500290 4332 656

1717274104.2418954 332268607
cloud0_tkemenade 19066115152 4619 737

1717274104.2423453 332268607
cloud1_tkemenade 13703509207 4332 656

1717274105.2449625 332268701
cloud0_tkemenade 19066115152 4620 737

1717274105.245517 332268702
cloud1_tkemenade 13703509207 4333 656

1717274106.248227 332268791
cloud0_tkemenade 19066115152 4620 737

1717274106.2487783 332268791
cloud1_tkemenade 13703509207 4333 656

1717274107.2512944 332268899
cloud0_tkemenade 19066115152 4620 738

1717274107.2518072 332268899
cloud1_tkemenade 13703509207 4333 656

1717274108.2543406 332269016
cloud0_tkemenade 19066115152 4620 738

1717274108.254876 332269016
cloud1_tkemenade 13703509207 4334 656

1717274109.257484 332269128
cloud0_tkemenade 19066115152 4620 739

1717274109.2579799 332269128
cloud1_tkemenade 13703509207 4334 656

1717274110.2605262 332269240
cloud0_tkemenade 19066115152 4620 739

1717274110.2608411 332269240
cloud1_tkemenade 13703509207 4334 656

1717274111.2630439 332269538
cloud0_tkemenade 19066115152 4620 739

1717274111.263466 332269538
cloud1_tkemenade 13703509207 4335 656

1717274111.3638318 332269551
cloud0_tkemenade 19066128323 4620 739

1717274111.3643672 332269551
cloud1_tkemenade 13703522378 4335 656

1717274112.3668332 332269635
cloud0_tkemenade 19066128323 4620 740

1717274112.3673537 332269635
cloud1_tkemenade 13703522378 4335 656

1717274113.3698866 332269737
cloud0_tkemenade 19066128323 4620 740

1717274113.3704286 332269737
cloud1_tkemenade 13703522378 4335 656

1717274114.3730805 332269836
cloud0_tkemenade 19066128323 4620 740

1717274114.3736315 332269836
cloud1_tkemenade 13703522378 4335 656

1717274115.3763573 332269940
cloud0_tkemenade 19066128323 4620 741

1717274115.376883 332269940
cloud1_tkemenade 13703522378 4336 656

1717274116.3794262 332270032
cloud0_tkemenade 19066128323 4620 741

1717274116.3799658 332270032
cloud1_tkemenade 13703522378 4336 656

1717274117.3825338 332270112
cloud0_tkemenade 19066128323 4620 741

1717274117.3830628 332270112
cloud1_tkemenade 13703522378 4336 656

1717274118.385689 332270219
cloud0_tkemenade 19066128323 4620 742

1717274118.386238 332270219
cloud1_tkemenade 13703522378 4336 656

1717274118.4867415 332270229
cloud0_tkemenade 19066141033 4620 742

1717274118.4872394 332270229
cloud1_tkemenade 13703526614 4336 656

1717274119.4898293 332270334
cloud0_tkemenade 19066141033 4620 742

1717274119.490331 332270334
cloud1_tkemenade 13703526614 4336 657

1717274120.4929287 332270485
cloud0_tkemenade 19066141033 4620 742

1717274120.4934514 332270487
cloud1_tkemenade 13703526614 4337 657

1717274121.495636 332270764
cloud0_tkemenade 19066141033 4620 743

1717274121.496174 332270764
cloud1_tkemenade 13703526614 4337 657

1717274122.4985251 332270839
cloud0_tkemenade 19066141033 4620 743

1717274122.4990578 332270839
cloud1_tkemenade 13703526614 4337 657

1717274123.501717 332270950
cloud0_tkemenade 19066141033 4620 743

1717274123.502233 332270950
cloud1_tkemenade 13703526614 4338 657

1717274124.5048106 332271052
cloud0_tkemenade 19066141033 4620 744

1717274124.505388 332271052
cloud1_tkemenade 13703526614 4338 657

1717274125.5077252 332271123
cloud0_tkemenade 19066141033 4620 744

1717274125.5082579 332271123
cloud1_tkemenade 13703526614 4338 657

1717274125.7089024 332271147
cloud0_tkemenade 19066149746 4620 744

1717274125.7094827 332271147
cloud1_tkemenade 13703539684 4338 657

1717274126.7121677 332271234
cloud0_tkemenade 19066149746 4620 744

1717274126.7127407 332271234
cloud1_tkemenade 13703539684 4338 657

1717274127.7152967 332271311
cloud0_tkemenade 19066149746 4620 745

1717274127.7158186 332271311
cloud1_tkemenade 13703539684 4338 658

1717274128.7184277 332271416
cloud0_tkemenade 19066149746 4620 745

1717274128.7189605 332271416
cloud1_tkemenade 13703539684 4338 658

1717274129.7215705 332271512
cloud0_tkemenade 19066149746 4620 745

1717274129.722069 332271512
cloud1_tkemenade 13703539684 4338 658

1717274130.7243502 332271760
cloud0_tkemenade 19066149746 4620 746

1717274130.7248583 332271760
cloud1_tkemenade 13703539684 4339 658

1717274131.72738 332271932
cloud0_tkemenade 19066149746 4620 746

1717274131.727919 332271932
cloud1_tkemenade 13703539684 4339 658

1717274132.7301908 332272008
cloud0_tkemenade 19066149746 4620 746

1717274132.7307227 332272008
cloud1_tkemenade 13703539684 4339 658

1717274132.8311784 332272019
cloud0_tkemenade 19066158330 4620 746

1717274132.8316863 332272019
cloud1_tkemenade 13703548268 4339 658

1717274133.833932 332272123
cloud0_tkemenade 19066158330 4621 746

1717274133.8344595 332272123
cloud1_tkemenade 13703548268 4340 658

1717274134.836891 332272223
cloud0_tkemenade 19066158330 4621 746

1717274134.837472 332272223
cloud1_tkemenade 13703548268 4340 658

1717274135.8400054 332272297
cloud0_tkemenade 19066158330 4621 746

1717274135.8405447 332272297
cloud1_tkemenade 13703548268 4340 658

1717274136.842995 332272382
cloud0_tkemenade 19066158330 4621 747

1717274136.8435047 332272382
cloud1_tkemenade 13703548268 4340 658

1717274137.8460333 332272474
cloud0_tkemenade 19066158330 4622 747

1717274137.8465571 332272474
cloud1_tkemenade 13703548268 4340 658

1717274138.8491158 332272575
cloud0_tkemenade 19066158330 4622 747

1717274138.849636 332272575
cloud1_tkemenade 13703548268 4340 658

1717274139.8520796 332272660
cloud0_tkemenade 19066158330 4622 747

1717274139.8525968 332272660
cloud1_tkemenade 13703548268 4340 659

1717274140.0532615 332272681
cloud0_tkemenade 19066171078 4622 747

1717274140.0535913 332272681
cloud1_tkemenade 13703556766 4340 659

1717274141.055879 332272982
cloud0_tkemenade 19066171078 4622 747

1717274141.056418 332272982
cloud1_tkemenade 13703556766 4340 659

1717274142.058755 332273101
cloud0_tkemenade 19066171078 4622 747

1717274142.0592675 332273101
cloud1_tkemenade 13703556766 4341 659

1717274143.0618553 332273194
cloud0_tkemenade 19066171078 4622 747

1717274143.0623832 332273194
cloud1_tkemenade 13703556766 4341 659

1717274144.0649996 332273292
cloud0_tkemenade 19066171078 4622 747

1717274144.0655441 332273292
cloud1_tkemenade 13703556766 4341 659

1717274145.0681772 332273392
cloud0_tkemenade 19066171078 4623 747

1717274145.0686846 332273392
cloud1_tkemenade 13703556766 4341 659

1717274146.0711 332273447
cloud0_tkemenade 19066171078 4623 747

1717274146.0716221 332273447
cloud1_tkemenade 13703556766 4342 659

1717274146.973994 332273523
cloud0_tkemenade 19066175565 4623 747

1717274146.9744756 332273523
cloud1_tkemenade 13703565740 4342 659

1717274147.9770842 332273602
cloud0_tkemenade 19066175565 4623 747

1717274147.9776227 332273602
cloud1_tkemenade 13703565740 4342 659

1717274148.9801314 332273698
cloud0_tkemenade 19066175565 4624 748

1717274148.9806535 332273698
cloud1_tkemenade 13703565740 4342 659

1717274149.9832835 332273773
cloud0_tkemenade 19066175565 4624 748

1717274149.9836087 332273773
cloud1_tkemenade 13703565740 4342 659

1717274150.9858832 332274058
cloud0_tkemenade 19066175565 4624 748

1717274150.986392 332274058
cloud1_tkemenade 13703565740 4342 660

1717274151.9890327 332274188
cloud0_tkemenade 19066175565 4624 748

1717274151.98953 332274188
cloud1_tkemenade 13703565740 4343 660

1717274152.9921777 332274269
cloud0_tkemenade 19066175565 4624 748

1717274152.9926817 332274269
cloud1_tkemenade 13703565740 4343 660

1717274153.9948626 332274368
cloud0_tkemenade 19066175565 4625 748

1717274153.9953883 332274368
cloud1_tkemenade 13703565740 4343 660

1717274154.1959593 332274388
cloud0_tkemenade 19066188772 4625 748

1717274154.1964934 332274388
cloud1_tkemenade 13703574545 4343 660

1717274155.1987696 332274486
cloud0_tkemenade 19066188772 4625 748

1717274155.1991014 332274486
cloud1_tkemenade 13703574545 4343 660

1717274156.20169 332274555
cloud0_tkemenade 19066188772 4625 748

1717274156.202216 332274555
cloud1_tkemenade 13703574545 4343 661

1717274157.2048573 332274632
cloud0_tkemenade 19066188772 4625 748

1717274157.2054143 332274633
cloud1_tkemenade 13703574545 4343 661

1717274158.2076657 332274732
cloud0_tkemenade 19066188772 4625 748

1717274158.2080069 332274732
cloud1_tkemenade 13703574545 4343 661

1717274159.2104142 332274824
cloud0_tkemenade 19066188772 4626 748

1717274159.2109332 332274824
cloud1_tkemenade 13703574545 4343 661

1717274160.2134485 332274901
cloud0_tkemenade 19066188772 4626 748

1717274160.2137678 332274901
cloud1_tkemenade 13703574545 4343 661

1717274161.2159798 332275217
cloud0_tkemenade 19066188772 4626 748

1717274161.2165086 332275217
cloud1_tkemenade 13703574545 4343 661

1717274161.4172173 332275246
cloud0_tkemenade 19066193130 4626 748

1717274161.417724 332275246
cloud1_tkemenade 13703578903 4343 661

1717274162.420367 332275337
cloud0_tkemenade 19066193130 4626 748

1717274162.4209032 332275337
cloud1_tkemenade 13703578903 4343 662

1717274163.4236631 332275433
cloud0_tkemenade 19066193130 4627 748

1717274163.4242144 332275433
cloud1_tkemenade 13703578903 4344 662

1717274164.4266765 332275538
cloud0_tkemenade 19066193130 4627 748

1717274164.4272077 332275538
cloud1_tkemenade 13703578903 4344 662

1717274165.4297447 332275634
cloud0_tkemenade 19066193130 4627 748

1717274165.4302478 332275634
cloud1_tkemenade 13703578903 4344 662

1717274166.432906 332275711
cloud0_tkemenade 19066193130 4628 749

1717274166.4334233 332275712
cloud1_tkemenade 13703578903 4344 662

1717274167.436077 332275805
cloud0_tkemenade 19066193130 4628 749

1717274167.4366157 332275805
cloud1_tkemenade 13703578903 4345 662

1717274168.4413593 332275908
cloud0_tkemenade 19066193130 4629 749

1717274168.441879 332275908
cloud1_tkemenade 13703578903 4346 662

1717274168.542397 332275917
cloud0_tkemenade 19066210320 4629 749

1717274168.5429091 332275917
cloud1_tkemenade 13703596093 4346 662

1717274169.5454502 332276011
cloud0_tkemenade 19066210320 4629 749

1717274169.5459852 332276011
cloud1_tkemenade 13703596093 4346 662

1717274170.5484076 332276149
cloud0_tkemenade 19066210320 4629 749

1717274170.5489357 332276149
cloud1_tkemenade 13703596093 4346 663

1717274171.5515485 332276414
cloud0_tkemenade 19066210320 4630 749

1717274171.5520837 332276414
cloud1_tkemenade 13703596093 4346 663

1717274172.55449 332276500
cloud0_tkemenade 19066210320 4631 749

1717274172.5550137 332276500
cloud1_tkemenade 13703596093 4347 663

1717274173.5575068 332276569
cloud0_tkemenade 19066210320 4631 750

1717274173.5580435 332276569
cloud1_tkemenade 13703596093 4347 663

1717274174.5606623 332276689
cloud0_tkemenade 19066210320 4631 750

1717274174.5612135 332276689
cloud1_tkemenade 13703596093 4347 663

1717274175.563843 332276770
cloud0_tkemenade 19066210320 4631 750

1717274175.5642648 332276770
cloud1_tkemenade 13703596093 4347 663

1717274175.6646554 332276785
cloud0_tkemenade 19066223423 4631 750

1717274175.6649942 332276785
cloud1_tkemenade 13703604828 4347 663

1717274176.6671708 332276856
cloud0_tkemenade 19066223423 4632 750

1717274176.667687 332276856
cloud1_tkemenade 13703604828 4347 664

1717274177.6700926 332276941
cloud0_tkemenade 19066223423 4632 750

1717274177.6704535 332276941
cloud1_tkemenade 13703604828 4347 664

1717274178.6728346 332277035
cloud0_tkemenade 19066223423 4632 751

1717274178.6733437 332277036
cloud1_tkemenade 13703604828 4348 664

1717274179.6755357 332277113
cloud0_tkemenade 19066223423 4632 751

1717274179.676012 332277113
cloud1_tkemenade 13703604828 4348 664

1717274180.6782122 332277308
cloud0_tkemenade 19066223423 4633 751

1717274180.6785014 332277308
cloud1_tkemenade 13703604828 4348 664

1717274181.6806524 332277494
cloud0_tkemenade 19066223423 4633 751

1717274181.6809864 332277494
cloud1_tkemenade 13703604828 4348 664

1717274182.6831024 332277593
cloud0_tkemenade 19066237018 4633 751

1717274182.683594 332277593
cloud1_tkemenade 13703618423 4349 664

1717274183.6860301 332277686
cloud0_tkemenade 19066237018 4633 751

1717274183.6865492 332277686
cloud1_tkemenade 13703618423 4349 664

1717274184.6890366 332277784
cloud0_tkemenade 19066237018 4633 751

1717274184.689554 332277784
cloud1_tkemenade 13703618423 4349 664

1717274185.6918452 332277856
cloud0_tkemenade 19066237018 4633 751

1717274185.692347 332277856
cloud1_tkemenade 13703618423 4349 665

1717274186.6947558 332277932
cloud0_tkemenade 19066237018 4634 751

1717274186.695267 332277932
cloud1_tkemenade 13703618423 4349 665

