1720986959.8619614 55004719
cloud0_tkemenade 22082387051 9395 1186

1720986960.8647218 55004869
cloud0_tkemenade 22082387051 9494 1188

1720986961.8675923 55005019
cloud0_tkemenade 22082387051 9585 1192

1720986962.8704169 55005150
cloud0_tkemenade 22082387051 9678 1205

1720986963.8733685 55005306
cloud0_tkemenade 22082387051 9769 1217

1720986964.876214 55005438
cloud0_tkemenade 22085157492 9868 1220

1720986965.8789062 55005583
cloud0_tkemenade 22085157492 9968 1222

1720986966.8817961 55005725
cloud0_tkemenade 22085157492 10067 1222

1720986967.8845983 55005887
cloud0_tkemenade 22085157492 10165 1227

1720986968.8873718 55006000
cloud0_tkemenade 22085157492 10236 1232

1720986969.8901875 55006102
cloud0_tkemenade 22085157492 10306 1238

1720986970.8928401 55006237
cloud0_tkemenade 22085157492 10384 1240

1720986971.8956451 55006401
cloud0_tkemenade 22085157492 10483 1240

1720986972.0964959 55006433
cloud0_tkemenade 22087599606 10503 1240

1720986973.0990717 55006581
cloud0_tkemenade 22087599606 10599 1240

1720986974.1018255 55006708
cloud0_tkemenade 22087599606 10681 1242

1720986975.104755 55006787
cloud0_tkemenade 22087599606 10718 1249

1720986976.1075492 55006930
cloud0_tkemenade 22087599606 10817 1249

1720986977.1104465 55007038
cloud0_tkemenade 22087599606 10879 1253

1720986978.1133716 55007172
cloud0_tkemenade 22087599606 10964 1255

1720986979.1161366 55007308
cloud0_tkemenade 22089805368 11059 1260

1720986980.1185858 55007393
cloud0_tkemenade 22089805368 11100 1265

1720986981.1213856 55007531
cloud0_tkemenade 22089805368 11196 1265

1720986982.1243687 55007676
cloud0_tkemenade 22089805368 11289 1266

1720986983.1273603 55007823
cloud0_tkemenade 22089805368 11389 1266

1720986984.1301513 55007983
cloud0_tkemenade 22089805368 11485 1267

1720986985.1329417 55008120
cloud0_tkemenade 22089805368 11583 1267

1720986986.1357706 55008269
cloud0_tkemenade 22092314609 11683 1267

1720986987.1382484 55008414
cloud0_tkemenade 22092314609 11777 1268

1720986988.1410315 55008532
cloud0_tkemenade 22092314609 11855 1272

1720986989.1430666 55008667
cloud0_tkemenade 22092314609 11941 1277

1720986990.1458225 55008797
cloud0_tkemenade 22092314609 12033 1280

1720986991.1487005 55008929
cloud0_tkemenade 22092314609 12125 1283

1720986992.151226 55009070
cloud0_tkemenade 22092314609 12219 1287

1720986993.1540172 55009205
cloud0_tkemenade 22095011746 12310 1291

1720986994.1568294 55009351
cloud0_tkemenade 22095011746 12407 1293

1720986995.1596215 55009488
cloud0_tkemenade 22095011746 12506 1293

1720986996.1623616 55009635
cloud0_tkemenade 22095011746 12607 1293

1720986997.1650317 55009797
cloud0_tkemenade 22095011746 12705 1294

1720986998.1675053 55009919
cloud0_tkemenade 22095011746 12774 1300

1720986999.1702929 55010051
cloud0_tkemenade 22095011746 12866 1300

1720987000.1728885 55010191
cloud0_tkemenade 22097627520 12965 1300

1720987001.1753135 55010347
cloud0_tkemenade 22097627520 13065 1300

1720987002.1783147 55010502
cloud0_tkemenade 22097627520 13165 1301

1720987003.1810954 55010647
cloud0_tkemenade 22097627520 13262 1302

1720987004.1836817 55010790
cloud0_tkemenade 22097627520 13361 1302

1720987005.1864254 55010933
cloud0_tkemenade 22097627520 13460 1302

1720987006.18865 55011073
cloud0_tkemenade 22097627520 13559 1303

1720987007.1909666 55011219
cloud0_tkemenade 22097627520 13659 1303

1720987007.3919919 55011250
cloud0_tkemenade 22100555648 13679 1303

1720987008.394842 55011361
cloud0_tkemenade 22100555648 13750 1307

1720987009.397638 55011480
cloud0_tkemenade 22100555648 13836 1310

1720987010.4002776 55011619
cloud0_tkemenade 22100555648 13928 1311

1720987011.4027658 55011746
cloud0_tkemenade 22100555648 14008 1311

1720987012.4053557 55011806
cloud0_tkemenade 22100555648 14009 1311

1720987013.4080951 55011850
cloud0_tkemenade 22100555648 14009 1311

1720987014.4106898 55011891
cloud0_tkemenade 22100555648 14010 1311

1720987014.6116912 55011897
cloud0_tkemenade 22101766900 14010 1311

1720987015.6144447 55011961
cloud0_tkemenade 22101766900 14013 1312

1720987016.6171422 55012008
cloud0_tkemenade 22101766900 14014 1312

1720987017.61995 55012043
cloud0_tkemenade 22101766900 14014 1312

1720987018.6227088 55012088
cloud0_tkemenade 22101766900 14014 1312

1720987019.6255105 55012130
cloud0_tkemenade 22101766900 14014 1312

1720987020.62812 55012177
cloud0_tkemenade 22101766900 14015 1312

1720987021.6309156 55012253
cloud0_tkemenade 22101828980 14031 1312

1720987022.6333992 55012293
cloud0_tkemenade 22101828980 14031 1313

1720987023.6357107 55012346
cloud0_tkemenade 22101828980 14032 1313

1720987024.6384926 55012403
cloud0_tkemenade 22101828980 14032 1313

1720987025.6414354 55012464
cloud0_tkemenade 22101828980 14037 1313

1720987026.6438513 55012513
cloud0_tkemenade 22101828980 14037 1313

1720987027.6466765 55012582
cloud0_tkemenade 22101828980 14037 1313

1720987028.6495109 55012641
cloud0_tkemenade 22101856521 14037 1313

1720987029.6520708 55012683
cloud0_tkemenade 22101856521 14037 1313

1720987030.654829 55012735
cloud0_tkemenade 22101856521 14038 1313

1720987031.6576455 55012795
cloud0_tkemenade 22101856521 14038 1314

1720987032.6604714 55012846
cloud0_tkemenade 22101856521 14038 1314

1720987033.6633732 55012898
cloud0_tkemenade 22101856521 14038 1314

1720987034.6661336 55012935
cloud0_tkemenade 22101856521 14038 1314

1720987035.6689756 55012999
cloud0_tkemenade 22101868876 14039 1315

1720987036.6712976 55013046
cloud0_tkemenade 22101868876 14039 1315

1720987037.674 55013096
cloud0_tkemenade 22101868876 14039 1315

1720987038.6765804 55013135
cloud0_tkemenade 22101868876 14039 1315

1720987039.6791577 55013187
cloud0_tkemenade 22101868876 14039 1316

1720987040.6819556 55013227
cloud0_tkemenade 22101868876 14043 1318

1720987041.686654 55013284
cloud0_tkemenade 22101868876 14043 1318

1720987042.6894042 55013331
cloud0_tkemenade 22101893521 14044 1318

1720987043.6919403 55013375
cloud0_tkemenade 22101893521 14044 1318

1720987044.6945837 55013413
cloud0_tkemenade 22101893521 14044 1318

1720987045.6973722 55013460
cloud0_tkemenade 22101893521 14044 1318

1720987046.70019 55013510
cloud0_tkemenade 22101893521 14044 1319

1720987047.7030253 55013560
cloud0_tkemenade 22101893521 14044 1319

1720987048.705823 55013600
cloud0_tkemenade 22101893521 14044 1319

1720987049.7084637 55013651
cloud0_tkemenade 22101893521 14044 1319

1720987049.8092048 55013659
cloud0_tkemenade 22101896551 14044 1319

1720987050.8116 55013699
cloud0_tkemenade 22101896551 14044 1319

1720987051.8142362 55013755
cloud0_tkemenade 22101896551 14044 1319

1720987052.8171122 55013806
cloud0_tkemenade 22101896551 14044 1320

1720987053.8196476 55013858
cloud0_tkemenade 22101896551 14044 1320

1720987054.8223608 55013895
cloud0_tkemenade 22101896551 14044 1320

1720987055.8250072 55013945
cloud0_tkemenade 22101896551 14044 1321

1720987056.8276935 55013992
cloud0_tkemenade 22101905855 14044 1322

1720987057.8300998 55014040
cloud0_tkemenade 22101905855 14044 1322

1720987058.832682 55014086
cloud0_tkemenade 22101905855 14044 1322

1720987059.835156 55014136
cloud0_tkemenade 22101905855 14044 1322

1720987060.837785 55014185
cloud0_tkemenade 22101905855 14045 1322

1720987061.8403714 55014246
cloud0_tkemenade 22101905855 14045 1323

1720987062.8429227 55014312
cloud0_tkemenade 22101905855 14045 1323

1720987063.84564 55014360
cloud0_tkemenade 22101911941 14045 1323

1720987064.8482335 55014399
cloud0_tkemenade 22101911941 14045 1323

1720987065.8505878 55014438
cloud0_tkemenade 22101911941 14045 1324

1720987066.8532612 55014497
cloud0_tkemenade 22101911941 14045 1325

1720987067.8560486 55014537
cloud0_tkemenade 22101911941 14045 1325

1720987068.8587103 55014584
cloud0_tkemenade 22101911941 14045 1325

1720987069.8612483 55014624
cloud0_tkemenade 22101911941 14045 1325

1720987070.864016 55014673
cloud0_tkemenade 22101911941 14045 1325

1720987071.0649927 55014689
cloud0_tkemenade 22101917932 14045 1325

1720987072.067593 55014760
cloud0_tkemenade 22101917932 14045 1325

1720987073.070409 55014798
cloud0_tkemenade 22101917932 14045 1326

1720987074.073199 55014841
cloud0_tkemenade 22101917932 14045 1326

1720987075.0759592 55014877
cloud0_tkemenade 22101917932 14045 1326

1720987076.0788565 55014925
cloud0_tkemenade 22101917932 14045 1327

1720987077.08172 55014984
cloud0_tkemenade 22101917932 14045 1327

1720987078.0844073 55015034
cloud0_tkemenade 22101924113 14045 1327

1720987079.0871258 55015079
cloud0_tkemenade 22101924113 14045 1327

1720987080.0897856 55015136
cloud0_tkemenade 22101924113 14045 1327

1720987081.092335 55015173
cloud0_tkemenade 22101924113 14045 1327

1720987082.095128 55015231
cloud0_tkemenade 22101924113 14045 1327

1720987083.0979667 55015272
cloud0_tkemenade 22101924113 14045 1328

1720987084.100887 55015324
cloud0_tkemenade 22101924113 14045 1328

1720987085.1037605 55015368
cloud0_tkemenade 22101924113 14046 1328

1720987085.2045045 55015373
cloud0_tkemenade 22101930165 14046 1328

1720987086.2071693 55015422
cloud0_tkemenade 22101930165 14046 1328

1720987087.2100062 55015485
cloud0_tkemenade 22101930165 14046 1328

1720987088.2127383 55015558
cloud0_tkemenade 22101930165 14046 1328

1720987089.2154324 55015612
cloud0_tkemenade 22101930165 14046 1328

1720987090.2182164 55015663
cloud0_tkemenade 22101930165 14046 1328

1720987091.2210133 55015703
cloud0_tkemenade 22101930165 14047 1328

1720987092.2238333 55015777
cloud0_tkemenade 22101930165 14047 1328

1720987092.324598 55015783
cloud0_tkemenade 22101933213 14047 1328

1720987093.3273625 55015819
cloud0_tkemenade 22101933213 14047 1329

1720987094.3302352 55015878
cloud0_tkemenade 22101933213 14047 1329

1720987095.332853 55015917
cloud0_tkemenade 22101933213 14047 1329

1720987096.335705 55015961
cloud0_tkemenade 22101933213 14047 1329

1720987097.338467 55016034
cloud0_tkemenade 22101933213 14047 1329

1720987098.3413131 55016086
cloud0_tkemenade 22101933213 14047 1330

1720987099.2433815 55016127
cloud0_tkemenade 22101939351 14047 1330

1720987100.245955 55016170
cloud0_tkemenade 22101939351 14047 1330

1720987101.2486362 55016210
cloud0_tkemenade 22101939351 14047 1330

1720987102.2512014 55016257
cloud0_tkemenade 22101939351 14047 1330

1720987103.2540362 55016302
cloud0_tkemenade 22101939351 14047 1331

1720987104.256597 55016348
cloud0_tkemenade 22101939351 14047 1331

1720987105.2592604 55016397
cloud0_tkemenade 22101939351 14047 1331

1720987106.2618427 55016437
cloud0_tkemenade 22101939351 14047 1331

1720987106.4627779 55016448
cloud0_tkemenade 22101945373 14048 1331

1720987107.4653656 55016503
cloud0_tkemenade 22101945373 14048 1331

1720987108.4681406 55016554
cloud0_tkemenade 22101945373 14048 1331

1720987109.470946 55016599
cloud0_tkemenade 22101945373 14048 1331

1720987110.473806 55016650
cloud0_tkemenade 22101945373 14048 1332

1720987111.4764898 55016695
cloud0_tkemenade 22101945373 14048 1332

1720987112.4792798 55016752
cloud0_tkemenade 22101945373 14048 1332

1720987113.4820442 55016795
cloud0_tkemenade 22101945373 14048 1332

1720987113.6830595 55016810
cloud0_tkemenade 22101948386 14048 1332

1720987114.6856964 55016863
cloud0_tkemenade 22101948386 14049 1332

1720987115.6882837 55016907
cloud0_tkemenade 22101948386 14049 1333

1720987116.6907208 55016951
cloud0_tkemenade 22101948386 14049 1333

1720987117.6933384 55017026
cloud0_tkemenade 22101948386 14049 1333

1720987118.6961055 55017069
cloud0_tkemenade 22101948386 14049 1333

1720987119.6987 55017116
cloud0_tkemenade 22101948386 14049 1334

1720987120.7014256 55017159
cloud0_tkemenade 22101957666 14049 1334

1720987121.70387 55017221
cloud0_tkemenade 22101957666 14049 1334

1720987122.706634 55017267
cloud0_tkemenade 22101957666 14049 1334

1720987123.7093313 55017309
cloud0_tkemenade 22101957666 14049 1334

1720987124.7121801 55017359
cloud0_tkemenade 22101957666 14049 1335

1720987125.714727 55017403
cloud0_tkemenade 22101957666 14049 1335

1720987126.717534 55017449
cloud0_tkemenade 22101957666 14049 1335

1720987127.7201092 55017527
cloud0_tkemenade 22101957666 14049 1335

1720987127.8208585 55017531
cloud0_tkemenade 22101960700 14049 1335

1720987128.8236446 55017579
cloud0_tkemenade 22101960700 14049 1336

1720987129.8263507 55017621
cloud0_tkemenade 22101960700 14049 1336

1720987130.828986 55017677
cloud0_tkemenade 22101960700 14049 1336

1720987131.8313928 55017729
cloud0_tkemenade 22101960700 14049 1336

1720987132.8342881 55017785
cloud0_tkemenade 22101960700 14049 1336

1720987133.836992 55017829
cloud0_tkemenade 22101960700 14049 1337

1720987134.7394407 55017872
cloud0_tkemenade 22101966833 14049 1337

1720987135.7421227 55017911
cloud0_tkemenade 22101966833 14049 1337

1720987136.7447028 55017953
cloud0_tkemenade 22101966833 14049 1337

1720987137.7473648 55018028
cloud0_tkemenade 22101966833 14049 1338

1720987138.749945 55018077
cloud0_tkemenade 22101966833 14049 1338

1720987139.7527068 55018117
cloud0_tkemenade 22101966833 14049 1338

1720987140.7554636 55018165
cloud0_tkemenade 22101966833 14050 1338

1720987141.7582011 55018211
cloud0_tkemenade 22101966833 14050 1338

1720987141.858937 55018221
cloud0_tkemenade 22101972910 14050 1338

1720987142.8617368 55018276
cloud0_tkemenade 22101972910 14050 1338

1720987143.864269 55018328
cloud0_tkemenade 22101972910 14050 1339

1720987144.8669157 55018397
cloud0_tkemenade 22101972910 14050 1339

1720987145.8695993 55018439
cloud0_tkemenade 22101972910 14050 1339

1720987146.8723412 55018489
cloud0_tkemenade 22101972910 14050 1339

1720987147.8750777 55018567
cloud0_tkemenade 22101972910 14050 1339

1720987148.877836 55018631
cloud0_tkemenade 22101979106 14051 1339

1720987149.8801882 55018676
cloud0_tkemenade 22101979106 14051 1340

1720987150.8827417 55018725
cloud0_tkemenade 22101979106 14051 1340

1720987151.8854182 55018775
cloud0_tkemenade 22101979106 14051 1340

1720987152.8881238 55018835
cloud0_tkemenade 22101979106 14051 1340

1720987153.8905938 55018877
cloud0_tkemenade 22101979106 14051 1340

1720987154.8933578 55018924
cloud0_tkemenade 22101979106 14051 1341

1720987155.8961556 55018960
cloud0_tkemenade 22101979106 14051 1341

1720987155.9968488 55018963
cloud0_tkemenade 22101985174 14051 1341

1720987156.9996078 55019014
cloud0_tkemenade 22101985174 14051 1341

1720987158.0023248 55019062
cloud0_tkemenade 22101985174 14051 1341

1720987159.005072 55019120
cloud0_tkemenade 22101985174 14051 1341

1720987160.007858 55019165
cloud0_tkemenade 22101985174 14051 1342

1720987161.0104244 55019207
cloud0_tkemenade 22101985174 14051 1342

1720987162.0130777 55019263
cloud0_tkemenade 22101985174 14051 1342

1720987163.015621 55019317
cloud0_tkemenade 22101985174 14051 1342

1720987163.3168664 55019338
cloud0_tkemenade 22101988139 14051 1342

1720987164.3193605 55019379
cloud0_tkemenade 22101988139 14051 1343

1720987165.3222182 55019429
cloud0_tkemenade 22101988139 14051 1343

1720987166.3250475 55019460
cloud0_tkemenade 22101988139 14051 1343

1720987167.327755 55019506
cloud0_tkemenade 22101988139 14051 1343

1720987168.330436 55019558
cloud0_tkemenade 22101988139 14051 1344

1720987169.3332772 55019622
cloud0_tkemenade 22101988139 14051 1344

1720987170.3360348 55019692
cloud0_tkemenade 22101994299 14051 1344

1720987171.3388298 55019735
cloud0_tkemenade 22101994299 14051 1344

1720987172.3415227 55019792
cloud0_tkemenade 22101994299 14051 1344

1720987173.3440924 55019849
cloud0_tkemenade 22101994299 14051 1344

1720987174.3468845 55019896
cloud0_tkemenade 22101994299 14051 1344

1720987175.3496923 55019948
cloud0_tkemenade 22101994299 14051 1344

1720987176.352259 55019980
cloud0_tkemenade 22101994299 14052 1344

1720987177.2547562 55020029
cloud0_tkemenade 22102000450 14052 1345

1720987178.257367 55020077
cloud0_tkemenade 22102000450 14052 1345

1720987179.2599726 55020137
cloud0_tkemenade 22102000450 14052 1345

1720987180.262719 55020193
cloud0_tkemenade 22102000450 14052 1345

1720987181.265443 55020238
cloud0_tkemenade 22102000450 14052 1345

1720987182.2681272 55020296
cloud0_tkemenade 22102000450 14052 1346

1720987183.2708097 55020346
cloud0_tkemenade 22102000450 14052 1346

1720987184.273361 55020385
cloud0_tkemenade 22102000450 14052 1346

1720987184.3741143 55020394
cloud0_tkemenade 22102003501 14052 1346

1720987185.3766532 55020448
cloud0_tkemenade 22102003501 14052 1346

1720987186.3793888 55020486
cloud0_tkemenade 22102003501 14052 1347

1720987187.3822658 55020549
cloud0_tkemenade 22102003501 14052 1347

1720987188.3849702 55020585
cloud0_tkemenade 22102003501 14052 1347

1720987189.387583 55020640
cloud0_tkemenade 22102003501 14052 1347

1720987190.390249 55020693
cloud0_tkemenade 22102003501 14053 1347

1720987191.3929617 55020730
cloud0_tkemenade 22102003501 14053 1347

1720987191.4936514 55020744
cloud0_tkemenade 22102009600 14053 1347

1720987192.496138 55020796
cloud0_tkemenade 22102009600 14053 1347

1720987193.498753 55020841
cloud0_tkemenade 22102009600 14053 1347

1720987194.5013978 55020886
cloud0_tkemenade 22102009600 14053 1347

1720987195.504121 55020934
cloud0_tkemenade 22102009600 14053 1348

1720987196.5067616 55020969
cloud0_tkemenade 22102009600 14053 1348

1720987197.5094073 55021024
cloud0_tkemenade 22102009600 14053 1348

1720987198.5120807 55021077
cloud0_tkemenade 22102009600 14053 1348

1720987198.6127145 55021084
cloud0_tkemenade 22102012635 14053 1348

1720987199.6153634 55021151
cloud0_tkemenade 22102012635 14053 1349

1720987200.6181803 55021202
cloud0_tkemenade 22102012635 14053 1349

1720987201.6209102 55021250
cloud0_tkemenade 22102012635 14054 1349

1720987202.6234565 55021298
cloud0_tkemenade 22102012635 14054 1349

1720987203.626254 55021351
cloud0_tkemenade 22102012635 14054 1349

1720987204.6290045 55021391
cloud0_tkemenade 22102012635 14054 1349

1720987205.631643 55021453
cloud0_tkemenade 22102012635 14054 1349

1720987205.732373 55021456
cloud0_tkemenade 22102018732 14054 1349

1720987206.7347896 55021489
cloud0_tkemenade 22102018732 14054 1349

1720987207.7376528 55021571
cloud0_tkemenade 22102018732 14054 1350

1720987208.7404923 55021611
cloud0_tkemenade 22102018732 14054 1350

1720987209.7431052 55021679
cloud0_tkemenade 22102018732 14055 1350

1720987210.7458837 55021727
cloud0_tkemenade 22102018732 14055 1350

1720987211.7484975 55021773
cloud0_tkemenade 22102018732 14055 1350

1720987212.6507223 55021828
cloud0_tkemenade 22102024952 14055 1350

1720987213.653052 55021876
cloud0_tkemenade 22102024952 14055 1351

1720987214.6556985 55021908
cloud0_tkemenade 22102024952 14055 1351

1720987215.658506 55021965
cloud0_tkemenade 22102024952 14055 1351

1720987216.6611192 55022006
cloud0_tkemenade 22102024952 14055 1351

1720987217.6639197 55022075
cloud0_tkemenade 22102024952 14055 1351

1720987218.6664352 55022109
cloud0_tkemenade 22102024952 14056 1351

1720987219.6692185 55022153
cloud0_tkemenade 22102024952 14056 1351

1720987219.7699125 55022170
cloud0_tkemenade 22102031046 14056 1351

1720987220.7722917 55022215
cloud0_tkemenade 22102031046 14056 1351

1720987221.7751606 55022267
cloud0_tkemenade 22102031046 14056 1351

1720987222.7780163 55022315
cloud0_tkemenade 22102031046 14056 1351

1720987223.7807677 55022364
cloud0_tkemenade 22102031046 14056 1352

1720987224.783494 55022398
cloud0_tkemenade 22102031046 14056 1352

1720987225.7862473 55022451
cloud0_tkemenade 22102031046 14056 1352

1720987226.7888172 55022486
cloud0_tkemenade 22102031046 14056 1352

1720987226.8895643 55022493
cloud0_tkemenade 22102034088 14056 1352

1720987227.892202 55022559
cloud0_tkemenade 22102034088 14056 1353

1720987228.895033 55022599
cloud0_tkemenade 22102034088 14057 1353

1720987229.8977935 55022644
cloud0_tkemenade 22102034088 14057 1353

1720987230.9007077 55022719
cloud0_tkemenade 22102034088 14057 1353

1720987231.9034293 55022761
cloud0_tkemenade 22102034088 14057 1353

1720987232.9060752 55022806
cloud0_tkemenade 22102034088 14057 1353

1720987233.9087439 55022861
cloud0_tkemenade 22102034088 14058 1353

1720987234.0094159 55022866
cloud0_tkemenade 22102043242 14058 1353

1720987235.0118947 55022911
cloud0_tkemenade 22102043242 14058 1353

1720987236.014518 55022965
cloud0_tkemenade 22102043242 14058 1353

1720987237.017294 55022999
cloud0_tkemenade 22102043242 14059 1353

1720987238.0201268 55023068
cloud0_tkemenade 22102043242 14059 1353

1720987239.0228386 55023114
cloud0_tkemenade 22102043242 14059 1353

1720987240.0255134 55023163
cloud0_tkemenade 22102043242 14059 1353

1720987241.028072 55023245
cloud0_tkemenade 22102043242 14059 1353

1720987241.128836 55023252
cloud0_tkemenade 22102046293 14059 1353

1720987242.1314566 55023314
cloud0_tkemenade 22102046293 14059 1353

1720987243.133903 55023371
cloud0_tkemenade 22102046293 14060 1353

1720987244.1366508 55023417
cloud0_tkemenade 22102046293 14060 1353

1720987245.1392553 55023454
cloud0_tkemenade 22102046293 14060 1353

1720987246.1418002 55023508
cloud0_tkemenade 22102046293 14060 1353

1720987247.1440797 55023543
cloud0_tkemenade 22102046293 14060 1353

1720987248.0466266 55023595
cloud0_tkemenade 22102052455 14060 1354

1720987249.0492487 55023631
cloud0_tkemenade 22102052455 14060 1354

1720987250.0519035 55023683
cloud0_tkemenade 22102052455 14060 1354

1720987251.0543234 55023747
cloud0_tkemenade 22102052455 14060 1354

1720987252.0571284 55023802
cloud0_tkemenade 22102052455 14060 1354

1720987253.0597012 55023847
cloud0_tkemenade 22102052455 14060 1355

1720987254.06245 55023893
cloud0_tkemenade 22102052455 14060 1355

1720987255.065211 55023931
cloud0_tkemenade 22102058671 14061 1355

1720987256.0679832 55023977
cloud0_tkemenade 22102058671 14061 1355

1720987257.0705485 55024024
cloud0_tkemenade 22102058671 14061 1355

1720987258.0732522 55024083
cloud0_tkemenade 22102058671 14061 1355

1720987259.075905 55024126
cloud0_tkemenade 22102058671 14061 1355

1720987260.0786114 55024185
cloud0_tkemenade 22102058671 14061 1356

1720987261.0813637 55024232
cloud0_tkemenade 22102058671 14061 1356

1720987262.0841537 55024299
cloud0_tkemenade 22102058671 14061 1356

1720987262.1849248 55024308
cloud0_tkemenade 22102061722 14061 1356

1720987263.187402 55024356
cloud0_tkemenade 22102061722 14061 1356

1720987264.1902606 55024416
cloud0_tkemenade 22102061722 14061 1356

1720987265.1929474 55024462
cloud0_tkemenade 22102061722 14061 1356

1720987266.1956167 55024518
cloud0_tkemenade 22102061722 14061 1357

1720987267.1984434 55024588
cloud0_tkemenade 22102061722 14061 1357

1720987268.2011008 55024694
cloud0_tkemenade 22102061722 14061 1357

1720987269.2038288 55024751
cloud0_tkemenade 22102064879 14061 1357

1720987270.2065988 55024812
cloud0_tkemenade 22102064879 14065 1358

1720987271.2092247 55024899
cloud0_tkemenade 22102064879 14065 1358

1720987272.212036 55025002
cloud0_tkemenade 22102064879 14066 1358

1720987273.2146318 55025050
cloud0_tkemenade 22102064879 14066 1358

1720987274.21757 55025105
cloud0_tkemenade 22102064879 14066 1358

1720987275.2203987 55025134
cloud0_tkemenade 22102064879 14066 1358

1720987276.222965 55025192
cloud0_tkemenade 22102086917 14066 1359

1720987277.225487 55025231
cloud0_tkemenade 22102086917 14066 1359

1720987278.228242 55025295
cloud0_tkemenade 22102086917 14066 1359

1720987279.2308922 55025338
cloud0_tkemenade 22102086917 14067 1359

1720987280.2337608 55025407
cloud0_tkemenade 22102086917 14067 1359

1720987281.2365668 55025467
cloud0_tkemenade 22102086917 14067 1359

1720987282.2393646 55025531
cloud0_tkemenade 22102086917 14067 1359

1720987283.2420359 55025573
cloud0_tkemenade 22102086917 14067 1359

1720987283.4429142 55025587
cloud0_tkemenade 22102089888 14067 1359

1720987284.4454718 55025637
cloud0_tkemenade 22102089888 14068 1359

1720987285.448114 55025673
cloud0_tkemenade 22102089888 14068 1359

1720987286.4508297 55025719
cloud0_tkemenade 22102089888 14068 1359

1720987287.4536362 55025757
cloud0_tkemenade 22102089888 14068 1360

1720987288.456212 55025809
cloud0_tkemenade 22102089888 14068 1360

1720987289.4588435 55025857
cloud0_tkemenade 22102089888 14068 1360

1720987290.4615438 55025906
cloud0_tkemenade 22102089888 14068 1360

1720987290.5622854 55025915
cloud0_tkemenade 22102095993 14068 1360

1720987291.5646796 55025989
cloud0_tkemenade 22102095993 14068 1361

1720987292.567298 55026039
cloud0_tkemenade 22102095993 14068 1361

1720987293.5700662 55026096
cloud0_tkemenade 22102095993 14068 1361

1720987294.572927 55026141
cloud0_tkemenade 22102095993 14068 1361

1720987295.5756192 55026179
cloud0_tkemenade 22102095993 14068 1361

1720987296.5783749 55026225
cloud0_tkemenade 22102095993 14068 1362

1720987297.5811782 55026260
cloud0_tkemenade 22102095993 14068 1362

1720987297.782154 55026270
cloud0_tkemenade 22102102019 14068 1362

1720987298.784756 55026321
cloud0_tkemenade 22102102019 14068 1362

1720987299.7872434 55026378
cloud0_tkemenade 22102102019 14068 1362

1720987300.7900944 55026429
cloud0_tkemenade 22102102019 14068 1363

1720987301.7928443 55026499
cloud0_tkemenade 22102102019 14069 1363

1720987302.795443 55026548
cloud0_tkemenade 22102102019 14069 1363

1720987303.7982273 55026606
cloud0_tkemenade 22102102019 14069 1363

1720987304.80077 55026643
cloud0_tkemenade 22102108243 14069 1363

1720987305.8034348 55026683
cloud0_tkemenade 22102108243 14069 1363

1720987306.8061986 55026732
cloud0_tkemenade 22102108243 14069 1364

1720987307.8089721 55026777
cloud0_tkemenade 22102108243 14069 1364

1720987308.8118544 55026825
cloud0_tkemenade 22102108243 14069 1364

1720987309.8145273 55026870
cloud0_tkemenade 22102108243 14069 1364

1720987310.8173912 55026911
cloud0_tkemenade 22102108243 14069 1364

1720987311.820186 55026971
cloud0_tkemenade 22102114416 14070 1364

1720987312.822879 55027022
cloud0_tkemenade 22102114416 14070 1365

1720987313.8256087 55027074
cloud0_tkemenade 22102114416 14070 1365

1720987314.8280845 55027128
cloud0_tkemenade 22102114416 14079 1365

1720987315.8306532 55027258
cloud0_tkemenade 22102114416 14079 1365

1720987316.833384 55027587
cloud0_tkemenade 22102114416 14079 1365

1720987317.8362327 55027807
cloud0_tkemenade 22102114416 14079 1365

1720987318.83889 55028055
cloud0_tkemenade 22102114416 14082 1366

1720987318.9393883 55028089
cloud0_tkemenade 22102163721 14082 1366

1720987319.9417899 55028315
cloud0_tkemenade 22102163721 14082 1366

1720987320.9443645 55028397
cloud0_tkemenade 22102163721 14082 1366

1720987321.9470503 55028480
cloud0_tkemenade 22102163721 14082 1366

1720987322.9498978 55028544
cloud0_tkemenade 22102163721 14082 1366

1720987323.9525754 55028604
cloud0_tkemenade 22102163721 14082 1366

1720987324.9552917 55028724
cloud0_tkemenade 22102163721 14083 1366

1720987325.8577452 55028764
cloud0_tkemenade 22102167126 14083 1366

1720987326.8603725 55028821
cloud0_tkemenade 22102167126 14083 1366

1720987327.863095 55028891
cloud0_tkemenade 22102167126 14083 1367

1720987328.8658187 55028963
cloud0_tkemenade 22102167126 14083 1367

1720987329.8684669 55029009
cloud0_tkemenade 22102167126 14083 1367

1720987330.8710833 55029055
cloud0_tkemenade 22102167126 14083 1367

1720987331.8739028 55029113
cloud0_tkemenade 22102167126 14083 1367

1720987332.8764863 55029177
cloud0_tkemenade 22102167126 14083 1367

1720987332.977238 55029188
cloud0_tkemenade 22102170191 14083 1367

1720987333.979733 55029245
cloud0_tkemenade 22102170191 14083 1367

1720987334.9823196 55029305
cloud0_tkemenade 22102170191 14083 1367

1720987335.9847975 55029355
cloud0_tkemenade 22102170191 14084 1367

1720987336.9871702 55029406
cloud0_tkemenade 22102170191 14084 1368

1720987337.989619 55029446
cloud0_tkemenade 22102170191 14084 1368

1720987338.9922264 55029495
cloud0_tkemenade 22102170191 14084 1368

1720987339.9948897 55029539
cloud0_tkemenade 22102170191 14084 1368

1720987340.0956194 55029549
cloud0_tkemenade 22102176267 14084 1368

1720987341.0983777 55029595
cloud0_tkemenade 22102176267 14084 1368

1720987342.100993 55029643
cloud0_tkemenade 22102176267 14084 1368

1720987343.1037786 55029696
cloud0_tkemenade 22102176267 14084 1369

1720987344.106451 55029751
cloud0_tkemenade 22102176267 14084 1369

1720987345.1091142 55029795
cloud0_tkemenade 22102176267 14084 1369

1720987346.1116362 55029837
cloud0_tkemenade 22102176267 14084 1370

1720987347.1145413 55029898
cloud0_tkemenade 22102182444 14084 1370

1720987348.1173244 55029947
cloud0_tkemenade 22102182444 14084 1370

1720987349.120207 55030028
cloud0_tkemenade 22102182444 14084 1370

1720987350.1231394 55030084
cloud0_tkemenade 22102182444 14084 1371

1720987351.125936 55030124
cloud0_tkemenade 22102182444 14084 1371

1720987352.1287146 55030186
cloud0_tkemenade 22102182444 14084 1371

1720987353.1315312 55030236
cloud0_tkemenade 22102182444 14085 1371

1720987354.1342125 55030299
cloud0_tkemenade 22102188654 14085 1371

1720987355.1369758 55030346
cloud0_tkemenade 22102188654 14085 1371

1720987356.1396632 55030393
cloud0_tkemenade 22102188654 14085 1372

1720987357.142262 55030487
cloud0_tkemenade 22102188654 14085 1372

1720987358.14498 55030552
cloud0_tkemenade 22102188654 14085 1372

1720987359.1476936 55030604
cloud0_tkemenade 22102188654 14085 1372

1720987360.150373 55030652
cloud0_tkemenade 22102188654 14085 1372

1720987361.1529 55030693
cloud0_tkemenade 22102194755 14085 1373

1720987362.1556103 55030756
cloud0_tkemenade 22102194755 14085 1373

1720987363.1585007 55030793
cloud0_tkemenade 22102194755 14085 1373

1720987364.1612358 55030855
cloud0_tkemenade 22102194755 14085 1373

1720987365.1638532 55030954
cloud0_tkemenade 22102194755 14085 1373

1720987366.1666846 55031038
cloud0_tkemenade 22102194755 14085 1374

1720987367.1694496 55031089
cloud0_tkemenade 22102194755 14085 1374

1720987368.1722 55031149
cloud0_tkemenade 22102194755 14085 1374

1720987368.2729554 55031154
cloud0_tkemenade 22102197837 14085 1374

1720987369.2753959 55031203
cloud0_tkemenade 22102197837 14085 1374

1720987370.278234 55031265
cloud0_tkemenade 22102197837 14085 1375

1720987371.2809188 55031315
cloud0_tkemenade 22102197837 14085 1375

1720987372.2835336 55031361
cloud0_tkemenade 22102197837 14086 1375

1720987373.2861345 55031403
cloud0_tkemenade 22102197837 14086 1375

1720987374.2887447 55031481
cloud0_tkemenade 22102197837 14086 1375

1720987375.291464 55031525
cloud0_tkemenade 22102197837 14086 1376

1720987375.4923987 55031537
cloud0_tkemenade 22102206857 14086 1376

1720987376.4948857 55031572
cloud0_tkemenade 22102206857 14086 1376

1720987377.4973388 55031621
cloud0_tkemenade 22102206857 14086 1376

1720987378.500174 55031679
cloud0_tkemenade 22102206857 14086 1376

1720987379.502907 55031730
cloud0_tkemenade 22102206857 14086 1376

1720987380.5057037 55031787
cloud0_tkemenade 22102206857 14086 1376

1720987381.5082457 55031822
cloud0_tkemenade 22102206857 14086 1376

1720987382.5109138 55031876
cloud0_tkemenade 22102206857 14086 1377

1720987382.7121854 55031889
cloud0_tkemenade 22102209856 14086 1377

1720987383.7147899 55031943
cloud0_tkemenade 22102209856 14087 1377

1720987384.7175856 55032005
cloud0_tkemenade 22102209856 14087 1377

1720987385.7203026 55032063
cloud0_tkemenade 22102209856 14087 1377

1720987386.7225542 55032094
cloud0_tkemenade 22102209856 14087 1377

1720987387.7252696 55032182
cloud0_tkemenade 22102209856 14087 1377

1720987388.727996 55032244
cloud0_tkemenade 22102209856 14087 1377

1720987389.730768 55032299
cloud0_tkemenade 22102209856 14087 1377

1720987389.8314967 55032304
cloud0_tkemenade 22102212916 14087 1377

1720987390.8339145 55032356
cloud0_tkemenade 22102212916 14087 1377

1720987391.8364437 55032409
cloud0_tkemenade 22102212916 14088 1377

1720987392.8389027 55032466
cloud0_tkemenade 22102212916 14088 1377

1720987393.8414614 55032523
cloud0_tkemenade 22102212916 14088 1377

1720987394.8440993 55032575
cloud0_tkemenade 22102212916 14088 1377

1720987395.8468094 55032623
cloud0_tkemenade 22102212916 14088 1378

1720987396.8495321 55032662
cloud0_tkemenade 22102222064 14089 1378

1720987397.852012 55032719
cloud0_tkemenade 22102222064 14089 1378

1720987398.8548353 55032774
cloud0_tkemenade 22102222064 14089 1378

1720987399.8576934 55032817
cloud0_tkemenade 22102222064 14089 1378

1720987400.86026 55032873
cloud0_tkemenade 22102222064 14089 1378

1720987401.863007 55032913
cloud0_tkemenade 22102222064 14089 1379

1720987402.8657131 55032973
cloud0_tkemenade 22102222064 14089 1379

1720987403.868208 55033011
cloud0_tkemenade 22102225153 14089 1379

1720987404.8708117 55033079
cloud0_tkemenade 22102225153 14089 1379

1720987405.8736382 55033127
cloud0_tkemenade 22102225153 14089 1379

1720987406.8764915 55033165
cloud0_tkemenade 22102225153 14089 1379

1720987407.8791437 55033223
cloud0_tkemenade 22102225153 14089 1380

1720987408.8819363 55033273
cloud0_tkemenade 22102225153 14089 1380

1720987409.8847833 55033323
cloud0_tkemenade 22102225153 14089 1380

1720987410.8871367 55033385
cloud0_tkemenade 22102228246 14089 1380

1720987411.8897667 55033430
cloud0_tkemenade 22102228246 14089 1381

1720987412.8924596 55033483
cloud0_tkemenade 22102228246 14089 1381

1720987413.8952396 55033531
cloud0_tkemenade 22102228246 14089 1381

1720987414.898009 55033593
cloud0_tkemenade 22102228246 14089 1381

1720987415.9007385 55033637
cloud0_tkemenade 22102228246 14089 1381

1720987416.9034584 55033673
cloud0_tkemenade 22102228246 14089 1381

1720987417.9062374 55033728
cloud0_tkemenade 22102228246 14089 1382

1720987418.00695 55033731
cloud0_tkemenade 22102234344 14089 1382

1720987419.0094244 55033782
cloud0_tkemenade 22102234344 14089 1382

1720987420.0121508 55033830
cloud0_tkemenade 22102234344 14090 1382

1720987421.0148876 55033894
cloud0_tkemenade 22102234344 14090 1382

1720987422.0177534 55033951
cloud0_tkemenade 22102234344 14090 1382

1720987423.0205183 55034004
cloud0_tkemenade 22102234344 14090 1382

1720987424.0232575 55034049
cloud0_tkemenade 22102234344 14090 1382

1720987425.025889 55034121
cloud0_tkemenade 22102237445 14090 1382

1720987426.0286858 55034165
cloud0_tkemenade 22102237445 14090 1382

1720987427.0313349 55034198
cloud0_tkemenade 22102237445 14090 1382

1720987428.034114 55034247
cloud0_tkemenade 22102237445 14091 1382

1720987429.03684 55034296
cloud0_tkemenade 22102237445 14091 1382

1720987430.0396302 55034340
cloud0_tkemenade 22102237445 14091 1383

1720987431.0424004 55034394
cloud0_tkemenade 22102237445 14091 1383

1720987431.9449642 55034442
cloud0_tkemenade 22102243620 14091 1383

1720987432.9473782 55034494
cloud0_tkemenade 22102243620 14091 1383

1720987433.9502177 55034540
cloud0_tkemenade 22102243620 14091 1383

1720987434.9528604 55034597
cloud0_tkemenade 22102243620 14091 1383

1720987435.9555197 55034652
cloud0_tkemenade 22102243620 14092 1383

1720987436.9580395 55034691
cloud0_tkemenade 22102243620 14092 1383

1720987437.960591 55034751
cloud0_tkemenade 22102243620 14092 1383

1720987438.9631968 55034793
cloud0_tkemenade 22102243620 14092 1383

1720987439.164191 55034801
cloud0_tkemenade 22102246613 14092 1383

1720987440.1666918 55034846
cloud0_tkemenade 22102246613 14093 1383

1720987441.1695104 55034901
cloud0_tkemenade 22102246613 14093 1383

1720987442.1722932 55034945
cloud0_tkemenade 22102246613 14093 1383

1720987443.1750276 55034995
cloud0_tkemenade 22102246613 14093 1383

1720987444.1778824 55035041
cloud0_tkemenade 22102246613 14094 1383

1720987445.1804414 55035090
cloud0_tkemenade 22102246613 14094 1383

1720987446.1830893 55035143
cloud0_tkemenade 22102246613 14094 1383

1720987446.2838447 55035149
cloud0_tkemenade 22102252742 14094 1383

1720987447.2863638 55035194
cloud0_tkemenade 22102252742 14094 1383

1720987448.2888775 55035271
cloud0_tkemenade 22102252742 14095 1383

1720987449.2915142 55035331
cloud0_tkemenade 22102252742 14095 1383

1720987450.2943163 55035387
cloud0_tkemenade 22102252742 14095 1383

1720987451.2970743 55035453
cloud0_tkemenade 22102252742 14095 1383

1720987452.299904 55035515
cloud0_tkemenade 22102252742 14095 1384

1720987453.302607 55035567
cloud0_tkemenade 22102252742 14095 1384

1720987453.4033086 55035575
cloud0_tkemenade 22102258841 14095 1384

1720987454.4060652 55035625
cloud0_tkemenade 22102258841 14095 1384

1720987455.408779 55035665
cloud0_tkemenade 22102258841 14096 1384

1720987456.411362 55035722
cloud0_tkemenade 22102258841 14096 1384

1720987457.4140823 55035759
cloud0_tkemenade 22102258841 14096 1384

1720987458.4166303 55035825
cloud0_tkemenade 22102258841 14096 1384

1720987459.4191945 55035869
cloud0_tkemenade 22102258841 14096 1384

1720987460.421903 55035926
cloud0_tkemenade 22102265025 14097 1384

1720987461.4247878 55035967
cloud0_tkemenade 22102265025 14097 1384

1720987462.4273999 55036005
cloud0_tkemenade 22102265025 14097 1384

1720987463.4302437 55036056
cloud0_tkemenade 22102265025 14097 1384

1720987464.4328525 55036098
cloud0_tkemenade 22102265025 14098 1384

1720987465.435236 55036144
cloud0_tkemenade 22102265025 14098 1384

1720987466.4380245 55036211
cloud0_tkemenade 22102265025 14098 1384

1720987467.3406136 55036248
cloud0_tkemenade 22102268100 14098 1384

1720987468.3431225 55036309
cloud0_tkemenade 22102268100 14098 1384

1720987469.3456614 55036371
cloud0_tkemenade 22102268100 14098 1384

1720987470.348309 55036429
cloud0_tkemenade 22102268100 14099 1384

1720987471.3509896 55036478
cloud0_tkemenade 22102268100 14100 1384

1720987472.3534026 55036526
cloud0_tkemenade 22102268100 14100 1384

1720987473.355714 55036576
cloud0_tkemenade 22102268100 14100 1384

1720987474.3582675 55036622
cloud0_tkemenade 22102268100 14100 1384

1720987474.4589822 55036630
cloud0_tkemenade 22102274172 14101 1384

1720987475.461595 55036682
cloud0_tkemenade 22102274172 14101 1384

1720987476.4643683 55036746
cloud0_tkemenade 22102274172 14101 1384

1720987477.4671094 55036784
cloud0_tkemenade 22102274172 14101 1384

1720987478.4699252 55036854
cloud0_tkemenade 22102274172 14101 1384

1720987479.4727287 55036895
cloud0_tkemenade 22102274172 14102 1384

1720987480.4755604 55036964
cloud0_tkemenade 22102274172 14102 1384

1720987481.4783802 55037026
cloud0_tkemenade 22102274172 14102 1384

1720987481.5791414 55037037
cloud0_tkemenade 22102280257 14102 1384

1720987482.5820057 55037080
cloud0_tkemenade 22102280257 14102 1384

1720987483.5847838 55037139
cloud0_tkemenade 22102280257 14102 1384

1720987484.5875013 55037181
cloud0_tkemenade 22102280257 14103 1384

1720987485.5902293 55037230
cloud0_tkemenade 22102280257 14103 1384

1720987486.5929503 55037285
cloud0_tkemenade 22102280257 14103 1384

1720987487.59536 55037320
cloud0_tkemenade 22102280257 14103 1384

1720987488.597943 55037384
cloud0_tkemenade 22102280257 14104 1384

1720987488.6986582 55037390
cloud0_tkemenade 22102286335 14104 1384

1720987489.7011814 55037439
cloud0_tkemenade 22102286335 14104 1384

1720987490.70385 55037500
cloud0_tkemenade 22102286335 14104 1384

1720987491.7063377 55037554
cloud0_tkemenade 22102286335 14104 1384

1720987492.709029 55037595
cloud0_tkemenade 22102286335 14104 1384

1720987493.7115853 55037641
cloud0_tkemenade 22102286335 14104 1384

1720987494.714133 55037692
cloud0_tkemenade 22102286335 14104 1384

1720987495.716646 55037733
cloud0_tkemenade 22102286335 14105 1384

1720987495.9175274 55037747
cloud0_tkemenade 22102289331 14105 1384

1720987496.9203033 55037799
cloud0_tkemenade 22102289331 14105 1384

1720987497.9229257 55037834
cloud0_tkemenade 22102289331 14105 1384

1720987498.9257507 55037895
cloud0_tkemenade 22102289331 14105 1384

1720987499.9282644 55037936
cloud0_tkemenade 22102289331 14105 1385

1720987500.9310331 55037988
cloud0_tkemenade 22102289331 14105 1385

1720987501.933747 55038039
cloud0_tkemenade 22102289331 14106 1385

1720987502.9361289 55038089
cloud0_tkemenade 22102289331 14106 1385

1720987503.0368671 55038097
cloud0_tkemenade 22102295420 14106 1385

1720987504.0394201 55038162
cloud0_tkemenade 22102295420 14106 1385

1720987505.0420783 55038218
cloud0_tkemenade 22102295420 14106 1385

1720987506.0448248 55038289
cloud0_tkemenade 22102295420 14106 1385

1720987507.047529 55038334
cloud0_tkemenade 22102295420 14106 1385

1720987508.0501542 55038399
cloud0_tkemenade 22102295420 14107 1385

1720987509.052813 55038461
cloud0_tkemenade 22102295420 14107 1385

1720987510.0554092 55038522
cloud0_tkemenade 22102298470 14107 1385

1720987511.057971 55038588
cloud0_tkemenade 22102298470 14107 1385

1720987512.060769 55038643
cloud0_tkemenade 22102298470 14107 1385

1720987513.063257 55038694
cloud0_tkemenade 22102298470 14107 1386

1720987514.0657723 55038746
cloud0_tkemenade 22102298470 14107 1386

1720987515.0683107 55038805
cloud0_tkemenade 22102298470 14107 1386

1720987516.0708358 55038859
cloud0_tkemenade 22102298470 14108 1386

1720987517.0735695 55038924
cloud0_tkemenade 22102298470 14108 1386

1720987517.1741223 55038929
cloud0_tkemenade 22102304604 14108 1386

1720987518.1766407 55038981
cloud0_tkemenade 22102304604 14108 1386

1720987519.1790283 55039027
cloud0_tkemenade 22102304604 14108 1386

1720987520.18193 55039074
cloud0_tkemenade 22102304604 14108 1386

1720987521.184706 55039133
cloud0_tkemenade 22102304604 14108 1386

1720987522.1874638 55039176
cloud0_tkemenade 22102304604 14109 1386

1720987523.1902804 55039217
cloud0_tkemenade 22102304604 14109 1386

1720987524.1929464 55039268
cloud0_tkemenade 22102307679 14109 1386

1720987525.195669 55039313
cloud0_tkemenade 22102307679 14109 1386

1720987526.1984215 55039364
cloud0_tkemenade 22102307679 14109 1386

1720987527.2011762 55039411
cloud0_tkemenade 22102307679 14109 1386

1720987528.2037942 55039461
cloud0_tkemenade 22102307679 14110 1386

1720987529.206489 55039509
cloud0_tkemenade 22102307679 14110 1386

1720987530.2092204 55039566
cloud0_tkemenade 22102307679 14110 1386

1720987531.211566 55039629
cloud0_tkemenade 22102307679 14111 1386

1720987531.4125018 55039644
cloud0_tkemenade 22102313682 14111 1386

1720987532.4151142 55039694
cloud0_tkemenade 22102313682 14111 1386

1720987533.4178305 55039752
cloud0_tkemenade 22102313682 14111 1386

1720987534.4204836 55039796
cloud0_tkemenade 22102313682 14112 1386

1720987535.4230525 55039842
cloud0_tkemenade 22102313682 14112 1386

1720987536.4258583 55039897
cloud0_tkemenade 22102313682 14112 1387

1720987537.4287415 55039943
cloud0_tkemenade 22102313682 14112 1387

1720987538.4311419 55040006
cloud0_tkemenade 22102313682 14112 1387

1720987538.5318437 55040007
cloud0_tkemenade 22102319776 14112 1387

1720987539.5344164 55040065
cloud0_tkemenade 22102319776 14112 1387

1720987540.53707 55040123
cloud0_tkemenade 22102319776 14112 1387

1720987541.5399363 55040187
cloud0_tkemenade 22102319776 14112 1387

1720987542.542608 55040228
cloud0_tkemenade 22102319776 14112 1388

1720987543.5452104 55040274
cloud0_tkemenade 22102319776 14112 1388

1720987544.5479782 55040323
cloud0_tkemenade 22102319776 14112 1388

1720987545.4505384 55040368
cloud0_tkemenade 22102322863 14112 1388

1720987546.4532092 55040409
cloud0_tkemenade 22102322863 14112 1388

1720987547.455949 55040451
cloud0_tkemenade 22102322863 14112 1388

1720987548.4584343 55040507
cloud0_tkemenade 22102322863 14112 1389

1720987549.4612818 55040561
cloud0_tkemenade 22102322863 14112 1389

1720987550.4640925 55040614
cloud0_tkemenade 22102322863 14113 1389

1720987551.4669042 55040677
cloud0_tkemenade 22102322863 14113 1389

1720987552.4696782 55040711
cloud0_tkemenade 22102322863 14113 1389

1720987552.5704458 55040717
cloud0_tkemenade 22102328972 14113 1389

1720987553.5732038 55040761
cloud0_tkemenade 22102328972 14113 1389

1720987554.5760522 55040801
cloud0_tkemenade 22102328972 14113 1389

1720987555.5788321 55040856
cloud0_tkemenade 22102328972 14113 1389

1720987556.5816798 55040907
cloud0_tkemenade 22102328972 14114 1389

1720987557.5843804 55040948
cloud0_tkemenade 22102328972 14114 1389

1720987558.5869303 55041001
cloud0_tkemenade 22102328972 14114 1390

1720987559.5896 55041057
cloud0_tkemenade 22102335159 14114 1390

