1717267937.5749574 331444824
cloud0_tkemenade 18974004211 2595 349
cloud1_tkemenade 13652817323 2615 342

1717267938.5777254 331444922
cloud0_tkemenade 18974004211 2595 349

1717267938.5782645 331444922
cloud1_tkemenade 13652817323 2615 342

1717267939.5807307 331445062
cloud0_tkemenade 18974004211 2595 349

1717267939.5812697 331445063
cloud1_tkemenade 13652817323 2616 342

1717267940.5836637 331445236
cloud0_tkemenade 18974004211 2595 352

1717267940.5841844 331445236
cloud1_tkemenade 13652817323 2616 344

1717267941.5864184 331445462
cloud0_tkemenade 18974004211 2603 352

1717267941.586973 331445462
cloud1_tkemenade 13652817323 2626 348

1717267942.5894098 331445548
cloud0_tkemenade 18974004211 2603 352

1717267942.5899484 331445548
cloud1_tkemenade 13652817323 2626 348

1717267943.59249 331445670
cloud0_tkemenade 18974004211 2604 352

1717267943.5930355 331445670
cloud1_tkemenade 13652817323 2627 348

1717267944.5955439 331445781
cloud0_tkemenade 18974004211 2604 352

1717267944.5960937 331445781
cloud1_tkemenade 13652817323 2630 349

1717267945.5984716 331445852
cloud0_tkemenade 18974004211 2607 352

1717267945.5989826 331445852
cloud1_tkemenade 13652817323 2632 349

1717267946.6011484 331445933
cloud0_tkemenade 18974004211 2608 352

1717267946.6016717 331445933
cloud1_tkemenade 13652817323 2632 349

