1720963411.3266706 53388410
cloud0_tkemenade 21243317151 9294 1123

1720963412.3292766 53388564
cloud0_tkemenade 21243317151 9393 1125

1720963413.3319263 53388691
cloud0_tkemenade 21243317151 9473 1127

1720963414.335001 53388836
cloud0_tkemenade 21243317151 9575 1131

1720963415.3377507 53388961
cloud0_tkemenade 21243317151 9667 1145

1720963415.538774 53388995
cloud0_tkemenade 21246019092 9687 1148

1720963416.5418572 53389134
cloud0_tkemenade 21246019092 9784 1154

1720963417.5446448 53389258
cloud0_tkemenade 21246019092 9878 1156

1720963418.547601 53389395
cloud0_tkemenade 21246019092 9978 1157

1720963419.55062 53389541
cloud0_tkemenade 21246019092 10077 1159

1720963420.5534925 53389641
cloud0_tkemenade 21246019092 10126 1171

1720963421.5561328 53389748
cloud0_tkemenade 21246019092 10196 1176

1720963422.558579 53389887
cloud0_tkemenade 21248431284 10271 1180

1720963423.5610526 53390028
cloud0_tkemenade 21248431284 10370 1181

1720963424.5639691 53390155
cloud0_tkemenade 21248431284 10462 1183

1720963425.5663655 53390277
cloud0_tkemenade 21248431284 10535 1186

1720963426.5689628 53390365
cloud0_tkemenade 21248431284 10582 1190

1720963427.5718603 53390514
cloud0_tkemenade 21248431284 10680 1191

1720963428.5748398 53390628
cloud0_tkemenade 21248431284 10749 1194

1720963429.577717 53390781
cloud0_tkemenade 21248431284 10835 1197

1720963429.6784601 53390803
cloud0_tkemenade 21250670793 10845 1197

1720963430.6808555 53390924
cloud0_tkemenade 21250670793 10917 1206

1720963431.6835833 53391028
cloud0_tkemenade 21250670793 10977 1213

1720963432.6862795 53391180
cloud0_tkemenade 21250670793 11074 1214

1720963433.689098 53391323
cloud0_tkemenade 21250670793 11171 1214

1720963434.6915603 53391465
cloud0_tkemenade 21250670793 11270 1214

1720963435.6942265 53391613
cloud0_tkemenade 21250670793 11370 1214

1720963436.6967146 53391755
cloud0_tkemenade 21253233445 11470 1214

1720963437.6988702 53391895
cloud0_tkemenade 21253233445 11568 1215

1720963438.7016082 53392006
cloud0_tkemenade 21253233445 11644 1220

1720963439.7041607 53392148
cloud0_tkemenade 21253233445 11729 1224

1720963440.7066326 53392285
cloud0_tkemenade 21253233445 11822 1225

1720963441.7093952 53392420
cloud0_tkemenade 21253233445 11916 1226

1720963442.7121935 53392558
cloud0_tkemenade 21253233445 12008 1227

1720963443.7150257 53392697
cloud0_tkemenade 21255827454 12088 1228

1720963444.7178442 53392837
cloud0_tkemenade 21255827454 12184 1230

1720963445.7205575 53392986
cloud0_tkemenade 21255827454 12282 1231

1720963446.7229772 53393128
cloud0_tkemenade 21255827454 12380 1232

1720963447.7256722 53393279
cloud0_tkemenade 21255827454 12479 1233

1720963448.728338 53393422
cloud0_tkemenade 21255827454 12563 1234

1720963449.731148 53393556
cloud0_tkemenade 21255827454 12643 1241

1720963450.733785 53393694
cloud0_tkemenade 21258545307 12729 1251

1720963451.73642 53393840
cloud0_tkemenade 21258545307 12827 1254

1720963452.7391784 53394006
cloud0_tkemenade 21258545307 12926 1254

1720963453.7420473 53394147
cloud0_tkemenade 21258545307 13024 1256

1720963454.7446258 53394280
cloud0_tkemenade 21258545307 13120 1258

1720963455.7469394 53394428
cloud0_tkemenade 21258545307 13220 1258

1720963456.74948 53394559
cloud0_tkemenade 21258545307 13320 1258

1720963457.7519274 53394703
cloud0_tkemenade 21258545307 13419 1259

1720963457.8526826 53394726
cloud0_tkemenade 21261448087 13429 1259

1720963458.8556037 53394836
cloud0_tkemenade 21261448087 13503 1263

1720963459.8585215 53394962
cloud0_tkemenade 21261448087 13574 1281

1720963460.8613818 53395088
cloud0_tkemenade 21261448087 13654 1293

1720963461.8643572 53395235
cloud0_tkemenade 21261448087 13753 1293

1720963462.8669975 53395313
cloud0_tkemenade 21261448087 13772 1293

1720963463.8696797 53395351
cloud0_tkemenade 21261448087 13773 1293

1720963464.871923 53395392
cloud0_tkemenade 21261448087 13773 1293

1720963464.9726498 53395402
cloud0_tkemenade 21262840193 13773 1293

1720963465.97534 53395442
cloud0_tkemenade 21262840193 13776 1293

1720963466.9780421 53395504
cloud0_tkemenade 21262840193 13776 1293

1720963467.9807074 53395557
cloud0_tkemenade 21262840193 13776 1293

1720963468.9833088 53395593
cloud0_tkemenade 21262840193 13776 1293

1720963469.9858167 53395648
cloud0_tkemenade 21262840193 13776 1294

1720963470.9884834 53395694
cloud0_tkemenade 21262840193 13776 1294

1720963471.9910192 53395746
cloud0_tkemenade 21262840193 13776 1295

1720963472.1920602 53395754
cloud0_tkemenade 21262855244 13776 1295

1720963473.1944947 53395826
cloud0_tkemenade 21262855244 13794 1295

1720963474.1970026 53395868
cloud0_tkemenade 21262855244 13794 1295

1720963475.1996355 53395921
cloud0_tkemenade 21262855244 13794 1295

1720963476.202435 53395966
cloud0_tkemenade 21262855244 13799 1295

1720963477.2050796 53396007
cloud0_tkemenade 21262855244 13799 1295

1720963478.2075803 53396064
cloud0_tkemenade 21262855244 13799 1295

1720963479.210236 53396110
cloud0_tkemenade 21262929078 13800 1295

1720963480.2129095 53396166
cloud0_tkemenade 21262929078 13800 1295

1720963481.2155871 53396216
cloud0_tkemenade 21262929078 13800 1295

1720963482.2183542 53396276
cloud0_tkemenade 21262929078 13800 1295

1720963483.2211068 53396339
cloud0_tkemenade 21262929078 13800 1295

1720963484.2238414 53396385
cloud0_tkemenade 21262929078 13801 1295

1720963485.2266002 53396428
cloud0_tkemenade 21262929078 13801 1295

1720963486.229154 53396472
cloud0_tkemenade 21262929078 13801 1296

1720963486.4301276 53396479
cloud0_tkemenade 21262934999 13801 1296

1720963487.4324987 53396513
cloud0_tkemenade 21262934999 13801 1296

1720963488.4349463 53396573
cloud0_tkemenade 21262934999 13801 1296

1720963489.4375765 53396614
cloud0_tkemenade 21262934999 13801 1296

1720963490.4403365 53396680
cloud0_tkemenade 21262934999 13802 1296

1720963491.4429393 53396731
cloud0_tkemenade 21262934999 13805 1297

1720963492.4455335 53396770
cloud0_tkemenade 21262934999 13805 1297

1720963493.4480062 53396830
cloud0_tkemenade 21262953589 13806 1297

1720963494.4505868 53396874
cloud0_tkemenade 21262953589 13806 1297

1720963495.4531763 53396925
cloud0_tkemenade 21262953589 13806 1298

1720963496.455714 53396967
cloud0_tkemenade 21262953589 13806 1298

1720963497.4582274 53397013
cloud0_tkemenade 21262953589 13806 1298

1720963498.460913 53397068
cloud0_tkemenade 21262953589 13806 1299

1720963499.4634702 53397117
cloud0_tkemenade 21262953589 13806 1299

1720963500.4659984 53397176
cloud0_tkemenade 21262959737 13806 1299

1720963501.4685516 53397225
cloud0_tkemenade 21262959737 13806 1299

1720963502.4710534 53397278
cloud0_tkemenade 21262959737 13806 1300

1720963503.473616 53397338
cloud0_tkemenade 21262959737 13806 1300

1720963504.4763005 53397383
cloud0_tkemenade 21262959737 13806 1300

1720963505.4788888 53397430
cloud0_tkemenade 21262959737 13806 1300

1720963506.48147 53397476
cloud0_tkemenade 21262959737 13806 1301

1720963507.4839947 53397522
cloud0_tkemenade 21262959737 13806 1301

1720963507.5846882 53397529
cloud0_tkemenade 21262965821 13806 1301

1720963508.5872672 53397590
cloud0_tkemenade 21262965821 13806 1301

1720963509.589909 53397632
cloud0_tkemenade 21262965821 13806 1302

1720963510.5926828 53397703
cloud0_tkemenade 21262965821 13806 1302

1720963511.5954018 53397755
cloud0_tkemenade 21262965821 13807 1302

1720963512.5980911 53397813
cloud0_tkemenade 21262965821 13807 1302

1720963513.6005414 53397873
cloud0_tkemenade 21262965821 13807 1302

1720963514.6029232 53397920
cloud0_tkemenade 21262972014 13807 1302

1720963515.6052861 53397968
cloud0_tkemenade 21262972014 13807 1303

1720963516.6079173 53398007
cloud0_tkemenade 21262972014 13807 1303

1720963517.6105702 53398044
cloud0_tkemenade 21262972014 13808 1303

1720963518.613203 53398093
cloud0_tkemenade 21262972014 13808 1303

1720963519.6157055 53398146
cloud0_tkemenade 21262972014 13808 1303

1720963520.6184297 53398199
cloud0_tkemenade 21262972014 13808 1303

1720963521.6209168 53398253
cloud0_tkemenade 21262978069 13808 1303

1720963522.6236007 53398304
cloud0_tkemenade 21262978069 13808 1303

1720963523.6263387 53398352
cloud0_tkemenade 21262978069 13809 1303

1720963524.6290498 53398391
cloud0_tkemenade 21262978069 13809 1303

1720963525.6318223 53398441
cloud0_tkemenade 21262978069 13809 1303

1720963526.634385 53398485
cloud0_tkemenade 21262978069 13809 1303

1720963527.6367502 53398528
cloud0_tkemenade 21262978069 13810 1303

1720963528.639251 53398577
cloud0_tkemenade 21262978069 13810 1303

1720963528.8401968 53398591
cloud0_tkemenade 21262984050 13810 1303

1720963529.8426785 53398650
cloud0_tkemenade 21262984050 13810 1303

1720963530.8451815 53398710
cloud0_tkemenade 21262984050 13810 1303

1720963531.8478122 53398756
cloud0_tkemenade 21262984050 13811 1303

1720963532.8506029 53398811
cloud0_tkemenade 21262984050 13811 1303

1720963533.8533232 53398869
cloud0_tkemenade 21262984050 13811 1303

1720963534.855893 53398914
cloud0_tkemenade 21262984050 13811 1303

1720963535.8584366 53398962
cloud0_tkemenade 21262990217 13812 1303

1720963536.8610551 53398998
cloud0_tkemenade 21262990217 13812 1303

1720963537.863701 53399035
cloud0_tkemenade 21262990217 13812 1303

1720963538.866376 53399090
cloud0_tkemenade 21262990217 13812 1303

1720963539.8690162 53399141
cloud0_tkemenade 21262990217 13812 1304

1720963540.8716035 53399196
cloud0_tkemenade 21262990217 13813 1304

1720963541.8742692 53399252
cloud0_tkemenade 21262990217 13813 1304

1720963542.876483 53399315
cloud0_tkemenade 21262990217 13813 1304

1720963542.9771774 53399319
cloud0_tkemenade 21262996293 13813 1304

1720963543.979691 53399377
cloud0_tkemenade 21262996293 13813 1304

1720963544.982423 53399421
cloud0_tkemenade 21262996293 13813 1304

1720963545.985094 53399473
cloud0_tkemenade 21262996293 13814 1304

1720963546.987762 53399513
cloud0_tkemenade 21262996293 13814 1304

1720963547.990424 53399553
cloud0_tkemenade 21262996293 13814 1304

1720963548.9930208 53399608
cloud0_tkemenade 21262996293 13814 1304

1720963549.9956229 53399674
cloud0_tkemenade 21262999369 13814 1304

1720963550.9980736 53399732
cloud0_tkemenade 21262999369 13815 1304

1720963552.0008163 53399785
cloud0_tkemenade 21262999369 13815 1304

1720963553.0034552 53399834
cloud0_tkemenade 21262999369 13815 1304

1720963554.0061646 53399884
cloud0_tkemenade 21262999369 13815 1304

1720963555.0088332 53399923
cloud0_tkemenade 21262999369 13815 1304

1720963556.0113158 53399974
cloud0_tkemenade 21262999369 13816 1304

1720963557.013905 53400013
cloud0_tkemenade 21263005558 13816 1304

1720963558.0165915 53400046
cloud0_tkemenade 21263005558 13816 1304

1720963559.0192297 53400097
cloud0_tkemenade 21263005558 13816 1304

1720963560.0217505 53400161
cloud0_tkemenade 21263005558 13817 1304

1720963561.0243099 53400221
cloud0_tkemenade 21263005558 13817 1304

1720963562.0269773 53400281
cloud0_tkemenade 21263005558 13817 1304

1720963563.029636 53400332
cloud0_tkemenade 21263005558 13817 1304

1720963564.032316 53400394
cloud0_tkemenade 21263008606 13817 1304

1720963565.0348752 53400440
cloud0_tkemenade 21263008606 13818 1304

1720963566.0374343 53400489
cloud0_tkemenade 21263008606 13818 1304

1720963567.0399613 53400537
cloud0_tkemenade 21263008606 13818 1304

1720963568.0425808 53400581
cloud0_tkemenade 21263008606 13818 1304

1720963569.045234 53400646
cloud0_tkemenade 21263008606 13819 1304

1720963570.0478647 53400698
cloud0_tkemenade 21263008606 13819 1305

1720963571.0503998 53400756
cloud0_tkemenade 21263017822 13819 1305

1720963572.0529826 53400832
cloud0_tkemenade 21263017822 13819 1305

1720963573.055247 53400883
cloud0_tkemenade 21263017822 13819 1305

1720963574.0580094 53400930
cloud0_tkemenade 21263017822 13820 1305

1720963575.060717 53400973
cloud0_tkemenade 21263017822 13820 1305

1720963576.0633528 53401025
cloud0_tkemenade 21263017822 13820 1305

1720963577.0659559 53401064
cloud0_tkemenade 21263017822 13820 1305

1720963578.0684805 53401103
cloud0_tkemenade 21263023992 13821 1305

1720963579.0711405 53401159
cloud0_tkemenade 21263023992 13821 1305

1720963580.0737698 53401226
cloud0_tkemenade 21263023992 13821 1305

1720963581.0763426 53401286
cloud0_tkemenade 21263023992 13821 1305

1720963582.0789456 53401336
cloud0_tkemenade 21263023992 13822 1305

1720963583.0815234 53401380
cloud0_tkemenade 21263023992 13822 1305

1720963584.0840135 53401456
cloud0_tkemenade 21263023992 13822 1305

1720963585.086627 53401499
cloud0_tkemenade 21263023992 13822 1305

1720963585.2875772 53401509
cloud0_tkemenade 21263026985 13822 1305

1720963586.2901235 53401558
cloud0_tkemenade 21263026985 13822 1305

1720963587.2927787 53401611
cloud0_tkemenade 21263026985 13823 1305

1720963588.2954392 53401644
cloud0_tkemenade 21263026985 13823 1305

1720963589.2981288 53401692
cloud0_tkemenade 21263026985 13824 1305

1720963590.3007061 53401762
cloud0_tkemenade 21263026985 13824 1305

1720963591.3032558 53401814
cloud0_tkemenade 21263026985 13824 1306

1720963592.305846 53401872
cloud0_tkemenade 21263036249 13824 1306

1720963593.3083737 53401916
cloud0_tkemenade 21263036249 13824 1306

1720963594.311115 53401982
cloud0_tkemenade 21263036249 13824 1306

1720963595.3137758 53402019
cloud0_tkemenade 21263036249 13824 1306

1720963596.3164308 53402062
cloud0_tkemenade 21263036249 13824 1306

1720963597.3189943 53402098
cloud0_tkemenade 21263036249 13825 1306

1720963598.3216298 53402140
cloud0_tkemenade 21263036249 13825 1306

1720963599.2239847 53402196
cloud0_tkemenade 21263039331 13825 1306

1720963600.2265794 53402245
cloud0_tkemenade 21263039331 13826 1306

1720963601.229247 53402295
cloud0_tkemenade 21263039331 13826 1306

1720963602.2319334 53402357
cloud0_tkemenade 21263039331 13826 1306

1720963603.2344308 53402405
cloud0_tkemenade 21263039331 13826 1306

1720963604.2372816 53402482
cloud0_tkemenade 21263039331 13826 1306

1720963605.2400224 53402536
cloud0_tkemenade 21263039331 13827 1306

1720963606.2426758 53402573
cloud0_tkemenade 21263039331 13827 1307

1720963606.343407 53402589
cloud0_tkemenade 21263048490 13827 1307

1720963607.3458412 53402638
cloud0_tkemenade 21263048490 13827 1307

1720963608.3485038 53402672
cloud0_tkemenade 21263048490 13827 1307

1720963609.3510573 53402721
cloud0_tkemenade 21263048490 13827 1307

1720963610.3535755 53402786
cloud0_tkemenade 21263048490 13827 1307

1720963611.356253 53402843
cloud0_tkemenade 21263048490 13827 1307

1720963612.3588758 53402894
cloud0_tkemenade 21263048490 13827 1307

1720963613.3614402 53402932
cloud0_tkemenade 21263051570 13827 1308

1720963614.3641708 53403002
cloud0_tkemenade 21263051570 13828 1308

1720963615.3668876 53403048
cloud0_tkemenade 21263051570 13828 1308

1720963616.3695846 53403094
cloud0_tkemenade 21263051570 13828 1308

1720963617.3722494 53403142
cloud0_tkemenade 21263051570 13828 1308

1720963618.3748126 53403174
cloud0_tkemenade 21263051570 13828 1308

1720963619.3775256 53403233
cloud0_tkemenade 21263051570 13828 1308

1720963620.3801253 53403295
cloud0_tkemenade 21263051570 13828 1308

1720963620.4808543 53403308
cloud0_tkemenade 21263054619 13828 1308

1720963621.4834418 53403357
cloud0_tkemenade 21263054619 13828 1308

1720963622.4860828 53403413
cloud0_tkemenade 21263054619 13828 1309

1720963623.4886935 53403462
cloud0_tkemenade 21263054619 13828 1309

1720963624.4912949 53403530
cloud0_tkemenade 21263054619 13828 1309

1720963625.4939556 53403582
cloud0_tkemenade 21263054619 13828 1309

1720963626.4967215 53403639
cloud0_tkemenade 21263054619 13828 1309

1720963627.4992948 53403694
cloud0_tkemenade 21263054619 13828 1310

1720963627.60001 53403700
cloud0_tkemenade 21263060749 13828 1310

1720963628.602377 53403755
cloud0_tkemenade 21263060749 13829 1310

1720963629.6049755 53403818
cloud0_tkemenade 21263060749 13829 1310

1720963630.6075716 53403876
cloud0_tkemenade 21263060749 13830 1310

1720963631.6102371 53403926
cloud0_tkemenade 21263060749 13830 1310

1720963632.6129246 53403983
cloud0_tkemenade 21263060749 13830 1310

1720963633.6155827 53404028
cloud0_tkemenade 21263060749 13830 1310

1720963634.6181586 53404095
cloud0_tkemenade 21263066894 13830 1310

1720963635.6209245 53404151
cloud0_tkemenade 21263066894 13830 1310

1720963636.6235871 53404191
cloud0_tkemenade 21263066894 13830 1311

1720963637.6261094 53404229
cloud0_tkemenade 21263066894 13830 1311

1720963638.628762 53404264
cloud0_tkemenade 21263066894 13830 1311

1720963639.6314976 53404325
cloud0_tkemenade 21263066894 13830 1311

1720963640.6342337 53404383
cloud0_tkemenade 21263066894 13830 1311

1720963641.6367137 53404426
cloud0_tkemenade 21263066894 13830 1312

1720963641.8376741 53404440
cloud0_tkemenade 21263072904 13830 1312

1720963642.8401248 53404487
cloud0_tkemenade 21263072904 13831 1312

1720963643.8425531 53404534
cloud0_tkemenade 21263072904 13831 1312

1720963644.8451118 53404596
cloud0_tkemenade 21263072904 13831 1312

1720963645.8477902 53404650
cloud0_tkemenade 21263072904 13831 1312

1720963646.8504665 53404693
cloud0_tkemenade 21263072904 13831 1312

1720963647.8529541 53404734
cloud0_tkemenade 21263072904 13831 1312

1720963648.855259 53404784
cloud0_tkemenade 21263079076 13831 1313

1720963649.8577003 53404839
cloud0_tkemenade 21263079076 13831 1313

1720963650.86038 53404904
cloud0_tkemenade 21263079076 13831 1313

1720963651.8629282 53404959
cloud0_tkemenade 21263079076 13831 1313

1720963652.8652813 53405006
cloud0_tkemenade 21263079076 13831 1313

1720963653.8675005 53405051
cloud0_tkemenade 21263079076 13831 1313

1720963654.8700316 53405097
cloud0_tkemenade 21263079076 13832 1313

1720963655.8726356 53405154
cloud0_tkemenade 21263082181 13832 1313

1720963656.875146 53405198
cloud0_tkemenade 21263082181 13832 1314

1720963657.87772 53405238
cloud0_tkemenade 21263082181 13832 1314

1720963658.8802435 53405274
cloud0_tkemenade 21263082181 13832 1314

1720963659.882769 53405334
cloud0_tkemenade 21263082181 13832 1314

1720963660.8853595 53405381
cloud0_tkemenade 21263082181 13832 1314

1720963661.8877861 53405436
cloud0_tkemenade 21263082181 13832 1315

1720963662.8902917 53405479
cloud0_tkemenade 21263082181 13832 1315

1720963662.9909995 53405484
cloud0_tkemenade 21263088276 13832 1315

1720963663.9934778 53405535
cloud0_tkemenade 21263088276 13833 1315

1720963664.9959168 53405585
cloud0_tkemenade 21263088276 13833 1315

1720963665.9984832 53405643
cloud0_tkemenade 21263088276 13833 1315

1720963667.0012124 53405687
cloud0_tkemenade 21263088276 13833 1316

1720963668.003769 53405727
cloud0_tkemenade 21263088276 13833 1316

1720963669.00641 53405763
cloud0_tkemenade 21263088276 13833 1316

1720963670.0089245 53405833
cloud0_tkemenade 21263088276 13833 1316

1720963670.1096504 53405838
cloud0_tkemenade 21263094383 13833 1316

1720963671.1121488 53405903
cloud0_tkemenade 21263094383 13833 1317

1720963672.1148388 53405959
cloud0_tkemenade 21263094383 13833 1317

1720963673.1175275 53406001
cloud0_tkemenade 21263094383 13833 1317

1720963674.120162 53406045
cloud0_tkemenade 21263094383 13833 1317

1720963675.1228237 53406091
cloud0_tkemenade 21263094383 13833 1318

1720963676.125578 53406166
cloud0_tkemenade 21263094383 13833 1318

1720963677.1280396 53406212
cloud0_tkemenade 21263094383 13833 1318

1720963677.228751 53406226
cloud0_tkemenade 21263100434 13833 1318

1720963678.2312284 53406262
cloud0_tkemenade 21263100434 13833 1318

1720963679.2339156 53406300
cloud0_tkemenade 21263100434 13833 1319

1720963680.2365665 53406362
cloud0_tkemenade 21263100434 13833 1319

1720963681.2391138 53406418
cloud0_tkemenade 21263100434 13833 1319

1720963682.2418199 53406488
cloud0_tkemenade 21263100434 13833 1319

1720963683.2442975 53406521
cloud0_tkemenade 21263100434 13833 1319

1720963684.246867 53406580
cloud0_tkemenade 21263100434 13833 1320

1720963684.347603 53406592
cloud0_tkemenade 21263106527 13833 1320

1720963685.3502395 53406646
cloud0_tkemenade 21263106527 13833 1320

1720963686.3529782 53406688
cloud0_tkemenade 21263106527 13833 1320

1720963687.355593 53406740
cloud0_tkemenade 21263106527 13833 1320

1720963688.3582406 53406802
cloud0_tkemenade 21263106527 13834 1320

1720963689.3608847 53406842
cloud0_tkemenade 21263106527 13834 1320

1720963690.3632889 53406901
cloud0_tkemenade 21263106527 13834 1320

1720963691.3658454 53406973
cloud0_tkemenade 21263109637 13834 1320

1720963692.368495 53407054
cloud0_tkemenade 21263109637 13834 1321

1720963693.371035 53407096
cloud0_tkemenade 21263109637 13835 1321

1720963694.3737152 53407141
cloud0_tkemenade 21263109637 13835 1321

1720963695.3762364 53407196
cloud0_tkemenade 21263109637 13835 1321

1720963696.3789175 53407258
cloud0_tkemenade 21263109637 13835 1321

1720963697.381452 53407307
cloud0_tkemenade 21263109637 13835 1322

1720963698.3839283 53407343
cloud0_tkemenade 21263109637 13835 1322

1720963698.4845974 53407349
cloud0_tkemenade 21263118777 13835 1322

1720963699.4870098 53407389
cloud0_tkemenade 21263118777 13835 1322

1720963700.4896777 53407455
cloud0_tkemenade 21263118777 13835 1322

1720963701.4923387 53407505
cloud0_tkemenade 21263118777 13835 1322

1720963702.4947739 53407574
cloud0_tkemenade 21263118777 13835 1322

1720963703.4972827 53407620
cloud0_tkemenade 21263118777 13836 1322

1720963704.4999325 53407670
cloud0_tkemenade 21263118777 13836 1322

1720963705.5023127 53407723
cloud0_tkemenade 21263121847 13836 1322

1720963706.5047185 53407785
cloud0_tkemenade 21263121847 13836 1322

1720963707.5071158 53407846
cloud0_tkemenade 21263121847 13836 1322

1720963708.5097923 53407880
cloud0_tkemenade 21263121847 13836 1323

1720963709.5123148 53407918
cloud0_tkemenade 21263121847 13836 1323

1720963710.5149164 53407978
cloud0_tkemenade 21263121847 13836 1323

1720963711.5175152 53408045
cloud0_tkemenade 21263121847 13836 1323

1720963712.4199445 53408108
cloud0_tkemenade 21263124941 13836 1323

1720963713.4226017 53408146
cloud0_tkemenade 21263124941 13837 1323

1720963714.4250498 53408187
cloud0_tkemenade 21263124941 13837 1323

1720963715.4277048 53408232
cloud0_tkemenade 21263124941 13837 1323

1720963716.430438 53408284
cloud0_tkemenade 21263124941 13837 1323

1720963717.4330022 53408341
cloud0_tkemenade 21263124941 13837 1324

1720963718.4357436 53408382
cloud0_tkemenade 21263124941 13838 1324

1720963719.4384837 53408422
cloud0_tkemenade 21263124941 13838 1324

1720963719.5391874 53408429
cloud0_tkemenade 21263134115 13838 1324

1720963720.5416975 53408488
cloud0_tkemenade 21263134115 13838 1324

1720963721.544188 53408544
cloud0_tkemenade 21263134115 13838 1324

1720963722.5468178 53408604
cloud0_tkemenade 21263134115 13841 1325

1720963723.5494711 53408653
cloud0_tkemenade 21263134115 13842 1325

1720963724.5519862 53408696
cloud0_tkemenade 21263134115 13842 1325

1720963725.554562 53408743
cloud0_tkemenade 21263134115 13842 1325

1720963726.5570374 53408800
cloud0_tkemenade 21263149553 13842 1325

1720963727.5594795 53408863
cloud0_tkemenade 21263149553 13842 1325

1720963728.562171 53408901
cloud0_tkemenade 21263149553 13842 1326

1720963729.564793 53408943
cloud0_tkemenade 21263149553 13842 1326

1720963730.567243 53409011
cloud0_tkemenade 21263149553 13842 1326

1720963731.5696733 53409068
cloud0_tkemenade 21263149553 13842 1326

1720963732.5723038 53409124
cloud0_tkemenade 21263149553 13842 1326

1720963733.5748026 53409178
cloud0_tkemenade 21263155736 13843 1326

1720963734.5775094 53409228
cloud0_tkemenade 21263155736 13843 1326

1720963735.5799716 53409282
cloud0_tkemenade 21263155736 13843 1326

1720963736.5825775 53409333
cloud0_tkemenade 21263155736 13843 1326

1720963737.5851831 53409391
cloud0_tkemenade 21263155736 13843 1326

1720963738.5878582 53409427
cloud0_tkemenade 21263155736 13844 1326

1720963739.590558 53409476
cloud0_tkemenade 21263155736 13844 1326

1720963740.5931933 53409526
cloud0_tkemenade 21263155736 13844 1326

1720963740.794077 53409539
cloud0_tkemenade 21263158746 13844 1326

1720963741.79674 53409592
cloud0_tkemenade 21263158746 13844 1327

1720963742.7990947 53409650
cloud0_tkemenade 21263158746 13844 1327

1720963743.801599 53409704
cloud0_tkemenade 21263158746 13845 1327

1720963744.804115 53409754
cloud0_tkemenade 21263158746 13845 1327

1720963745.8065898 53409804
cloud0_tkemenade 21263158746 13845 1327

1720963746.8092651 53409845
cloud0_tkemenade 21263158746 13845 1327

1720963747.8117297 53409931
cloud0_tkemenade 21263168055 13846 1327

1720963748.8144083 53409974
cloud0_tkemenade 21263168055 13846 1327

1720963749.8168359 53410028
cloud0_tkemenade 21263168055 13846 1327

1720963750.8192897 53410082
cloud0_tkemenade 21263168055 13846 1327

1720963751.8219533 53410147
cloud0_tkemenade 21263168055 13846 1327

1720963752.824519 53410216
cloud0_tkemenade 21263168055 13847 1327

1720963753.8266943 53410257
cloud0_tkemenade 21263168055 13847 1328

1720963754.8290656 53410304
cloud0_tkemenade 21263168055 13847 1328

1720963754.9298036 53410315
cloud0_tkemenade 21263174045 13847 1328

1720963755.932252 53410370
cloud0_tkemenade 21263174045 13847 1328

1720963756.9346793 53410408
cloud0_tkemenade 21263174045 13847 1328

1720963757.9373512 53410473
cloud0_tkemenade 21263174045 13848 1328

1720963758.9399111 53410498
cloud0_tkemenade 21263174045 13848 1328

1720963759.942552 53410546
cloud0_tkemenade 21263174045 13848 1328

1720963760.94518 53410597
cloud0_tkemenade 21263174045 13848 1328

1720963761.9477232 53410652
cloud0_tkemenade 21263174045 13848 1328

1720963762.0484507 53410659
cloud0_tkemenade 21263177082 13848 1328

1720963763.0508952 53410716
cloud0_tkemenade 21263177082 13848 1328

1720963764.0535414 53410759
cloud0_tkemenade 21263177082 13849 1328

1720963765.0559747 53410806
cloud0_tkemenade 21263177082 13849 1328

1720963766.0585303 53410860
cloud0_tkemenade 21263177082 13849 1328

1720963767.0611646 53410915
cloud0_tkemenade 21263177082 13859 1329

1720963768.063796 53410976
cloud0_tkemenade 21263177082 13859 1329

1720963769.0663707 53411012
cloud0_tkemenade 21263177082 13859 1329

1720963769.166944 53411022
cloud0_tkemenade 21263213601 13859 1329

1720963770.169532 53411084
cloud0_tkemenade 21263213601 13864 1329

1720963771.1720953 53411130
cloud0_tkemenade 21263213601 13864 1329

1720963772.1747668 53411178
cloud0_tkemenade 21263213601 13864 1330

1720963773.1774333 53411233
cloud0_tkemenade 21263213601 13864 1330

1720963774.180031 53411287
cloud0_tkemenade 21263213601 13865 1330

1720963775.1827252 53411331
cloud0_tkemenade 21263213601 13865 1330

1720963776.185291 53411380
cloud0_tkemenade 21263213601 13865 1330

1720963776.2859566 53411389
cloud0_tkemenade 21263234843 13865 1330

1720963777.2885523 53411435
cloud0_tkemenade 21263234843 13865 1330

1720963778.2911897 53411498
cloud0_tkemenade 21263234843 13865 1330

1720963779.2938864 53411532
cloud0_tkemenade 21263234843 13865 1330

1720963780.2964902 53411578
cloud0_tkemenade 21263234843 13865 1330

1720963781.2989705 53411630
cloud0_tkemenade 21263234843 13865 1330

1720963782.3015802 53411682
cloud0_tkemenade 21263234843 13865 1330

1720963783.304019 53411736
cloud0_tkemenade 21263237930 13866 1330

1720963784.306502 53411797
cloud0_tkemenade 21263237930 13866 1330

1720963785.3090465 53411829
cloud0_tkemenade 21263237930 13866 1330

1720963786.3116472 53411895
cloud0_tkemenade 21263237930 13866 1330

1720963787.3143208 53411926
cloud0_tkemenade 21263237930 13866 1331

1720963788.3171062 53411994
cloud0_tkemenade 21263237930 13866 1331

1720963789.319764 53412040
cloud0_tkemenade 21263237930 13866 1331

1720963790.2232277 53412090
cloud0_tkemenade 21263241009 13866 1331

1720963791.2258754 53412133
cloud0_tkemenade 21263241009 13866 1331

1720963792.2284865 53412194
cloud0_tkemenade 21263241009 13866 1332

1720963793.231134 53412248
cloud0_tkemenade 21263241009 13866 1332

1720963794.2338216 53412311
cloud0_tkemenade 21263241009 13866 1332

1720963795.2364595 53412344
cloud0_tkemenade 21263241009 13866 1332

1720963796.2390292 53412396
cloud0_tkemenade 21263241009 13867 1332

1720963797.2416055 53412435
cloud0_tkemenade 21263241009 13867 1332

1720963797.3423462 53412448
cloud0_tkemenade 21263247104 13867 1332

1720963798.344931 53412498
cloud0_tkemenade 21263247104 13867 1332

1720963799.347713 53412544
cloud0_tkemenade 21263247104 13868 1332

1720963800.3503587 53412598
cloud0_tkemenade 21263247104 13868 1332

1720963801.353056 53412645
cloud0_tkemenade 21263247104 13868 1332

1720963802.355757 53412703
cloud0_tkemenade 21263247104 13868 1332

1720963803.3583732 53412762
cloud0_tkemenade 21263247104 13868 1333

1720963804.3608587 53412824
cloud0_tkemenade 21263253281 13868 1333

1720963805.3634834 53412857
cloud0_tkemenade 21263253281 13868 1333

1720963806.3662302 53412923
cloud0_tkemenade 21263253281 13868 1333

1720963807.3689318 53412968
cloud0_tkemenade 21263253281 13868 1333

1720963808.3714993 53413031
cloud0_tkemenade 21263253281 13869 1333

1720963809.3741693 53413093
cloud0_tkemenade 21263253281 13869 1333

1720963810.3768404 53413144
cloud0_tkemenade 21263253281 13869 1333

1720963811.3792245 53413198
cloud0_tkemenade 21263253281 13869 1333

1720963811.4798794 53413207
cloud0_tkemenade 21263256354 13869 1333

1720963812.482432 53413281
cloud0_tkemenade 21263256354 13869 1333

1720963813.485128 53413341
cloud0_tkemenade 21263256354 13869 1334

1720963814.4878087 53413392
cloud0_tkemenade 21263256354 13869 1334

1720963815.4904768 53413433
cloud0_tkemenade 21263256354 13869 1334

1720963816.4931629 53413491
cloud0_tkemenade 21263256354 13869 1335

1720963817.495482 53413538
cloud0_tkemenade 21263256354 13869 1335

1720963818.4981475 53413594
cloud0_tkemenade 21263256354 13869 1335

1720963818.5988827 53413601
cloud0_tkemenade 21263262443 13869 1335

1720963819.6014974 53413656
cloud0_tkemenade 21263262443 13869 1335

1720963820.6040785 53413709
cloud0_tkemenade 21263262443 13869 1336

1720963821.606553 53413758
cloud0_tkemenade 21263262443 13869 1336

1720963822.609055 53413821
cloud0_tkemenade 21263262443 13870 1336

1720963823.61169 53413869
cloud0_tkemenade 21263262443 13870 1336

1720963824.6143694 53413912
cloud0_tkemenade 21263262443 13870 1336

1720963825.5168004 53413952
cloud0_tkemenade 21263268655 13870 1336

1720963826.518843 53414010
cloud0_tkemenade 21263268655 13870 1336

1720963827.521516 53414072
cloud0_tkemenade 21263268655 13870 1337

1720963828.5241475 53414133
cloud0_tkemenade 21263268655 13870 1337

1720963829.5268083 53414176
cloud0_tkemenade 21263268655 13871 1337

1720963830.5294309 53414223
cloud0_tkemenade 21263268655 13871 1337

1720963831.5319703 53414280
cloud0_tkemenade 21263268655 13871 1337

1720963832.5345683 53414342
cloud0_tkemenade 21263268655 13871 1337

1720963832.6350942 53414358
cloud0_tkemenade 21263274772 13871 1337

1720963833.6375988 53414416
cloud0_tkemenade 21263274772 13871 1337

1720963834.6402214 53414468
cloud0_tkemenade 21263274772 13871 1338

1720963835.642599 53414508
cloud0_tkemenade 21263274772 13871 1338

1720963836.6452255 53414558
cloud0_tkemenade 21263274772 13872 1338

1720963837.6475935 53414611
cloud0_tkemenade 21263274772 13872 1338

1720963838.650191 53414664
cloud0_tkemenade 21263274772 13872 1338

1720963839.6526966 53414726
cloud0_tkemenade 21263280934 13872 1338

1720963840.6552606 53414771
cloud0_tkemenade 21263280934 13872 1338

1720963841.6578562 53414829
cloud0_tkemenade 21263280934 13872 1338

1720963842.660675 53414900
cloud0_tkemenade 21263280934 13872 1339

1720963843.6633232 53414948
cloud0_tkemenade 21263280934 13872 1339

1720963844.6660807 53415004
cloud0_tkemenade 21263280934 13872 1339

1720963845.6686962 53415044
cloud0_tkemenade 21263280934 13872 1339

1720963846.671255 53415090
cloud0_tkemenade 21263284025 13872 1339

1720963847.6739166 53415141
cloud0_tkemenade 21263284025 13873 1339

1720963848.6765702 53415190
cloud0_tkemenade 21263284025 13873 1339

1720963849.6791532 53415235
cloud0_tkemenade 21263284025 13873 1339

1720963850.68179 53415290
cloud0_tkemenade 21263284025 13873 1339

1720963851.684282 53415354
cloud0_tkemenade 21263284025 13874 1339

1720963852.686719 53415408
cloud0_tkemenade 21263284025 13874 1339

1720963853.6893084 53415460
cloud0_tkemenade 21263284025 13874 1339

1720963853.7900088 53415469
cloud0_tkemenade 21263290108 13874 1339

1720963854.7924805 53415518
cloud0_tkemenade 21263290108 13874 1339

1720963855.7950876 53415550
cloud0_tkemenade 21263290108 13874 1339

1720963856.7977085 53415607
cloud0_tkemenade 21263290108 13875 1340

1720963857.8003113 53415657
cloud0_tkemenade 21263290108 13875 1340

1720963858.8030396 53415712
cloud0_tkemenade 21263290108 13875 1340

1720963859.805652 53415756
cloud0_tkemenade 21263290108 13876 1340

1720963860.8080575 53415831
cloud0_tkemenade 21263299353 13876 1340

1720963861.8106675 53415886
cloud0_tkemenade 21263299353 13876 1340

1720963862.813462 53415943
cloud0_tkemenade 21263299353 13877 1340

1720963863.8160245 53415994
cloud0_tkemenade 21263299353 13877 1340

1720963864.8183784 53416037
cloud0_tkemenade 21263299353 13877 1340

1720963865.820784 53416088
cloud0_tkemenade 21263299353 13877 1340

1720963866.823089 53416153
cloud0_tkemenade 21263299353 13877 1340

1720963867.7253423 53416214
cloud0_tkemenade 21263305507 13878 1340

1720963868.727652 53416268
cloud0_tkemenade 21263305507 13878 1340

1720963869.7301185 53416324
cloud0_tkemenade 21263305507 13878 1340

1720963870.732664 53416389
cloud0_tkemenade 21263305507 13878 1340

1720963871.7352297 53416444
cloud0_tkemenade 21263305507 13878 1341

1720963872.7378094 53416507
cloud0_tkemenade 21263305507 13878 1341

1720963873.7405217 53416548
cloud0_tkemenade 21263305507 13879 1341

1720963874.7428951 53416598
cloud0_tkemenade 21263305507 13879 1341

1720963874.8435888 53416608
cloud0_tkemenade 21263311609 13879 1341

1720963875.8462296 53416653
cloud0_tkemenade 21263311609 13879 1341

1720963876.848786 53416706
cloud0_tkemenade 21263311609 13879 1341

1720963877.851336 53416753
cloud0_tkemenade 21263311609 13879 1341

1720963878.8540351 53416798
cloud0_tkemenade 21263311609 13880 1341

1720963879.8564968 53416847
cloud0_tkemenade 21263311609 13880 1341

1720963880.8590722 53416900
cloud0_tkemenade 21263311609 13880 1341

1720963881.861503 53416955
cloud0_tkemenade 21263311609 13880 1341

1720963881.9621866 53416964
cloud0_tkemenade 21263314654 13880 1341

1720963882.9647555 53417017
cloud0_tkemenade 21263314654 13880 1341

1720963883.9674537 53417074
cloud0_tkemenade 21263314654 13880 1341

1720963884.970147 53417128
cloud0_tkemenade 21263314654 13881 1341

1720963885.972804 53417168
cloud0_tkemenade 21263314654 13881 1341

1720963886.9750786 53417215
cloud0_tkemenade 21263314654 13881 1341

1720963887.977657 53417260
cloud0_tkemenade 21263314654 13881 1341

1720963888.9802022 53417301
cloud0_tkemenade 21263314654 13881 1341

1720963889.1810925 53417322
cloud0_tkemenade 21263317651 13881 1341

1720963890.1833594 53417372
cloud0_tkemenade 21263317651 13881 1341

1720963891.186084 53417434
cloud0_tkemenade 21263317651 13882 1341

1720963892.188802 53417492
cloud0_tkemenade 21263317651 13882 1341

1720963893.1912572 53417552
cloud0_tkemenade 21263317651 13882 1341

1720963894.1939657 53417601
cloud0_tkemenade 21263317651 13882 1341

1720963895.1965606 53417640
cloud0_tkemenade 21263317651 13883 1341

1720963896.1990595 53417694
cloud0_tkemenade 21263323849 13883 1341

1720963897.2013478 53417750
cloud0_tkemenade 21263323849 13883 1342

1720963898.2040217 53417798
cloud0_tkemenade 21263323849 13883 1342

1720963899.2065916 53417844
cloud0_tkemenade 21263323849 13883 1342

1720963900.2092261 53417909
cloud0_tkemenade 21263323849 13883 1342

1720963901.2118793 53417953
cloud0_tkemenade 21263323849 13884 1342

1720963902.2144568 53418023
cloud0_tkemenade 21263323849 13884 1342

1720963903.2167542 53418078
cloud0_tkemenade 21263330051 13884 1342

1720963904.2189684 53418130
cloud0_tkemenade 21263330051 13884 1342

1720963905.221396 53418182
cloud0_tkemenade 21263330051 13884 1342

1720963906.2235591 53418233
cloud0_tkemenade 21263330051 13884 1342

1720963907.2260504 53418278
cloud0_tkemenade 21263330051 13885 1342

1720963908.2286952 53418338
cloud0_tkemenade 21263330051 13885 1342

1720963909.2311966 53418383
cloud0_tkemenade 21263330051 13885 1342

1720963910.2336812 53418444
cloud0_tkemenade 21263333090 13885 1342

1720963911.236295 53418508
cloud0_tkemenade 21263333090 13886 1342

1720963912.238757 53418576
cloud0_tkemenade 21263333090 13886 1342

1720963913.2412672 53418622
cloud0_tkemenade 21263333090 13886 1342

1720963914.243801 53418674
cloud0_tkemenade 21263333090 13886 1342

1720963915.2464144 53418724
cloud0_tkemenade 21263333090 13887 1342

1720963916.248992 53418765
cloud0_tkemenade 21263333090 13887 1342

1720963917.2515445 53418807
cloud0_tkemenade 21263333090 13887 1342

1720963917.3522713 53418816
cloud0_tkemenade 21263339183 13887 1342

1720963918.3548498 53418870
cloud0_tkemenade 21263339183 13887 1342

1720963919.3575478 53418923
cloud0_tkemenade 21263339183 13888 1342

1720963920.360147 53418976
cloud0_tkemenade 21263339183 13888 1342

1720963921.362834 53419018
cloud0_tkemenade 21263339183 13888 1342

1720963922.3654704 53419088
cloud0_tkemenade 21263339183 13888 1342

1720963923.3681135 53419140
cloud0_tkemenade 21263339183 13889 1343

1720963924.3706696 53419190
cloud0_tkemenade 21263348486 13889 1343

1720963925.3733265 53419235
cloud0_tkemenade 21263348486 13889 1343

1720963926.3755693 53419279
cloud0_tkemenade 21263348486 13889 1343

1720963927.3782382 53419335
cloud0_tkemenade 21263348486 13889 1343

1720963928.3809297 53419400
cloud0_tkemenade 21263348486 13890 1343

1720963929.3835943 53419453
cloud0_tkemenade 21263348486 13890 1343

1720963930.386097 53419508
cloud0_tkemenade 21263348486 13890 1343

1720963931.3885694 53419554
cloud0_tkemenade 21263348486 13890 1344

1720963931.4892592 53419564
cloud0_tkemenade 21263354589 13890 1344

1720963932.491819 53419648
cloud0_tkemenade 21263354589 13890 1344

1720963933.4942718 53419700
cloud0_tkemenade 21263354589 13890 1344

1720963934.4968483 53419747
cloud0_tkemenade 21263354589 13891 1344

1720963935.499454 53419794
cloud0_tkemenade 21263354589 13891 1344

1720963936.5021214 53419842
cloud0_tkemenade 21263354589 13891 1344

1720963937.5047846 53419888
cloud0_tkemenade 21263354589 13891 1344

1720963938.5072794 53419932
cloud0_tkemenade 21263357679 13891 1344

1720963939.5098798 53419984
cloud0_tkemenade 21263357679 13892 1344

1720963940.5144038 53420044
cloud0_tkemenade 21263357679 13892 1344

1720963941.51722 53420092
cloud0_tkemenade 21263357679 13892 1344

1720963942.519647 53420166
cloud0_tkemenade 21263357679 13892 1344

1720963943.5222068 53420219
cloud0_tkemenade 21263357679 13893 1344

1720963944.5248454 53420278
cloud0_tkemenade 21263357679 13893 1344

1720963945.4271753 53420329
cloud0_tkemenade 21263363873 13893 1344

1720963946.429752 53420374
cloud0_tkemenade 21263363873 13893 1344

1720963947.4323528 53420444
cloud0_tkemenade 21263363873 13893 1344

1720963948.434788 53420489
cloud0_tkemenade 21263363873 13894 1344

1720963949.4374216 53420524
cloud0_tkemenade 21263363873 13894 1344

1720963950.4400535 53420587
cloud0_tkemenade 21263363873 13894 1344

1720963951.442538 53420629
cloud0_tkemenade 21263363873 13894 1344

1720963952.4451795 53420701
cloud0_tkemenade 21263363873 13894 1345

1720963952.5458949 53420712
cloud0_tkemenade 21263369993 13894 1345

1720963953.5484076 53420765
cloud0_tkemenade 21263369993 13894 1345

1720963954.5510309 53420820
cloud0_tkemenade 21263369993 13895 1345

1720963955.55372 53420874
cloud0_tkemenade 21263369993 13895 1345

1720963956.5563853 53420915
cloud0_tkemenade 21263369993 13895 1345

1720963957.5590534 53420969
cloud0_tkemenade 21263369993 13895 1345

1720963958.5617137 53421016
cloud0_tkemenade 21263369993 13895 1345

1720963959.5641155 53421064
cloud0_tkemenade 21263369993 13895 1345

1720963959.6648073 53421082
cloud0_tkemenade 21263373022 13896 1345

1720963960.6674557 53421130
cloud0_tkemenade 21263373022 13896 1345

1720963961.6700945 53421190
cloud0_tkemenade 21263373022 13896 1345

1720963962.6727796 53421257
cloud0_tkemenade 21263373022 13896 1345

1720963963.6753354 53421309
cloud0_tkemenade 21263373022 13896 1345

1720963964.67789 53421358
cloud0_tkemenade 21263373022 13896 1345

1720963965.6805592 53421411
cloud0_tkemenade 21263373022 13897 1345

1720963966.6828957 53421449
cloud0_tkemenade 21263373022 13897 1345

1720963966.7835138 53421454
cloud0_tkemenade 21263379138 13897 1345

1720963967.7859535 53421503
cloud0_tkemenade 21263379138 13897 1345

1720963968.7885966 53421546
cloud0_tkemenade 21263379138 13897 1345

1720963969.7910666 53421606
cloud0_tkemenade 21263379138 13897 1345

1720963970.79364 53421665
cloud0_tkemenade 21263379138 13897 1345

1720963971.7963126 53421720
cloud0_tkemenade 21263379138 13897 1346

1720963972.7988973 53421783
cloud0_tkemenade 21263379138 13897 1346

1720963973.8013408 53421836
cloud0_tkemenade 21263379138 13898 1346

1720963973.9021828 53421842
cloud0_tkemenade 21263385236 13898 1346

1720963974.9047205 53421906
cloud0_tkemenade 21263385236 13898 1346

1720963975.9072053 53421942
cloud0_tkemenade 21263385236 13898 1346

1720963976.9097052 53421980
cloud0_tkemenade 21263385236 13898 1346

1720963977.9121938 53422034
cloud0_tkemenade 21263385236 13898 1346

1720963978.9146237 53422079
cloud0_tkemenade 21263385236 13899 1346

1720963979.9169803 53422136
cloud0_tkemenade 21263385236 13899 1346

1720963980.919405 53422178
cloud0_tkemenade 21263388272 13899 1346

1720963981.921782 53422232
cloud0_tkemenade 21263388272 13899 1346

1720963982.9242945 53422294
cloud0_tkemenade 21263388272 13899 1346

1720963983.9266884 53422358
cloud0_tkemenade 21263388272 13900 1346

1720963984.9292414 53422424
cloud0_tkemenade 21263388272 13900 1346

1720963985.9318779 53422464
cloud0_tkemenade 21263388272 13900 1346

1720963986.9343722 53422510
cloud0_tkemenade 21263388272 13900 1346

1720963987.9368906 53422585
cloud0_tkemenade 21263388272 13900 1346

1720963988.0375142 53422593
cloud0_tkemenade 21263391323 13900 1346

1720963989.0398514 53422642
cloud0_tkemenade 21263391323 13900 1346

1720963990.0424404 53422711
cloud0_tkemenade 21263391323 13900 1346

1720963991.0449476 53422745
cloud0_tkemenade 21263391323 13900 1347

1720963992.0472598 53422801
cloud0_tkemenade 21263391323 13900 1347

1720963993.0498343 53422864
cloud0_tkemenade 21263391323 13900 1347

1720963994.0522757 53422936
cloud0_tkemenade 21263391323 13900 1347

1720963995.0547006 53423000
cloud0_tkemenade 21263394442 13900 1347

1720963996.0571475 53423035
cloud0_tkemenade 21263394442 13900 1347

1720963997.0597608 53423074
cloud0_tkemenade 21263394442 13900 1347

1720963998.0624003 53423117
cloud0_tkemenade 21263394442 13901 1347

1720963999.0651197 53423169
cloud0_tkemenade 21263394442 13901 1347

1720964000.0676103 53423231
cloud0_tkemenade 21263394442 13901 1348

1720964001.0702586 53423270
cloud0_tkemenade 21263394442 13901 1348

1720964002.072845 53423322
cloud0_tkemenade 21263400620 13901 1348

1720964003.0754344 53423371
cloud0_tkemenade 21263400620 13901 1348

1720964004.078061 53423440
cloud0_tkemenade 21263400620 13902 1348

1720964005.0805411 53423500
cloud0_tkemenade 21263400620 13902 1348

1720964006.0828593 53423540
cloud0_tkemenade 21263400620 13902 1348

1720964007.0853455 53423579
cloud0_tkemenade 21263400620 13902 1348

1720964008.0879433 53423621
cloud0_tkemenade 21263400620 13902 1348

1720964009.0905316 53423673
cloud0_tkemenade 21263400620 13903 1348

1720964009.1912098 53423676
cloud0_tkemenade 21263406735 13903 1348

1720964010.1937008 53423748
cloud0_tkemenade 21263406735 13903 1348

1720964011.196256 53423790
cloud0_tkemenade 21263406735 13903 1348

