1720989229.0692863 55276436
cloud0_tkemenade 22676781501 9685 1191

1720989230.071794 55276592
cloud0_tkemenade 22676781501 9784 1200

1720989231.0744011 55276747
cloud0_tkemenade 22676781501 9877 1207

1720989231.8766332 55276891
cloud0_tkemenade 22679749585 9957 1208

1720989232.8790326 55277043
cloud0_tkemenade 22679749585 10060 1209

1720989233.8815353 55277209
cloud0_tkemenade 22679749585 10159 1211

1720989234.884026 55277377
cloud0_tkemenade 22679749585 10263 1216

1720989235.8867593 55277534
cloud0_tkemenade 22679749585 10364 1221

1720989236.8894172 55277680
cloud0_tkemenade 22679749585 10465 1222

1720989237.892073 55277832
cloud0_tkemenade 22679749585 10566 1224

1720989238.8946493 55277993
cloud0_tkemenade 22682739643 10666 1224

1720989239.8972406 55278157
cloud0_tkemenade 22682739643 10766 1224

1720989240.89982 55278320
cloud0_tkemenade 22682739643 10868 1226

1720989241.9025848 55278490
cloud0_tkemenade 22682739643 10969 1226

1720989242.905305 55278632
cloud0_tkemenade 22682739643 11069 1228

1720989243.908086 55278815
cloud0_tkemenade 22682739643 11169 1228

1720989244.9107444 55278983
cloud0_tkemenade 22682739643 11268 1228

1720989245.9134297 55279146
cloud0_tkemenade 22685669611 11367 1229

1720989246.91604 55279293
cloud0_tkemenade 22685669611 11467 1229

1720989247.918711 55279462
cloud0_tkemenade 22685669611 11566 1229

1720989248.921498 55279630
cloud0_tkemenade 22685669611 11668 1233

1720989249.9240866 55279819
cloud0_tkemenade 22685669611 11769 1235

1720989250.9266367 55279990
cloud0_tkemenade 22685669611 11869 1235

1720989251.9292593 55280151
cloud0_tkemenade 22685669611 11968 1235

1720989252.931592 55280300
cloud0_tkemenade 22685669611 12070 1237

1720989253.0322661 55280319
cloud0_tkemenade 22688633003 12080 1237

1720989254.0348692 55280483
cloud0_tkemenade 22688633003 12180 1238

1720989255.0375311 55280651
cloud0_tkemenade 22688633003 12280 1238

1720989256.0402274 55280807
cloud0_tkemenade 22688633003 12377 1242

1720989257.0428417 55280958
cloud0_tkemenade 22688633003 12478 1244

1720989258.0455768 55281114
cloud0_tkemenade 22688633003 12581 1244

1720989259.0482755 55281272
cloud0_tkemenade 22688633003 12682 1244

1720989259.95066 55281445
cloud0_tkemenade 22691555184 12772 1244

1720989260.9532967 55281610
cloud0_tkemenade 22691555184 12871 1244

1720989261.9555962 55281775
cloud0_tkemenade 22691555184 12971 1244

1720989262.9579875 55281929
cloud0_tkemenade 22691555184 13072 1244

1720989263.9606783 55282094
cloud0_tkemenade 22691555184 13172 1244

1720989264.9632554 55282272
cloud0_tkemenade 22691555184 13271 1244

1720989265.965933 55282426
cloud0_tkemenade 22691555184 13372 1244

1720989266.9687123 55282586
cloud0_tkemenade 22691555184 13472 1244

1720989267.0694208 55282603
cloud0_tkemenade 22694433367 13482 1244

1720989268.0718484 55282747
cloud0_tkemenade 22694433367 13582 1244

1720989269.0745656 55282907
cloud0_tkemenade 22694433367 13682 1244

1720989270.0772204 55283091
cloud0_tkemenade 22694433367 13783 1244

1720989271.079894 55283257
cloud0_tkemenade 22694433367 13885 1245

1720989272.0823946 55283422
cloud0_tkemenade 22694433367 13987 1246

1720989273.0850577 55283572
cloud0_tkemenade 22694433367 14088 1247

1720989274.0875032 55283726
cloud0_tkemenade 22694433367 14189 1247

1720989274.2884717 55283765
cloud0_tkemenade 22697383713 14209 1247

1720989275.2911632 55283925
cloud0_tkemenade 22697383713 14309 1247

1720989276.2938125 55284072
cloud0_tkemenade 22697383713 14410 1249

1720989277.2963083 55284219
cloud0_tkemenade 22697383713 14511 1249

1720989278.2987494 55284385
cloud0_tkemenade 22697383713 14609 1250

1720989279.3014097 55284531
cloud0_tkemenade 22697383713 14709 1250

1720989280.3039443 55284744
cloud0_tkemenade 22697383713 14809 1250

1720989281.30663 55284923
cloud0_tkemenade 22700163754 14910 1250

1720989282.3093781 55285091
cloud0_tkemenade 22700163754 15011 1251

1720989283.3117414 55285257
cloud0_tkemenade 22700163754 15111 1251

1720989284.3144343 55285418
cloud0_tkemenade 22700163754 15211 1251

1720989285.3170938 55285592
cloud0_tkemenade 22700163754 15311 1251

1720989286.3195982 55285746
cloud0_tkemenade 22700163754 15410 1251

1720989287.3222663 55285900
cloud0_tkemenade 22700163754 15510 1252

1720989288.3250651 55286047
cloud0_tkemenade 22700163754 15609 1252

1720989288.4257872 55286059
cloud0_tkemenade 22703007984 15620 1252

1720989289.4282434 55286205
cloud0_tkemenade 22703007984 15721 1252

1720989290.431038 55286392
cloud0_tkemenade 22703007984 15821 1252

1720989291.4336898 55286561
cloud0_tkemenade 22703007984 15920 1252

1720989292.43623 55286714
cloud0_tkemenade 22703007984 16021 1253

1720989293.438885 55286876
cloud0_tkemenade 22703007984 16120 1253

1720989294.4415948 55287022
cloud0_tkemenade 22703007984 16220 1254

1720989295.343518 55287170
cloud0_tkemenade 22705894673 16309 1254

1720989296.3461475 55287321
cloud0_tkemenade 22705894673 16409 1254

1720989297.3485265 55287472
cloud0_tkemenade 22705894673 16509 1256

1720989298.3510153 55287615
cloud0_tkemenade 22705894673 16608 1258

1720989299.3536968 55287773
cloud0_tkemenade 22705894673 16707 1258

1720989300.3562567 55287944
cloud0_tkemenade 22705894673 16808 1260

1720989301.3588092 55288111
cloud0_tkemenade 22705894673 16907 1260

1720989302.3614974 55288256
cloud0_tkemenade 22705894673 17006 1260

1720989302.4622004 55288270
cloud0_tkemenade 22708833202 17017 1260

1720989303.465031 55288431
cloud0_tkemenade 22708833202 17115 1261

1720989304.4678166 55288585
cloud0_tkemenade 22708833202 17216 1261

1720989305.470607 55288739
cloud0_tkemenade 22708833202 17314 1261

1720989306.4733229 55288881
cloud0_tkemenade 22708833202 17412 1261

1720989307.4759002 55289055
cloud0_tkemenade 22708833202 17510 1262

1720989308.47874 55289249
cloud0_tkemenade 22708833202 17609 1262

1720989309.4811995 55289404
cloud0_tkemenade 22708833202 17709 1262

1720989309.6821733 55289444
cloud0_tkemenade 22711628458 17729 1262

1720989310.6847873 55289612
cloud0_tkemenade 22711628458 17828 1262

1720989311.6872234 55289789
cloud0_tkemenade 22711628458 17928 1262

1720989312.6899908 55289947
cloud0_tkemenade 22711628458 18027 1262

1720989313.6924958 55290122
cloud0_tkemenade 22711628458 18126 1262

1720989314.6949508 55290292
cloud0_tkemenade 22711628458 18224 1263

1720989315.6975076 55290447
cloud0_tkemenade 22711628458 18323 1263

1720989316.700155 55290602
cloud0_tkemenade 22714457039 18422 1263

1720989317.7027688 55290751
cloud0_tkemenade 22714457039 18520 1264

1720989318.7053437 55290904
cloud0_tkemenade 22714457039 18620 1264

1720989319.707966 55291071
cloud0_tkemenade 22714457039 18720 1264

1720989320.7103813 55291242
cloud0_tkemenade 22714457039 18819 1264

1720989321.712838 55291434
cloud0_tkemenade 22714457039 18917 1265

1720989322.7149014 55291581
cloud0_tkemenade 22714457039 19017 1265

1720989323.71751 55291739
cloud0_tkemenade 22714457039 19114 1265

1720989323.818207 55291755
cloud0_tkemenade 22717292387 19124 1265

1720989324.820653 55291912
cloud0_tkemenade 22717292387 19222 1266

1720989325.8233244 55292059
cloud0_tkemenade 22717292387 19321 1267

1720989326.8255072 55292201
cloud0_tkemenade 22717292387 19421 1267

1720989327.8274498 55292353
cloud0_tkemenade 22717292387 19522 1268

1720989328.8301473 55292514
cloud0_tkemenade 22717292387 19622 1271

1720989329.832895 55292674
cloud0_tkemenade 22717292387 19723 1274

1720989330.8356633 55292835
cloud0_tkemenade 22720239796 19823 1275

1720989331.8383868 55293017
cloud0_tkemenade 22720239796 19923 1276

1720989332.8409662 55293156
cloud0_tkemenade 22720239796 20024 1276

1720989333.843572 55293321
cloud0_tkemenade 22720239796 20123 1276

1720989334.8461545 55293480
cloud0_tkemenade 22720239796 20223 1276

1720989335.848293 55293628
cloud0_tkemenade 22720239796 20323 1276

1720989336.8506606 55293771
cloud0_tkemenade 22720239796 20423 1276

1720989337.8529327 55293919
cloud0_tkemenade 22723085700 20523 1276

1720989338.8551512 55294071
cloud0_tkemenade 22723085700 20623 1276

1720989339.8577871 55294231
cloud0_tkemenade 22723085700 20722 1276

1720989340.8601375 55294383
cloud0_tkemenade 22723085700 20822 1276

1720989341.8628078 55294563
cloud0_tkemenade 22723085700 20922 1276

1720989342.8656569 55294703
cloud0_tkemenade 22723085700 21021 1276

1720989343.8680136 55294874
cloud0_tkemenade 22723085700 21122 1276

1720989344.8704984 55295018
cloud0_tkemenade 22723085700 21221 1276

1720989344.9711955 55295053
cloud0_tkemenade 22725869423 21231 1276

1720989345.973692 55295203
cloud0_tkemenade 22725869423 21331 1276

1720989346.97629 55295338
cloud0_tkemenade 22725869423 21428 1276

1720989347.9789557 55295483
cloud0_tkemenade 22725869423 21526 1276

1720989348.9813116 55295624
cloud0_tkemenade 22725869423 21626 1276

1720989349.9839048 55295803
cloud0_tkemenade 22725869423 21726 1276

1720989350.986417 55295957
cloud0_tkemenade 22725869423 21825 1276

1720989351.9888294 55296139
cloud0_tkemenade 22728675121 21924 1277

1720989352.9913404 55296276
cloud0_tkemenade 22728675121 22024 1277

1720989353.993882 55296453
cloud0_tkemenade 22728675121 22124 1277

1720989354.9961314 55296604
cloud0_tkemenade 22728675121 22224 1277

1720989355.9985983 55296762
cloud0_tkemenade 22728675121 22324 1277

1720989357.000986 55296899
cloud0_tkemenade 22728675121 22423 1277

1720989358.00343 55297050
cloud0_tkemenade 22728675121 22523 1277

1720989359.0060346 55297199
cloud0_tkemenade 22731507235 22623 1277

1720989360.0082946 55297363
cloud0_tkemenade 22731507235 22722 1277

1720989361.0107307 55297519
cloud0_tkemenade 22731507235 22821 1277

1720989362.013371 55297693
cloud0_tkemenade 22731507235 22921 1277

1720989363.0156858 55297823
cloud0_tkemenade 22731507235 23021 1277

1720989364.018186 55297996
cloud0_tkemenade 22731507235 23122 1277

1720989365.0204432 55298139
cloud0_tkemenade 22731507235 23221 1277

1720989366.02242 55298305
cloud0_tkemenade 22731507235 23321 1277

1720989366.2232766 55298345
cloud0_tkemenade 22734362106 23341 1277

1720989367.225725 55298485
cloud0_tkemenade 22734362106 23442 1278

1720989368.2281227 55298664
cloud0_tkemenade 22734362106 23542 1278

1720989369.2306159 55298821
cloud0_tkemenade 22734362106 23642 1278

1720989370.2331138 55298996
cloud0_tkemenade 22734362106 23740 1279

1720989371.2354085 55299143
cloud0_tkemenade 22734362106 23840 1279

1720989372.2377849 55299323
cloud0_tkemenade 22734362106 23940 1279

1720989373.239824 55299468
cloud0_tkemenade 22737253241 24041 1279

1720989374.2424066 55299640
cloud0_tkemenade 22737253241 24139 1279

1720989375.2445745 55299797
cloud0_tkemenade 22737253241 24239 1279

1720989376.2470071 55299945
cloud0_tkemenade 22737253241 24338 1279

1720989377.249569 55300089
cloud0_tkemenade 22737253241 24438 1279

1720989378.2518764 55300238
cloud0_tkemenade 22737253241 24539 1279

1720989379.2541773 55300399
cloud0_tkemenade 22737253241 24639 1279

1720989380.1567168 55300557
cloud0_tkemenade 22740082548 24728 1279

1720989381.1593637 55300718
cloud0_tkemenade 22740082548 24828 1279

1720989382.1620865 55300900
cloud0_tkemenade 22740082548 24928 1279

1720989383.1646018 55301052
cloud0_tkemenade 22740082548 25027 1279

1720989384.1672223 55301219
cloud0_tkemenade 22740082548 25124 1280

1720989385.1697302 55301363
cloud0_tkemenade 22740082548 25223 1280

1720989386.1721456 55301535
cloud0_tkemenade 22740082548 25322 1280

1720989387.1745927 55301675
cloud0_tkemenade 22740082548 25422 1280

1720989387.2752538 55301688
cloud0_tkemenade 22742879646 25432 1280

1720989388.2777479 55301830
cloud0_tkemenade 22742879646 25532 1280

1720989389.2801597 55301984
cloud0_tkemenade 22742879646 25631 1280

1720989390.2826364 55302156
cloud0_tkemenade 22742879646 25731 1280

1720989391.285119 55302314
cloud0_tkemenade 22742879646 25830 1280

1720989392.2877889 55302482
cloud0_tkemenade 22742879646 25930 1280

1720989393.290405 55302640
cloud0_tkemenade 22742879646 26031 1280

1720989394.2927353 55302803
cloud0_tkemenade 22742879646 26131 1280

1720989394.393432 55302820
cloud0_tkemenade 22745757977 26141 1280

1720989395.3958733 55302986
cloud0_tkemenade 22745757977 26240 1280

1720989396.398553 55303137
cloud0_tkemenade 22745757977 26339 1281

1720989397.4011152 55303282
cloud0_tkemenade 22745757977 26438 1282

1720989398.4037669 55303432
cloud0_tkemenade 22745757977 26538 1282

1720989399.4062755 55303577
cloud0_tkemenade 22745757977 26637 1282

1720989400.4088056 55303775
cloud0_tkemenade 22745757977 26735 1282

1720989401.411715 55303935
cloud0_tkemenade 22745757977 26834 1282

1720989401.5123518 55303951
cloud0_tkemenade 22748567739 26844 1282

1720989402.5149717 55304106
cloud0_tkemenade 22748567739 26943 1282

1720989403.5174196 55304270
cloud0_tkemenade 22748567739 27043 1282

1720989404.5198019 55304440
cloud0_tkemenade 22748567739 27143 1282

1720989405.5222762 55304615
cloud0_tkemenade 22748567739 27243 1282

1720989406.524693 55304767
cloud0_tkemenade 22748567739 27342 1283

1720989407.5271194 55304914
cloud0_tkemenade 22748567739 27442 1283

1720989408.52967 55305060
cloud0_tkemenade 22748567739 27541 1283

1720989408.630361 55305075
cloud0_tkemenade 22751436104 27552 1283

1720989409.6328845 55305241
cloud0_tkemenade 22751436104 27651 1283

1720989410.6354072 55305419
cloud0_tkemenade 22751436104 27750 1283

1720989411.6380463 55305574
cloud0_tkemenade 22751436104 27849 1284

1720989412.64067 55305723
cloud0_tkemenade 22751436104 27949 1284

1720989413.6430855 55305868
cloud0_tkemenade 22751436104 28049 1284

1720989414.645666 55306021
cloud0_tkemenade 22751436104 28148 1284

1720989415.5478556 55306175
cloud0_tkemenade 22754284398 28237 1284

1720989416.5504618 55306329
cloud0_tkemenade 22754284398 28335 1285

1720989417.5531046 55306471
cloud0_tkemenade 22754284398 28435 1285

1720989418.5557523 55306629
cloud0_tkemenade 22754284398 28534 1286

1720989419.5583713 55306780
cloud0_tkemenade 22754284398 28633 1286

1720989420.560823 55306952
cloud0_tkemenade 22754284398 28730 1288

1720989421.5632582 55307121
cloud0_tkemenade 22754284398 28827 1288

1720989422.5658584 55307272
cloud0_tkemenade 22754284398 28926 1288

1720989422.6665707 55307293
cloud0_tkemenade 22757077874 28936 1288

1720989423.6690278 55307441
cloud0_tkemenade 22757077874 29035 1289

1720989424.6714275 55307609
cloud0_tkemenade 22757077874 29134 1290

1720989425.6738906 55307783
cloud0_tkemenade 22757077874 29230 1294

1720989426.6759486 55307939
cloud0_tkemenade 22757077874 29329 1295

1720989427.678513 55308117
cloud0_tkemenade 22757077874 29428 1295

1720989428.6811514 55308289
cloud0_tkemenade 22757077874 29528 1295

1720989429.6834373 55308450
cloud0_tkemenade 22759889861 29627 1295

1720989430.6859574 55308629
cloud0_tkemenade 22759889861 29726 1297

1720989431.688743 55308808
cloud0_tkemenade 22759889861 29824 1298

1720989432.6913102 55308968
cloud0_tkemenade 22759889861 29923 1299

1720989433.6938033 55309121
cloud0_tkemenade 22759889861 30021 1300

1720989434.696262 55309284
cloud0_tkemenade 22759889861 30121 1301

1720989435.6989133 55309443
cloud0_tkemenade 22759889861 30220 1301

1720989436.701489 55309604
cloud0_tkemenade 22762727644 30319 1301

1720989437.7037547 55309754
cloud0_tkemenade 22762727644 30417 1301

1720989438.706178 55309898
cloud0_tkemenade 22762727644 30517 1302

1720989439.708502 55310050
cloud0_tkemenade 22762727644 30616 1302

1720989440.7109227 55310207
cloud0_tkemenade 22762727644 30714 1302

1720989441.7135987 55310398
cloud0_tkemenade 22762727644 30812 1303

1720989442.7162578 55310552
cloud0_tkemenade 22762727644 30911 1304

1720989443.7188723 55310699
cloud0_tkemenade 22762727644 31011 1304

1720989443.8195205 55310729
cloud0_tkemenade 22765488283 31021 1304

1720989444.822234 55310886
cloud0_tkemenade 22765488283 31120 1304

1720989445.8249192 55311056
cloud0_tkemenade 22765488283 31219 1304

1720989446.8277283 55311208
cloud0_tkemenade 22765488283 31317 1304

1720989447.830167 55311353
cloud0_tkemenade 22765488283 31418 1304

1720989448.8328366 55311505
cloud0_tkemenade 22765488283 31517 1305

1720989449.8353162 55311658
cloud0_tkemenade 22765488283 31617 1305

1720989450.8378875 55311845
cloud0_tkemenade 22768290661 31716 1305

1720989451.8402278 55312014
cloud0_tkemenade 22768290661 31815 1306

1720989452.8428636 55312169
cloud0_tkemenade 22768290661 31915 1306

1720989453.8454561 55312333
cloud0_tkemenade 22768290661 32015 1306

1720989454.8478417 55312493
cloud0_tkemenade 22768290661 32115 1306

1720989455.850276 55312657
cloud0_tkemenade 22768290661 32214 1306

1720989456.8524442 55312816
cloud0_tkemenade 22768290661 32314 1306

1720989457.754485 55312951
cloud0_tkemenade 22771166057 32404 1306

1720989458.7569072 55313096
cloud0_tkemenade 22771166057 32504 1306

1720989459.7593632 55313248
cloud0_tkemenade 22771166057 32603 1306

1720989460.762065 55313410
cloud0_tkemenade 22771166057 32703 1306

1720989461.7647243 55313609
cloud0_tkemenade 22771166057 32801 1306

1720989462.7672246 55313752
cloud0_tkemenade 22771166057 32899 1307

1720989463.769799 55313912
cloud0_tkemenade 22771166057 32998 1307

1720989464.7722108 55314080
cloud0_tkemenade 22771166057 33098 1307

1720989464.8729196 55314096
cloud0_tkemenade 22773982578 33108 1307

1720989465.875172 55314247
cloud0_tkemenade 22773982578 33208 1307

1720989466.8778594 55314411
cloud0_tkemenade 22773982578 33307 1307

1720989467.8799934 55314550
cloud0_tkemenade 22773982578 33407 1307

1720989468.8825483 55314705
cloud0_tkemenade 22773982578 33507 1307

1720989469.8850803 55314857
cloud0_tkemenade 22773982578 33606 1307

1720989470.887671 55315021
cloud0_tkemenade 22773982578 33706 1307

1720989471.8902571 55315210
cloud0_tkemenade 22776758071 33804 1307

1720989472.892696 55315353
cloud0_tkemenade 22776758071 33903 1308

1720989473.8951368 55315517
cloud0_tkemenade 22776758071 34003 1308

1720989474.8977668 55315681
cloud0_tkemenade 22776758071 34103 1308

1720989475.900411 55315829
cloud0_tkemenade 22776758071 34203 1308

1720989476.9029524 55315995
cloud0_tkemenade 22776758071 34302 1308

1720989477.9054475 55316153
cloud0_tkemenade 22776758071 34401 1308

1720989478.9080868 55316314
cloud0_tkemenade 22776758071 34501 1308

1720989479.109001 55316347
cloud0_tkemenade 22779590550 34521 1308

1720989480.111374 55316503
cloud0_tkemenade 22779590550 34621 1308

1720989481.1140995 55316661
cloud0_tkemenade 22779590550 34721 1309

1720989482.1168253 55316841
cloud0_tkemenade 22779590550 34820 1309

1720989483.1193326 55316985
cloud0_tkemenade 22779590550 34920 1309

1720989484.121834 55317139
cloud0_tkemenade 22779590550 35019 1309

1720989485.1242301 55317299
cloud0_tkemenade 22779590550 35119 1309

1720989486.1263769 55317460
cloud0_tkemenade 22782444440 35219 1309

1720989487.128458 55317621
cloud0_tkemenade 22782444440 35318 1309

1720989488.131071 55317816
cloud0_tkemenade 22782444440 35415 1310

1720989489.1337807 55317984
cloud0_tkemenade 22782444440 35514 1310

1720989490.136135 55318137
cloud0_tkemenade 22782444440 35613 1310

1720989491.1384325 55318299
cloud0_tkemenade 22782444440 35713 1310

1720989492.1411173 55318495
cloud0_tkemenade 22782444440 35813 1311

1720989493.0433483 55318634
cloud0_tkemenade 22785252620 35902 1311

1720989494.0455837 55318799
cloud0_tkemenade 22785252620 36002 1311

1720989495.047801 55318948
cloud0_tkemenade 22785252620 36102 1311

1720989496.0501878 55319103
cloud0_tkemenade 22785252620 36202 1311

1720989497.0526578 55319273
cloud0_tkemenade 22785252620 36301 1311

1720989498.0552213 55319414
cloud0_tkemenade 22785252620 36401 1311

1720989499.0579357 55319569
cloud0_tkemenade 22785252620 36501 1311

1720989500.0600572 55319726
cloud0_tkemenade 22785252620 36600 1312

1720989500.1607726 55319742
cloud0_tkemenade 22788106488 36610 1312

1720989501.1634252 55319901
cloud0_tkemenade 22788106488 36709 1313

1720989502.165909 55320081
cloud0_tkemenade 22788106488 36807 1313

1720989503.168468 55320234
cloud0_tkemenade 22788106488 36905 1313

1720989504.1707287 55320385
cloud0_tkemenade 22788106488 37005 1313

1720989505.173394 55320526
cloud0_tkemenade 22788106488 37105 1313

1720989506.1755862 55320683
cloud0_tkemenade 22788106488 37205 1313

1720989507.1775887 55320839
cloud0_tkemenade 22788106488 37305 1313

1720989507.278337 55320859
cloud0_tkemenade 22790892289 37315 1313

1720989508.2809222 55321016
cloud0_tkemenade 22790892289 37415 1313

1720989509.283461 55321167
cloud0_tkemenade 22790892289 37515 1313

1720989510.2858105 55321321
cloud0_tkemenade 22790892289 37614 1313

1720989511.2882843 55321479
cloud0_tkemenade 22790892289 37713 1313

1720989512.2910461 55321647
cloud0_tkemenade 22790892289 37809 1313

1720989513.2937346 55321787
cloud0_tkemenade 22790892289 37908 1313

1720989514.2963116 55321951
cloud0_tkemenade 22793710713 38008 1314

1720989515.299031 55322099
cloud0_tkemenade 22793710713 38108 1314

1720989516.3015451 55322277
cloud0_tkemenade 22793710713 38208 1314

1720989517.3041074 55322448
cloud0_tkemenade 22793710713 38308 1314

1720989518.306771 55322593
cloud0_tkemenade 22793710713 38407 1314

1720989519.3094525 55322748
cloud0_tkemenade 22793710713 38507 1314

1720989520.3121216 55322921
cloud0_tkemenade 22793710713 38607 1314

1720989521.3151884 55323094
cloud0_tkemenade 22793710713 38707 1314

1720989521.4158347 55323115
cloud0_tkemenade 22796572935 38717 1314

1720989522.4184241 55323288
cloud0_tkemenade 22796572935 38817 1314

1720989523.4209154 55323449
cloud0_tkemenade 22796572935 38916 1314

1720989524.42323 55323616
cloud0_tkemenade 22796572935 39016 1314

1720989525.4257762 55323768
cloud0_tkemenade 22796572935 39116 1314

1720989526.428179 55323925
cloud0_tkemenade 22796572935 39216 1314

1720989527.430511 55324091
cloud0_tkemenade 22796572935 39315 1314

1720989528.4329052 55324237
cloud0_tkemenade 22799425557 39415 1314

1720989529.4352918 55324387
cloud0_tkemenade 22799425557 39514 1314

1720989530.4379036 55324537
cloud0_tkemenade 22799425557 39612 1314

1720989531.4405873 55324697
cloud0_tkemenade 22799425557 39712 1314

1720989532.4429114 55324869
cloud0_tkemenade 22799425557 39811 1314

1720989533.4453356 55325016
cloud0_tkemenade 22799425557 39911 1314

1720989534.4477828 55325172
cloud0_tkemenade 22799425557 40011 1314

1720989535.3497388 55325310
cloud0_tkemenade 22802292979 40101 1314

1720989536.352258 55325463
cloud0_tkemenade 22802292979 40201 1314

1720989537.354826 55325625
cloud0_tkemenade 22802292979 40299 1315

1720989538.35717 55325764
cloud0_tkemenade 22802292979 40398 1315

1720989539.3595984 55325917
cloud0_tkemenade 22802292979 40498 1315

1720989540.3622096 55326067
cloud0_tkemenade 22802292979 40598 1315

1720989541.364763 55326233
cloud0_tkemenade 22802292979 40697 1315

1720989542.3670645 55326411
cloud0_tkemenade 22802292979 40795 1315

1720989542.4678118 55326431
cloud0_tkemenade 22805101380 40805 1315

1720989543.4703646 55326596
cloud0_tkemenade 22805101380 40906 1315

1720989544.472808 55326762
cloud0_tkemenade 22805101380 41005 1315

1720989545.4753828 55326924
cloud0_tkemenade 22805101380 41106 1315

1720989546.4779532 55327085
cloud0_tkemenade 22805101380 41205 1315

1720989547.4800954 55327268
cloud0_tkemenade 22805101380 41304 1316

1720989548.4826148 55327449
cloud0_tkemenade 22805101380 41402 1316

1720989549.4851568 55327611
cloud0_tkemenade 22807947262 41501 1316

1720989550.4876344 55327764
cloud0_tkemenade 22807947262 41601 1316

1720989551.4902399 55327929
cloud0_tkemenade 22807947262 41701 1316

1720989552.4927268 55328114
cloud0_tkemenade 22807947262 41800 1316

1720989553.4952042 55328270
cloud0_tkemenade 22807947262 41899 1316

1720989554.4977663 55328428
cloud0_tkemenade 22807947262 41999 1316

1720989555.5002606 55328581
cloud0_tkemenade 22807947262 42099 1316

1720989556.50276 55328728
cloud0_tkemenade 22807947262 42200 1316

1720989556.7035778 55328775
cloud0_tkemenade 22810750689 42220 1316

1720989557.7060723 55328923
cloud0_tkemenade 22810750689 42319 1316

1720989558.708721 55329068
cloud0_tkemenade 22810750689 42419 1316

1720989559.7111523 55329239
cloud0_tkemenade 22810750689 42518 1317

1720989560.7137027 55329389
cloud0_tkemenade 22810750689 42616 1318

1720989561.7163138 55329561
cloud0_tkemenade 22810750689 42713 1319

1720989562.718751 55329726
cloud0_tkemenade 22810750689 42812 1319

1720989563.7211208 55329883
cloud0_tkemenade 22813523836 42910 1319

1720989564.7237053 55330034
cloud0_tkemenade 22813523836 43007 1320

1720989565.7264013 55330172
cloud0_tkemenade 22813523836 43108 1320

1720989566.7289214 55330321
cloud0_tkemenade 22813523836 43207 1321

1720989567.7315454 55330487
cloud0_tkemenade 22813523836 43306 1321

1720989568.7340994 55330637
cloud0_tkemenade 22813523836 43406 1321

1720989569.7362964 55330794
cloud0_tkemenade 22813523836 43505 1321

1720989570.6382442 55330933
cloud0_tkemenade 22816392137 43595 1322

1720989571.6405644 55331109
cloud0_tkemenade 22816392137 43695 1322

1720989572.6430886 55331288
cloud0_tkemenade 22816392137 43794 1322

1720989573.6457632 55331453
cloud0_tkemenade 22816392137 43894 1322

1720989574.6480653 55331613
cloud0_tkemenade 22816392137 43994 1322

1720989575.6505404 55331765
cloud0_tkemenade 22816392137 44094 1322

1720989576.6527448 55331919
cloud0_tkemenade 22816392137 44190 1324

1720989577.655234 55332111
cloud0_tkemenade 22816392137 44290 1324

1720989577.755944 55332127
cloud0_tkemenade 22819187406 44300 1324

1720989578.7586198 55332289
cloud0_tkemenade 22819187406 44400 1324

1720989579.7612944 55332452
cloud0_tkemenade 22819187406 44500 1324

1720989580.7640035 55332592
cloud0_tkemenade 22819187406 44599 1324

1720989581.7665546 55332770
cloud0_tkemenade 22819187406 44699 1324

1720989582.7691154 55332942
cloud0_tkemenade 22819187406 44798 1324

1720989583.7717488 55333099
cloud0_tkemenade 22819187406 44898 1324

1720989584.7743716 55333249
cloud0_tkemenade 22819187406 44996 1324

1720989584.8750422 55333272
cloud0_tkemenade 22822040791 45006 1324

1720989585.8774328 55333428
cloud0_tkemenade 22822040791 45104 1325

1720989586.8800535 55333586
cloud0_tkemenade 22822040791 45203 1325

1720989587.8827236 55333775
cloud0_tkemenade 22822040791 45303 1325

1720989588.8853917 55333925
cloud0_tkemenade 22822040791 45403 1325

1720989589.8880184 55334090
cloud0_tkemenade 22822040791 45502 1325

1720989590.8902323 55334255
cloud0_tkemenade 22822040791 45601 1326

1720989591.8929615 55334435
cloud0_tkemenade 22824868422 45700 1326

1720989592.8953462 55334595
cloud0_tkemenade 22824868422 45799 1326

1720989593.8978786 55334745
cloud0_tkemenade 22824868422 45899 1326

1720989594.9003525 55334898
cloud0_tkemenade 22824868422 45999 1326

1720989595.9030097 55335036
cloud0_tkemenade 22824868422 46099 1326

1720989596.9055374 55335183
cloud0_tkemenade 22824868422 46199 1326

1720989597.907778 55335343
cloud0_tkemenade 22824868422 46298 1326

1720989598.9101985 55335480
cloud0_tkemenade 22824868422 46398 1326

1720989599.0108528 55335494
cloud0_tkemenade 22827671273 46408 1326

1720989600.013198 55335651
cloud0_tkemenade 22827671273 46506 1326

1720989601.0154624 55335799
cloud0_tkemenade 22827671273 46606 1326

1720989602.018133 55335958
cloud0_tkemenade 22827671273 46705 1326

1720989603.0206482 55336098
cloud0_tkemenade 22827671273 46804 1327

1720989604.0229747 55336241
cloud0_tkemenade 22827671273 46904 1327

1720989605.0255487 55336391
cloud0_tkemenade 22827671273 47004 1327

1720989606.027945 55336533
cloud0_tkemenade 22830553982 47104 1327

1720989607.0304132 55336667
cloud0_tkemenade 22830553982 47203 1327

1720989608.0329263 55336847
cloud0_tkemenade 22830553982 47302 1327

1720989609.0351853 55336999
cloud0_tkemenade 22830553982 47402 1327

1720989610.0377674 55337147
cloud0_tkemenade 22830553982 47502 1327

1720989611.0402741 55337289
cloud0_tkemenade 22830553982 47601 1327

1720989612.0429487 55337467
cloud0_tkemenade 22830553982 47700 1327

1720989612.94546 55337622
cloud0_tkemenade 22833344295 47789 1327

1720989613.9479454 55337771
cloud0_tkemenade 22833344295 47889 1327

1720989614.9506552 55337921
cloud0_tkemenade 22833344295 47987 1328

1720989615.952981 55338069
cloud0_tkemenade 22833344295 48087 1328

1720989616.9554799 55338215
cloud0_tkemenade 22833344295 48187 1328

1720989617.9580667 55338363
cloud0_tkemenade 22833344295 48286 1328

1720989618.9605236 55338521
cloud0_tkemenade 22833344295 48386 1328

1720989619.9631257 55338658
cloud0_tkemenade 22833344295 48486 1328

1720989620.0637999 55338682
cloud0_tkemenade 22836163837 48496 1328

1720989621.0663645 55338830
cloud0_tkemenade 22836163837 48596 1328

1720989622.0688503 55338990
cloud0_tkemenade 22836163837 48696 1328

1720989623.071345 55339144
cloud0_tkemenade 22836163837 48795 1328

1720989624.0739 55339289
cloud0_tkemenade 22836163837 48895 1328

1720989625.0764673 55339433
cloud0_tkemenade 22836163837 48995 1328

1720989626.078951 55339572
cloud0_tkemenade 22836163837 49094 1328

1720989627.0814915 55339716
cloud0_tkemenade 22839033026 49194 1328

1720989628.083832 55339856
cloud0_tkemenade 22839033026 49294 1328

1720989629.0863492 55339996
cloud0_tkemenade 22839033026 49394 1328

1720989630.0888028 55340138
cloud0_tkemenade 22839033026 49492 1329

1720989631.091274 55340290
cloud0_tkemenade 22839033026 49592 1329

1720989632.0938032 55340435
cloud0_tkemenade 22839033026 49691 1329

1720989633.0963154 55340594
cloud0_tkemenade 22839033026 49791 1329

1720989634.0987937 55340730
cloud0_tkemenade 22839033026 49891 1329

1720989634.1994002 55340749
cloud0_tkemenade 22841883733 49901 1329

1720989635.2020814 55340893
cloud0_tkemenade 22841883733 50000 1329

1720989636.2047088 55341032
cloud0_tkemenade 22841883733 50100 1329

1720989637.207238 55341185
cloud0_tkemenade 22841883733 50200 1329

1720989638.209839 55341323
cloud0_tkemenade 22841883733 50298 1330

1720989639.2122102 55341482
cloud0_tkemenade 22841883733 50398 1330

1720989640.214732 55341639
cloud0_tkemenade 22841883733 50497 1330

1720989641.2172244 55341785
cloud0_tkemenade 22841883733 50595 1331

1720989641.3179076 55341803
cloud0_tkemenade 22844731647 50605 1331

1720989642.320246 55341958
cloud0_tkemenade 22844731647 50704 1331

1720989643.3228288 55342118
cloud0_tkemenade 22844731647 50804 1331

1720989644.3254411 55342249
cloud0_tkemenade 22844731647 50904 1331

1720989645.3279636 55342406
cloud0_tkemenade 22844731647 51004 1331

1720989646.3306456 55342549
cloud0_tkemenade 22844731647 51102 1332

1720989647.3332272 55342679
cloud0_tkemenade 22844731647 51201 1332

1720989648.335725 55342822
cloud0_tkemenade 22847566095 51300 1333

1720989649.33831 55342974
cloud0_tkemenade 22847566095 51400 1333

1720989650.3409197 55343131
cloud0_tkemenade 22847566095 51499 1333

1720989651.3433003 55343280
cloud0_tkemenade 22847566095 51599 1333

1720989652.3460288 55343427
cloud0_tkemenade 22847566095 51698 1333

1720989653.3487022 55343589
cloud0_tkemenade 22847566095 51797 1334

1720989654.3513312 55343729
cloud0_tkemenade 22847566095 51896 1334

1720989655.35407 55343874
cloud0_tkemenade 22850432494 51993 1336

1720989656.3566935 55344021
cloud0_tkemenade 22850432494 52092 1336

1720989657.3593364 55344160
cloud0_tkemenade 22850432494 52191 1336

1720989658.3620205 55344297
cloud0_tkemenade 22850432494 52290 1336

1720989659.3647804 55344443
cloud0_tkemenade 22850432494 52387 1336

1720989660.3673167 55344599
cloud0_tkemenade 22850432494 52486 1336

1720989661.3701098 55344770
cloud0_tkemenade 22850432494 52586 1336

1720989662.3725903 55344919
cloud0_tkemenade 22850432494 52685 1337

1720989662.4732661 55344934
cloud0_tkemenade 22853215702 52695 1337

1720989663.4756634 55345100
cloud0_tkemenade 22853215702 52795 1337

1720989664.4777803 55345246
cloud0_tkemenade 22853215702 52895 1337

1720989665.4800181 55345402
cloud0_tkemenade 22853215702 52994 1337

1720989666.4825797 55345556
cloud0_tkemenade 22853215702 53094 1337

1720989667.485071 55345706
cloud0_tkemenade 22853215702 53193 1337

1720989668.487506 55345898
cloud0_tkemenade 22853215702 53292 1337

1720989669.490059 55346057
cloud0_tkemenade 22856103202 53392 1337

1720989670.4924395 55346216
cloud0_tkemenade 22856103202 53491 1337

1720989671.4947538 55346409
cloud0_tkemenade 22856103202 53591 1337

1720989672.4973888 55346567
cloud0_tkemenade 22856103202 53691 1337

1720989673.4999464 55346742
cloud0_tkemenade 22856103202 53791 1337

1720989674.5023878 55346898
cloud0_tkemenade 22856103202 53891 1337

1720989675.5048885 55347057
cloud0_tkemenade 22856103202 53990 1338

1720989676.5073655 55347237
cloud0_tkemenade 22856103202 54090 1338

1720989676.6080456 55347259
cloud0_tkemenade 22858963273 54100 1338

1720989677.610534 55347411
cloud0_tkemenade 22858963273 54199 1338

1720989678.612993 55347572
cloud0_tkemenade 22858963273 54297 1338

1720989679.6156287 55347740
cloud0_tkemenade 22858963273 54398 1338

1720989680.6181014 55347923
cloud0_tkemenade 22858963273 54497 1338

1720989681.6206028 55348128
cloud0_tkemenade 22858963273 54597 1338

1720989682.6232464 55348296
cloud0_tkemenade 22858963273 54697 1338

1720989683.625713 55348481
cloud0_tkemenade 22861808489 54796 1338

1720989684.6280804 55348651
cloud0_tkemenade 22861808489 54896 1338

1720989685.6307406 55348831
cloud0_tkemenade 22861808489 54996 1338

1720989686.633394 55349017
cloud0_tkemenade 22861808489 55096 1338

1720989687.6356978 55349181
cloud0_tkemenade 22861808489 55196 1338

1720989688.6381247 55349349
cloud0_tkemenade 22861808489 55295 1338

1720989689.6407547 55349510
cloud0_tkemenade 22861808489 55394 1338

1720989690.642864 55349692
cloud0_tkemenade 22864615092 55493 1339

1720989691.645179 55349886
cloud0_tkemenade 22864615092 55592 1339

1720989692.6474576 55350049
cloud0_tkemenade 22864615092 55693 1339

1720989693.6500978 55350231
cloud0_tkemenade 22864615092 55792 1339

1720989694.6525683 55350389
cloud0_tkemenade 22864615092 55892 1339

1720989695.6549947 55350549
cloud0_tkemenade 22864615092 55992 1339

1720989696.657314 55350725
cloud0_tkemenade 22864615092 56091 1339

1720989697.6596737 55350878
cloud0_tkemenade 22864615092 56191 1339

1720989697.760375 55350891
cloud0_tkemenade 22867488270 56201 1339

1720989698.7628658 55351058
cloud0_tkemenade 22867488270 56299 1339

1720989699.7653637 55351217
cloud0_tkemenade 22867488270 56397 1339

1720989700.7678013 55351388
cloud0_tkemenade 22867488270 56497 1339

1720989701.7703896 55351588
cloud0_tkemenade 22867488270 56596 1339

1720989702.7728884 55351758
cloud0_tkemenade 22867488270 56695 1339

1720989703.7753818 55351937
cloud0_tkemenade 22867488270 56794 1339

1720989704.7779615 55352102
cloud0_tkemenade 22870189015 56892 1340

1720989705.7805004 55352271
cloud0_tkemenade 22870189015 56991 1340

1720989706.7829957 55352457
cloud0_tkemenade 22870189015 57090 1341

1720989707.7853541 55352624
cloud0_tkemenade 22870189015 57189 1341

1720989708.7878854 55352797
cloud0_tkemenade 22870189015 57289 1341

1720989709.7903876 55352948
cloud0_tkemenade 22870189015 57388 1341

1720989710.7929523 55353119
cloud0_tkemenade 22870189015 57488 1341

1720989711.795355 55353284
cloud0_tkemenade 22870189015 57587 1341

1720989711.895966 55353303
cloud0_tkemenade 22872948574 57597 1341

1720989712.8983712 55353457
cloud0_tkemenade 22872948574 57696 1342

1720989713.9008553 55353620
cloud0_tkemenade 22872948574 57795 1342

1720989714.9035294 55353775
cloud0_tkemenade 22872948574 57895 1342

1720989715.9062233 55353933
cloud0_tkemenade 22872948574 57995 1342

1720989716.9087577 55354079
cloud0_tkemenade 22872948574 58093 1342

1720989717.9113903 55354219
cloud0_tkemenade 22872948574 58189 1342

1720989718.9141872 55354383
cloud0_tkemenade 22872948574 58285 1344

1720989719.0148697 55354394
cloud0_tkemenade 22875715741 58295 1344

1720989720.0173569 55354539
cloud0_tkemenade 22875715741 58394 1344

1720989721.0197232 55354696
cloud0_tkemenade 22875715741 58494 1344

1720989722.0223606 55354852
cloud0_tkemenade 22875715741 58593 1345

1720989723.0249453 55355003
cloud0_tkemenade 22875715741 58692 1345

1720989724.0276175 55355175
cloud0_tkemenade 22875715741 58791 1345

1720989725.0302594 55355333
cloud0_tkemenade 22875715741 58891 1345

1720989726.0326107 55355487
cloud0_tkemenade 22878537278 58989 1346

1720989727.034998 55355641
cloud0_tkemenade 22878537278 59089 1346

1720989728.0376372 55355818
cloud0_tkemenade 22878537278 59188 1346

1720989729.041685 55355984
cloud0_tkemenade 22878537278 59289 1346

1720989730.0444722 55356144
cloud0_tkemenade 22878537278 59388 1346

1720989731.0469112 55356307
cloud0_tkemenade 22878537278 59488 1346

1720989732.0495775 55356499
cloud0_tkemenade 22878537278 59587 1346

1720989733.0520244 55356667
cloud0_tkemenade 22881366137 59687 1346

1720989734.054533 55356851
cloud0_tkemenade 22881366137 59787 1346

1720989735.056933 55357015
cloud0_tkemenade 22881366137 59885 1346

1720989736.0594375 55357167
cloud0_tkemenade 22881366137 59983 1346

1720989737.0618868 55357335
cloud0_tkemenade 22881366137 60082 1347

1720989738.064339 55357494
cloud0_tkemenade 22881366137 60182 1347

1720989739.066876 55357643
cloud0_tkemenade 22881366137 60276 1351

1720989740.0694833 55357813
cloud0_tkemenade 22884126098 60373 1352

1720989741.0717964 55357961
cloud0_tkemenade 22884126098 60473 1352

1720989742.0744174 55358163
cloud0_tkemenade 22884126098 60573 1352

1720989743.076895 55358311
cloud0_tkemenade 22884126098 60670 1353

1720989744.07933 55358503
cloud0_tkemenade 22884126098 60770 1353

1720989745.0819678 55358669
cloud0_tkemenade 22884126098 60869 1353

1720989746.084541 55358823
cloud0_tkemenade 22884126098 60969 1353

1720989747.0870016 55358997
cloud0_tkemenade 22886940100 61069 1353

1720989748.0895846 55359156
cloud0_tkemenade 22886940100 61169 1353

1720989749.092067 55359307
cloud0_tkemenade 22886940100 61267 1354

1720989750.094663 55359465
cloud0_tkemenade 22886940100 61364 1356

1720989751.0972614 55359603
cloud0_tkemenade 22886940100 61463 1356

1720989752.0997324 55359806
cloud0_tkemenade 22886940100 61562 1356

1720989753.102239 55359944
cloud0_tkemenade 22886940100 61660 1356

1720989754.105009 55360119
cloud0_tkemenade 22886940100 61759 1357

1720989754.2056878 55360135
cloud0_tkemenade 22889649358 61769 1357

1720989755.208417 55360291
cloud0_tkemenade 22889649358 61868 1357

1720989756.2110667 55360418
cloud0_tkemenade 22889649358 61968 1357

1720989757.2137465 55360568
cloud0_tkemenade 22889649358 62068 1357

1720989758.2164476 55360702
cloud0_tkemenade 22889649358 62166 1357

1720989759.2191894 55360856
cloud0_tkemenade 22889649358 62266 1357

1720989760.2218773 55361021
cloud0_tkemenade 22889649358 62366 1357

1720989761.2243397 55361155
cloud0_tkemenade 22892443091 62466 1357

1720989762.2269692 55361317
cloud0_tkemenade 22892443091 62566 1357

1720989763.2297082 55361449
cloud0_tkemenade 22892443091 62665 1357

1720989764.232271 55361615
cloud0_tkemenade 22892443091 62765 1357

1720989765.2346609 55361766
cloud0_tkemenade 22892443091 62865 1358

1720989766.2372408 55361911
cloud0_tkemenade 22892443091 62964 1358

1720989767.239667 55362042
cloud0_tkemenade 22892443091 63064 1358

1720989768.2420936 55362190
cloud0_tkemenade 22895311516 63163 1358

1720989769.24453 55362341
cloud0_tkemenade 22895311516 63262 1358

1720989770.2469966 55362501
cloud0_tkemenade 22895311516 63362 1358

1720989771.249512 55362639
cloud0_tkemenade 22895311516 63461 1358

1720989772.2520843 55362805
cloud0_tkemenade 22895311516 63561 1358

1720989773.2546031 55362939
cloud0_tkemenade 22895311516 63660 1358

1720989774.2573264 55363103
cloud0_tkemenade 22895311516 63759 1358

1720989775.2598295 55363239
cloud0_tkemenade 22895311516 63858 1358

1720989775.3604512 55363259
cloud0_tkemenade 22898117825 63868 1358

1720989776.3627753 55363397
cloud0_tkemenade 22898117825 63967 1358

1720989777.3653224 55363539
cloud0_tkemenade 22898117825 64067 1358

1720989778.3677566 55363681
cloud0_tkemenade 22898117825 64168 1358

1720989779.370354 55363817
cloud0_tkemenade 22898117825 64268 1358

1720989780.3727796 55363964
cloud0_tkemenade 22898117825 64367 1358

1720989781.3750548 55364106
cloud0_tkemenade 22898117825 64466 1358

1720989782.3775113 55364264
cloud0_tkemenade 22901032485 64566 1358

1720989783.3800411 55364399
cloud0_tkemenade 22901032485 64666 1358

1720989784.3826785 55364557
cloud0_tkemenade 22901032485 64765 1358

1720989785.385394 55364704
cloud0_tkemenade 22901032485 64865 1358

1720989786.38808 55364841
cloud0_tkemenade 22901032485 64964 1358

1720989787.390795 55364986
cloud0_tkemenade 22901032485 65064 1358

1720989788.393564 55365144
cloud0_tkemenade 22901032485 65163 1358

1720989789.396316 55365303
cloud0_tkemenade 22901032485 65263 1358

1720989789.496991 55365325
cloud0_tkemenade 22903862497 65273 1358

1720989790.499641 55365477
cloud0_tkemenade 22903862497 65373 1359

1720989791.5021396 55365627
cloud0_tkemenade 22903862497 65473 1359

1720989792.5045605 55365781
cloud0_tkemenade 22903862497 65571 1359

1720989793.506967 55365919
cloud0_tkemenade 22903862497 65671 1359

1720989794.509641 55366081
cloud0_tkemenade 22903862497 65770 1359

1720989795.5122576 55366228
cloud0_tkemenade 22903862497 65869 1359

1720989796.51486 55366361
cloud0_tkemenade 22903862497 65969 1360

1720989796.7175303 55366400
cloud0_tkemenade 22906720273 65988 1360

1720989797.7198195 55366529
cloud0_tkemenade 22906720273 66088 1360

1720989798.7224865 55366664
cloud0_tkemenade 22906720273 66188 1360

1720989799.7250907 55366804
cloud0_tkemenade 22906720273 66287 1360

1720989800.7277133 55366962
cloud0_tkemenade 22906720273 66386 1360

1720989801.7304165 55367116
cloud0_tkemenade 22906720273 66486 1360

1720989802.7330418 55367259
cloud0_tkemenade 22906720273 66586 1360

1720989803.7354555 55367405
cloud0_tkemenade 22909488024 66685 1360

1720989804.7379818 55367554
cloud0_tkemenade 22909488024 66784 1360

1720989805.7405603 55367708
cloud0_tkemenade 22909488024 66884 1360

1720989806.7431996 55367858
cloud0_tkemenade 22909488024 66984 1360

1720989807.7458339 55367993
cloud0_tkemenade 22909488024 67082 1360

1720989808.748513 55368136
cloud0_tkemenade 22909488024 67182 1360

1720989809.7510273 55368281
cloud0_tkemenade 22909488024 67281 1360

1720989810.7536724 55368438
cloud0_tkemenade 22912312399 67380 1360

1720989811.7560387 55368579
cloud0_tkemenade 22912312399 67480 1360

1720989812.7585962 55368726
cloud0_tkemenade 22912312399 67580 1360

1720989813.7611797 55368880
cloud0_tkemenade 22912312399 67679 1361

1720989814.7639122 55369029
cloud0_tkemenade 22912312399 67777 1361

1720989815.7665265 55369181
cloud0_tkemenade 22912312399 67877 1361

1720989816.7691274 55369317
cloud0_tkemenade 22912312399 67977 1361

1720989817.7714407 55369462
cloud0_tkemenade 22915170718 68077 1361

1720989818.7741697 55369605
cloud0_tkemenade 22915170718 68177 1361

1720989819.7768703 55369752
cloud0_tkemenade 22915170718 68275 1361

1720989820.7793164 55369895
cloud0_tkemenade 22915170718 68374 1362

1720989821.781977 55370042
cloud0_tkemenade 22915170718 68473 1362

1720989822.7843852 55370191
cloud0_tkemenade 22915170718 68572 1362

1720989823.7870297 55370343
cloud0_tkemenade 22915170718 68671 1363

1720989824.789651 55370497
cloud0_tkemenade 22915170718 68770 1363

1720989824.890355 55370513
cloud0_tkemenade 22917980348 68779 1364

1720989825.8928754 55370652
cloud0_tkemenade 22917980348 68875 1364

1720989826.8955135 55370795
cloud0_tkemenade 22917980348 68975 1364

1720989827.898092 55370928
cloud0_tkemenade 22917980348 69075 1365

1720989828.900713 55371063
cloud0_tkemenade 22917980348 69175 1365

