1717326064.1116977 338437088
cloud0_tkemenade 19096277251 3490 498
cloud1_tkemenade 13730743500 3509 555

1717326065.1142216 338437690
cloud0_tkemenade 19096277251 3789 510

1717326065.1146848 338437690
cloud1_tkemenade 13730743500 3721 567

1717326066.1168568 338438299
cloud0_tkemenade 19096277251 4041 532

1717326066.117492 338438302
cloud1_tkemenade 13730743500 4018 584

1717326067.1195924 338438647
cloud0_tkemenade 19096277251 4151 555

1717326067.120146 338438647
cloud1_tkemenade 13730743500 4166 602

1717326068.1224177 338439044
cloud0_tkemenade 19096277251 4303 591

1717326068.1229885 338439044
cloud1_tkemenade 13730743500 4310 633

1717326069.1252565 338439367
cloud0_tkemenade 19096277251 4432 630

1717326069.1257644 338439367
cloud1_tkemenade 13730743500 4436 680

1717326070.1282356 338439524
cloud0_tkemenade 19096277251 4468 631

1717326070.1285703 338439524
cloud1_tkemenade 13730743500 4495 681

1717326071.1305692 338439961
cloud0_tkemenade 19096277251 4558 637

1717326071.1311738 338439961
cloud1_tkemenade 13730743500 4572 688

1717326072.1335442 338440296
cloud0_tkemenade 19096277251 4691 644

1717326072.1338804 338440296
cloud1_tkemenade 13730743500 4682 694

1717326073.136323 338440554
cloud0_tkemenade 19096277251 4760 656

1717326073.136892 338440554
cloud1_tkemenade 13730743500 4789 704

1717326074.1394346 338440654
cloud0_tkemenade 19096277251 4772 662

1717326074.1400056 338440654
cloud1_tkemenade 13730743500 4803 711

1717326075.1426466 338440799
cloud0_tkemenade 19096277251 4802 676

1717326075.1431782 338440799
cloud1_tkemenade 13730743500 4841 727

1717326076.145822 338440872
cloud0_tkemenade 19096277251 4803 676

1717326076.1463714 338440872
cloud1_tkemenade 13730743500 4845 727

1717326077.1491349 338440949
cloud0_tkemenade 19096277251 4808 676

1717326077.14975 338440949
cloud1_tkemenade 13730743500 4846 727

1717326078.152321 338441073
cloud0_tkemenade 19096277251 4808 676

1717326078.1528807 338441073
cloud1_tkemenade 13730743500 4846 727

1717326078.4537096 338441097
cloud0_tkemenade 19097465280 4808 676

1717326078.454237 338441097
cloud1_tkemenade 13732013313 4846 727

1717326079.4567118 338441178
cloud0_tkemenade 19097465280 4809 676

1717326079.4572861 338441179
cloud1_tkemenade 13732013313 4846 727

1717326080.4595685 338441299
cloud0_tkemenade 19097465280 4809 676

1717326080.4601102 338441299
cloud1_tkemenade 13732013313 4847 728

1717326081.4625158 338441587
cloud0_tkemenade 19097465280 4809 676

1717326081.46286 338441587
cloud1_tkemenade 13732013313 4847 729

1717326082.4652708 338441654
cloud0_tkemenade 19097465280 4810 676

1717326082.4658036 338441654
cloud1_tkemenade 13732013313 4847 729

1717326083.4683235 338441733
cloud0_tkemenade 19097465280 4810 676

1717326083.4688363 338441733
cloud1_tkemenade 13732013313 4847 729

1717326084.4713643 338441836
cloud0_tkemenade 19097465280 4811 676

1717326084.4719136 338441836
cloud1_tkemenade 13732013313 4847 729

1717326085.474535 338441916
cloud0_tkemenade 19097465280 4811 677

1717326085.4750926 338441916
cloud1_tkemenade 13732013313 4848 730

1717326085.7760043 338441941
cloud0_tkemenade 19097482435 4811 677

1717326085.7765307 338441941
cloud1_tkemenade 13732034757 4848 730

1717326086.779097 338442046
cloud0_tkemenade 19097482435 4811 677

1717326086.7795973 338442046
cloud1_tkemenade 13732034757 4848 730

1717326087.7821977 338442174
cloud0_tkemenade 19097482435 4811 678

1717326087.7827003 338442174
cloud1_tkemenade 13732034757 4848 730

1717326088.7854266 338442279
cloud0_tkemenade 19097482435 4811 678

1717326088.7859685 338442279
cloud1_tkemenade 13732034757 4849 730

1717326089.7886798 338442360
cloud0_tkemenade 19097482435 4811 678

1717326089.7892087 338442360
cloud1_tkemenade 13732034757 4849 730

1717326090.7916443 338442596
cloud0_tkemenade 19097482435 4811 678

1717326090.7920537 338442596
cloud1_tkemenade 13732034757 4849 730

1717326091.7945223 338442750
cloud0_tkemenade 19097482435 4811 678

1717326091.795035 338442750
cloud1_tkemenade 13732034757 4849 730

1717326092.7975585 338442820
cloud0_tkemenade 19097482435 4811 678

1717326092.7980647 338442820
cloud1_tkemenade 13732034757 4849 730

1717326093.098947 338442861
cloud0_tkemenade 19097486664 4811 678

1717326093.0993748 338442861
cloud1_tkemenade 13732038986 4850 730

1717326094.1018326 338442950
cloud0_tkemenade 19097486664 4812 678

1717326094.1023314 338442950
cloud1_tkemenade 13732038986 4850 730

1717326095.1047742 338443032
cloud0_tkemenade 19097486664 4812 678

1717326095.1053126 338443032
cloud1_tkemenade 13732038986 4850 730

1717326096.1080272 338443128
cloud0_tkemenade 19097486664 4824 679

1717326096.1085153 338443128
cloud1_tkemenade 13732038986 4862 731

1717326097.1107767 338443196
cloud0_tkemenade 19097486664 4824 679

1717326097.111263 338443196
cloud1_tkemenade 13732038986 4863 731

1717326098.1137 338443318
cloud0_tkemenade 19097486664 4824 679

1717326098.1142 338443318
cloud1_tkemenade 13732038986 4863 731

1717326099.1168332 338443409
cloud0_tkemenade 19097486664 4828 679

1717326099.1173685 338443410
cloud1_tkemenade 13732038986 4867 731

1717326100.119675 338443495
cloud0_tkemenade 19097563123 4828 679

1717326100.119972 338443495
cloud1_tkemenade 13732119692 4867 731

1717326101.122001 338443779
cloud0_tkemenade 19097563123 4829 680

1717326101.1225026 338443779
cloud1_tkemenade 13732119692 4868 732

1717326102.1250458 338443862
cloud0_tkemenade 19097563123 4829 680

1717326102.125596 338443862
cloud1_tkemenade 13732119692 4868 732

1717326103.1281948 338443952
cloud0_tkemenade 19097563123 4829 680

1717326103.1287036 338443952
cloud1_tkemenade 13732119692 4869 732

1717326104.131046 338444040
cloud0_tkemenade 19097563123 4829 680

1717326104.1315427 338444040
cloud1_tkemenade 13732119692 4869 732

1717326105.1339898 338444134
cloud0_tkemenade 19097563123 4830 680

1717326105.1344535 338444134
cloud1_tkemenade 13732119692 4870 732

1717326106.136901 338444218
cloud0_tkemenade 19097563123 4831 680

1717326106.1374311 338444218
cloud1_tkemenade 13732119692 4870 732

1717326107.1396966 338444328
cloud0_tkemenade 19097563123 4831 680

1717326107.1402037 338444328
cloud1_tkemenade 13732119692 4870 732

1717326107.24067 338444338
cloud0_tkemenade 19097580868 4831 680

1717326107.241176 338444338
cloud1_tkemenade 13732137437 4870 732

1717326108.2435575 338444461
cloud0_tkemenade 19097580868 4831 680

1717326108.2440648 338444461
cloud1_tkemenade 13732137437 4871 732

1717326109.2465 338444543
cloud0_tkemenade 19097580868 4832 680

1717326109.247008 338444543
cloud1_tkemenade 13732137437 4871 732

1717326110.2494204 338444635
cloud0_tkemenade 19097580868 4832 680

1717326110.2497315 338444635
cloud1_tkemenade 13732137437 4872 732

1717326111.252245 338444931
cloud0_tkemenade 19097580868 4832 680

1717326111.252757 338444931
cloud1_tkemenade 13732137437 4872 733

1717326112.2551713 338445021
cloud0_tkemenade 19097580868 4832 680

1717326112.255648 338445021
cloud1_tkemenade 13732137437 4872 733

1717326113.2581742 338445125
cloud0_tkemenade 19097580868 4833 680

1717326113.258683 338445125
cloud1_tkemenade 13732137437 4872 733

1717326114.260969 338445190
cloud0_tkemenade 19097580868 4833 680

1717326114.2614357 338445190
cloud1_tkemenade 13732137437 4873 733

1717326114.3618934 338445212
cloud0_tkemenade 19097589757 4833 680

1717326114.3624153 338445212
cloud1_tkemenade 13732155216 4873 733

1717326115.3649132 338445302
cloud0_tkemenade 19097589757 4833 681

1717326115.3654268 338445303
cloud1_tkemenade 13732155216 4873 733

1717326116.3682096 338445360
cloud0_tkemenade 19097589757 4833 681

1717326116.36871 338445360
cloud1_tkemenade 13732155216 4873 733

1717326117.3712795 338445445
cloud0_tkemenade 19097589757 4834 681

1717326117.3717666 338445445
cloud1_tkemenade 13732155216 4873 733

1717326118.3744 338445555
cloud0_tkemenade 19097589757 4834 681

1717326118.37488 338445555
cloud1_tkemenade 13732155216 4874 734

1717326119.3775015 338445651
cloud0_tkemenade 19097589757 4835 681

1717326119.377977 338445651
cloud1_tkemenade 13732155216 4874 734

1717326120.380334 338445759
cloud0_tkemenade 19097589757 4835 681

1717326120.3806324 338445759
cloud1_tkemenade 13732155216 4874 734

1717326121.3865032 338446008
cloud0_tkemenade 19097589757 4835 681

1717326121.3869572 338446008
cloud1_tkemenade 13732155216 4875 734

1717326121.4874008 338446021
cloud0_tkemenade 19097603115 4835 681

1717326121.4878953 338446021
cloud1_tkemenade 13732168574 4875 734

1717326122.4902174 338446103
cloud0_tkemenade 19097603115 4835 681

1717326122.490725 338446103
cloud1_tkemenade 13732168574 4875 734

1717326123.4932806 338446193
cloud0_tkemenade 19097603115 4836 681

1717326123.4937935 338446193
cloud1_tkemenade 13732168574 4875 734

1717326124.4962645 338446283
cloud0_tkemenade 19097603115 4836 681

1717326124.4965909 338446283
cloud1_tkemenade 13732168574 4875 734

1717326125.4989967 338446360
cloud0_tkemenade 19097603115 4836 681

1717326125.499341 338446360
cloud1_tkemenade 13732168574 4876 734

1717326126.501791 338446433
cloud0_tkemenade 19097603115 4837 681

1717326126.5022717 338446433
cloud1_tkemenade 13732168574 4876 734

1717326127.5048935 338446511
cloud0_tkemenade 19097603115 4837 681

1717326127.5054016 338446512
cloud1_tkemenade 13732168574 4876 734

1717326128.5077722 338446598
cloud0_tkemenade 19097603115 4837 681

1717326128.5082548 338446598
cloud1_tkemenade 13732168574 4876 734

1717326128.8090885 338446680
cloud0_tkemenade 19097611599 4837 681

1717326128.809623 338446680
cloud1_tkemenade 13732172816 4876 734

1717326129.8122463 338446741
cloud0_tkemenade 19097611599 4837 681

1717326129.8127701 338446741
cloud1_tkemenade 13732172816 4877 734

1717326130.814961 338446997
cloud0_tkemenade 19097611599 4837 681

1717326130.8153691 338446997
cloud1_tkemenade 13732172816 4877 734

1717326131.8177652 338447133
cloud0_tkemenade 19097611599 4837 681

1717326131.8182726 338447133
cloud1_tkemenade 13732172816 4877 734

1717326132.8208368 338447220
cloud0_tkemenade 19097611599 4837 682

1717326132.8213668 338447220
cloud1_tkemenade 13732172816 4877 734

1717326133.8237867 338447318
cloud0_tkemenade 19097611599 4838 682

1717326133.824285 338447318
cloud1_tkemenade 13732172816 4878 734

1717326134.8268766 338447390
cloud0_tkemenade 19097611599 4838 682

1717326134.8273757 338447390
cloud1_tkemenade 13732172816 4878 734

1717326135.8296742 338447488
cloud0_tkemenade 19097620481 4838 682

1717326135.8301497 338447488
cloud1_tkemenade 13732181698 4878 734

1717326136.8325238 338447558
cloud0_tkemenade 19097620481 4838 682

1717326136.8330228 338447558
cloud1_tkemenade 13732181698 4878 734

1717326137.8355644 338447633
cloud0_tkemenade 19097620481 4839 682

1717326137.8360703 338447633
cloud1_tkemenade 13732181698 4879 734

1717326138.838551 338447734
cloud0_tkemenade 19097620481 4839 682

1717326138.8390765 338447734
cloud1_tkemenade 13732181698 4879 734

1717326139.8417037 338447838
cloud0_tkemenade 19097620481 4839 682

1717326139.8422256 338447838
cloud1_tkemenade 13732181698 4879 734

1717326140.8445566 338448094
cloud0_tkemenade 19097620481 4839 682

1717326140.845043 338448094
cloud1_tkemenade 13732181698 4879 735

1717326141.8474512 338448229
cloud0_tkemenade 19097620481 4839 682

1717326141.8479493 338448229
cloud1_tkemenade 13732181698 4879 735

1717326142.8501868 338448304
cloud0_tkemenade 19097620481 4840 682

1717326142.8507004 338448304
cloud1_tkemenade 13732181698 4880 735

1717326143.0514467 338448326
cloud0_tkemenade 19097629329 4840 682

1717326143.0519726 338448326
cloud1_tkemenade 13732194970 4880 735

1717326144.0546086 338448415
cloud0_tkemenade 19097629329 4840 682

1717326144.0551283 338448415
cloud1_tkemenade 13732194970 4880 735

1717326145.0576377 338448504
cloud0_tkemenade 19097629329 4840 683

1717326145.0581741 338448504
cloud1_tkemenade 13732194970 4880 736

1717326146.0607426 338448602
cloud0_tkemenade 19097629329 4840 683

1717326146.0612872 338448602
cloud1_tkemenade 13732194970 4880 736

1717326147.0639937 338448677
cloud0_tkemenade 19097629329 4840 684

1717326147.0645268 338448677
cloud1_tkemenade 13732194970 4881 736

1717326148.0670905 338448753
cloud0_tkemenade 19097629329 4840 684

1717326148.067598 338448753
cloud1_tkemenade 13732194970 4881 736

1717326149.0701492 338448842
cloud0_tkemenade 19097629329 4840 685

1717326149.070688 338448842
cloud1_tkemenade 13732194970 4881 736

1717326150.073094 338448948
cloud0_tkemenade 19097629329 4840 685

1717326150.073441 338448948
cloud1_tkemenade 13732194970 4881 736

1717326150.1736476 338448959
cloud0_tkemenade 19097642396 4840 685

1717326150.1739542 338448959
cloud1_tkemenade 13732203681 4881 736

1717326151.1759546 338449239
cloud0_tkemenade 19097642396 4840 685

1717326151.176454 338449239
cloud1_tkemenade 13732203681 4881 737

1717326152.178987 338449325
cloud0_tkemenade 19097642396 4841 685

1717326152.179497 338449325
cloud1_tkemenade 13732203681 4882 737

1717326153.1820455 338449412
cloud0_tkemenade 19097642396 4841 685

1717326153.182548 338449412
cloud1_tkemenade 13732203681 4882 737

1717326154.1852007 338449514
cloud0_tkemenade 19097642396 4841 685

1717326154.1857033 338449514
cloud1_tkemenade 13732203681 4882 737

1717326155.188329 338449601
cloud0_tkemenade 19097642396 4841 686

1717326155.188842 338449601
cloud1_tkemenade 13732203681 4882 737

1717326156.191244 338449701
cloud0_tkemenade 19097642396 4841 686

1717326156.1917412 338449701
cloud1_tkemenade 13732203681 4883 737

1717326157.1940117 338449778
cloud0_tkemenade 19097656000 4842 686

1717326157.1945164 338449778
cloud1_tkemenade 13732217285 4883 737

1717326158.1968534 338449854
cloud0_tkemenade 19097656000 4842 686

1717326158.1973827 338449854
cloud1_tkemenade 13732217285 4883 737

1717326159.199967 338449948
cloud0_tkemenade 19097656000 4842 686

1717326159.20047 338449948
cloud1_tkemenade 13732217285 4883 738

1717326160.2029421 338450052
cloud0_tkemenade 19097656000 4842 686

1717326160.2032466 338450052
cloud1_tkemenade 13732217285 4883 738

1717326161.2055113 338450352
cloud0_tkemenade 19097656000 4842 686

1717326161.2060406 338450352
cloud1_tkemenade 13732217285 4884 738

1717326162.2086108 338450426
cloud0_tkemenade 19097656000 4843 686

1717326162.2091148 338450426
cloud1_tkemenade 13732217285 4884 738

1717326163.2115164 338450508
cloud0_tkemenade 19097656000 4843 686

1717326163.2120109 338450508
cloud1_tkemenade 13732217285 4884 738

1717326164.2143228 338450606
cloud0_tkemenade 19097656000 4843 686

1717326164.2148268 338450606
cloud1_tkemenade 13732217285 4884 738

1717326164.4155712 338450627
cloud0_tkemenade 19097660420 4843 686

1717326164.4160633 338450627
cloud1_tkemenade 13732226126 4884 738

1717326165.4184935 338450721
cloud0_tkemenade 19097660420 4844 686

1717326165.418985 338450721
cloud1_tkemenade 13732226126 4885 738

1717326166.4215043 338450810
cloud0_tkemenade 19097660420 4844 686

1717326166.4220045 338450810
cloud1_tkemenade 13732226126 4885 738

1717326167.4245815 338450880
cloud0_tkemenade 19097660420 4844 687

1717326167.42505 338450880
cloud1_tkemenade 13732226126 4885 738

1717326168.4275398 338450963
cloud0_tkemenade 19097660420 4844 687

1717326168.4280434 338450963
cloud1_tkemenade 13732226126 4885 738

1717326169.4306922 338451048
cloud0_tkemenade 19097660420 4845 687

1717326169.4312103 338451048
cloud1_tkemenade 13732226126 4886 738

1717326170.4335828 338451183
cloud0_tkemenade 19097660420 4845 687

1717326170.4339547 338451183
cloud1_tkemenade 13732226126 4886 738

1717326171.4362473 338451460
cloud0_tkemenade 19097660420 4845 687

1717326171.4367404 338451460
cloud1_tkemenade 13732226126 4886 738

1717326171.5372322 338451488
cloud0_tkemenade 19097673714 4845 687

1717326171.537737 338451488
cloud1_tkemenade 13732234989 4886 738

1717326172.5400574 338451576
cloud0_tkemenade 19097673714 4845 687

1717326172.5405588 338451576
cloud1_tkemenade 13732234989 4886 738

1717326173.5429575 338451680
cloud0_tkemenade 19097673714 4845 687

1717326173.5434742 338451680
cloud1_tkemenade 13732234989 4887 738

1717326174.5461264 338451776
cloud0_tkemenade 19097673714 4846 687

1717326174.5466313 338451776
cloud1_tkemenade 13732234989 4887 738

1717326175.5490346 338451836
cloud0_tkemenade 19097673714 4846 687

1717326175.5495663 338451836
cloud1_tkemenade 13732234989 4887 738

1717326176.5521944 338451952
cloud0_tkemenade 19097673714 4846 687

1717326176.552793 338451952
cloud1_tkemenade 13732234989 4887 738

1717326177.555407 338452030
cloud0_tkemenade 19097673714 4846 687

1717326177.555893 338452030
cloud1_tkemenade 13732234989 4888 738

1717326178.55834 338452133
cloud0_tkemenade 19097678141 4846 687

1717326178.5588093 338452133
cloud1_tkemenade 13732243843 4888 738

1717326179.561296 338452216
cloud0_tkemenade 19097678141 4847 687

1717326179.561777 338452216
cloud1_tkemenade 13732243843 4888 738

1717326180.5643284 338452398
cloud0_tkemenade 19097678141 4847 687

1717326180.5648482 338452398
cloud1_tkemenade 13732243843 4888 738

1717326181.5672636 338452650
cloud0_tkemenade 19097678141 4847 687

1717326181.567786 338452650
cloud1_tkemenade 13732243843 4888 738

1717326182.5702567 338452719
cloud0_tkemenade 19097678141 4847 687

1717326182.570809 338452719
cloud1_tkemenade 13732243843 4889 738

1717326183.573253 338452819
cloud0_tkemenade 19097678141 4848 687

1717326183.573543 338452819
cloud1_tkemenade 13732243843 4889 738

1717326184.5760632 338452930
cloud0_tkemenade 19097678141 4848 687

1717326184.5765722 338452930
cloud1_tkemenade 13732243843 4889 738

1717326185.5792463 338453002
cloud0_tkemenade 19097678141 4848 687

1717326185.5797534 338453002
cloud1_tkemenade 13732243843 4889 738

1717326185.780447 338453019
cloud0_tkemenade 19097687031 4848 687

1717326185.7809622 338453019
cloud1_tkemenade 13732248288 4889 738

1717326186.7832608 338453123
cloud0_tkemenade 19097687031 4848 687

1717326186.7837486 338453123
cloud1_tkemenade 13732248288 4890 738

1717326187.78636 338453204
cloud0_tkemenade 19097687031 4848 687

1717326187.7868571 338453204
cloud1_tkemenade 13732248288 4890 738

1717326188.7894359 338453302
cloud0_tkemenade 19097687031 4849 687

1717326188.7899475 338453302
cloud1_tkemenade 13732248288 4891 738

1717326189.7923384 338453389
cloud0_tkemenade 19097687031 4849 687

1717326189.7928405 338453389
cloud1_tkemenade 13732248288 4891 738

1717326190.7952282 338453649
cloud0_tkemenade 19097687031 4849 687

1717326190.7957377 338453649
cloud1_tkemenade 13732248288 4891 738

1717326191.7981148 338453822
cloud0_tkemenade 19097687031 4849 687

1717326191.798608 338453822
cloud1_tkemenade 13732248288 4891 738

1717326192.8011317 338453902
cloud0_tkemenade 19097687031 4850 687

1717326192.801615 338453902
cloud1_tkemenade 13732248288 4892 739

1717326192.9020526 338453912
cloud0_tkemenade 19097695872 4850 687

1717326192.902568 338453912
cloud1_tkemenade 13732265971 4892 739

1717326193.9048443 338454010
cloud0_tkemenade 19097695872 4850 688

1717326193.9053802 338454011
cloud1_tkemenade 13732265971 4892 739

1717326194.9079294 338454113
cloud0_tkemenade 19097695872 4850 688

1717326194.9084346 338454113
cloud1_tkemenade 13732265971 4892 739

1717326195.910868 338454173
cloud0_tkemenade 19097695872 4850 688

1717326195.9113836 338454173
cloud1_tkemenade 13732265971 4893 739

1717326196.9141145 338454269
cloud0_tkemenade 19097695872 4851 688

1717326196.914648 338454269
cloud1_tkemenade 13732265971 4893 739

1717326197.9173343 338454344
cloud0_tkemenade 19097695872 4851 688

1717326197.91785 338454344
cloud1_tkemenade 13732265971 4893 739

1717326198.9206293 338454422
cloud0_tkemenade 19097695872 4851 688

1717326198.9211679 338454422
cloud1_tkemenade 13732265971 4894 739

1717326199.92376 338454508
cloud0_tkemenade 19097695872 4851 688

1717326199.924295 338454508
cloud1_tkemenade 13732265971 4894 739

1717326200.02466 338454523
cloud0_tkemenade 19097704340 4851 688

1717326200.0249445 338454523
cloud1_tkemenade 13732274439 4894 739

1717326201.0269368 338454795
cloud0_tkemenade 19097704340 4852 688

1717326201.027484 338454795
cloud1_tkemenade 13732274439 4894 739

1717326202.0301838 338454911
cloud0_tkemenade 19097704340 4852 688

1717326202.0307088 338454911
cloud1_tkemenade 13732274439 4895 739

1717326203.0332596 338454980
cloud0_tkemenade 19097704340 4852 688

1717326203.033754 338454980
cloud1_tkemenade 13732274439 4895 739

1717326204.0363975 338455082
cloud0_tkemenade 19097704340 4853 688

1717326204.0368962 338455082
cloud1_tkemenade 13732274439 4895 739

1717326205.0392256 338455195
cloud0_tkemenade 19097704340 4853 688

1717326205.0397017 338455195
cloud1_tkemenade 13732274439 4896 739

1717326206.0422814 338455286
cloud0_tkemenade 19097704340 4853 688

1717326206.0426235 338455286
cloud1_tkemenade 13732274439 4896 739

1717326207.0450008 338455406
cloud0_tkemenade 19097713286 4853 688

1717326207.0455666 338455408
cloud1_tkemenade 13732283385 4896 739

1717326208.0479472 338455483
cloud0_tkemenade 19097713286 4854 688

1717326208.048445 338455483
cloud1_tkemenade 13732283385 4896 739

1717326209.0509384 338455583
cloud0_tkemenade 19097713286 4854 688

1717326209.051439 338455583
cloud1_tkemenade 13732283385 4897 739

1717326210.0539582 338455680
cloud0_tkemenade 19097713286 4854 688

1717326210.054237 338455680
cloud1_tkemenade 13732283385 4897 739

1717326211.0563004 338455971
cloud0_tkemenade 19097713286 4854 688

1717326211.0567865 338455971
cloud1_tkemenade 13732283385 4897 739

1717326212.059396 338456054
cloud0_tkemenade 19097713286 4854 688

1717326212.0598845 338456054
cloud1_tkemenade 13732283385 4897 739

1717326213.0624573 338456137
cloud0_tkemenade 19097713286 4855 688

1717326213.062958 338456137
cloud1_tkemenade 13732283385 4898 739

1717326214.0652592 338456229
cloud0_tkemenade 19097713286 4855 688

1717326214.0655854 338456229
cloud1_tkemenade 13732283385 4898 739

1717326214.1658974 338456243
cloud0_tkemenade 19097722032 4855 688

1717326214.1662047 338456243
cloud1_tkemenade 13732292131 4898 739

1717326215.168568 338456342
cloud0_tkemenade 19097722032 4856 688

1717326215.1690748 338456342
cloud1_tkemenade 13732292131 4898 739

1717326216.171499 338456421
cloud0_tkemenade 19097722032 4857 688

1717326216.1720002 338456421
cloud1_tkemenade 13732292131 4899 739

1717326217.1745496 338456512
cloud0_tkemenade 19097722032 4857 688

1717326217.1750727 338456512
cloud1_tkemenade 13732292131 4899 739

1717326218.1775591 338456610
cloud0_tkemenade 19097722032 4857 688

1717326218.1780546 338456610
cloud1_tkemenade 13732292131 4899 739

1717326219.1805665 338456692
cloud0_tkemenade 19097722032 4857 688

1717326219.1810603 338456692
cloud1_tkemenade 13732292131 4899 740

1717326220.18343 338456782
cloud0_tkemenade 19097722032 4858 688

1717326220.1837304 338456782
cloud1_tkemenade 13732292131 4900 740

1717326221.1867223 338457105
cloud0_tkemenade 19097722032 4858 688

1717326221.1871996 338457105
cloud1_tkemenade 13732292131 4900 740

1717326221.2876506 338457133
cloud0_tkemenade 19097735040 4858 688

1717326221.2881725 338457133
cloud1_tkemenade 13732305139 4900 740

1717326222.2906399 338457212
cloud0_tkemenade 19097735040 4858 688

1717326222.2911398 338457212
cloud1_tkemenade 13732305139 4900 740

1717326223.2936008 338457300
cloud0_tkemenade 19097735040 4858 689

1717326223.2941048 338457300
cloud1_tkemenade 13732305139 4900 740

1717326224.296697 338457409
cloud0_tkemenade 19097735040 4858 689

1717326224.2970097 338457409
cloud1_tkemenade 13732305139 4901 740

1717326225.2991452 338457506
cloud0_tkemenade 19097735040 4858 689

1717326225.2996345 338457506
cloud1_tkemenade 13732305139 4901 740

1717326226.3020408 338457601
cloud0_tkemenade 19097735040 4859 689

1717326226.3025522 338457601
cloud1_tkemenade 13732305139 4901 740

1717326227.3052487 338457676
cloud0_tkemenade 19097735040 4859 689

1717326227.3057442 338457676
cloud1_tkemenade 13732305139 4901 740

1717326228.3081954 338457759
cloud0_tkemenade 19097735040 4859 689

1717326228.3086944 338457759
cloud1_tkemenade 13732305139 4902 740

1717326228.5097544 338457788
cloud0_tkemenade 19097743481 4859 689

1717326228.51027 338457788
cloud1_tkemenade 13732313580 4902 740

1717326229.5127418 338457874
cloud0_tkemenade 19097743481 4859 689

1717326229.5132642 338457874
cloud1_tkemenade 13732313580 4902 740

1717326230.5154781 338458024
cloud0_tkemenade 19097743481 4860 689

1717326230.5159843 338458024
cloud1_tkemenade 13732313580 4902 740

1717326231.5184188 338458288
cloud0_tkemenade 19097743481 4860 689

1717326231.5189188 338458288
cloud1_tkemenade 13732313580 4902 740

1717326232.5215507 338458360
cloud0_tkemenade 19097743481 4860 689

1717326232.5220544 338458360
cloud1_tkemenade 13732313580 4903 740

1717326233.5261862 338458454
cloud0_tkemenade 19097743481 4861 689

1717326233.526721 338458454
cloud1_tkemenade 13732313580 4903 740

1717326234.5292332 338458553
cloud0_tkemenade 19097743481 4861 689

1717326234.5295258 338458553
cloud1_tkemenade 13732313580 4903 740

1717326235.531668 338458628
cloud0_tkemenade 19097743481 4861 689

1717326235.5321627 338458628
cloud1_tkemenade 13732313580 4904 740

1717326235.6325743 338458644
cloud0_tkemenade 19097752236 4861 689

1717326235.633086 338458644
cloud1_tkemenade 13732322335 4904 740

1717326236.6355915 338458725
cloud0_tkemenade 19097752236 4861 689

1717326236.6360955 338458725
cloud1_tkemenade 13732322335 4904 741

1717326237.6386154 338458800
cloud0_tkemenade 19097752236 4862 689

1717326237.6389177 338458800
cloud1_tkemenade 13732322335 4904 741

1717326238.6415174 338458896
cloud0_tkemenade 19097752236 4862 689

1717326238.6420343 338458896
cloud1_tkemenade 13732322335 4904 741

1717326239.6445878 338458983
cloud0_tkemenade 19097752236 4862 689

1717326239.644902 338458983
cloud1_tkemenade 13732322335 4904 741

1717326240.6471226 338459192
cloud0_tkemenade 19097752236 4862 689

1717326240.6474295 338459192
cloud1_tkemenade 13732322335 4904 741

1717326241.6497085 338459419
cloud0_tkemenade 19097752236 4863 689

1717326241.6502051 338459419
cloud1_tkemenade 13732322335 4905 741

1717326242.6526873 338459489
cloud0_tkemenade 19097752236 4863 689

1717326242.6532319 338459489
cloud1_tkemenade 13732322335 4905 741

1717326242.8538747 338459504
cloud0_tkemenade 19097760998 4863 689

1717326242.8543499 338459504
cloud1_tkemenade 13732331097 4905 741

1717326243.856665 338459596
cloud0_tkemenade 19097760998 4863 689

1717326243.8571732 338459597
cloud1_tkemenade 13732331097 4906 741

1717326244.859569 338459702
cloud0_tkemenade 19097760998 4864 689

1717326244.8600206 338459702
cloud1_tkemenade 13732331097 4906 741

1717326245.8622558 338459770
cloud0_tkemenade 19097760998 4864 689

1717326245.8627293 338459770
cloud1_tkemenade 13732331097 4906 741

1717326246.86529 338459844
cloud0_tkemenade 19097760998 4864 689

1717326246.8657591 338459844
cloud1_tkemenade 13732331097 4906 741

1717326247.8682563 338459920
cloud0_tkemenade 19097760998 4864 689

1717326247.868725 338459920
cloud1_tkemenade 13732331097 4907 741

1717326248.8711011 338460014
cloud0_tkemenade 19097760998 4864 689

1717326248.8715622 338460014
cloud1_tkemenade 13732331097 4907 741

1717326249.8738818 338460089
cloud0_tkemenade 19097760998 4864 689

1717326249.8743572 338460089
cloud1_tkemenade 13732331097 4907 741

1717326249.9747784 338460110
cloud0_tkemenade 19097765360 4864 689

1717326249.9750857 338460110
cloud1_tkemenade 13732339822 4907 741

1717326250.977043 338460374
cloud0_tkemenade 19097765360 4865 689

1717326250.9774404 338460374
cloud1_tkemenade 13732339822 4907 741

1717326251.9796724 338460536
cloud0_tkemenade 19097765360 4865 689

1717326251.9801695 338460536
cloud1_tkemenade 13732339822 4908 741

1717326252.9825127 338460602
cloud0_tkemenade 19097765360 4865 689

1717326252.9831038 338460602
cloud1_tkemenade 13732339822 4908 741

1717326253.9855537 338460692
cloud0_tkemenade 19097765360 4865 689

1717326253.9860613 338460692
cloud1_tkemenade 13732339822 4908 741

1717326254.9885325 338460787
cloud0_tkemenade 19097765360 4866 690

1717326254.9888465 338460787
cloud1_tkemenade 13732339822 4908 742

1717326255.9910142 338460864
cloud0_tkemenade 19097765360 4866 690

1717326255.9915016 338460864
cloud1_tkemenade 13732339822 4909 742

1717326256.9938538 338460940
cloud0_tkemenade 19097765360 4866 690

1717326256.9943383 338460940
cloud1_tkemenade 13732339822 4909 742

1717326257.1949878 338460967
cloud0_tkemenade 19097778635 4866 690

1717326257.1954956 338460967
cloud1_tkemenade 13732353097 4909 742

1717326258.19758 338461052
cloud0_tkemenade 19097778635 4866 690

1717326258.1979141 338461052
cloud1_tkemenade 13732353097 4909 742

1717326259.200272 338461155
cloud0_tkemenade 19097778635 4866 690

1717326259.2007675 338461155
cloud1_tkemenade 13732353097 4909 742

1717326260.2030761 338461237
cloud0_tkemenade 19097778635 4867 690

1717326260.203373 338461237
cloud1_tkemenade 13732353097 4909 742

1717326261.2057285 338461538
cloud0_tkemenade 19097778635 4867 690

1717326261.2062435 338461538
cloud1_tkemenade 13732353097 4910 742

1717326262.208812 338461663
cloud0_tkemenade 19097778635 4867 690

1717326262.2093117 338461663
cloud1_tkemenade 13732353097 4910 742

1717326263.211718 338461723
cloud0_tkemenade 19097778635 4867 690

1717326263.2122135 338461723
cloud1_tkemenade 13732353097 4910 742

1717326264.2145607 338461839
cloud0_tkemenade 19097778635 4868 690

1717326264.2150772 338461839
cloud1_tkemenade 13732353097 4911 742

1717326264.315527 338461847
cloud0_tkemenade 19097787331 4868 690

1717326264.31603 338461847
cloud1_tkemenade 13732361793 4911 742

1717326265.318517 338461951
cloud0_tkemenade 19097787331 4868 690

1717326265.3189042 338461951
cloud1_tkemenade 13732361793 4911 742

1717326266.3214374 338462010
cloud0_tkemenade 19097787331 4868 690

1717326266.321941 338462010
cloud1_tkemenade 13732361793 4911 742

1717326267.3245718 338462089
cloud0_tkemenade 19097787331 4868 690

1717326267.325073 338462089
cloud1_tkemenade 13732361793 4911 742

1717326268.3276246 338462180
cloud0_tkemenade 19097787331 4868 690

1717326268.3281395 338462180
cloud1_tkemenade 13732361793 4911 742

1717326269.3305695 338462266
cloud0_tkemenade 19097787331 4868 690

1717326269.3310668 338462266
cloud1_tkemenade 13732361793 4912 742

1717326270.333461 338462345
cloud0_tkemenade 19097787331 4869 690

1717326270.3337598 338462345
cloud1_tkemenade 13732361793 4912 742

1717326271.3357518 338462610
cloud0_tkemenade 19097787331 4869 690

1717326271.3362355 338462610
cloud1_tkemenade 13732361793 4912 742

1717326271.436688 338462622
cloud0_tkemenade 19097791679 4869 690

1717326271.4372108 338462623
cloud1_tkemenade 13732366141 4912 742

1717326272.4394095 338462738
cloud0_tkemenade 19097791679 4869 690

1717326272.4399068 338462738
cloud1_tkemenade 13732366141 4913 742

1717326273.4423554 338462796
cloud0_tkemenade 19097791679 4870 690

1717326273.4428782 338462796
cloud1_tkemenade 13732366141 4913 742

1717326274.4454744 338462915
cloud0_tkemenade 19097791679 4870 690

1717326274.4460053 338462915
cloud1_tkemenade 13732366141 4913 742

1717326275.4488385 338462997
cloud0_tkemenade 19097791679 4870 690

1717326275.4494019 338462998
cloud1_tkemenade 13732366141 4914 742

1717326276.4517727 338463086
cloud0_tkemenade 19097791679 4870 691

1717326276.4522717 338463086
cloud1_tkemenade 13732366141 4914 742

1717326277.4545674 338463163
cloud0_tkemenade 19097791679 4871 691

1717326277.4550648 338463163
cloud1_tkemenade 13732366141 4915 742

1717326278.4572873 338463258
cloud0_tkemenade 19097791679 4871 691

1717326278.4578 338463258
cloud1_tkemenade 13732366141 4915 742

1717326278.6585605 338463285
cloud0_tkemenade 19097804245 4871 691

1717326278.659088 338463285
cloud1_tkemenade 13732378707 4915 742

1717326279.6615317 338463366
cloud0_tkemenade 19097804245 4871 691

1717326279.6620643 338463366
cloud1_tkemenade 13732378707 4916 742

1717326280.6642861 338463555
cloud0_tkemenade 19097804245 4872 691

1717326280.664581 338463555
cloud1_tkemenade 13732378707 4916 742

1717326281.6668415 338463746
cloud0_tkemenade 19097804245 4872 691

1717326281.6673892 338463746
cloud1_tkemenade 13732378707 4916 742

1717326282.6698856 338463865
cloud0_tkemenade 19097804245 4873 691

1717326282.6703937 338463865
cloud1_tkemenade 13732378707 4917 742

1717326283.6728761 338463927
cloud0_tkemenade 19097804245 4873 691

1717326283.673388 338463927
cloud1_tkemenade 13732378707 4917 742

1717326284.6756492 338464049
cloud0_tkemenade 19097804245 4873 691

1717326284.6761498 338464049
cloud1_tkemenade 13732378707 4918 742

1717326285.6784565 338464127
cloud0_tkemenade 19097804245 4873 691

1717326285.6789522 338464127
cloud1_tkemenade 13732378707 4918 742

1717326285.7794595 338464145
cloud0_tkemenade 19097812981 4873 691

1717326285.7797506 338464145
cloud1_tkemenade 13732391811 4918 742

1717326286.781891 338464232
cloud0_tkemenade 19097812981 4873 692

1717326286.782392 338464232
cloud1_tkemenade 13732391811 4918 742

1717326287.7850292 338464325
cloud0_tkemenade 19097812981 4874 692

1717326287.7855494 338464325
cloud1_tkemenade 13732391811 4919 742

1717326288.788181 338464408
cloud0_tkemenade 19097812981 4874 692

1717326288.788684 338464408
cloud1_tkemenade 13732391811 4919 743

1717326289.791472 338464493
cloud0_tkemenade 19097812981 4874 692

1717326289.7919986 338464493
cloud1_tkemenade 13732391811 4919 743

1717326290.7942674 338464725
cloud0_tkemenade 19097812981 4874 692

1717326290.794754 338464725
cloud1_tkemenade 13732391811 4919 743

1717326291.7972455 338464859
cloud0_tkemenade 19097812981 4874 692

1717326291.7977345 338464859
cloud1_tkemenade 13732391811 4920 743

1717326292.80024 338464988
cloud0_tkemenade 19097812981 4875 692

1717326292.8007312 338464988
cloud1_tkemenade 13732391811 4920 743

1717326292.9012809 338464996
cloud0_tkemenade 19097826381 4875 692

1717326292.9017904 338464996
cloud1_tkemenade 13732405211 4920 743

1717326293.904347 338465068
cloud0_tkemenade 19097826381 4875 692

1717326293.904847 338465068
cloud1_tkemenade 13732405211 4920 743

1717326294.907204 338465181
cloud0_tkemenade 19097826381 4875 692

1717326294.9076793 338465181
cloud1_tkemenade 13732405211 4920 743

1717326295.9100697 338465256
cloud0_tkemenade 19097826381 4875 692

1717326295.9105318 338465256
cloud1_tkemenade 13732405211 4921 743

1717326296.913251 338465351
cloud0_tkemenade 19097826381 4875 692

1717326296.9137244 338465351
cloud1_tkemenade 13732405211 4921 743

1717326297.9163451 338465443
cloud0_tkemenade 19097826381 4876 692

1717326297.9168606 338465443
cloud1_tkemenade 13732405211 4921 743

1717326298.9193842 338465526
cloud0_tkemenade 19097826381 4876 692

1717326298.919874 338465526
cloud1_tkemenade 13732405211 4921 743

1717326299.9223628 338465612
cloud0_tkemenade 19097826381 4876 692

1717326299.9226654 338465612
cloud1_tkemenade 13732405211 4921 743

1717326300.022958 338465632
cloud0_tkemenade 19097830655 4876 692

1717326300.0232582 338465632
cloud1_tkemenade 13732409485 4921 743

1717326301.025409 338465907
cloud0_tkemenade 19097830655 4876 692

1717326301.0257418 338465907
cloud1_tkemenade 13732409485 4922 743

1717326302.0281937 338466010
cloud0_tkemenade 19097830655 4876 692

1717326302.0286982 338466010
cloud1_tkemenade 13732409485 4922 743

1717326303.0310209 338466125
cloud0_tkemenade 19097830655 4877 692

1717326303.0315273 338466125
cloud1_tkemenade 13732409485 4922 743

1717326304.0338693 338466201
cloud0_tkemenade 19097830655 4877 692

1717326304.0343735 338466201
cloud1_tkemenade 13732409485 4923 743

1717326305.0369174 338466321
cloud0_tkemenade 19097830655 4877 692

1717326305.0374403 338466322
cloud1_tkemenade 13732409485 4923 743

1717326306.0400493 338466397
cloud0_tkemenade 19097830655 4877 692

1717326306.0405536 338466397
cloud1_tkemenade 13732409485 4923 743

1717326307.0429072 338466478
cloud0_tkemenade 19097839545 4878 692

1717326307.0434153 338466478
cloud1_tkemenade 13732418375 4924 743

1717326308.0456665 338466564
cloud0_tkemenade 19097839545 4878 692

1717326308.046204 338466564
cloud1_tkemenade 13732418375 4924 743

1717326309.0488117 338466643
cloud0_tkemenade 19097839545 4878 692

1717326309.049329 338466644
cloud1_tkemenade 13732418375 4924 743

1717326310.0517685 338466738
cloud0_tkemenade 19097839545 4878 692

1717326310.052078 338466738
cloud1_tkemenade 13732418375 4925 743

1717326311.0542514 338467034
cloud0_tkemenade 19097839545 4879 692

1717326311.0546632 338467034
cloud1_tkemenade 13732418375 4925 743

1717326312.0569122 338467123
cloud0_tkemenade 19097839545 4879 693

1717326312.0574133 338467124
cloud1_tkemenade 13732418375 4925 743

1717326313.0598245 338467203
cloud0_tkemenade 19097839545 4879 693

1717326313.0603125 338467203
cloud1_tkemenade 13732418375 4926 743

1717326314.0626407 338467314
cloud0_tkemenade 19097839545 4879 693

1717326314.063148 338467314
cloud1_tkemenade 13732418375 4926 743

1717326314.2638912 338467330
cloud0_tkemenade 19097848367 4879 693

1717326314.2643924 338467330
cloud1_tkemenade 13732431608 4926 743

1717326315.2668908 338467435
cloud0_tkemenade 19097848367 4880 693

1717326315.267432 338467435
cloud1_tkemenade 13732431608 4926 743

1717326316.2700248 338467506
cloud0_tkemenade 19097848367 4880 693

1717326316.2705321 338467506
cloud1_tkemenade 13732431608 4926 743

1717326317.2730463 338467605
cloud0_tkemenade 19097848367 4880 693

1717326317.273556 338467605
cloud1_tkemenade 13732431608 4927 743

1717326318.2760408 338467693
cloud0_tkemenade 19097848367 4880 693

1717326318.2765288 338467693
cloud1_tkemenade 13732431608 4927 743

1717326319.2789345 338467778
cloud0_tkemenade 19097848367 4881 693

1717326319.2793975 338467778
cloud1_tkemenade 13732431608 4927 743

1717326320.2818077 338467873
cloud0_tkemenade 19097848367 4881 693

1717326320.2821956 338467873
cloud1_tkemenade 13732431608 4927 743

1717326321.284401 338468160
cloud0_tkemenade 19097848367 4881 693

1717326321.284845 338468160
cloud1_tkemenade 13732431608 4928 743

1717326321.3853273 338468167
cloud0_tkemenade 19097857111 4881 693

1717326321.385812 338468167
cloud1_tkemenade 13732440352 4928 743

1717326322.3879385 338468235
cloud0_tkemenade 19097857111 4882 693

1717326322.38844 338468235
cloud1_tkemenade 13732440352 4928 743

1717326323.3906536 338468336
cloud0_tkemenade 19097857111 4882 693

1717326323.3911433 338468336
cloud1_tkemenade 13732440352 4928 743

1717326324.3936791 338468430
cloud0_tkemenade 19097857111 4882 693

1717326324.39418 338468430
cloud1_tkemenade 13732440352 4929 743

1717326325.3968253 338468541
cloud0_tkemenade 19097857111 4882 693

1717326325.3973489 338468542
cloud1_tkemenade 13732440352 4929 743

1717326326.4000115 338468619
cloud0_tkemenade 19097857111 4883 693

1717326326.4005098 338468619
cloud1_tkemenade 13732440352 4929 743

1717326327.4029264 338468736
cloud0_tkemenade 19097857111 4883 693

1717326327.4034333 338468736
cloud1_tkemenade 13732440352 4929 743

1717326328.4056704 338468840
cloud0_tkemenade 19097865919 4883 693

1717326328.4061503 338468840
cloud1_tkemenade 13732453564 4930 744

1717326329.4086378 338468911
cloud0_tkemenade 19097865919 4884 693

1717326329.4091308 338468912
cloud1_tkemenade 13732453564 4930 744

1717326330.4113812 338469022
cloud0_tkemenade 19097865919 4884 693

1717326330.4118884 338469022
cloud1_tkemenade 13732453564 4930 744

1717326331.414293 338469285
cloud0_tkemenade 19097865919 4884 693

1717326331.4148033 338469285
cloud1_tkemenade 13732453564 4930 744

1717326332.4172933 338469372
cloud0_tkemenade 19097865919 4884 693

1717326332.4177907 338469372
cloud1_tkemenade 13732453564 4930 744

1717326333.4203856 338469442
cloud0_tkemenade 19097865919 4884 693

1717326333.420878 338469442
cloud1_tkemenade 13732453564 4931 744

1717326334.4231877 338469566
cloud0_tkemenade 19097865919 4884 694

1717326334.4236948 338469566
cloud1_tkemenade 13732453564 4931 744

1717326335.4263775 338469667
cloud0_tkemenade 19097865919 4885 694

1717326335.426889 338469667
cloud1_tkemenade 13732453564 4931 744

1717326335.527414 338469691
cloud0_tkemenade 19097879180 4885 694

1717326335.5278852 338469691
cloud1_tkemenade 13732457984 4931 744

1717326336.5302734 338469766
cloud0_tkemenade 19097879180 4885 694

1717326336.5307748 338469766
cloud1_tkemenade 13732457984 4931 744

1717326337.5333235 338469871
cloud0_tkemenade 19097879180 4885 694

1717326337.5338316 338469871
cloud1_tkemenade 13732457984 4932 744

1717326338.5364723 338469942
cloud0_tkemenade 19097879180 4885 695

1717326338.5369754 338469942
cloud1_tkemenade 13732457984 4932 744

1717326339.5396404 338470026
cloud0_tkemenade 19097879180 4885 695

1717326339.5401835 338470026
cloud1_tkemenade 13732457984 4933 744

1717326340.5424018 338470170
cloud0_tkemenade 19097879180 4885 695

1717326340.5427477 338470170
cloud1_tkemenade 13732457984 4934 744

1717326341.5451844 338470408
cloud0_tkemenade 19097879180 4885 695

1717326341.5455737 338470408
cloud1_tkemenade 13732457984 4934 744

1717326342.547836 338470490
cloud0_tkemenade 19097879180 4886 695

1717326342.5483165 338470490
cloud1_tkemenade 13732457984 4935 745

1717326342.7490005 338470513
cloud0_tkemenade 19097887687 4887 695

1717326342.7495306 338470513
cloud1_tkemenade 13732479251 4935 745

1717326343.75189 338470583
cloud0_tkemenade 19097887687 4887 695

1717326343.7523909 338470583
cloud1_tkemenade 13732479251 4935 745

1717326344.7550282 338470748
cloud0_tkemenade 19097887687 4887 695

1717326344.7555332 338470748
cloud1_tkemenade 13732479251 4935 745

1717326345.757996 338470831
cloud0_tkemenade 19097887687 4887 695

1717326345.7585032 338470831
cloud1_tkemenade 13732479251 4935 745

1717326346.761081 338470903
cloud0_tkemenade 19097887687 4888 695

1717326346.7616358 338470903
cloud1_tkemenade 13732479251 4936 745

1717326347.7638607 338471011
cloud0_tkemenade 19097887687 4888 695

1717326347.7641459 338471011
cloud1_tkemenade 13732479251 4936 745

1717326348.7666223 338471102
cloud0_tkemenade 19097887687 4888 696

1717326348.7671382 338471102
cloud1_tkemenade 13732479251 4936 745

1717326349.769409 338471174
cloud0_tkemenade 19097887687 4889 696

1717326349.769901 338471174
cloud1_tkemenade 13732479251 4936 745

1717326349.8703935 338471189
cloud0_tkemenade 19097904928 4889 696

1717326349.8708968 338471189
cloud1_tkemenade 13732483561 4936 745

1717326350.8732479 338471437
cloud0_tkemenade 19097904928 4889 696

1717326350.8737423 338471437
cloud1_tkemenade 13732483561 4937 745

1717326351.8763206 338471571
cloud0_tkemenade 19097904928 4889 696

1717326351.876858 338471571
cloud1_tkemenade 13732483561 4937 745

1717326352.8792334 338471660
cloud0_tkemenade 19097904928 4889 696

1717326352.879539 338471660
cloud1_tkemenade 13732483561 4937 745

1717326353.8819785 338471725
cloud0_tkemenade 19097904928 4890 696

1717326353.8824785 338471725
cloud1_tkemenade 13732483561 4937 745

1717326354.8849597 338471870
cloud0_tkemenade 19097904928 4890 696

1717326354.8854818 338471871
cloud1_tkemenade 13732483561 4938 745

1717326355.888159 338471947
cloud0_tkemenade 19097904928 4890 696

1717326355.8886752 338471947
cloud1_tkemenade 13732483561 4938 745

1717326356.8911364 338472039
cloud0_tkemenade 19097904928 4890 696

1717326356.891651 338472039
cloud1_tkemenade 13732483561 4938 745

1717326357.092341 338472060
cloud0_tkemenade 19097909230 4891 696

1717326357.092821 338472060
cloud1_tkemenade 13732492166 4938 745

1717326358.0952592 338472162
cloud0_tkemenade 19097909230 4891 696

1717326358.0957391 338472162
cloud1_tkemenade 13732492166 4938 745

1717326359.0981877 338472246
cloud0_tkemenade 19097909230 4891 696

1717326359.0986674 338472246
cloud1_tkemenade 13732492166 4939 745

1717326360.1012065 338472316
cloud0_tkemenade 19097909230 4891 696

1717326360.1015005 338472316
cloud1_tkemenade 13732492166 4939 745

1717326361.1038167 338472594
cloud0_tkemenade 19097909230 4892 696

1717326361.104334 338472594
cloud1_tkemenade 13732492166 4939 745

1717326362.1068125 338472710
cloud0_tkemenade 19097909230 4892 696

1717326362.1073108 338472710
cloud1_tkemenade 13732492166 4939 746

1717326363.1098056 338472795
cloud0_tkemenade 19097909230 4892 696

1717326363.1102972 338472795
cloud1_tkemenade 13732492166 4940 746

