1717326411.413426 338484618
cloud0_tkemenade 19097909230 3197 481
cloud1_tkemenade 13732492166 2791 370

1717326412.4157896 338484930
cloud0_tkemenade 19097909230 3329 493

1717326412.4163296 338484930
cloud1_tkemenade 13732492166 2914 381

1717326413.4185653 338485260
cloud0_tkemenade 19097909230 3488 513

1717326413.419084 338485260
cloud1_tkemenade 13732492166 2996 399

1717326414.4214082 338485496
cloud0_tkemenade 19097909230 3583 527

1717326414.421932 338485496
cloud1_tkemenade 13732492166 3049 415

1717326415.4246376 338485747
cloud0_tkemenade 19097909230 3672 549

1717326415.4252198 338485748
cloud1_tkemenade 13732492166 3122 418

1717326416.4278095 338486002
cloud0_tkemenade 19097909230 3797 562

1717326416.4283395 338486002
cloud1_tkemenade 13732492166 3122 419

1717326417.4308913 338486297
cloud0_tkemenade 19097909230 4019 566

1717326417.4314275 338486297
cloud1_tkemenade 13732492166 3123 419

1717326418.4338841 338486576
cloud0_tkemenade 19097909230 4176 577

1717326418.434423 338486576
cloud1_tkemenade 13732492166 3123 419

1717326419.4367292 338486840
cloud0_tkemenade 19097909230 4339 585

1717326419.4372752 338486841
cloud1_tkemenade 13732492166 3124 419

1717326420.4394863 338487124
cloud0_tkemenade 19097909230 4518 600

1717326420.439837 338487124
cloud1_tkemenade 13732492166 3124 419

1717326421.4420207 338487576
cloud0_tkemenade 19097909230 4693 623

1717326421.4425442 338487576
cloud1_tkemenade 13732492166 3127 419

1717326422.445023 338487859
cloud0_tkemenade 19097909230 4890 631

1717326422.4455678 338487859
cloud1_tkemenade 13732492166 3135 419

1717326423.447947 338488205
cloud0_tkemenade 19097909230 5142 640

1717326423.448478 338488205
cloud1_tkemenade 13732492166 3135 420

1717326424.450777 338488406
cloud0_tkemenade 19097909230 5268 652

1717326424.4512985 338488406
cloud1_tkemenade 13732492166 3136 420

1717326425.453584 338488637
cloud0_tkemenade 19097909230 5402 669

1717326425.454086 338488637
cloud1_tkemenade 13732492166 3139 420

1717326425.6548114 338488680
cloud0_tkemenade 19104566670 5423 669

1717326425.6553597 338488680
cloud1_tkemenade 13732579628 3139 420

1717326426.6576543 338488900
cloud0_tkemenade 19104566670 5529 670

1717326426.658204 338488900
cloud1_tkemenade 13732579628 3141 421

1717326427.6608844 338489078
cloud0_tkemenade 19104566670 5635 670

1717326427.661448 338489079
cloud1_tkemenade 13732579628 3141 421

1717326428.6641333 338489294
cloud0_tkemenade 19104566670 5735 671

1717326428.6644993 338489294
cloud1_tkemenade 13732579628 3141 421

1717326429.666841 338489474
cloud0_tkemenade 19104566670 5835 671

1717326429.6673782 338489474
cloud1_tkemenade 13732579628 3141 421

1717326430.669734 338489786
cloud0_tkemenade 19104566670 5936 671

1717326430.6703148 338489786
cloud1_tkemenade 13732579628 3142 421

1717326431.6729834 338490074
cloud0_tkemenade 19104566670 6037 671

1717326431.673531 338490074
cloud1_tkemenade 13732579628 3143 421

1717326432.6759913 338490247
cloud0_tkemenade 19104566670 6140 671

1717326432.6765397 338490247
cloud1_tkemenade 13732579628 3145 422

1717326433.0776405 338490276
cloud0_tkemenade 19108016226 6143 673

1717326433.0782223 338490276
cloud1_tkemenade 13732617483 3145 422

1717326434.0807438 338490451
cloud0_tkemenade 19108016226 6228 714

1717326434.0813053 338490452
cloud1_tkemenade 13732617483 3145 422

1717326435.0836594 338490645
cloud0_tkemenade 19108016226 6324 742

1717326435.0842118 338490645
cloud1_tkemenade 13732617483 3153 423

1717326436.0868034 338490817
cloud0_tkemenade 19108016226 6396 744

1717326436.0873575 338490817
cloud1_tkemenade 13732617483 3153 423

1717326437.089937 338490917
cloud0_tkemenade 19108016226 6396 744

1717326437.0905309 338490917
cloud1_tkemenade 13732617483 3153 424

1717326438.0930784 338490990
cloud0_tkemenade 19108016226 6396 745

1717326438.0936527 338490990
cloud1_tkemenade 13732617483 3156 424

1717326439.0961754 338491101
cloud0_tkemenade 19108016226 6401 746

1717326439.0967183 338491101
cloud1_tkemenade 13732617483 3157 424

1717326440.0988693 338491201
cloud0_tkemenade 19108016226 6401 746

1717326440.0991473 338491201
cloud1_tkemenade 13732678453 3157 424

1717326440.1994784 338491205
cloud0_tkemenade 19109466456 6401 746

1717326441.1015253 338491486
cloud1_tkemenade 13732678453 3158 424

1717326441.2022827 338491514
cloud0_tkemenade 19109466456 6402 746

1717326442.1048288 338491578
cloud1_tkemenade 13732678453 3159 424

1717326442.2055054 338491584
cloud0_tkemenade 19109466456 6402 746

1717326443.1080625 338491647
cloud1_tkemenade 13732678453 3159 425

1717326443.2087383 338491655
cloud0_tkemenade 19109466456 6402 746

1717326444.1113026 338491744
cloud1_tkemenade 13732678453 3159 425

1717326444.2119696 338491751
cloud0_tkemenade 19109466456 6403 746

1717326445.1144753 338491841
cloud1_tkemenade 13732678453 3159 425

1717326445.215162 338491846
cloud0_tkemenade 19109466456 6404 746

1717326446.1175497 338491922
cloud1_tkemenade 13732678453 3159 425

1717326446.218277 338491926
cloud0_tkemenade 19109466456 6404 746

1717326447.120723 338492044
cloud1_tkemenade 13732696350 3160 425

1717326447.2216818 338492060
cloud0_tkemenade 19109479878 6404 746

1717326447.2222083 338492060
cloud1_tkemenade 13732696350 3160 425

1717326448.2248213 338492149
cloud0_tkemenade 19109479878 6412 747

1717326448.2253418 338492149
cloud1_tkemenade 13732696350 3160 425

1717326449.2279708 338492278
cloud0_tkemenade 19109479878 6412 747

1717326449.2284708 338492278
cloud1_tkemenade 13732696350 3160 425

1717326450.2307184 338492359
cloud0_tkemenade 19109479878 6412 747

1717326450.2310355 338492359
cloud1_tkemenade 13732696350 3161 425

1717326451.2336164 338492674
cloud0_tkemenade 19109479878 6416 748

1717326451.2341466 338492674
cloud1_tkemenade 13732696350 3161 425

1717326452.2367742 338492738
cloud0_tkemenade 19109479878 6416 748

1717326452.2372563 338492738
cloud1_tkemenade 13732696350 3162 425

1717326453.2399256 338492824
cloud0_tkemenade 19109479878 6416 749

1717326453.2404382 338492824
cloud1_tkemenade 13732696350 3163 425

1717326454.242787 338492916
cloud0_tkemenade 19109479878 6416 749

1717326454.243258 338492916
cloud1_tkemenade 13732696350 3163 425

1717326454.343761 338492935
cloud0_tkemenade 19109544479 6416 749

1717326454.344273 338492935
cloud1_tkemenade 13732709270 3163 425

1717326455.3464322 338493027
cloud0_tkemenade 19109544479 6417 750

1717326455.346951 338493027
cloud1_tkemenade 13732709270 3163 426

1717326456.3495107 338493108
cloud0_tkemenade 19109544479 6417 750

1717326456.3500009 338493108
cloud1_tkemenade 13732709270 3164 426

1717326457.3526678 338493233
cloud0_tkemenade 19109544479 6417 750

1717326457.3532102 338493233
cloud1_tkemenade 13732709270 3164 426

1717326458.3559473 338493303
cloud0_tkemenade 19109544479 6418 750

1717326458.3564637 338493303
cloud1_tkemenade 13732709270 3164 426

1717326459.3591573 338493428
cloud0_tkemenade 19109544479 6418 750

1717326459.3596537 338493428
cloud1_tkemenade 13732709270 3165 426

1717326460.361957 338493526
cloud0_tkemenade 19109544479 6418 751

1717326460.362274 338493526
cloud1_tkemenade 13732709270 3165 426

1717326461.3644693 338493804
cloud0_tkemenade 19109544479 6418 751

1717326461.364978 338493804
cloud1_tkemenade 13732709270 3165 426

1717326461.4654827 338493816
cloud0_tkemenade 19109561973 6418 751

1717326461.4660027 338493816
cloud1_tkemenade 13732722390 3165 426

1717326462.4685233 338493886
cloud0_tkemenade 19109561973 6418 751

1717326462.4690363 338493886
cloud1_tkemenade 13732722390 3165 426

1717326463.4715843 338493964
cloud0_tkemenade 19109561973 6418 752

1717326463.4720898 338493964
cloud1_tkemenade 13732722390 3165 427

1717326464.4745846 338494076
cloud0_tkemenade 19109561973 6418 752

1717326464.475105 338494076
cloud1_tkemenade 13732722390 3166 427

1717326465.4776082 338494174
cloud0_tkemenade 19109561973 6418 753

1717326465.4781094 338494174
cloud1_tkemenade 13732722390 3166 427

1717326466.480732 338494278
cloud0_tkemenade 19109561973 6418 753

1717326466.4813325 338494278
cloud1_tkemenade 13732722390 3166 427

1717326467.4837449 338494434
cloud0_tkemenade 19109561973 6418 753

1717326467.4842541 338494434
cloud1_tkemenade 13732722390 3167 427

1717326468.4868848 338494528
cloud0_tkemenade 19109561973 6418 754

1717326468.4873886 338494528
cloud1_tkemenade 13732722390 3167 427

1717326468.6880827 338494554
cloud0_tkemenade 19109574955 6418 754

1717326468.6885874 338494554
cloud1_tkemenade 13732735372 3167 427

1717326469.6908507 338494655
cloud0_tkemenade 19109574955 6418 754

1717326469.6913698 338494655
cloud1_tkemenade 13732735372 3168 427

1717326470.6936414 338494870
cloud0_tkemenade 19109574955 6418 754

1717326470.6940436 338494870
cloud1_tkemenade 13732735372 3168 427

1717326471.6963282 338495038
cloud0_tkemenade 19109574955 6418 754

1717326471.6968088 338495038
cloud1_tkemenade 13732735372 3168 427

1717326472.6991358 338495107
cloud0_tkemenade 19109574955 6418 754

1717326472.699636 338495107
cloud1_tkemenade 13732735372 3168 428

1717326473.7020178 338495198
cloud0_tkemenade 19109574955 6418 755

1717326473.7025108 338495198
cloud1_tkemenade 13732735372 3169 428

1717326474.7048347 338495309
cloud0_tkemenade 19109574955 6419 755

1717326474.7053878 338495310
cloud1_tkemenade 13732735372 3169 428

1717326475.7079618 338495399
cloud0_tkemenade 19109574955 6419 755

1717326475.7083256 338495399
cloud1_tkemenade 13732735372 3169 428

1717326475.908787 338495428
cloud0_tkemenade 19109583715 6419 755

1717326475.9092956 338495428
cloud1_tkemenade 13732748512 3169 428

1717326476.911733 338495513
cloud0_tkemenade 19109583715 6419 756

1717326476.912263 338495513
cloud1_tkemenade 13732748512 3170 428

1717326477.9148574 338495628
cloud0_tkemenade 19109583715 6419 756

1717326477.915359 338495628
cloud1_tkemenade 13732748512 3170 428

1717326478.9179 338495736
cloud0_tkemenade 19109583715 6419 756

1717326478.9181948 338495736
cloud1_tkemenade 13732748512 3170 428

1717326479.920562 338495832
cloud0_tkemenade 19109583715 6419 756

1717326479.920876 338495832
cloud1_tkemenade 13732748512 3171 428

1717326480.922947 338496093
cloud0_tkemenade 19109583715 6419 757

1717326480.9234505 338496093
cloud1_tkemenade 13732748512 3171 428

1717326481.9259143 338496229
cloud0_tkemenade 19109583715 6419 757

1717326481.926388 338496229
cloud1_tkemenade 13732748512 3171 428

1717326482.9288373 338496300
cloud0_tkemenade 19109597145 6420 757

1717326482.9293373 338496301
cloud1_tkemenade 13732757465 3171 428

1717326483.9317834 338496393
cloud0_tkemenade 19109597145 6420 757

1717326483.9322739 338496393
cloud1_tkemenade 13732757465 3172 428

1717326484.9348874 338496497
cloud0_tkemenade 19109597145 6420 757

1717326484.93539 338496497
cloud1_tkemenade 13732757465 3172 428

1717326485.9378603 338496574
cloud0_tkemenade 19109597145 6421 757

1717326485.9383602 338496574
cloud1_tkemenade 13732757465 3172 428

1717326486.940925 338496645
cloud0_tkemenade 19109597145 6421 757

1717326486.9414456 338496645
cloud1_tkemenade 13732757465 3172 428

1717326487.9440413 338496760
cloud0_tkemenade 19109597145 6421 757

1717326487.9444861 338496760
cloud1_tkemenade 13732757465 3173 428

1717326488.9467282 338496854
cloud0_tkemenade 19109597145 6422 757

1717326488.9472077 338496854
cloud1_tkemenade 13732757465 3173 428

1717326489.9494343 338496964
cloud0_tkemenade 19109597145 6422 757

1717326489.9497492 338496964
cloud1_tkemenade 13732757465 3173 428

1717326490.1502795 338496978
cloud0_tkemenade 19109605659 6422 757

1717326490.1505835 338496978
cloud1_tkemenade 13732765979 3173 428

1717326491.1527684 338497264
cloud0_tkemenade 19109605659 6422 757

1717326491.153302 338497264
cloud1_tkemenade 13732765979 3174 428

1717326492.1558306 338497343
cloud0_tkemenade 19109605659 6423 757

1717326492.1563406 338497343
cloud1_tkemenade 13732765979 3174 428

1717326493.1586392 338497416
cloud0_tkemenade 19109605659 6423 758

1717326493.1591265 338497416
cloud1_tkemenade 13732765979 3174 428

1717326494.1615262 338497505
cloud0_tkemenade 19109605659 6423 758

1717326494.1620169 338497505
cloud1_tkemenade 13732765979 3174 428

1717326495.1645367 338497607
cloud0_tkemenade 19109605659 6424 758

1717326495.1650221 338497607
cloud1_tkemenade 13732765979 3175 428

1717326496.1673777 338497674
cloud0_tkemenade 19109605659 6424 758

1717326496.167853 338497674
cloud1_tkemenade 13732765979 3175 428

1717326497.1700876 338497765
cloud0_tkemenade 19109619400 6424 758

1717326497.1705716 338497765
cloud1_tkemenade 13732779720 3175 429

1717326498.1729298 338497873
cloud0_tkemenade 19109619400 6424 758

1717326498.1734636 338497874
cloud1_tkemenade 13732779720 3175 429

1717326499.1760488 338497974
cloud0_tkemenade 19109619400 6425 758

1717326499.1765406 338497974
cloud1_tkemenade 13732779720 3176 429

1717326500.1789913 338498059
cloud0_tkemenade 19109619400 6425 758

1717326500.1792915 338498059
cloud1_tkemenade 13732779720 3176 429

1717326501.1814318 338498357
cloud0_tkemenade 19109619400 6426 758

1717326501.1819391 338498357
cloud1_tkemenade 13732779720 3176 429

1717326502.1844072 338498450
cloud0_tkemenade 19109619400 6426 758

1717326502.1849022 338498450
cloud1_tkemenade 13732779720 3176 429

1717326503.187346 338498525
cloud0_tkemenade 19109619400 6426 758

1717326503.1878185 338498525
cloud1_tkemenade 13732779720 3177 429

1717326504.1902628 338498608
cloud0_tkemenade 19109619400 6427 758

1717326504.1907089 338498608
cloud1_tkemenade 13732779720 3177 429

1717326504.2911537 338498617
cloud0_tkemenade 19109632625 6427 758

1717326504.291638 338498617
cloud1_tkemenade 13732788537 3177 429

1717326505.2940123 338498707
cloud0_tkemenade 19109632625 6427 758

1717326505.2944965 338498707
cloud1_tkemenade 13732788537 3177 429

1717326506.2972853 338498790
cloud0_tkemenade 19109632625 6428 758

1717326506.297753 338498790
cloud1_tkemenade 13732788537 3177 429

1717326507.3002346 338498858
cloud0_tkemenade 19109632625 6428 758

1717326507.3007007 338498858
cloud1_tkemenade 13732788537 3178 429

1717326508.3032463 338498980
cloud0_tkemenade 19109632625 6428 758

1717326508.3037255 338498980
cloud1_tkemenade 13732788537 3178 429

1717326509.3061898 338499064
cloud0_tkemenade 19109632625 6428 758

1717326509.3066602 338499064
cloud1_tkemenade 13732788537 3178 429

1717326510.3091526 338499143
cloud0_tkemenade 19109632625 6429 758

1717326510.3095343 338499143
cloud1_tkemenade 13732788537 3178 429

1717326511.3116088 338499450
cloud0_tkemenade 19109632625 6429 758

1717326511.3118896 338499450
cloud1_tkemenade 13732788537 3179 429

1717326511.412167 338499456
cloud0_tkemenade 19109641304 6429 758

1717326511.4124534 338499456
cloud1_tkemenade 13732797216 3179 429

1717326512.414658 338499540
cloud0_tkemenade 19109641304 6429 758

1717326512.4151533 338499540
cloud1_tkemenade 13732797216 3179 429

1717326513.41779 338499613
cloud0_tkemenade 19109641304 6429 758

1717326513.418287 338499613
cloud1_tkemenade 13732797216 3179 429

1717326514.4208987 338499697
cloud0_tkemenade 19109641304 6430 758

1717326514.4214196 338499697
cloud1_tkemenade 13732797216 3179 429

1717326515.4240496 338499790
cloud0_tkemenade 19109641304 6430 758

1717326515.4245675 338499790
cloud1_tkemenade 13732797216 3179 430

1717326516.4270823 338499882
cloud0_tkemenade 19109641304 6430 758

1717326516.4276073 338499882
cloud1_tkemenade 13732797216 3180 430

1717326517.4301324 338499962
cloud0_tkemenade 19109641304 6431 758

1717326517.4306543 338499962
cloud1_tkemenade 13732797216 3180 430

1717326518.4333045 338500088
cloud0_tkemenade 19109650140 6431 758

1717326518.4338388 338500088
cloud1_tkemenade 13732806052 3180 430

1717326519.4360642 338500169
cloud0_tkemenade 19109650140 6431 758

1717326519.4365323 338500169
cloud1_tkemenade 13732806052 3180 430

1717326520.4388368 338500271
cloud0_tkemenade 19109650140 6431 758

1717326520.4392557 338500271
cloud1_tkemenade 13732806052 3180 430

1717326521.4417148 338500552
cloud0_tkemenade 19109650140 6431 758

1717326521.4422047 338500552
cloud1_tkemenade 13732806052 3180 430

1717326522.4447873 338500644
cloud0_tkemenade 19109650140 6432 758

1717326522.4453652 338500645
cloud1_tkemenade 13732806052 3181 430

1717326523.447875 338500715
cloud0_tkemenade 19109650140 6432 758

1717326523.4483802 338500715
cloud1_tkemenade 13732806052 3181 430

1717326524.4508572 338500826
cloud0_tkemenade 19109650140 6432 758

1717326524.4513483 338500826
cloud1_tkemenade 13732806052 3182 430

1717326525.4535816 338500902
cloud0_tkemenade 19109650140 6433 758

1717326525.454058 338500902
cloud1_tkemenade 13732806052 3182 431

1717326525.5545473 338500920
cloud0_tkemenade 19109659079 6433 758

1717326525.5550544 338500920
cloud1_tkemenade 13732819460 3182 431

1717326526.5573864 338501026
cloud0_tkemenade 19109659079 6433 758

1717326526.5578845 338501026
cloud1_tkemenade 13732819460 3182 431

1717326527.5604894 338501104
cloud0_tkemenade 19109659079 6433 759

1717326527.5609975 338501104
cloud1_tkemenade 13732819460 3182 431

1717326528.5634792 338501225
cloud0_tkemenade 19109659079 6433 759

1717326528.5639784 338501225
cloud1_tkemenade 13732819460 3182 431

1717326529.5664175 338501330
cloud0_tkemenade 19109659079 6433 760

1717326529.566942 338501330
cloud1_tkemenade 13732819460 3183 432

1717326530.569206 338501484
cloud0_tkemenade 19109659079 6433 760

1717326530.5695996 338501484
cloud1_tkemenade 13732819460 3183 432

1717326531.571839 338501700
cloud0_tkemenade 19109659079 6433 760

1717326531.572348 338501700
cloud1_tkemenade 13732819460 3183 432

1717326532.574534 338501808
cloud0_tkemenade 19109659079 6434 760

1717326532.5750384 338501808
cloud1_tkemenade 13732819460 3184 432

1717326532.7755947 338501839
cloud0_tkemenade 19109672431 6434 760

1717326532.7760994 338501839
cloud1_tkemenade 13732832812 3184 432

1717326533.778398 338501911
cloud0_tkemenade 19109672431 6434 760

1717326533.7789109 338501911
cloud1_tkemenade 13732832812 3185 432

1717326534.7815201 338502006
cloud0_tkemenade 19109672431 6434 760

1717326534.7820272 338502006
cloud1_tkemenade 13732832812 3185 433

1717326535.7847042 338502069
cloud0_tkemenade 19109672431 6435 760

1717326535.785235 338502069
cloud1_tkemenade 13732832812 3185 433

1717326536.7879546 338502165
cloud0_tkemenade 19109672431 6435 760

1717326536.7885053 338502165
cloud1_tkemenade 13732832812 3185 433

1717326537.7907772 338502258
cloud0_tkemenade 19109672431 6435 760

1717326537.7912843 338502258
cloud1_tkemenade 13732832812 3185 434

1717326538.7937303 338502392
cloud0_tkemenade 19109672431 6436 760

1717326538.7942379 338502392
cloud1_tkemenade 13732832812 3185 434

1717326539.7968247 338502484
cloud0_tkemenade 19109672431 6436 760

1717326539.797845 338502485
cloud1_tkemenade 13732832812 3186 434

1717326539.898394 338502500
cloud0_tkemenade 19109681010 6436 760

1717326539.8989012 338502500
cloud1_tkemenade 13732849970 3186 434

1717326540.901256 338502749
cloud0_tkemenade 19109681010 6436 760

1717326540.9017565 338502749
cloud1_tkemenade 13732849970 3186 434

1717326541.9042702 338502891
cloud0_tkemenade 19109681010 6436 760

1717326541.9047518 338502891
cloud1_tkemenade 13732849970 3187 434

1717326542.90725 338502976
cloud0_tkemenade 19109681010 6437 760

1717326542.9077408 338502976
cloud1_tkemenade 13732849970 3187 434

1717326543.9102926 338503061
cloud0_tkemenade 19109681010 6437 760

1717326543.9107902 338503061
cloud1_tkemenade 13732849970 3187 434

1717326544.9134476 338503167
cloud0_tkemenade 19109681010 6437 760

1717326544.9139442 338503167
cloud1_tkemenade 13732849970 3187 434

1717326545.9165454 338503237
cloud0_tkemenade 19109681010 6437 760

1717326545.9170477 338503237
cloud1_tkemenade 13732849970 3187 434

1717326546.9195912 338503325
cloud0_tkemenade 19109681010 6438 760

1717326546.9200847 338503325
cloud1_tkemenade 13732849970 3187 434

1717326547.0205863 338503344
cloud1_tkemenade 13732854342 3187 434

1717326547.1212933 338503354
cloud0_tkemenade 19109689754 6438 760

1717326548.0236638 338503435
cloud1_tkemenade 13732854342 3188 435

1717326548.1241894 338503444
cloud0_tkemenade 19109689754 6438 760

1717326549.0265248 338503569
cloud1_tkemenade 13732854342 3188 435

1717326549.1272519 338503579
cloud0_tkemenade 19109689754 6438 760

1717326550.02985 338503660
cloud1_tkemenade 13732854342 3188 435

1717326550.130303 338503665
cloud0_tkemenade 19109689754 6438 760

1717326551.0324419 338503937
cloud1_tkemenade 13732854342 3189 435

1717326551.1331837 338503962
cloud0_tkemenade 19109689754 6439 760

1717326552.0357804 338504069
cloud1_tkemenade 13732854342 3189 435

1717326552.1364827 338504083
cloud0_tkemenade 19109689754 6439 760

1717326553.0390437 338504159
cloud1_tkemenade 13732854342 3189 435

1717326553.1398108 338504169
cloud0_tkemenade 19109689754 6440 760

1717326554.0420313 338504246
cloud1_tkemenade 13732854342 3189 435

1717326554.1427343 338504256
cloud0_tkemenade 19109698436 6440 760

1717326554.1432152 338504256
cloud1_tkemenade 13732867365 3189 435

1717326555.1457562 338504346
cloud0_tkemenade 19109698436 6441 760

1717326555.146263 338504346
cloud1_tkemenade 13732867365 3189 436

1717326556.1486423 338504419
cloud0_tkemenade 19109698436 6441 760

1717326556.149145 338504420
cloud1_tkemenade 13732867365 3189 436

1717326557.151842 338504493
cloud0_tkemenade 19109698436 6441 761

1717326557.1523464 338504493
cloud1_tkemenade 13732867365 3189 436

1717326558.1548467 338504569
cloud0_tkemenade 19109698436 6441 761

1717326558.155344 338504569
cloud1_tkemenade 13732867365 3189 436

1717326559.157628 338504676
cloud0_tkemenade 19109698436 6442 761

1717326559.157897 338504676
cloud1_tkemenade 13732867365 3189 436

1717326560.1601124 338504775
cloud0_tkemenade 19109698436 6442 761

1717326560.1604147 338504775
cloud1_tkemenade 13732867365 3189 436

1717326561.1623988 338505075
cloud0_tkemenade 19109698436 6442 761

1717326561.1628146 338505075
cloud1_tkemenade 13732867365 3189 437

1717326561.2631435 338505088
cloud0_tkemenade 19109711533 6442 761

1717326561.2636056 338505088
cloud1_tkemenade 13732876096 3189 437

1717326562.2659023 338505193
cloud0_tkemenade 19109711533 6442 761

1717326562.2662253 338505193
cloud1_tkemenade 13732876096 3189 437

1717326563.2687175 338505287
cloud0_tkemenade 19109711533 6443 761

1717326563.2692676 338505287
cloud1_tkemenade 13732876096 3190 437

1717326564.2717848 338505368
cloud0_tkemenade 19109711533 6443 761

1717326564.27229 338505368
cloud1_tkemenade 13732876096 3190 437

1717326565.2748964 338505461
cloud0_tkemenade 19109711533 6443 761

1717326565.275401 338505461
cloud1_tkemenade 13732876096 3191 437

1717326566.277874 338505529
cloud0_tkemenade 19109711533 6444 761

1717326566.2783508 338505529
cloud1_tkemenade 13732876096 3191 438

1717326567.2808557 338505624
cloud0_tkemenade 19109711533 6444 761

1717326567.2814095 338505624
cloud1_tkemenade 13732876096 3191 438

1717326568.2837038 338505726
cloud0_tkemenade 19109711533 6445 761

1717326568.2841575 338505726
cloud1_tkemenade 13732876096 3191 438

1717326568.3845305 338505740
cloud0_tkemenade 19109724506 6445 761

1717326568.3849828 338505740
cloud1_tkemenade 13732889069 3191 438

1717326569.3875175 338505866
cloud0_tkemenade 19109724506 6445 762

1717326569.3879957 338505866
cloud1_tkemenade 13732889069 3191 439

1717326570.3904307 338505995
cloud0_tkemenade 19109724506 6445 762

1717326570.390941 338505995
cloud1_tkemenade 13732889069 3191 439

1717326571.3934636 338506259
cloud0_tkemenade 19109724506 6445 762

1717326571.3940027 338506259
cloud1_tkemenade 13732889069 3191 439

1717326572.396507 338506359
cloud0_tkemenade 19109724506 6445 762

1717326572.3970098 338506359
cloud1_tkemenade 13732889069 3192 439

1717326573.3994746 338506446
cloud0_tkemenade 19109724506 6445 762

1717326573.3999739 338506446
cloud1_tkemenade 13732889069 3192 439

1717326574.402529 338506547
cloud0_tkemenade 19109724506 6446 762

1717326574.403033 338506547
cloud1_tkemenade 13732889069 3192 439

1717326575.4052927 338506644
cloud0_tkemenade 19109724506 6446 762

1717326575.4057927 338506644
cloud1_tkemenade 13732889069 3193 439

1717326575.606527 338506662
cloud0_tkemenade 19109733266 6446 762

1717326575.6070366 338506662
cloud1_tkemenade 13732902209 3193 439

1717326576.6095479 338506727
cloud0_tkemenade 19109733266 6446 762

1717326576.6100607 338506727
cloud1_tkemenade 13732902209 3193 439

1717326577.6126053 338506823
cloud0_tkemenade 19109733266 6447 762

1717326577.612927 338506823
cloud1_tkemenade 13732902209 3193 439

1717326578.6153433 338506888
cloud0_tkemenade 19109733266 6447 762

1717326578.615847 338506888
cloud1_tkemenade 13732902209 3194 439

1717326579.6183543 338507003
cloud0_tkemenade 19109733266 6447 762

1717326579.6187317 338507003
cloud1_tkemenade 13732902209 3194 439

1717326580.6209292 338507221
cloud0_tkemenade 19109733266 6447 763

1717326580.6212397 338507222
cloud1_tkemenade 13732902209 3194 440

1717326581.623562 338507398
cloud0_tkemenade 19109733266 6447 763

1717326581.624072 338507398
cloud1_tkemenade 13732902209 3194 440

1717326582.626665 338507499
cloud0_tkemenade 19109733266 6448 763

1717326582.6271765 338507499
cloud1_tkemenade 13732911101 3194 440

1717326582.727689 338507512
cloud0_tkemenade 19109746605 6448 763

1717326583.6300516 338507591
cloud1_tkemenade 13732911101 3194 440

1717326583.7307832 338507600
cloud0_tkemenade 19109746605 6448 763

1717326584.6334305 338507686
cloud1_tkemenade 13732911101 3195 440

1717326584.7341478 338507696
cloud0_tkemenade 19109746605 6448 763

1717326585.6365552 338507774
cloud1_tkemenade 13732911101 3195 440

1717326585.7370589 338507783
cloud0_tkemenade 19109746605 6448 763

1717326586.639522 338507858
cloud1_tkemenade 13732911101 3195 440

1717326586.7402256 338507870
cloud0_tkemenade 19109746605 6449 763

1717326587.6425786 338507958
cloud1_tkemenade 13732911101 3195 440

1717326587.7430973 338507968
cloud0_tkemenade 19109746605 6449 763

1717326588.6452856 338508043
cloud1_tkemenade 13732911101 3195 440

1717326588.7459338 338508056
cloud0_tkemenade 19109746605 6449 763

1717326589.6480346 338508115
cloud1_tkemenade 13732911101 3196 440

1717326589.7486744 338508124
cloud0_tkemenade 19109746605 6449 763

1717326589.8492563 338508168
cloud0_tkemenade 19109750856 6449 763

1717326589.8497412 338508168
cloud1_tkemenade 13732919603 3196 440

1717326590.852017 338508414
cloud0_tkemenade 19109750856 6450 763

1717326590.852516 338508414
cloud1_tkemenade 13732919603 3196 440

1717326591.854941 338508595
cloud0_tkemenade 19109750856 6450 763

1717326591.8554504 338508595
cloud1_tkemenade 13732919603 3196 440

1717326592.8579266 338508741
cloud0_tkemenade 19109750856 6450 763

1717326592.8583946 338508741
cloud1_tkemenade 13732919603 3196 440

1717326593.8609278 338508820
cloud0_tkemenade 19109750856 6450 763

1717326593.8614647 338508820
cloud1_tkemenade 13732919603 3197 440

1717326594.8639808 338508907
cloud0_tkemenade 19109750856 6451 763

1717326594.8644645 338508907
cloud1_tkemenade 13732919603 3197 441

1717326595.8667564 338508977
cloud0_tkemenade 19109750856 6451 763

1717326595.867247 338508977
cloud1_tkemenade 13732919603 3197 441

1717326596.8696055 338509066
cloud0_tkemenade 19109750856 6451 763

1717326596.8700657 338509066
cloud1_tkemenade 13732919603 3197 441

1717326596.9705498 338509082
cloud0_tkemenade 19109759938 6451 763

1717326596.9710531 338509082
cloud1_tkemenade 13732928685 3197 441

1717326597.9736233 338509188
cloud0_tkemenade 19109759938 6451 763

1717326597.9741411 338509188
cloud1_tkemenade 13732928685 3197 441

1717326598.9768198 338509288
cloud0_tkemenade 19109759938 6452 763

1717326598.9773827 338509289
cloud1_tkemenade 13732928685 3198 441

1717326599.9798725 338509373
cloud0_tkemenade 19109759938 6452 763

1717326599.9801903 338509373
cloud1_tkemenade 13732928685 3198 441

1717326600.982648 338509689
cloud0_tkemenade 19109759938 6452 763

1717326600.9831638 338509689
cloud1_tkemenade 13732928685 3198 441

1717326601.9858315 338509814
cloud0_tkemenade 19109759938 6452 763

1717326601.9863634 338509814
cloud1_tkemenade 13732928685 3198 441

1717326602.9888747 338509889
cloud0_tkemenade 19109759938 6452 763

1717326602.9894297 338509890
cloud1_tkemenade 13732928685 3198 441

1717326603.9918702 338509974
cloud0_tkemenade 19109759938 6453 764

1717326603.9923 338509974
cloud1_tkemenade 13732928685 3198 441

1717326604.1929183 338509997
cloud0_tkemenade 19109772948 6453 764

1717326604.1934526 338509997
cloud1_tkemenade 13732933021 3199 441

1717326605.1960323 338510104
cloud0_tkemenade 19109772948 6453 764

1717326605.1965675 338510104
cloud1_tkemenade 13732933021 3199 441

1717326606.199148 338510177
cloud0_tkemenade 19109772948 6453 764

1717326606.1996574 338510177
cloud1_tkemenade 13732933021 3199 441

1717326607.2023396 338510266
cloud0_tkemenade 19109772948 6453 764

1717326607.2028813 338510266
cloud1_tkemenade 13732933021 3199 441

1717326608.2054567 338510356
cloud0_tkemenade 19109772948 6454 764

1717326608.2059574 338510356
cloud1_tkemenade 13732933021 3200 441

1717326609.2085671 338510440
cloud0_tkemenade 19109772948 6454 764

1717326609.2090707 338510440
cloud1_tkemenade 13732933021 3200 441

1717326610.2113178 338510526
cloud0_tkemenade 19109772948 6454 764

1717326610.2118134 338510526
cloud1_tkemenade 13732933021 3200 441

1717326611.2139113 338510909
cloud0_tkemenade 19109772948 6454 764

1717326611.2142208 338510909
cloud1_tkemenade 13732933021 3200 441

1717326611.3145325 338510925
cloud0_tkemenade 19109777284 6454 764

1717326611.3150141 338510925
cloud1_tkemenade 13732941693 3200 441

1717326612.3173351 338511007
cloud0_tkemenade 19109777284 6455 765

1717326612.317837 338511007
cloud1_tkemenade 13732941693 3201 442

1717326613.3203685 338511099
cloud0_tkemenade 19109777284 6455 765

1717326613.3208537 338511099
cloud1_tkemenade 13732941693 3201 442

1717326614.3234372 338511194
cloud0_tkemenade 19109777284 6455 765

1717326614.3239384 338511194
cloud1_tkemenade 13732941693 3201 442

1717326615.3261924 338511290
cloud0_tkemenade 19109777284 6455 765

1717326615.3266935 338511290
cloud1_tkemenade 13732941693 3202 442

1717326616.3289902 338511354
cloud0_tkemenade 19109777284 6456 765

1717326616.3294873 338511354
cloud1_tkemenade 13732941693 3202 442

1717326617.331971 338511438
cloud0_tkemenade 19109777284 6456 765

1717326617.3324661 338511438
cloud1_tkemenade 13732941693 3202 442

1717326618.334792 338511518
cloud0_tkemenade 19109777284 6456 765

1717326618.335283 338511518
cloud1_tkemenade 13732941693 3203 442

1717326618.435689 338511537
cloud0_tkemenade 19109790197 6456 765

1717326618.4361334 338511537
cloud1_tkemenade 13732958911 3203 442

1717326619.4385695 338511610
cloud0_tkemenade 19109790197 6457 765

1717326619.4390695 338511610
cloud1_tkemenade 13732958911 3203 442

1717326620.4414377 338511742
cloud0_tkemenade 19109790197 6457 765

1717326620.441941 338511742
cloud1_tkemenade 13732958911 3203 442

1717326621.4443305 338512077
cloud0_tkemenade 19109790197 6457 765

1717326621.4448261 338512077
cloud1_tkemenade 13732958911 3203 442

1717326622.4472039 338512149
cloud0_tkemenade 19109790197 6457 765

1717326622.4477158 338512149
cloud1_tkemenade 13732958911 3204 442

1717326623.4500935 338512230
cloud0_tkemenade 19109790197 6458 765

1717326623.4505703 338512230
cloud1_tkemenade 13732958911 3204 442

1717326624.453214 338512332
cloud0_tkemenade 19109790197 6458 765

1717326624.4537218 338512332
cloud1_tkemenade 13732958911 3204 442

1717326625.456236 338512418
cloud0_tkemenade 19109790197 6458 765

1717326625.4567351 338512418
cloud1_tkemenade 13732958911 3204 442

1717326625.657299 338512437
cloud0_tkemenade 19109798986 6458 765

1717326625.6577878 338512437
cloud1_tkemenade 13732967700 3205 442

1717326626.6604018 338512510
cloud0_tkemenade 19109798986 6459 765

1717326626.660928 338512510
cloud1_tkemenade 13732967700 3205 442

1717326627.6635604 338512582
cloud0_tkemenade 19109798986 6459 765

1717326627.663935 338512582
cloud1_tkemenade 13732967700 3205 442

1717326628.666147 338512676
cloud0_tkemenade 19109798986 6459 765

1717326628.666647 338512676
cloud1_tkemenade 13732967700 3205 442

1717326629.669143 338512745
cloud0_tkemenade 19109798986 6460 765

1717326629.6696055 338512745
cloud1_tkemenade 13732967700 3206 442

1717326630.6719162 338512939
cloud0_tkemenade 19109798986 6460 765

1717326630.6723764 338512939
cloud1_tkemenade 13732967700 3206 442

1717326631.674773 338513135
cloud0_tkemenade 19109798986 6460 765

1717326631.6752434 338513135
cloud1_tkemenade 13732967700 3206 442

1717326632.6775975 338513209
cloud0_tkemenade 19109798986 6460 765

1717326632.6781497 338513209
cloud1_tkemenade 13732967700 3206 442

1717326632.7786107 338513222
cloud0_tkemenade 19109807797 6460 765

1717326632.7791116 338513222
cloud1_tkemenade 13732972105 3206 442

1717326633.7816002 338513328
cloud0_tkemenade 19109807797 6461 765

1717326633.7821043 338513328
cloud1_tkemenade 13732972105 3206 442

1717326634.7847996 338513439
cloud0_tkemenade 19109807797 6461 765

1717326634.7853496 338513439
cloud1_tkemenade 13732972105 3207 442

1717326635.7878344 338513535
cloud0_tkemenade 19109807797 6461 765

1717326635.7883427 338513535
cloud1_tkemenade 13732972105 3207 442

1717326636.7906904 338513605
cloud0_tkemenade 19109807797 6461 765

1717326636.7912073 338513605
cloud1_tkemenade 13732972105 3208 442

1717326637.7937562 338513664
cloud0_tkemenade 19109807797 6462 765

1717326637.7942595 338513664
cloud1_tkemenade 13732972105 3208 442

1717326638.797034 338513748
cloud0_tkemenade 19109807797 6462 766

1717326638.797542 338513748
cloud1_tkemenade 13732972105 3208 442

1717326639.7999754 338513840
cloud0_tkemenade 19109807797 6462 766

1717326639.800481 338513840
cloud1_tkemenade 13732972105 3208 442

1717326640.0011177 338513863
cloud0_tkemenade 19109820686 6462 766

1717326640.0014505 338513863
cloud1_tkemenade 13732980698 3208 442

1717326641.0033875 338514122
cloud0_tkemenade 19109820686 6462 766

1717326641.003881 338514122
cloud1_tkemenade 13732980698 3208 442

1717326642.0063913 338514286
cloud0_tkemenade 19109820686 6463 766

1717326642.0068805 338514286
cloud1_tkemenade 13732980698 3208 442

1717326643.0094812 338514369
cloud0_tkemenade 19109820686 6463 766

1717326643.0099776 338514369
cloud1_tkemenade 13732980698 3209 443

1717326644.0126646 338514473
cloud0_tkemenade 19109820686 6463 766

1717326644.0131934 338514475
cloud1_tkemenade 13732980698 3209 443

1717326645.0154576 338514567
cloud0_tkemenade 19109820686 6463 766

1717326645.015954 338514567
cloud1_tkemenade 13732980698 3209 443

1717326646.0182517 338514640
cloud0_tkemenade 19109820686 6464 766

1717326646.0187793 338514640
cloud1_tkemenade 13732980698 3209 443

1717326647.0213168 338514738
cloud0_tkemenade 19109820686 6464 766

1717326647.0218282 338514738
cloud1_tkemenade 13732980698 3210 443

1717326647.12227 338514741
cloud0_tkemenade 19109829379 6464 766

1717326647.1227863 338514741
cloud1_tkemenade 13732993737 3210 443

1717326648.1252215 338514819
cloud0_tkemenade 19109829379 6464 766

1717326648.1257272 338514819
cloud1_tkemenade 13732993737 3210 443

1717326649.128147 338514920
cloud0_tkemenade 19109829379 6465 766

1717326649.1286716 338514920
cloud1_tkemenade 13732993737 3210 443

1717326650.1310334 338514994
cloud0_tkemenade 19109829379 6465 766

1717326650.1313367 338514994
cloud1_tkemenade 13732993737 3211 443

1717326651.1336868 338515267
cloud0_tkemenade 19109829379 6465 766

1717326651.1341958 338515267
cloud1_tkemenade 13732993737 3211 443

1717326652.136534 338515390
cloud0_tkemenade 19109829379 6465 766

1717326652.1370463 338515390
cloud1_tkemenade 13732993737 3211 443

1717326653.1395633 338515465
cloud0_tkemenade 19109829379 6465 767

1717326653.1400735 338515465
cloud1_tkemenade 13732993737 3212 443

1717326654.1424458 338515545
cloud0_tkemenade 19109842531 6466 767

1717326654.1429536 338515545
cloud1_tkemenade 13733002505 3212 443

1717326655.1454136 338515674
cloud0_tkemenade 19109842531 6466 767

1717326655.1459334 338515674
cloud1_tkemenade 13733002505 3212 443

1717326656.148551 338515738
cloud0_tkemenade 19109842531 6466 767

1717326656.1490424 338515738
cloud1_tkemenade 13733002505 3212 443

1717326657.151593 338515811
cloud0_tkemenade 19109842531 6467 767

1717326657.152116 338515811
cloud1_tkemenade 13733002505 3213 443

1717326658.1546743 338515906
cloud0_tkemenade 19109842531 6467 767

1717326658.1551945 338515906
cloud1_tkemenade 13733002505 3213 443

1717326659.1577203 338516008
cloud0_tkemenade 19109842531 6467 767

1717326659.1582103 338516008
cloud1_tkemenade 13733002505 3214 443

1717326660.1606271 338516091
cloud0_tkemenade 19109842531 6468 767

1717326660.160938 338516091
cloud1_tkemenade 13733002505 3214 443

1717326661.1628819 338516356
cloud0_tkemenade 19109842531 6468 767

1717326661.1631727 338516356
cloud1_tkemenade 13733002505 3214 443

1717326661.3637128 338516381
cloud0_tkemenade 19109851079 6468 767

1717326661.3642125 338516381
cloud1_tkemenade 13733011053 3214 443

1717326662.366637 338516503
cloud0_tkemenade 19109851079 6468 767

1717326662.3671203 338516503
cloud1_tkemenade 13733011053 3215 444

1717326663.369446 338516586
cloud0_tkemenade 19109851079 6468 767

1717326663.3699355 338516586
cloud1_tkemenade 13733011053 3215 444

1717326664.3726087 338516666
cloud0_tkemenade 19109851079 6468 767

1717326664.3731081 338516666
cloud1_tkemenade 13733011053 3216 444

1717326665.3758516 338516796
cloud0_tkemenade 19109851079 6469 767

1717326665.376346 338516796
cloud1_tkemenade 13733011053 3216 444

1717326666.3788264 338516866
cloud0_tkemenade 19109851079 6469 767

1717326666.3793187 338516866
cloud1_tkemenade 13733011053 3216 444

1717326667.3818352 338516932
cloud0_tkemenade 19109851079 6469 767

1717326667.382327 338516932
cloud1_tkemenade 13733011053 3216 444

1717326668.3847616 338517009
cloud0_tkemenade 19109851079 6469 767

1717326668.3852637 338517012
cloud1_tkemenade 13733011053 3217 444

1717326668.4857085 338517020
cloud0_tkemenade 19109855354 6470 767

1717326668.4861922 338517020
cloud1_tkemenade 13733028154 3217 444

1717326669.4886959 338517105
cloud0_tkemenade 19109855354 6470 767

1717326669.489209 338517106
cloud1_tkemenade 13733028154 3217 444

1717326670.4916587 338517249
cloud0_tkemenade 19109855354 6470 767

1717326670.4921632 338517249
cloud1_tkemenade 13733028154 3217 444

1717326671.494491 338517500
cloud0_tkemenade 19109855354 6470 767

1717326671.494965 338517500
cloud1_tkemenade 13733028154 3217 444

1717326672.4974904 338517625
cloud0_tkemenade 19109855354 6471 767

1717326672.497978 338517625
cloud1_tkemenade 13733028154 3218 444

1717326673.500524 338517694
cloud0_tkemenade 19109855354 6471 768

1717326673.501036 338517694
cloud1_tkemenade 13733028154 3218 444

1717326674.5035608 338517786
cloud0_tkemenade 19109855354 6471 768

1717326674.504066 338517786
cloud1_tkemenade 13733028154 3218 444

1717326675.5065198 338517901
cloud0_tkemenade 19109855354 6471 768

1717326675.50702 338517901
cloud1_tkemenade 13733028154 3219 444

1717326675.6074624 338517906
cloud0_tkemenade 19109868657 6471 768

1717326675.6079316 338517906
cloud1_tkemenade 13733032588 3219 444

1717326676.6104887 338517986
cloud0_tkemenade 19109868657 6472 768

1717326676.6109958 338517986
cloud1_tkemenade 13733032588 3219 444

1717326677.6134 338518054
cloud0_tkemenade 19109868657 6472 768

1717326677.6136973 338518054
cloud1_tkemenade 13733032588 3219 444

1717326678.6161375 338518141
cloud0_tkemenade 19109868657 6472 768

1717326678.616624 338518141
cloud1_tkemenade 13733032588 3219 444

1717326679.6189797 338518226
cloud0_tkemenade 19109868657 6473 768

1717326679.6194732 338518226
cloud1_tkemenade 13733032588 3220 444

1717326680.6216793 338518426
cloud0_tkemenade 19109868657 6473 768

1717326680.6221857 338518426
cloud1_tkemenade 13733032588 3220 444

1717326681.6245604 338518620
cloud0_tkemenade 19109868657 6473 768

1717326681.6250463 338518620
cloud1_tkemenade 13733032588 3220 444

1717326682.6271505 338518752
cloud0_tkemenade 19109868657 6473 768

1717326682.6276448 338518752
cloud1_tkemenade 13733032588 3220 444

1717326682.7280893 338518767
cloud0_tkemenade 19109877478 6473 768

1717326682.7285573 338518767
cloud1_tkemenade 13733041409 3220 444

1717326683.7308 338518845
cloud0_tkemenade 19109877478 6474 768

1717326683.7313173 338518845
cloud1_tkemenade 13733041409 3221 444

1717326684.733866 338518936
cloud0_tkemenade 19109877478 6474 768

1717326684.7343457 338518936
cloud1_tkemenade 13733041409 3221 444

1717326685.736804 338519046
cloud0_tkemenade 19109877478 6474 768

1717326685.7373197 338519046
cloud1_tkemenade 13733041409 3221 445

1717326686.7398658 338519109
cloud0_tkemenade 19109877478 6474 768

1717326686.740354 338519109
cloud1_tkemenade 13733041409 3221 445

1717326687.743021 338519187
cloud0_tkemenade 19109877478 6475 768

1717326687.7435052 338519187
cloud1_tkemenade 13733041409 3222 445

1717326688.7458754 338519305
cloud0_tkemenade 19109877478 6475 768

1717326688.7463708 338519305
cloud1_tkemenade 13733041409 3222 445

1717326689.748575 338519388
cloud0_tkemenade 19109877478 6475 768

1717326689.7490752 338519388
cloud1_tkemenade 13733041409 3222 445

1717326689.8495655 338519404
cloud0_tkemenade 19109886198 6475 768

1717326689.8500848 338519404
cloud1_tkemenade 13733054489 3222 445

1717326690.85255 338519643
cloud0_tkemenade 19109886198 6475 768

1717326690.8530588 338519643
cloud1_tkemenade 13733054489 3223 445

1717326691.8554657 338519785
cloud0_tkemenade 19109886198 6475 769

1717326691.8559546 338519785
cloud1_tkemenade 13733054489 3223 445

1717326692.8581169 338519889
cloud0_tkemenade 19109886198 6477 769

1717326692.858609 338519889
cloud1_tkemenade 13733054489 3224 445

1717326693.8612943 338519972
cloud0_tkemenade 19109886198 6477 769

1717326693.8617995 338519972
cloud1_tkemenade 13733054489 3224 445

1717326694.864081 338520067
cloud0_tkemenade 19109886198 6477 769

1717326694.8645577 338520067
cloud1_tkemenade 13733054489 3224 445

1717326695.8669193 338520177
cloud0_tkemenade 19109886198 6478 769

1717326695.8672478 338520177
cloud1_tkemenade 13733054489 3225 445

1717326696.8694367 338520252
cloud0_tkemenade 19109886198 6478 769

1717326696.8699648 338520252
cloud1_tkemenade 13733054489 3225 445

1717326697.07059 338520279
cloud0_tkemenade 19109903732 6478 769

1717326697.0711136 338520279
cloud1_tkemenade 13733067639 3225 445

1717326698.073517 338520349
cloud0_tkemenade 19109903732 6478 769

1717326698.0740244 338520349
cloud1_tkemenade 13733067639 3226 445

1717326699.076488 338520435
cloud0_tkemenade 19109903732 6479 769

1717326699.0770051 338520435
cloud1_tkemenade 13733067639 3226 445

1717326700.0794046 338520536
cloud0_tkemenade 19109903732 6479 769

1717326700.0797439 338520536
cloud1_tkemenade 13733067639 3226 445

1717326701.0821297 338520812
cloud0_tkemenade 19109903732 6479 769

1717326701.0826309 338520812
cloud1_tkemenade 13733067639 3226 446

1717326702.0852582 338520911
cloud0_tkemenade 19109903732 6479 769

1717326702.085749 338520911
cloud1_tkemenade 13733067639 3226 446

1717326703.0883183 338521027
cloud0_tkemenade 19109903732 6480 770

1717326703.0886443 338521027
cloud1_tkemenade 13733067639 3227 446

1717326704.0908613 338521140
cloud0_tkemenade 19109903732 6480 770

1717326704.091326 338521140
cloud1_tkemenade 13733067639 3250 448

1717326704.1918194 338521152
cloud0_tkemenade 19109916867 6480 770

1717326704.1923263 338521152
cloud1_tkemenade 13733185860 3258 451

1717326705.1944685 338521298
cloud0_tkemenade 19109916867 6480 770

1717326705.1949599 338521298
cloud1_tkemenade 13733185860 3319 471

1717326706.1974766 338521523
cloud0_tkemenade 19109916867 6481 770

1717326706.1979861 338521523
cloud1_tkemenade 13733185860 3409 510

1717326707.2005 338521728
cloud0_tkemenade 19109916867 6481 770

1717326707.201002 338521728
cloud1_tkemenade 13733185860 3524 516

1717326708.2033634 338521881
cloud0_tkemenade 19109916867 6481 770

1717326708.2038522 338521881
cloud1_tkemenade 13733185860 3596 530

1717326709.2063441 338522038
cloud0_tkemenade 19109916867 6482 770

1717326709.2068508 338522038
cloud1_tkemenade 13733185860 3655 541

1717326710.20944 338522123
cloud0_tkemenade 19109916867 6482 770

1717326710.2097304 338522123
cloud1_tkemenade 13733185860 3661 544

1717326711.2116807 338522438
cloud0_tkemenade 19109916867 6482 770

1717326711.2121565 338522438
cloud1_tkemenade 13733185860 3669 548

1717326711.3125875 338522448
cloud0_tkemenade 19109925938 6482 770

1717326711.3130543 338522448
cloud1_tkemenade 13735544524 3670 549

