1720987722.0004725 55060165
cloud0_tkemenade 22133318604 10571 1312

1720987723.0031242 55060310
cloud0_tkemenade 22133318604 10672 1314

1720987724.0058813 55060453
cloud0_tkemenade 22133318604 10774 1314

1720987725.0083532 55060601
cloud0_tkemenade 22133318604 10875 1314

1720987726.0110881 55060754
cloud0_tkemenade 22133318604 10975 1314

1720987727.013696 55060900
cloud0_tkemenade 22133318604 11078 1317

1720987727.7155569 55060998
cloud0_tkemenade 22136300995 11149 1317

1720987728.718046 55061137
cloud0_tkemenade 22136300995 11249 1317

1720987729.720765 55061281
cloud0_tkemenade 22136300995 11349 1318

1720987730.7233655 55061437
cloud0_tkemenade 22136300995 11450 1320

1720987731.726168 55061592
cloud0_tkemenade 22136300995 11551 1320

1720987732.7289815 55061760
cloud0_tkemenade 22136300995 11652 1320

1720987733.731451 55061909
cloud0_tkemenade 22136300995 11752 1321

1720987734.7341435 55062053
cloud0_tkemenade 22136300995 11851 1321

1720987734.9350593 55062094
cloud0_tkemenade 22139238626 11871 1321

1720987735.9376054 55062251
cloud0_tkemenade 22139238626 11969 1321

1720987736.9403043 55062408
cloud0_tkemenade 22139238626 12070 1322

1720987737.9429567 55062547
cloud0_tkemenade 22139238626 12174 1325

1720987738.945684 55062706
cloud0_tkemenade 22139238626 12275 1328

1720987739.9482424 55062847
cloud0_tkemenade 22139238626 12375 1328

1720987740.9507868 55063008
cloud0_tkemenade 22139238626 12475 1328

1720987741.9532595 55063172
cloud0_tkemenade 22142203512 12577 1329

1720987742.9558694 55063333
cloud0_tkemenade 22142203512 12677 1330

1720987743.9586535 55063491
cloud0_tkemenade 22142203512 12778 1330

1720987744.9614863 55063645
cloud0_tkemenade 22142203512 12876 1331

1720987745.9642255 55063842
cloud0_tkemenade 22142203512 12975 1334

1720987746.9668312 55064001
cloud0_tkemenade 22142203512 13077 1335

1720987747.969645 55064161
cloud0_tkemenade 22142203512 13175 1336

1720987748.9722886 55064332
cloud0_tkemenade 22142203512 13275 1336

1720987749.073046 55064349
cloud0_tkemenade 22145117439 13285 1336

1720987750.0754974 55064498
cloud0_tkemenade 22145117439 13383 1339

1720987751.0781605 55064661
cloud0_tkemenade 22145117439 13483 1339

1720987752.08092 55064835
cloud0_tkemenade 22145117439 13583 1339

1720987753.083627 55064998
cloud0_tkemenade 22145117439 13683 1339

1720987754.0863419 55065146
cloud0_tkemenade 22145117439 13783 1339

1720987755.0889819 55065316
cloud0_tkemenade 22145117439 13882 1339

1720987756.0915031 55065480
cloud0_tkemenade 22147960051 13981 1339

1720987757.0941434 55065661
cloud0_tkemenade 22147960051 14081 1339

1720987758.096842 55065801
cloud0_tkemenade 22147960051 14181 1340

1720987759.099474 55065957
cloud0_tkemenade 22147960051 14279 1343

1720987760.102133 55066110
cloud0_tkemenade 22147960051 14379 1344

1720987761.1047127 55066271
cloud0_tkemenade 22147960051 14479 1347

1720987762.107501 55066457
cloud0_tkemenade 22147960051 14581 1348

1720987763.110017 55066630
cloud0_tkemenade 22147960051 14683 1348

1720987763.2106042 55066647
cloud0_tkemenade 22150884619 14694 1348

1720987764.21304 55066791
cloud0_tkemenade 22150884619 14794 1349

1720987765.2154114 55066951
cloud0_tkemenade 22150884619 14894 1350

1720987766.2180285 55067101
cloud0_tkemenade 22150884619 14992 1352

1720987767.2204845 55067260
cloud0_tkemenade 22150884619 15088 1356

1720987768.2229326 55067413
cloud0_tkemenade 22150884619 15188 1357

1720987769.2257185 55067567
cloud0_tkemenade 22150884619 15287 1358

1720987770.2283354 55067717
cloud0_tkemenade 22150884619 15388 1358

1720987770.3290098 55067733
cloud0_tkemenade 22153740306 15398 1358

1720987771.3314173 55067891
cloud0_tkemenade 22153740306 15498 1358

1720987772.3340318 55068056
cloud0_tkemenade 22153740306 15598 1358

1720987773.336674 55068202
cloud0_tkemenade 22153740306 15698 1359

1720987774.339354 55068357
cloud0_tkemenade 22153740306 15796 1360

1720987775.34211 55068522
cloud0_tkemenade 22153740306 15896 1361

1720987776.344651 55068685
cloud0_tkemenade 22153740306 15996 1361

1720987777.247156 55068822
cloud0_tkemenade 22156589806 16086 1361

1720987778.2498431 55068969
cloud0_tkemenade 22156589806 16186 1362

1720987779.2523553 55069131
cloud0_tkemenade 22156589806 16286 1362

1720987780.2548242 55069289
cloud0_tkemenade 22156589806 16386 1362

1720987781.2576287 55069442
cloud0_tkemenade 22156589806 16483 1364

1720987782.2601593 55069612
cloud0_tkemenade 22156589806 16583 1364

1720987783.262865 55069773
cloud0_tkemenade 22156589806 16682 1364

1720987784.2655108 55069940
cloud0_tkemenade 22156589806 16782 1364

1720987784.3662512 55069962
cloud0_tkemenade 22159454761 16792 1364

1720987785.3688867 55070139
cloud0_tkemenade 22159454761 16892 1364

1720987786.3715534 55070289
cloud0_tkemenade 22159454761 16992 1364

1720987787.3741276 55070449
cloud0_tkemenade 22159454761 17092 1364

1720987788.3767412 55070598
cloud0_tkemenade 22159454761 17191 1365

1720987789.379143 55070757
cloud0_tkemenade 22159454761 17291 1366

1720987790.3817112 55070912
cloud0_tkemenade 22159454761 17392 1367

1720987791.3842223 55071066
cloud0_tkemenade 22162340633 17492 1367

1720987792.38676 55071228
cloud0_tkemenade 22162340633 17592 1367

1720987793.3893301 55071365
cloud0_tkemenade 22162340633 17691 1367

1720987794.3917842 55071523
cloud0_tkemenade 22162340633 17792 1367

1720987795.394547 55071668
cloud0_tkemenade 22162340633 17892 1367

1720987796.3973553 55071806
cloud0_tkemenade 22162340633 17991 1367

1720987797.4002194 55071954
cloud0_tkemenade 22162340633 18091 1367

1720987798.4027374 55072103
cloud0_tkemenade 22165184303 18190 1367

1720987799.4054143 55072255
cloud0_tkemenade 22165184303 18290 1367

1720987800.4081235 55072401
cloud0_tkemenade 22165184303 18388 1367

1720987801.4109373 55072547
cloud0_tkemenade 22165184303 18487 1368

1720987802.413741 55072691
cloud0_tkemenade 22165184303 18586 1368

1720987803.4165661 55072844
cloud0_tkemenade 22165184303 18686 1368

1720987804.419391 55073000
cloud0_tkemenade 22165184303 18786 1368

1720987805.4222705 55073151
cloud0_tkemenade 22165184303 18887 1368

1720987805.522963 55073165
cloud0_tkemenade 22168021219 18897 1368

1720987806.52581 55073317
cloud0_tkemenade 22168021219 18996 1368

1720987807.5284367 55073466
cloud0_tkemenade 22168021219 19094 1368

1720987808.530974 55073630
cloud0_tkemenade 22168021219 19194 1369

1720987809.5337102 55073781
cloud0_tkemenade 22168021219 19292 1369

1720987810.5362964 55073921
cloud0_tkemenade 22168021219 19392 1369

1720987811.5386665 55074072
cloud0_tkemenade 22168021219 19492 1369

1720987812.4411488 55074207
cloud0_tkemenade 22170874478 19581 1369

1720987813.4433022 55074359
cloud0_tkemenade 22170874478 19680 1370

1720987814.4459965 55074513
cloud0_tkemenade 22170874478 19779 1370

1720987815.4485595 55074671
cloud0_tkemenade 22170874478 19877 1371

1720987816.4511852 55074809
cloud0_tkemenade 22170874478 19975 1371

1720987817.4538538 55074943
cloud0_tkemenade 22170874478 20076 1374

1720987818.4565775 55075099
cloud0_tkemenade 22170874478 20178 1376

1720987819.4592674 55075263
cloud0_tkemenade 22173798304 20279 1377

1720987820.4618316 55075415
cloud0_tkemenade 22173798304 20380 1378

1720987821.464503 55075564
cloud0_tkemenade 22173798304 20480 1379

1720987822.4669647 55075710
cloud0_tkemenade 22173798304 20579 1380

1720987823.469171 55075852
cloud0_tkemenade 22173798304 20677 1380

1720987824.4713252 55075998
cloud0_tkemenade 22173798304 20777 1381

1720987825.473879 55076146
cloud0_tkemenade 22173798304 20877 1381

1720987826.4762468 55076295
cloud0_tkemenade 22173798304 20977 1381

1720987826.677106 55076321
cloud0_tkemenade 22176699898 20996 1381

1720987827.679617 55076471
cloud0_tkemenade 22176699898 21094 1382

1720987828.6816916 55076613
cloud0_tkemenade 22176699898 21192 1382

1720987829.6842816 55076766
cloud0_tkemenade 22176699898 21291 1383

1720987830.6868465 55076917
cloud0_tkemenade 22176699898 21390 1383

1720987831.6892292 55077071
cloud0_tkemenade 22176699898 21490 1383

1720987832.6916485 55077234
cloud0_tkemenade 22176699898 21590 1383

1720987833.6943347 55077381
cloud0_tkemenade 22179481584 21689 1383

1720987834.6965318 55077527
cloud0_tkemenade 22179481584 21788 1383

1720987835.6986568 55077690
cloud0_tkemenade 22179481584 21889 1383

1720987836.7008467 55077836
cloud0_tkemenade 22179481584 21988 1383

1720987837.7035766 55077982
cloud0_tkemenade 22179481584 22087 1384

1720987838.706252 55078132
cloud0_tkemenade 22179481584 22186 1384

1720987839.708749 55078287
cloud0_tkemenade 22179481584 22285 1384

1720987840.710676 55078430
cloud0_tkemenade 22179481584 22385 1385

1720987840.911361 55078461
cloud0_tkemenade 22182345984 22404 1385

1720987841.9139524 55078626
cloud0_tkemenade 22182345984 22504 1385

1720987842.9164672 55078781
cloud0_tkemenade 22182345984 22603 1385

1720987843.9191396 55078923
cloud0_tkemenade 22182345984 22701 1387

1720987844.9215586 55079068
cloud0_tkemenade 22182345984 22801 1387

1720987845.9242525 55079216
cloud0_tkemenade 22182345984 22900 1387

1720987846.9268947 55079355
cloud0_tkemenade 22182345984 23000 1387

1720987847.9292846 55079503
cloud0_tkemenade 22185228032 23099 1387

1720987848.931617 55079635
cloud0_tkemenade 22185228032 23199 1387

1720987849.9343605 55079801
cloud0_tkemenade 22185228032 23299 1387

1720987850.937052 55079945
cloud0_tkemenade 22185228032 23398 1387

1720987851.9397464 55080099
cloud0_tkemenade 22185228032 23498 1387

1720987852.942051 55080250
cloud0_tkemenade 22185228032 23598 1387

1720987853.9444852 55080395
cloud0_tkemenade 22185228032 23698 1387

1720987854.9469051 55080553
cloud0_tkemenade 22188064458 23798 1387

1720987855.9494393 55080701
cloud0_tkemenade 22188064458 23898 1390

1720987856.9518461 55080843
cloud0_tkemenade 22188064458 23997 1390

1720987857.9544537 55080974
cloud0_tkemenade 22188064458 24097 1390

1720987858.9572005 55081115
cloud0_tkemenade 22188064458 24196 1390

1720987859.959832 55081267
cloud0_tkemenade 22188064458 24296 1390

1720987860.9624178 55081397
cloud0_tkemenade 22188064458 24395 1390

1720987861.964971 55081548
cloud0_tkemenade 22188064458 24495 1390

1720987862.0657108 55081563
cloud0_tkemenade 22190875660 24505 1390

1720987863.06792 55081713
cloud0_tkemenade 22190875660 24604 1390

1720987864.0707128 55081859
cloud0_tkemenade 22190875660 24703 1390

1720987865.0732882 55082007
cloud0_tkemenade 22190875660 24802 1390

1720987866.075737 55082160
cloud0_tkemenade 22190875660 24900 1391

1720987867.0782642 55082307
cloud0_tkemenade 22190875660 25000 1391

1720987868.0807788 55082466
cloud0_tkemenade 22190875660 25100 1391

1720987869.0831308 55082617
cloud0_tkemenade 22190875660 25200 1391

1720987869.1838465 55082639
cloud0_tkemenade 22193675222 25210 1391

1720987870.1864846 55082794
cloud0_tkemenade 22193675222 25310 1391

1720987871.18919 55082928
cloud0_tkemenade 22193675222 25409 1391

1720987872.1916559 55083087
cloud0_tkemenade 22193675222 25509 1391

1720987873.194208 55083233
cloud0_tkemenade 22193675222 25609 1391

1720987874.1966448 55083373
cloud0_tkemenade 22193675222 25709 1391

1720987875.1991858 55083521
cloud0_tkemenade 22193675222 25809 1391

1720987876.201573 55083676
cloud0_tkemenade 22196545062 25909 1391

1720987877.2041078 55083824
cloud0_tkemenade 22196545062 26009 1391

1720987878.2068694 55083969
cloud0_tkemenade 22196545062 26109 1391

1720987879.2093084 55084115
cloud0_tkemenade 22196545062 26208 1391

1720987880.2118516 55084268
cloud0_tkemenade 22196545062 26308 1391

1720987881.214489 55084401
cloud0_tkemenade 22196545062 26407 1391

1720987882.2170107 55084552
cloud0_tkemenade 22196545062 26506 1391

1720987883.219141 55084699
cloud0_tkemenade 22196545062 26606 1391

1720987883.3197782 55084713
cloud0_tkemenade 22199427427 26616 1391

1720987884.3223362 55084862
cloud0_tkemenade 22199427427 26717 1391

1720987885.3249876 55085004
cloud0_tkemenade 22199427427 26815 1391

1720987886.3272977 55085153
cloud0_tkemenade 22199427427 26914 1391

1720987887.3297148 55085287
cloud0_tkemenade 22199427427 27014 1391

1720987888.3322275 55085425
cloud0_tkemenade 22199427427 27114 1391

1720987889.33461 55085566
cloud0_tkemenade 22199427427 27214 1391

1720987890.3369632 55085727
cloud0_tkemenade 22202291533 27314 1391

1720987891.339312 55085870
cloud0_tkemenade 22202291533 27413 1391

1720987892.341683 55086015
cloud0_tkemenade 22202291533 27513 1391

1720987893.344134 55086164
cloud0_tkemenade 22202291533 27612 1391

1720987894.346695 55086303
cloud0_tkemenade 22202291533 27712 1391

1720987895.3493533 55086450
cloud0_tkemenade 22202291533 27812 1391

1720987896.3521242 55086600
cloud0_tkemenade 22202291533 27911 1391

1720987897.3548853 55086744
cloud0_tkemenade 22202291533 28011 1391

1720987897.4556077 55086761
cloud0_tkemenade 22205098191 28021 1391

1720987898.4583101 55086905
cloud0_tkemenade 22205098191 28121 1391

1720987899.4610515 55087049
cloud0_tkemenade 22205098191 28220 1391

1720987900.4637094 55087193
cloud0_tkemenade 22205098191 28320 1391

1720987901.4663813 55087333
cloud0_tkemenade 22205098191 28419 1391

1720987902.469048 55087480
cloud0_tkemenade 22205098191 28518 1391

1720987903.4725769 55087612
cloud0_tkemenade 22205098191 28617 1392

1720987904.4752023 55087752
cloud0_tkemenade 22205098191 28717 1392

1720987904.5758994 55087774
cloud0_tkemenade 22207946520 28727 1392

1720987905.5785108 55087915
cloud0_tkemenade 22207946520 28827 1392

1720987906.5810308 55088075
cloud0_tkemenade 22207946520 28926 1392

1720987907.5832202 55088215
cloud0_tkemenade 22207946520 29026 1392

1720987908.5859046 55088350
cloud0_tkemenade 22207946520 29125 1392

1720987909.5886207 55088496
cloud0_tkemenade 22207946520 29225 1392

1720987910.5911777 55088652
cloud0_tkemenade 22207946520 29325 1392

1720987911.5938497 55088801
cloud0_tkemenade 22210820674 29424 1392

1720987912.5962937 55088946
cloud0_tkemenade 22210820674 29523 1392

1720987913.5988522 55089090
cloud0_tkemenade 22210820674 29622 1392

1720987914.6014194 55089226
cloud0_tkemenade 22210820674 29722 1392

1720987915.6040044 55089370
cloud0_tkemenade 22210820674 29820 1392

1720987916.6065843 55089512
cloud0_tkemenade 22210820674 29919 1392

1720987917.609153 55089659
cloud0_tkemenade 22210820674 30018 1393

1720987918.611787 55089809
cloud0_tkemenade 22210820674 30117 1393

1720987918.8126142 55089847
cloud0_tkemenade 22213630552 30136 1393

1720987919.81502 55089997
cloud0_tkemenade 22213630552 30236 1393

1720987920.8175228 55090141
cloud0_tkemenade 22213630552 30336 1393

1720987921.819878 55090288
cloud0_tkemenade 22213630552 30436 1393

1720987922.822442 55090433
cloud0_tkemenade 22213630552 30536 1393

1720987923.8251576 55090580
cloud0_tkemenade 22213630552 30635 1393

1720987924.8279135 55090726
cloud0_tkemenade 22213630552 30735 1393

1720987925.8303525 55090867
cloud0_tkemenade 22216519173 30835 1393

1720987926.8325868 55091008
cloud0_tkemenade 22216519173 30935 1393

1720987927.8351362 55091171
cloud0_tkemenade 22216519173 31034 1393

1720987928.8376644 55091323
cloud0_tkemenade 22216519173 31134 1393

1720987929.8400817 55091465
cloud0_tkemenade 22216519173 31232 1393

1720987930.8425994 55091619
cloud0_tkemenade 22216519173 31332 1393

1720987931.8451142 55091755
cloud0_tkemenade 22216519173 31432 1393

1720987932.7473555 55091890
cloud0_tkemenade 22219391423 31522 1393

1720987933.749701 55092033
cloud0_tkemenade 22219391423 31621 1393

1720987934.7520568 55092177
cloud0_tkemenade 22219391423 31720 1393

1720987935.754545 55092323
cloud0_tkemenade 22219391423 31820 1393

1720987936.7570653 55092467
cloud0_tkemenade 22219391423 31919 1393

1720987937.7597318 55092627
cloud0_tkemenade 22219391423 32018 1393

1720987938.7624338 55092767
cloud0_tkemenade 22219391423 32116 1393

1720987939.7648172 55092914
cloud0_tkemenade 22219391423 32213 1393

1720987939.8654845 55092932
cloud0_tkemenade 22222232462 32223 1393

1720987940.8677576 55093066
cloud0_tkemenade 22222232462 32323 1393

1720987941.870352 55093212
cloud0_tkemenade 22222232462 32423 1393

1720987942.8729742 55093357
cloud0_tkemenade 22222232462 32522 1393

1720987943.875704 55093494
cloud0_tkemenade 22222232462 32622 1393

1720987944.8783672 55093638
cloud0_tkemenade 22222232462 32722 1393

1720987945.8808675 55093788
cloud0_tkemenade 22222232462 32821 1393

1720987946.8831067 55093927
cloud0_tkemenade 22225077652 32921 1393

1720987947.8855448 55094075
cloud0_tkemenade 22225077652 33021 1393

1720987948.8876925 55094215
cloud0_tkemenade 22225077652 33120 1393

1720987949.8899047 55094372
cloud0_tkemenade 22225077652 33220 1393

1720987950.8924043 55094516
cloud0_tkemenade 22225077652 33319 1394

1720987951.8948812 55094658
cloud0_tkemenade 22225077652 33419 1394

1720987952.8976123 55094813
cloud0_tkemenade 22225077652 33518 1394

1720987953.90031 55094959
cloud0_tkemenade 22227958236 33618 1394

1720987954.9024892 55095104
cloud0_tkemenade 22227958236 33718 1394

1720987955.9046705 55095260
cloud0_tkemenade 22227958236 33817 1394

1720987956.9070194 55095401
cloud0_tkemenade 22227958236 33916 1394

1720987957.9097054 55095554
cloud0_tkemenade 22227958236 34015 1395

1720987958.912382 55095712
cloud0_tkemenade 22227958236 34115 1395

1720987959.914785 55095859
cloud0_tkemenade 22227958236 34213 1396

1720987960.917342 55096010
cloud0_tkemenade 22227958236 34312 1396

1720987961.0180387 55096025
cloud0_tkemenade 22230779898 34322 1396

1720987962.0206633 55096190
cloud0_tkemenade 22230779898 34421 1396

1720987963.0231833 55096331
cloud0_tkemenade 22230779898 34521 1396

1720987964.025914 55096478
cloud0_tkemenade 22230779898 34619 1397

1720987965.0283601 55096617
cloud0_tkemenade 22230779898 34718 1397

1720987966.03066 55096773
cloud0_tkemenade 22230779898 34817 1397

1720987967.0331511 55096901
cloud0_tkemenade 22230779898 34917 1397

1720987967.9353693 55097037
cloud0_tkemenade 22233628836 35007 1397

1720987968.9379497 55097178
cloud0_tkemenade 22233628836 35107 1397

1720987969.9404125 55097329
cloud0_tkemenade 22233628836 35206 1398

1720987970.942825 55097488
cloud0_tkemenade 22233628836 35306 1398

1720987971.9454517 55097627
cloud0_tkemenade 22233628836 35403 1398

1720987972.9480042 55097771
cloud0_tkemenade 22233628836 35501 1398

1720987973.9505513 55097912
cloud0_tkemenade 22233628836 35600 1399

1720987974.953022 55098053
cloud0_tkemenade 22233628836 35697 1401

1720987975.0535796 55098077
cloud0_tkemenade 22236485311 35707 1401

1720987976.055905 55098238
cloud0_tkemenade 22236485311 35807 1401

1720987977.0585403 55098372
cloud0_tkemenade 22236485311 35907 1401

1720987978.0608926 55098509
cloud0_tkemenade 22236485311 36007 1401

1720987979.0635438 55098659
cloud0_tkemenade 22236485311 36107 1402

1720987980.0659795 55098805
cloud0_tkemenade 22236485311 36207 1402

1720987981.068538 55098942
cloud0_tkemenade 22236485311 36306 1402

1720987982.071272 55099081
cloud0_tkemenade 22236485311 36403 1402

1720987982.1719766 55099101
cloud0_tkemenade 22239315392 36413 1402

1720987983.1746035 55099245
cloud0_tkemenade 22239315392 36513 1402

1720987984.1769502 55099397
cloud0_tkemenade 22239315392 36612 1402

1720987985.1795943 55099541
cloud0_tkemenade 22239315392 36710 1405

1720987986.1821394 55099697
cloud0_tkemenade 22239315392 36809 1405

1720987987.1847377 55099838
cloud0_tkemenade 22239315392 36908 1406

1720987988.1873035 55100003
cloud0_tkemenade 22239315392 37007 1406

1720987989.1898677 55100154
cloud0_tkemenade 22242162305 37106 1406

1720987990.1922548 55100312
cloud0_tkemenade 22242162305 37205 1406

1720987991.194596 55100463
cloud0_tkemenade 22242162305 37306 1406

1720987992.1971886 55100623
cloud0_tkemenade 22242162305 37405 1406

1720987993.199347 55100776
cloud0_tkemenade 22242162305 37505 1406

1720987994.2017653 55100917
cloud0_tkemenade 22242162305 37604 1406

1720987995.2042398 55101061
cloud0_tkemenade 22242162305 37704 1406

1720987996.2064157 55101216
cloud0_tkemenade 22242162305 37804 1407

1720987996.3070555 55101231
cloud0_tkemenade 22245050166 37814 1407

1720987997.3095164 55101368
cloud0_tkemenade 22245050166 37913 1407

1720987998.3119714 55101513
cloud0_tkemenade 22245050166 38013 1407

1720987999.314646 55101653
cloud0_tkemenade 22245050166 38113 1407

1720988000.3169525 55101821
cloud0_tkemenade 22245050166 38212 1407

1720988001.3193326 55101963
cloud0_tkemenade 22245050166 38313 1407

1720988002.3218539 55102105
cloud0_tkemenade 22245050166 38412 1407

1720988003.324259 55102264
cloud0_tkemenade 22247905823 38513 1407

1720988004.326593 55102411
cloud0_tkemenade 22247905823 38613 1407

1720988005.3290443 55102561
cloud0_tkemenade 22247905823 38712 1407

1720988006.3314862 55102710
cloud0_tkemenade 22247905823 38812 1407

1720988007.3337212 55102842
cloud0_tkemenade 22247905823 38911 1407

1720988008.3362308 55102980
cloud0_tkemenade 22247905823 39011 1407

1720988009.3387232 55103130
cloud0_tkemenade 22247905823 39110 1407

1720988010.34123 55103280
cloud0_tkemenade 22250750964 39210 1407

1720988011.343431 55103433
cloud0_tkemenade 22250750964 39310 1407

1720988012.3461185 55103570
cloud0_tkemenade 22250750964 39409 1407

1720988013.3485508 55103719
cloud0_tkemenade 22250750964 39509 1407

1720988014.351025 55103859
cloud0_tkemenade 22250750964 39608 1407

1720988015.3535776 55103996
cloud0_tkemenade 22250750964 39707 1407

1720988016.355884 55104145
cloud0_tkemenade 22250750964 39808 1407

1720988017.3583658 55104281
cloud0_tkemenade 22250750964 39908 1407

1720988017.4590175 55104300
cloud0_tkemenade 22253610380 39918 1407

1720988018.46132 55104444
cloud0_tkemenade 22253610380 40016 1407

1720988019.4638417 55104596
cloud0_tkemenade 22253610380 40116 1407

1720988020.4663677 55104747
cloud0_tkemenade 22253610380 40216 1407

1720988021.4690263 55104888
cloud0_tkemenade 22253610380 40314 1407

1720988022.4711869 55105021
cloud0_tkemenade 22253610380 40414 1408

1720988023.4735134 55105163
cloud0_tkemenade 22253610380 40513 1408

1720988024.47605 55105306
cloud0_tkemenade 22256429286 40612 1408

1720988025.4785142 55105448
cloud0_tkemenade 22256429286 40712 1408

1720988026.48101 55105593
cloud0_tkemenade 22256429286 40811 1408

1720988027.4836009 55105728
cloud0_tkemenade 22256429286 40911 1408

1720988028.4861145 55105880
cloud0_tkemenade 22256429286 41011 1408

1720988029.488451 55106019
cloud0_tkemenade 22256429286 41111 1408

1720988030.4907498 55106177
cloud0_tkemenade 22256429286 41211 1408

1720988031.4929013 55106333
cloud0_tkemenade 22259339522 41310 1408

1720988032.4951563 55106470
cloud0_tkemenade 22259339522 41411 1408

1720988033.49752 55106613
cloud0_tkemenade 22259339522 41511 1408

1720988034.5001085 55106761
cloud0_tkemenade 22259339522 41610 1408

1720988035.5025601 55106912
cloud0_tkemenade 22259339522 41710 1408

1720988036.5050428 55107052
cloud0_tkemenade 22259339522 41809 1408

1720988037.5072277 55107186
cloud0_tkemenade 22259339522 41909 1408

1720988038.5093892 55107327
cloud0_tkemenade 22259339522 42008 1408

1720988038.7103605 55107357
cloud0_tkemenade 22262173009 42028 1408

1720988039.7127285 55107506
cloud0_tkemenade 22262173009 42126 1408

1720988040.7148783 55107653
cloud0_tkemenade 22262173009 42225 1408

1720988041.7175255 55107796
cloud0_tkemenade 22262173009 42325 1408

1720988042.7197063 55107929
cloud0_tkemenade 22262173009 42424 1408

1720988043.7224014 55108069
cloud0_tkemenade 22262173009 42522 1409

1720988044.7248888 55108208
cloud0_tkemenade 22262173009 42620 1409

1720988045.7272599 55108355
cloud0_tkemenade 22264963481 42719 1409

1720988046.7296731 55108493
cloud0_tkemenade 22264963481 42817 1409

1720988047.732011 55108645
cloud0_tkemenade 22264963481 42917 1409

1720988048.7345295 55108797
cloud0_tkemenade 22264963481 43016 1409

1720988049.7370255 55108935
cloud0_tkemenade 22264963481 43113 1409

1720988050.7394822 55109096
cloud0_tkemenade 22264963481 43213 1409

1720988051.7420425 55109244
cloud0_tkemenade 22264963481 43311 1409

1720988052.7444017 55109378
cloud0_tkemenade 22267758373 43410 1409

1720988053.7469256 55109524
cloud0_tkemenade 22267758373 43510 1409

1720988054.749641 55109673
cloud0_tkemenade 22267758373 43609 1409

1720988055.7519343 55109819
cloud0_tkemenade 22267758373 43708 1409

1720988056.7543912 55109959
cloud0_tkemenade 22267758373 43807 1409

1720988057.756878 55110097
cloud0_tkemenade 22267758373 43907 1409

1720988058.759314 55110249
cloud0_tkemenade 22267758373 44007 1409

1720988059.7618046 55110393
cloud0_tkemenade 22270594008 44106 1410

1720988060.7646966 55110555
cloud0_tkemenade 22270594008 44206 1410

1720988061.7674277 55110704
cloud0_tkemenade 22270594008 44306 1410

1720988062.770085 55110836
cloud0_tkemenade 22270594008 44406 1410

1720988063.7726588 55110988
cloud0_tkemenade 22270594008 44505 1410

1720988064.7748764 55111127
cloud0_tkemenade 22270594008 44603 1410

1720988065.777588 55111273
cloud0_tkemenade 22270594008 44703 1410

1720988066.780236 55111414
cloud0_tkemenade 22270594008 44803 1410

1720988066.8808844 55111430
cloud0_tkemenade 22273440782 44813 1410

1720988067.8830948 55111565
cloud0_tkemenade 22273440782 44913 1410

1720988068.8857179 55111707
cloud0_tkemenade 22273440782 45012 1410

1720988069.8881667 55111851
cloud0_tkemenade 22273440782 45111 1410

1720988070.8908587 55112016
cloud0_tkemenade 22273440782 45211 1410

1720988071.8935761 55112162
cloud0_tkemenade 22273440782 45310 1410

1720988072.896237 55112302
cloud0_tkemenade 22273440782 45410 1410

1720988073.8986552 55112445
cloud0_tkemenade 22273440782 45510 1410

1720988073.9993675 55112461
cloud0_tkemenade 22276245954 45520 1410

1720988075.0017998 55112597
cloud0_tkemenade 22276245954 45620 1410

1720988076.0044563 55112751
cloud0_tkemenade 22276245954 45719 1411

1720988077.0067883 55112897
cloud0_tkemenade 22276245954 45818 1411

1720988078.0093305 55113030
cloud0_tkemenade 22276245954 45918 1411

1720988079.011602 55113189
cloud0_tkemenade 22276245954 46018 1411

1720988080.0138004 55113339
cloud0_tkemenade 22276245954 46117 1411

1720988081.0159636 55113504
cloud0_tkemenade 22279118335 46217 1411

1720988082.0184855 55113672
cloud0_tkemenade 22279118335 46317 1411

1720988083.0208178 55113803
cloud0_tkemenade 22279118335 46416 1411

1720988084.0232828 55113952
cloud0_tkemenade 22279118335 46516 1411

1720988085.025939 55114087
cloud0_tkemenade 22279118335 46616 1411

1720988086.02854 55114236
cloud0_tkemenade 22279118335 46715 1411

1720988087.0310001 55114379
cloud0_tkemenade 22279118335 46814 1411

1720988088.0333622 55114523
cloud0_tkemenade 22281989728 46914 1411

1720988089.0357547 55114667
cloud0_tkemenade 22281989728 47012 1412

1720988090.0383928 55114819
cloud0_tkemenade 22281989728 47111 1412

1720988091.040835 55114983
cloud0_tkemenade 22281989728 47211 1412

1720988092.043203 55115136
cloud0_tkemenade 22281989728 47309 1413

1720988093.0455585 55115268
cloud0_tkemenade 22281989728 47409 1413

1720988094.047821 55115416
cloud0_tkemenade 22281989728 47509 1413

1720988095.0502865 55115555
cloud0_tkemenade 22284795978 47609 1413

1720988096.0525815 55115712
cloud0_tkemenade 22284795978 47708 1413

1720988097.0551846 55115847
cloud0_tkemenade 22284795978 47808 1413

1720988098.0578516 55115979
cloud0_tkemenade 22284795978 47906 1413

1720988099.0604582 55116132
cloud0_tkemenade 22284795978 48006 1413

1720988100.0628693 55116276
cloud0_tkemenade 22284795978 48106 1413

1720988101.0651243 55116419
cloud0_tkemenade 22284795978 48204 1413

1720988102.0675993 55116581
cloud0_tkemenade 22287646715 48304 1413

1720988103.070218 55116714
cloud0_tkemenade 22287646715 48404 1413

1720988104.0729632 55116867
cloud0_tkemenade 22287646715 48503 1413

1720988105.07551 55117001
cloud0_tkemenade 22287646715 48602 1413

1720988106.0782382 55117150
cloud0_tkemenade 22287646715 48700 1414

1720988107.0808902 55117289
cloud0_tkemenade 22287646715 48798 1414

1720988108.083553 55117445
cloud0_tkemenade 22287646715 48898 1414

1720988109.0861297 55117604
cloud0_tkemenade 22290432564 48998 1414

1720988110.0884602 55117759
cloud0_tkemenade 22290432564 49096 1414

1720988111.0911365 55117909
cloud0_tkemenade 22290432564 49196 1414

1720988112.093816 55118073
cloud0_tkemenade 22290432564 49296 1414

1720988113.0961618 55118215
cloud0_tkemenade 22290432564 49395 1415

1720988114.0986443 55118360
cloud0_tkemenade 22290432564 49493 1415

1720988115.101143 55118501
cloud0_tkemenade 22290432564 49593 1415

1720988116.1036115 55118643
cloud0_tkemenade 22290432564 49693 1415

1720988116.3044672 55118671
cloud0_tkemenade 22293324991 49713 1415

1720988117.3070269 55118816
cloud0_tkemenade 22293324991 49812 1415

1720988118.3095148 55118952
cloud0_tkemenade 22293324991 49912 1415

1720988119.3119655 55119101
cloud0_tkemenade 22293324991 50011 1415

1720988120.3144183 55119247
cloud0_tkemenade 22293324991 50111 1416

1720988121.3169365 55119397
cloud0_tkemenade 22293324991 50211 1416

1720988122.3194013 55119557
cloud0_tkemenade 22293324991 50311 1416

1720988123.3216226 55119695
cloud0_tkemenade 22296219398 50410 1416

1720988124.3236384 55119846
cloud0_tkemenade 22296219398 50510 1416

1720988125.3260598 55119986
cloud0_tkemenade 22296219398 50610 1416

1720988126.3285277 55120137
cloud0_tkemenade 22296219398 50710 1416

1720988127.3307953 55120278
cloud0_tkemenade 22296219398 50810 1416

1720988128.3330805 55120413
cloud0_tkemenade 22296219398 50910 1416

1720988129.3353558 55120560
cloud0_tkemenade 22296219398 51010 1416

1720988130.3378742 55120707
cloud0_tkemenade 22299095712 51109 1416

1720988131.340209 55120857
cloud0_tkemenade 22299095712 51208 1417

1720988132.3424275 55121006
cloud0_tkemenade 22299095712 51308 1417

1720988133.3445513 55121139
cloud0_tkemenade 22299095712 51408 1417

1720988134.3472576 55121290
cloud0_tkemenade 22299095712 51507 1417

1720988135.3499477 55121426
cloud0_tkemenade 22299095712 51606 1417

1720988136.3525002 55121579
cloud0_tkemenade 22299095712 51706 1417

1720988137.3549337 55121721
cloud0_tkemenade 22301942060 51806 1417

1720988138.3575454 55121848
cloud0_tkemenade 22301942060 51905 1417

1720988139.3602061 55121988
cloud0_tkemenade 22301942060 52004 1417

1720988140.3628213 55122143
cloud0_tkemenade 22301942060 52103 1417

1720988141.3654053 55122297
cloud0_tkemenade 22301942060 52203 1417

1720988142.3678913 55122458
cloud0_tkemenade 22301942060 52302 1417

1720988143.370287 55122592
cloud0_tkemenade 22301942060 52401 1418

1720988144.3726366 55122749
cloud0_tkemenade 22301942060 52499 1418

1720988144.4733589 55122772
cloud0_tkemenade 22304808601 52509 1418

1720988145.4757426 55122913
cloud0_tkemenade 22304808601 52609 1418

1720988146.4784522 55123061
cloud0_tkemenade 22304808601 52709 1418

1720988147.480851 55123192
cloud0_tkemenade 22304808601 52808 1418

1720988148.4834495 55123325
cloud0_tkemenade 22304808601 52909 1418

1720988149.4858463 55123474
cloud0_tkemenade 22304808601 53008 1418

1720988150.488329 55123631
cloud0_tkemenade 22304808601 53108 1418

1720988151.490867 55123779
cloud0_tkemenade 22304808601 53207 1418

1720988151.591569 55123801
cloud0_tkemenade 22307614121 53217 1418

1720988152.5941212 55123951
cloud0_tkemenade 22307614121 53317 1418

1720988153.596552 55124088
cloud0_tkemenade 22307614121 53417 1418

1720988154.5988674 55124240
cloud0_tkemenade 22307614121 53516 1418

1720988155.6014385 55124383
cloud0_tkemenade 22307614121 53615 1418

1720988156.6038587 55124531
cloud0_tkemenade 22307614121 53715 1418

1720988157.6062293 55124664
cloud0_tkemenade 22307614121 53814 1418

1720988158.6085045 55124800
cloud0_tkemenade 22310473894 53914 1418

1720988159.6108265 55124945
cloud0_tkemenade 22310473894 54013 1418

1720988160.6134822 55125101
cloud0_tkemenade 22310473894 54113 1418

1720988161.616037 55125245
cloud0_tkemenade 22310473894 54213 1419

1720988162.618579 55125375
cloud0_tkemenade 22310473894 54313 1419

1720988163.6210537 55125535
cloud0_tkemenade 22310473894 54413 1419

1720988164.6237054 55125679
cloud0_tkemenade 22310473894 54511 1419

1720988165.626374 55125822
cloud0_tkemenade 22313364684 54609 1420

1720988166.628741 55125967
cloud0_tkemenade 22313364684 54708 1420

1720988167.6310823 55126125
cloud0_tkemenade 22313364684 54808 1420

1720988168.6336727 55126273
cloud0_tkemenade 22313364684 54908 1421

1720988169.6361322 55126410
cloud0_tkemenade 22313364684 55004 1422

1720988170.6385925 55126560
cloud0_tkemenade 22313364684 55101 1422

1720988171.6413112 55126719
cloud0_tkemenade 22313364684 55199 1423

1720988172.643582 55126869
cloud0_tkemenade 22316235583 55297 1424

1720988173.6460407 55127016
cloud0_tkemenade 22316235583 55396 1424

1720988174.6486375 55127171
cloud0_tkemenade 22316235583 55495 1424

1720988175.651114 55127317
cloud0_tkemenade 22316235583 55596 1424

1720988176.6538908 55127464
cloud0_tkemenade 22316235583 55695 1424

1720988177.6564367 55127606
cloud0_tkemenade 22316235583 55795 1424

1720988178.6588085 55127744
cloud0_tkemenade 22316235583 55895 1424

1720988179.6611032 55127893
cloud0_tkemenade 22319064894 55994 1424

1720988180.6635888 55128041
cloud0_tkemenade 22319064894 56094 1424

1720988181.6661677 55128186
cloud0_tkemenade 22319064894 56194 1424

1720988182.6686773 55128326
cloud0_tkemenade 22319064894 56294 1424

1720988183.671092 55128475
cloud0_tkemenade 22319064894 56395 1424

1720988184.6735551 55128621
cloud0_tkemenade 22319064894 56495 1424

1720988185.6760726 55128770
cloud0_tkemenade 22319064894 56594 1424

1720988186.678525 55128933
cloud0_tkemenade 22321921081 56694 1424

1720988187.6810772 55129071
cloud0_tkemenade 22321921081 56794 1424

1720988188.6835587 55129203
cloud0_tkemenade 22321921081 56895 1424

1720988189.685991 55129351
cloud0_tkemenade 22321921081 56995 1424

1720988190.6884902 55129525
cloud0_tkemenade 22321921081 57095 1424

1720988191.6911442 55129665
cloud0_tkemenade 22321921081 57195 1424

1720988192.6936958 55129801
cloud0_tkemenade 22321921081 57294 1424

1720988193.6959705 55129953
cloud0_tkemenade 22321921081 57395 1424

1720988193.8968816 55129985
cloud0_tkemenade 22324811457 57414 1424

1720988194.8993273 55130131
cloud0_tkemenade 22324811457 57513 1424

1720988195.9021003 55130277
cloud0_tkemenade 22324811457 57612 1424

1720988196.904647 55130435
cloud0_tkemenade 22324811457 57712 1424

1720988197.9072814 55130575
cloud0_tkemenade 22324811457 57812 1424

1720988198.909984 55130721
cloud0_tkemenade 22324811457 57912 1425

1720988199.91252 55130863
cloud0_tkemenade 22324811457 58012 1425

1720988200.915453 55131016
cloud0_tkemenade 22324811457 58111 1425

1720988201.0160208 55131028
cloud0_tkemenade 22327655628 58121 1425

1720988202.0186224 55131196
cloud0_tkemenade 22327655628 58221 1425

1720988203.0212665 55131339
cloud0_tkemenade 22327655628 58320 1425

1720988204.0238035 55131481
cloud0_tkemenade 22327655628 58419 1425

1720988205.0262132 55131628
cloud0_tkemenade 22327655628 58519 1425

1720988206.0287068 55131780
cloud0_tkemenade 22327655628 58618 1425

1720988207.0309741 55131923
cloud0_tkemenade 22327655628 58718 1425

1720988208.0334935 55132061
cloud0_tkemenade 22330473972 58817 1425

1720988208.1342297 55132077
cloud0_tkemenade 22330473972 58827 1425

1720988209.1367874 55132209
cloud0_tkemenade 22330473972 58927 1425

1720988210.1392155 55132369
cloud0_tkemenade 22330473972 59027 1425

1720988211.1418586 55132524
cloud0_tkemenade 22330473972 59127 1425

1720988212.1440825 55132676
cloud0_tkemenade 22330473972 59227 1425

1720988213.1465943 55132812
cloud0_tkemenade 22330473972 59327 1425

1720988214.1492558 55132959
cloud0_tkemenade 22330473972 59427 1425

1720988215.0516427 55133110
cloud0_tkemenade 22333334979 59516 1425

1720988216.0540173 55133251
cloud0_tkemenade 22333334979 59616 1425

1720988217.056621 55133395
cloud0_tkemenade 22333334979 59715 1425

1720988218.059256 55133533
cloud0_tkemenade 22333334979 59816 1425

1720988219.0617414 55133671
cloud0_tkemenade 22333334979 59915 1425

1720988220.0640044 55133813
cloud0_tkemenade 22333334979 60016 1425

1720988221.066358 55133957
cloud0_tkemenade 22333334979 60115 1425

1720988222.0686498 55134115
cloud0_tkemenade 22333334979 60213 1425

1720988222.169233 55134135
cloud0_tkemenade 22336162655 60223 1425

1720988223.1713848 55134267
cloud0_tkemenade 22336162655 60323 1425

1720988224.1738868 55134410
cloud0_tkemenade 22336162655 60423 1425

1720988225.176499 55134579
cloud0_tkemenade 22336162655 60523 1425

1720988226.179051 55134733
cloud0_tkemenade 22336162655 60623 1425

1720988227.181661 55134887
cloud0_tkemenade 22336162655 60722 1425

1720988228.18419 55135039
cloud0_tkemenade 22336162655 60822 1425

1720988229.1865056 55135180
cloud0_tkemenade 22336162655 60921 1425

1720988229.2871642 55135197
cloud0_tkemenade 22339045392 60931 1425

1720988230.2894912 55135350
cloud0_tkemenade 22339045392 61030 1425

1720988231.291855 55135503
cloud0_tkemenade 22339045392 61130 1425

1720988232.2944098 55135667
cloud0_tkemenade 22339045392 61230 1425

1720988233.2969692 55135804
cloud0_tkemenade 22339045392 61329 1425

1720988234.2993038 55135945
cloud0_tkemenade 22339045392 61429 1425

1720988235.301619 55136093
cloud0_tkemenade 22339045392 61528 1425

1720988236.3039618 55136241
cloud0_tkemenade 22341879684 61627 1425

1720988237.3063483 55136383
cloud0_tkemenade 22341879684 61726 1425

1720988238.308558 55136519
cloud0_tkemenade 22341879684 61825 1425

1720988239.3109646 55136669
cloud0_tkemenade 22341879684 61925 1425

1720988240.3134713 55136811
cloud0_tkemenade 22341879684 62025 1425

1720988241.3160665 55136957
cloud0_tkemenade 22341879684 62125 1425

1720988242.318334 55137109
cloud0_tkemenade 22341879684 62225 1425

1720988243.3208017 55137259
cloud0_tkemenade 22344748046 62325 1425

1720988244.3235025 55137391
cloud0_tkemenade 22344748046 62424 1425

1720988245.3260608 55137552
cloud0_tkemenade 22344748046 62524 1425

1720988246.3286512 55137700
cloud0_tkemenade 22344748046 62623 1425

1720988247.3311694 55137845
cloud0_tkemenade 22344748046 62722 1425

1720988248.3338122 55137978
cloud0_tkemenade 22344748046 62822 1425

1720988249.3365128 55138121
cloud0_tkemenade 22344748046 62922 1425

1720988250.339069 55138276
cloud0_tkemenade 22344748046 63022 1425

1720988250.4397721 55138293
cloud0_tkemenade 22347584330 63032 1425

1720988251.4423475 55138443
cloud0_tkemenade 22347584330 63131 1425

1720988252.4449608 55138593
cloud0_tkemenade 22347584330 63229 1426

1720988253.447434 55138735
cloud0_tkemenade 22347584330 63329 1426

1720988254.4501548 55138869
cloud0_tkemenade 22347584330 63429 1426

1720988255.4527307 55139023
cloud0_tkemenade 22347584330 63527 1426

1720988256.4551814 55139169
cloud0_tkemenade 22347584330 63627 1426

1720988257.4577599 55139316
cloud0_tkemenade 22350409482 63726 1426

1720988258.4600546 55139444
cloud0_tkemenade 22350409482 63826 1426

1720988259.4627337 55139585
cloud0_tkemenade 22350409482 63927 1426

1720988260.4653108 55139741
cloud0_tkemenade 22350409482 64026 1426

1720988261.4679694 55139893
cloud0_tkemenade 22350409482 64127 1426

1720988262.4703045 55140048
cloud0_tkemenade 22350409482 64226 1426

1720988263.4726715 55140189
cloud0_tkemenade 22350409482 64326 1426

1720988264.475028 55140317
cloud0_tkemenade 22350409482 64424 1427

1720988264.5756803 55140333
cloud0_tkemenade 22353272912 64434 1427

1720988265.5780942 55140494
cloud0_tkemenade 22353272912 64534 1427

1720988266.580382 55140639
cloud0_tkemenade 22353272912 64633 1427

1720988267.5826674 55140774
cloud0_tkemenade 22353272912 64731 1427

1720988268.58502 55140907
cloud0_tkemenade 22353272912 64830 1427

1720988269.587235 55141049
cloud0_tkemenade 22353272912 64929 1427

1720988270.5897844 55141207
cloud0_tkemenade 22353272912 65028 1427

1720988271.5920532 55141349
cloud0_tkemenade 22353272912 65128 1427

1720988271.6927485 55141367
cloud0_tkemenade 22356128076 65138 1427

1720988272.6950517 55141508
cloud0_tkemenade 22356128076 65238 1427

1720988273.6974382 55141659
cloud0_tkemenade 22356128076 65337 1427

1720988274.6997986 55141801
cloud0_tkemenade 22356128076 65437 1427

1720988275.7022681 55141963
cloud0_tkemenade 22356128076 65537 1427

1720988276.70495 55142109
cloud0_tkemenade 22356128076 65635 1427

1720988277.7072487 55142252
cloud0_tkemenade 22356128076 65733 1427

1720988278.709562 55142393
cloud0_tkemenade 22358953567 65833 1427

1720988279.711811 55142533
cloud0_tkemenade 22358953567 65933 1427

1720988280.7143235 55142681
cloud0_tkemenade 22358953567 66033 1427

1720988281.7168 55142829
cloud0_tkemenade 22358953567 66133 1427

1720988282.7193263 55142968
cloud0_tkemenade 22358953567 66233 1427

1720988283.72198 55143113
cloud0_tkemenade 22358953567 66333 1427

1720988284.7245607 55143246
cloud0_tkemenade 22358953567 66433 1427

1720988285.7269862 55143410
cloud0_tkemenade 22358953567 66533 1427

1720988285.927583 55143439
cloud0_tkemenade 22361880175 66553 1427

1720988286.9296193 55143582
cloud0_tkemenade 22361880175 66652 1427

1720988287.9320292 55143742
cloud0_tkemenade 22361880175 66751 1428

1720988288.9344602 55143890
cloud0_tkemenade 22361880175 66851 1428

1720988289.9369648 55144022
cloud0_tkemenade 22361880175 66950 1428

1720988290.9393096 55144172
cloud0_tkemenade 22361880175 67050 1428

1720988291.9418 55144335
cloud0_tkemenade 22361880175 67149 1429

1720988292.8438811 55144474
cloud0_tkemenade 22364738955 67239 1429

1720988293.846367 55144623
cloud0_tkemenade 22364738955 67339 1429

1720988294.848605 55144758
cloud0_tkemenade 22364738955 67438 1429

1720988295.8510072 55144913
cloud0_tkemenade 22364738955 67538 1429

1720988296.8536806 55145071
cloud0_tkemenade 22364738955 67637 1429

1720988297.8562553 55145214
cloud0_tkemenade 22364738955 67737 1429

1720988298.8588321 55145355
cloud0_tkemenade 22364738955 67837 1429

1720988299.8613873 55145493
cloud0_tkemenade 22364738955 67936 1429

1720988299.9620104 55145512
cloud0_tkemenade 22367599840 67947 1429

1720988300.9641984 55145663
cloud0_tkemenade 22367599840 68046 1429

1720988301.9666843 55145809
cloud0_tkemenade 22367599840 68145 1429

1720988302.9690263 55145954
cloud0_tkemenade 22367599840 68245 1429

1720988303.97152 55146088
cloud0_tkemenade 22367599840 68345 1429

1720988304.9741404 55146223
cloud0_tkemenade 22367599840 68445 1429

1720988305.976809 55146381
cloud0_tkemenade 22367599840 68544 1429

1720988306.979232 55146544
cloud0_tkemenade 22367599840 68643 1429

1720988307.0798936 55146559
cloud0_tkemenade 22370487899 68653 1429

1720988308.0821545 55146683
cloud0_tkemenade 22370487899 68752 1429

1720988309.0846415 55146823
cloud0_tkemenade 22370487899 68852 1429

1720988310.0870337 55146965
cloud0_tkemenade 22370487899 68952 1429

1720988311.089561 55147113
cloud0_tkemenade 22370487899 69052 1429

1720988312.09206 55147260
cloud0_tkemenade 22370487899 69151 1429

1720988313.0946772 55147405
cloud0_tkemenade 22370487899 69251 1429

1720988314.0970151 55147553
cloud0_tkemenade 22373376965 69351 1429

1720988315.0993447 55147700
cloud0_tkemenade 22373376965 69450 1429

1720988316.1019356 55147861
cloud0_tkemenade 22373376965 69550 1429

1720988317.1044168 55148031
cloud0_tkemenade 22373376965 69649 1430

1720988318.1068285 55148165
cloud0_tkemenade 22373376965 69749 1430

1720988319.1092787 55148318
cloud0_tkemenade 22373376965 69849 1430

1720988320.111609 55148463
cloud0_tkemenade 22373376965 69949 1430

1720988321.1140199 55148617
cloud0_tkemenade 22376264460 70049 1430

