1720988479.6296315 55168018
cloud0_tkemenade 22405513955 10617 1274

1720988480.632053 55168160
cloud0_tkemenade 22405513955 10719 1275

1720988481.4343634 55168292
cloud0_tkemenade 22408437841 10799 1276

1720988482.4370444 55168449
cloud0_tkemenade 22408437841 10898 1276

1720988483.4396205 55168590
cloud0_tkemenade 22408437841 10998 1278

1720988484.442363 55168728
cloud0_tkemenade 22408437841 11100 1278

1720988485.4449925 55168865
cloud0_tkemenade 22408437841 11202 1279

1720988486.4472823 55169007
cloud0_tkemenade 22408437841 11302 1279

1720988487.4498606 55169169
cloud0_tkemenade 22408437841 11403 1279

1720988488.452553 55169311
cloud0_tkemenade 22411399937 11506 1281

1720988489.455034 55169459
cloud0_tkemenade 22411399937 11607 1282

1720988490.4578052 55169608
cloud0_tkemenade 22411399937 11708 1283

1720988491.4605887 55169773
cloud0_tkemenade 22411399937 11808 1283

1720988492.4634697 55169927
cloud0_tkemenade 22411399937 11907 1283

1720988493.466264 55170066
cloud0_tkemenade 22411399937 12006 1283

1720988494.4690886 55170202
cloud0_tkemenade 22411399937 12106 1283

1720988495.4716659 55170344
cloud0_tkemenade 22414318778 12206 1284

1720988496.4743638 55170485
cloud0_tkemenade 22414318778 12306 1289

1720988497.4770188 55170647
cloud0_tkemenade 22414318778 12407 1292

1720988498.4796786 55170792
cloud0_tkemenade 22414318778 12506 1293

1720988499.4825807 55170936
cloud0_tkemenade 22414318778 12606 1294

1720988500.4853337 55171079
cloud0_tkemenade 22414318778 12708 1294

1720988501.4879098 55171229
cloud0_tkemenade 22414318778 12810 1294

1720988502.4908552 55171387
cloud0_tkemenade 22414318778 12911 1294

1720988502.691833 55171427
cloud0_tkemenade 22417279225 12930 1295

1720988503.694666 55171566
cloud0_tkemenade 22417279225 13029 1295

1720988504.69749 55171702
cloud0_tkemenade 22417279225 13128 1295

1720988505.7000504 55171850
cloud0_tkemenade 22417279225 13233 1296

1720988506.7028112 55171989
cloud0_tkemenade 22417279225 13334 1296

1720988507.7057636 55172147
cloud0_tkemenade 22417279225 13434 1296

1720988508.7084677 55172278
cloud0_tkemenade 22417279225 13533 1297

1720988509.7113452 55172423
cloud0_tkemenade 22420186331 13633 1297

1720988510.7141566 55172559
cloud0_tkemenade 22420186331 13733 1297

1720988511.7169843 55172719
cloud0_tkemenade 22420186331 13833 1297

1720988512.7196143 55172867
cloud0_tkemenade 22420186331 13933 1297

1720988513.7224476 55173014
cloud0_tkemenade 22420186331 14033 1297

1720988514.7251291 55173149
cloud0_tkemenade 22420186331 14132 1297

1720988515.7278872 55173296
cloud0_tkemenade 22420186331 14231 1297

1720988516.730395 55173451
cloud0_tkemenade 22423107966 14329 1298

1720988517.7332017 55173609
cloud0_tkemenade 22423107966 14429 1298

1720988518.7360358 55173767
cloud0_tkemenade 22423107966 14528 1302

1720988519.7388282 55173914
cloud0_tkemenade 22423107966 14628 1305

1720988520.74145 55174055
cloud0_tkemenade 22423107966 14730 1305

1720988521.7440124 55174216
cloud0_tkemenade 22423107966 14832 1306

1720988522.7466125 55174360
cloud0_tkemenade 22423107966 14933 1307

1720988523.7492728 55174515
cloud0_tkemenade 22426077383 15036 1307

1720988524.7514648 55174650
cloud0_tkemenade 22426077383 15138 1307

1720988525.754178 55174794
cloud0_tkemenade 22426077383 15239 1308

1720988526.7569456 55174940
cloud0_tkemenade 22426077383 15339 1308

1720988527.7597773 55175110
cloud0_tkemenade 22426077383 15439 1308

1720988528.7625172 55175266
cloud0_tkemenade 22426077383 15540 1308

1720988529.765096 55175403
cloud0_tkemenade 22426077383 15641 1308

1720988530.7678015 55175545
cloud0_tkemenade 22428978450 15742 1308

1720988531.770119 55175719
cloud0_tkemenade 22428978450 15842 1308

1720988532.7726395 55175861
cloud0_tkemenade 22428978450 15942 1309

1720988533.7753935 55176013
cloud0_tkemenade 22428978450 16042 1309

1720988534.7781556 55176157
cloud0_tkemenade 22428978450 16141 1309

1720988535.780805 55176296
cloud0_tkemenade 22428978450 16240 1309

1720988536.7833116 55176434
cloud0_tkemenade 22428978450 16340 1310

1720988537.7859905 55176584
cloud0_tkemenade 22428978450 16441 1310

1720988537.98682 55176626
cloud0_tkemenade 22431859523 16461 1310

1720988538.9892378 55176769
cloud0_tkemenade 22431859523 16561 1311

1720988539.9916294 55176913
cloud0_tkemenade 22431859523 16660 1311

1720988540.9943373 55177053
cloud0_tkemenade 22431859523 16759 1313

1720988541.9969482 55177212
cloud0_tkemenade 22431859523 16858 1313

1720988542.9993691 55177359
cloud0_tkemenade 22431859523 16957 1313

1720988544.001937 55177497
cloud0_tkemenade 22431859523 17057 1313

1720988545.0044506 55177640
cloud0_tkemenade 22431859523 17157 1313

1720988545.10521 55177660
cloud0_tkemenade 22434723943 17167 1313

1720988546.1076229 55177812
cloud0_tkemenade 22434723943 17266 1313

1720988547.1101632 55177964
cloud0_tkemenade 22434723943 17366 1314

1720988548.1126478 55178113
cloud0_tkemenade 22434723943 17465 1314

1720988549.1152666 55178258
cloud0_tkemenade 22434723943 17567 1315

1720988550.1179674 55178412
cloud0_tkemenade 22434723943 17667 1315

1720988551.120667 55178553
cloud0_tkemenade 22434723943 17766 1316

1720988552.123178 55178725
cloud0_tkemenade 22434723943 17864 1318

1720988552.2238414 55178744
cloud0_tkemenade 22437640190 17874 1318

1720988553.2261312 55178885
cloud0_tkemenade 22437640190 17974 1318

1720988554.2286582 55179028
cloud0_tkemenade 22437640190 18074 1318

1720988555.2310884 55179162
cloud0_tkemenade 22437640190 18173 1319

1720988556.2338386 55179313
cloud0_tkemenade 22437640190 18271 1320

1720988557.2362041 55179461
cloud0_tkemenade 22437640190 18371 1320

1720988558.238827 55179622
cloud0_tkemenade 22437640190 18470 1320

1720988559.2412286 55179781
cloud0_tkemenade 22440526169 18570 1321

1720988560.2436368 55179927
cloud0_tkemenade 22440526169 18669 1321

1720988561.246365 55180074
cloud0_tkemenade 22440526169 18769 1321

1720988562.2490704 55180234
cloud0_tkemenade 22440526169 18868 1321

1720988563.251659 55180394
cloud0_tkemenade 22440526169 18967 1321

1720988564.2544537 55180542
cloud0_tkemenade 22440526169 19067 1321

1720988565.2571511 55180678
cloud0_tkemenade 22440526169 19167 1321

1720988566.2600007 55180824
cloud0_tkemenade 22443381723 19265 1323

1720988567.2625444 55180974
cloud0_tkemenade 22443381723 19365 1323

1720988568.2651517 55181129
cloud0_tkemenade 22443381723 19463 1323

1720988569.2676303 55181267
cloud0_tkemenade 22443381723 19564 1323

1720988570.2702515 55181418
cloud0_tkemenade 22443381723 19663 1323

1720988571.273043 55181565
cloud0_tkemenade 22443381723 19763 1324

1720988572.2756212 55181710
cloud0_tkemenade 22443381723 19863 1324

1720988573.2781458 55181866
cloud0_tkemenade 22443381723 19962 1325

1720988573.3787587 55181887
cloud0_tkemenade 22446343572 19972 1325

1720988574.3814027 55182025
cloud0_tkemenade 22446343572 20071 1325

1720988575.383856 55182169
cloud0_tkemenade 22446343572 20171 1327

1720988576.3863857 55182310
cloud0_tkemenade 22446343572 20272 1331

1720988577.3891027 55182461
cloud0_tkemenade 22446343572 20373 1334

1720988578.3915648 55182619
cloud0_tkemenade 22446343572 20473 1335

1720988579.3944685 55182757
cloud0_tkemenade 22446343572 20574 1335

1720988580.3973904 55182905
cloud0_tkemenade 22446343572 20675 1336

1720988580.5983822 55182939
cloud0_tkemenade 22449256516 20695 1336

1720988581.6007276 55183090
cloud0_tkemenade 22449256516 20794 1336

1720988582.6034856 55183235
cloud0_tkemenade 22449256516 20894 1336

1720988583.6062672 55183402
cloud0_tkemenade 22449256516 20994 1336

1720988584.6088095 55183537
cloud0_tkemenade 22449256516 21092 1336

1720988585.6113982 55183676
cloud0_tkemenade 22449256516 21191 1336

1720988586.6140146 55183821
cloud0_tkemenade 22449256516 21290 1336

1720988587.6170921 55183987
cloud0_tkemenade 22452046306 21389 1336

1720988588.6196556 55184163
cloud0_tkemenade 22452046306 21488 1336

1720988589.622137 55184305
cloud0_tkemenade 22452046306 21587 1336

1720988590.624863 55184449
cloud0_tkemenade 22452046306 21686 1336

1720988591.6273274 55184617
cloud0_tkemenade 22452046306 21786 1336

1720988592.6300778 55184765
cloud0_tkemenade 22452046306 21885 1336

1720988593.6325083 55184920
cloud0_tkemenade 22452046306 21984 1336

1720988594.6349778 55185071
cloud0_tkemenade 22452046306 22084 1336

1720988594.7355845 55185087
cloud0_tkemenade 22454864865 22094 1336

1720988595.7375374 55185220
cloud0_tkemenade 22454864865 22193 1336

1720988596.7399614 55185364
cloud0_tkemenade 22454864865 22293 1336

1720988597.7424397 55185511
cloud0_tkemenade 22454864865 22393 1336

1720988598.7448874 55185656
cloud0_tkemenade 22454864865 22493 1336

1720988599.7471955 55185803
cloud0_tkemenade 22454864865 22593 1336

1720988600.7497857 55185949
cloud0_tkemenade 22454864865 22692 1336

1720988601.752415 55186104
cloud0_tkemenade 22457740019 22792 1336

1720988602.7550325 55186248
cloud0_tkemenade 22457740019 22892 1336

1720988603.7576852 55186406
cloud0_tkemenade 22457740019 22992 1336

1720988604.7602522 55186544
cloud0_tkemenade 22457740019 23091 1336

1720988605.7629051 55186679
cloud0_tkemenade 22457740019 23191 1336

1720988606.7656233 55186823
cloud0_tkemenade 22457740019 23290 1336

1720988607.768099 55186974
cloud0_tkemenade 22457740019 23390 1336

1720988608.7706902 55187124
cloud0_tkemenade 22457740019 23488 1336

1720988608.8714297 55187146
cloud0_tkemenade 22460523455 23498 1336

1720988609.8740468 55187277
cloud0_tkemenade 22460523455 23598 1337

1720988610.8766668 55187412
cloud0_tkemenade 22460523455 23697 1337

1720988611.87917 55187573
cloud0_tkemenade 22460523455 23797 1337

1720988612.8818734 55187711
cloud0_tkemenade 22460523455 23897 1337

1720988613.8843365 55187864
cloud0_tkemenade 22460523455 23996 1337

1720988614.8866885 55188005
cloud0_tkemenade 22460523455 24096 1338

1720988615.8892474 55188145
cloud0_tkemenade 22460523455 24196 1338

1720988615.9899464 55188168
cloud0_tkemenade 22463412522 24206 1338

1720988616.9924848 55188311
cloud0_tkemenade 22463412522 24306 1338

1720988617.9951596 55188451
cloud0_tkemenade 22463412522 24407 1338

1720988618.9978385 55188606
cloud0_tkemenade 22463412522 24506 1338

1720988620.0004091 55188748
cloud0_tkemenade 22463412522 24604 1340

1720988621.0030658 55188888
cloud0_tkemenade 22463412522 24704 1340

1720988622.0056067 55189061
cloud0_tkemenade 22463412522 24803 1340

1720988623.0080798 55189209
cloud0_tkemenade 22466261688 24903 1340

1720988624.0106025 55189371
cloud0_tkemenade 22466261688 25003 1340

1720988625.012756 55189508
cloud0_tkemenade 22466261688 25102 1340

1720988626.0152204 55189648
cloud0_tkemenade 22466261688 25202 1340

1720988627.0177925 55189783
cloud0_tkemenade 22466261688 25301 1340

1720988628.0202718 55189929
cloud0_tkemenade 22466261688 25401 1340

1720988629.0228765 55190090
cloud0_tkemenade 22466261688 25500 1341

1720988630.025388 55190227
cloud0_tkemenade 22466261688 25600 1341

1720988630.1260877 55190240
cloud0_tkemenade 22469164312 25610 1341

1720988631.1288328 55190395
cloud0_tkemenade 22469164312 25709 1341

1720988632.1314461 55190547
cloud0_tkemenade 22469164312 25810 1341

1720988633.1338086 55190701
cloud0_tkemenade 22469164312 25909 1341

1720988634.13598 55190855
cloud0_tkemenade 22469164312 26010 1341

1720988635.1386585 55191006
cloud0_tkemenade 22469164312 26110 1341

1720988636.1413226 55191146
cloud0_tkemenade 22469164312 26209 1341

1720988637.1438339 55191289
cloud0_tkemenade 22469164312 26308 1342

1720988637.2445216 55191303
cloud0_tkemenade 22472029111 26318 1342

1720988638.2466412 55191446
cloud0_tkemenade 22472029111 26418 1342

1720988639.249275 55191593
cloud0_tkemenade 22472029111 26517 1342

1720988640.2518756 55191731
cloud0_tkemenade 22472029111 26617 1342

1720988641.254553 55191879
cloud0_tkemenade 22472029111 26718 1342

1720988642.257063 55192022
cloud0_tkemenade 22472029111 26815 1343

1720988643.2593098 55192159
cloud0_tkemenade 22472029111 26913 1343

1720988644.2618546 55192313
cloud0_tkemenade 22474871917 27013 1343

1720988645.2642002 55192462
cloud0_tkemenade 22474871917 27112 1343

1720988646.2665987 55192599
cloud0_tkemenade 22474871917 27212 1343

1720988647.2693071 55192749
cloud0_tkemenade 22474871917 27311 1343

1720988648.2717583 55192903
cloud0_tkemenade 22474871917 27411 1343

1720988649.2739496 55193050
cloud0_tkemenade 22474871917 27510 1344

1720988650.27649 55193177
cloud0_tkemenade 22474871917 27609 1344

1720988651.2789462 55193333
cloud0_tkemenade 22477727130 27709 1344

1720988652.2816706 55193494
cloud0_tkemenade 22477727130 27807 1344

1720988653.284116 55193636
cloud0_tkemenade 22477727130 27906 1344

1720988654.2865171 55193775
cloud0_tkemenade 22477727130 28005 1345

1720988655.2889872 55193917
cloud0_tkemenade 22477727130 28105 1345

1720988656.2916203 55194061
cloud0_tkemenade 22477727130 28205 1345

1720988657.2943707 55194212
cloud0_tkemenade 22477727130 28305 1345

1720988658.2968776 55194355
cloud0_tkemenade 22477727130 28405 1345

1720988658.4977553 55194386
cloud0_tkemenade 22480586643 28425 1345

1720988659.499977 55194527
cloud0_tkemenade 22480586643 28524 1345

1720988660.5022824 55194667
cloud0_tkemenade 22480586643 28624 1345

1720988661.5050547 55194819
cloud0_tkemenade 22480586643 28723 1346

1720988662.5077348 55194963
cloud0_tkemenade 22480586643 28823 1346

1720988663.5102437 55195110
cloud0_tkemenade 22480586643 28923 1346

1720988664.5121975 55195251
cloud0_tkemenade 22480586643 29022 1346

1720988665.5153468 55195396
cloud0_tkemenade 22483490206 29122 1346

1720988666.517931 55195543
cloud0_tkemenade 22483490206 29221 1346

1720988667.5205863 55195685
cloud0_tkemenade 22483490206 29321 1346

1720988668.5231411 55195824
cloud0_tkemenade 22483490206 29420 1347

1720988669.525678 55195981
cloud0_tkemenade 22483490206 29519 1347

1720988670.5280454 55196118
cloud0_tkemenade 22483490206 29618 1347

1720988671.5306702 55196274
cloud0_tkemenade 22483490206 29717 1347

1720988672.5332336 55196415
cloud0_tkemenade 22483490206 29817 1347

1720988672.6339123 55196428
cloud0_tkemenade 22486283050 29827 1347

1720988673.6365774 55196579
cloud0_tkemenade 22486283050 29927 1347

1720988674.639075 55196715
cloud0_tkemenade 22486283050 30026 1347

1720988675.6416678 55196869
cloud0_tkemenade 22486283050 30125 1347

1720988676.6440659 55197027
cloud0_tkemenade 22486283050 30225 1347

1720988677.646642 55197179
cloud0_tkemenade 22486283050 30326 1347

1720988678.6492388 55197325
cloud0_tkemenade 22486283050 30425 1347

1720988679.551428 55197473
cloud0_tkemenade 22489180088 30515 1347

1720988680.5539937 55197610
cloud0_tkemenade 22489180088 30612 1348

1720988681.5565622 55197765
cloud0_tkemenade 22489180088 30710 1349

1720988682.5586634 55197912
cloud0_tkemenade 22489180088 30810 1349

1720988683.56113 55198054
cloud0_tkemenade 22489180088 30910 1349

1720988684.5634267 55198202
cloud0_tkemenade 22489180088 31009 1349

1720988685.5656624 55198351
cloud0_tkemenade 22489180088 31108 1349

1720988686.5682797 55198487
cloud0_tkemenade 22489180088 31208 1349

1720988686.6689613 55198505
cloud0_tkemenade 22491982822 31217 1349

1720988687.6712554 55198653
cloud0_tkemenade 22491982822 31317 1349

1720988688.6736782 55198789
cloud0_tkemenade 22491982822 31416 1349

1720988689.6760707 55198934
cloud0_tkemenade 22491982822 31515 1350

1720988690.6787815 55199083
cloud0_tkemenade 22491982822 31614 1350

1720988691.6812735 55199241
cloud0_tkemenade 22491982822 31714 1350

1720988692.6834226 55199377
cloud0_tkemenade 22491982822 31814 1350

1720988693.685975 55199515
cloud0_tkemenade 22491982822 31913 1350

1720988693.8868706 55199560
cloud0_tkemenade 22494879919 31933 1350

1720988694.8894792 55199698
cloud0_tkemenade 22494879919 32033 1350

1720988695.891891 55199841
cloud0_tkemenade 22494879919 32133 1350

1720988696.8944275 55199974
cloud0_tkemenade 22494879919 32234 1350

1720988697.8970861 55200124
cloud0_tkemenade 22494879919 32334 1350

1720988698.8995922 55200268
cloud0_tkemenade 22494879919 32434 1350

1720988699.9022655 55200415
cloud0_tkemenade 22494879919 32534 1351

1720988700.9047732 55200568
cloud0_tkemenade 22497793916 32633 1351

1720988701.9071004 55200722
cloud0_tkemenade 22497793916 32732 1351

1720988702.9096358 55200858
cloud0_tkemenade 22497793916 32832 1351

1720988703.9122913 55201012
cloud0_tkemenade 22497793916 32932 1351

1720988704.9147635 55201151
cloud0_tkemenade 22497793916 33031 1351

1720988705.91732 55201294
cloud0_tkemenade 22497793916 33131 1351

1720988706.9198241 55201451
cloud0_tkemenade 22497793916 33230 1351

1720988707.9222329 55201625
cloud0_tkemenade 22500645684 33330 1351

1720988708.9247437 55201773
cloud0_tkemenade 22500645684 33430 1351

1720988709.9272985 55201929
cloud0_tkemenade 22500645684 33529 1351

1720988710.9298139 55202079
cloud0_tkemenade 22500645684 33628 1352

1720988711.9321558 55202235
cloud0_tkemenade 22500645684 33726 1353

1720988712.93455 55202387
cloud0_tkemenade 22500645684 33826 1353

1720988713.9370668 55202533
cloud0_tkemenade 22500645684 33926 1353

1720988714.9395335 55202685
cloud0_tkemenade 22503497695 34025 1353

1720988715.9419632 55202826
cloud0_tkemenade 22503497695 34125 1353

1720988716.9444027 55202972
cloud0_tkemenade 22503497695 34225 1353

1720988717.947008 55203119
cloud0_tkemenade 22503497695 34324 1353

1720988718.9492168 55203259
cloud0_tkemenade 22503497695 34424 1353

1720988719.9518263 55203413
cloud0_tkemenade 22503497695 34523 1353

1720988720.954219 55203558
cloud0_tkemenade 22503497695 34623 1353

1720988721.9568627 55203716
cloud0_tkemenade 22506379820 34722 1353

1720988722.9593875 55203851
cloud0_tkemenade 22506379820 34822 1353

1720988723.9619174 55203989
cloud0_tkemenade 22506379820 34922 1353

1720988724.9645338 55204135
cloud0_tkemenade 22506379820 35021 1353

1720988725.9670458 55204275
cloud0_tkemenade 22506379820 35120 1353

1720988726.969653 55204425
cloud0_tkemenade 22506379820 35220 1353

1720988727.9719677 55204583
cloud0_tkemenade 22506379820 35320 1354

1720988728.974406 55204719
cloud0_tkemenade 22506379820 35420 1354

1720988729.0750268 55204743
cloud0_tkemenade 22509263244 35430 1354

1720988730.0776083 55204890
cloud0_tkemenade 22509263244 35528 1354

1720988731.0800817 55205033
cloud0_tkemenade 22509263244 35628 1354

1720988732.0827608 55205185
cloud0_tkemenade 22509263244 35727 1354

1720988733.0853972 55205325
cloud0_tkemenade 22509263244 35825 1354

1720988734.0880897 55205465
cloud0_tkemenade 22509263244 35925 1354

1720988735.0905812 55205605
cloud0_tkemenade 22509263244 36023 1355

1720988736.0931842 55205759
cloud0_tkemenade 22512043589 36123 1355

1720988737.0955687 55205906
cloud0_tkemenade 22512043589 36223 1355

1720988738.0981183 55206061
cloud0_tkemenade 22512043589 36323 1355

1720988739.1005888 55206197
cloud0_tkemenade 22512043589 36422 1355

1720988740.1030662 55206354
cloud0_tkemenade 22512043589 36521 1355

1720988741.105746 55206486
cloud0_tkemenade 22512043589 36620 1355

1720988742.1081848 55206652
cloud0_tkemenade 22512043589 36720 1355

1720988743.1122334 55206811
cloud0_tkemenade 22514870962 36820 1355

1720988744.1147225 55206958
cloud0_tkemenade 22514870962 36919 1355

1720988745.117159 55207107
cloud0_tkemenade 22514870962 37018 1355

1720988746.119524 55207242
cloud0_tkemenade 22514870962 37118 1355

1720988747.1221287 55207390
cloud0_tkemenade 22514870962 37217 1355

1720988748.1247408 55207555
cloud0_tkemenade 22514870962 37316 1355

1720988749.1270483 55207698
cloud0_tkemenade 22514870962 37416 1355

1720988750.129628 55207860
cloud0_tkemenade 22514870962 37516 1355

1720988750.2303376 55207873
cloud0_tkemenade 22517753553 37526 1355

1720988751.2326033 55208025
cloud0_tkemenade 22517753553 37626 1355

1720988752.2351434 55208174
cloud0_tkemenade 22517753553 37726 1355

1720988753.237559 55208313
cloud0_tkemenade 22517753553 37825 1355

1720988754.2398252 55208452
cloud0_tkemenade 22517753553 37925 1355

1720988755.2424297 55208590
cloud0_tkemenade 22517753553 38023 1355

1720988756.2448072 55208740
cloud0_tkemenade 22517753553 38123 1355

1720988757.1470528 55208858
cloud0_tkemenade 22520633967 38213 1355

1720988758.149556 55209020
cloud0_tkemenade 22520633967 38311 1355

1720988759.1518033 55209164
cloud0_tkemenade 22520633967 38411 1355

1720988760.1541626 55209321
cloud0_tkemenade 22520633967 38510 1355

1720988761.1565702 55209460
cloud0_tkemenade 22520633967 38610 1355

1720988762.1589887 55209611
cloud0_tkemenade 22520633967 38710 1355

1720988763.1613414 55209755
cloud0_tkemenade 22520633967 38809 1356

1720988764.163851 55209900
cloud0_tkemenade 22523525168 38909 1356

1720988765.1661646 55210041
cloud0_tkemenade 22523525168 39008 1356

1720988766.1685 55210180
cloud0_tkemenade 22523525168 39108 1356

1720988767.1710625 55210317
cloud0_tkemenade 22523525168 39207 1356

1720988768.1737208 55210502
cloud0_tkemenade 22523525168 39307 1356

1720988769.1763005 55210645
cloud0_tkemenade 22523525168 39407 1356

1720988770.1787052 55210792
cloud0_tkemenade 22523525168 39507 1356

1720988771.1812613 55210925
cloud0_tkemenade 22523525168 39605 1356

1720988771.2819743 55210942
cloud0_tkemenade 22526410305 39616 1356

1720988772.2842586 55211101
cloud0_tkemenade 22526410305 39715 1356

1720988773.286847 55211241
cloud0_tkemenade 22526410305 39815 1356

1720988774.2893863 55211382
cloud0_tkemenade 22526410305 39915 1356

1720988775.2918096 55211527
cloud0_tkemenade 22526410305 40014 1356

1720988776.2945044 55211667
cloud0_tkemenade 22526410305 40113 1356

1720988777.2970037 55211803
cloud0_tkemenade 22526410305 40213 1356

1720988778.299573 55211966
cloud0_tkemenade 22529261055 40313 1356

1720988779.302055 55212096
cloud0_tkemenade 22529261055 40413 1356

1720988780.304806 55212257
cloud0_tkemenade 22529261055 40512 1356

1720988781.3073387 55212388
cloud0_tkemenade 22529261055 40610 1356

1720988782.310033 55212544
cloud0_tkemenade 22529261055 40710 1356

1720988783.3126936 55212682
cloud0_tkemenade 22529261055 40809 1356

1720988784.3152092 55212821
cloud0_tkemenade 22529261055 40908 1356

1720988785.3178313 55212974
cloud0_tkemenade 22532005141 41007 1356

1720988786.3203697 55213117
cloud0_tkemenade 22532005141 41106 1356

1720988787.322766 55213246
cloud0_tkemenade 22532005141 41206 1356

1720988788.325029 55213411
cloud0_tkemenade 22532005141 41305 1356

1720988789.3272874 55213548
cloud0_tkemenade 22532005141 41404 1356

1720988790.329813 55213703
cloud0_tkemenade 22532005141 41504 1356

1720988791.3320587 55213845
cloud0_tkemenade 22532005141 41604 1357

1720988792.3345885 55214001
cloud0_tkemenade 22532005141 41704 1357

1720988792.4351287 55214015
cloud0_tkemenade 22534871013 41714 1357

1720988793.4374049 55214154
cloud0_tkemenade 22534871013 41813 1357

1720988794.4396808 55214293
cloud0_tkemenade 22534871013 41912 1357

1720988795.4420762 55214444
cloud0_tkemenade 22534871013 42012 1357

1720988796.4445126 55214594
cloud0_tkemenade 22534871013 42111 1357

1720988797.446978 55214730
cloud0_tkemenade 22534871013 42210 1357

1720988798.44942 55214883
cloud0_tkemenade 22534871013 42308 1357

1720988799.4517848 55215035
cloud0_tkemenade 22537725830 42408 1357

1720988800.4541178 55215183
cloud0_tkemenade 22537725830 42508 1357

1720988801.4565682 55215325
cloud0_tkemenade 22537725830 42608 1357

1720988802.4592197 55215481
cloud0_tkemenade 22537725830 42707 1357

1720988803.4619212 55215620
cloud0_tkemenade 22537725830 42806 1357

1720988804.46436 55215759
cloud0_tkemenade 22537725830 42905 1358

1720988805.4665902 55215908
cloud0_tkemenade 22537725830 43004 1358

1720988806.4688034 55216049
cloud0_tkemenade 22540599840 43104 1358

1720988807.4711213 55216187
cloud0_tkemenade 22540599840 43204 1358

1720988808.4736326 55216359
cloud0_tkemenade 22540599840 43302 1358

1720988809.4759047 55216498
cloud0_tkemenade 22540599840 43401 1358

1720988810.478434 55216657
cloud0_tkemenade 22540599840 43501 1359

1720988811.4808617 55216797
cloud0_tkemenade 22540599840 43597 1360

1720988812.4832246 55216945
cloud0_tkemenade 22540599840 43696 1360

1720988813.485392 55217085
cloud0_tkemenade 22540599840 43794 1362

1720988813.5860891 55217110
cloud0_tkemenade 22543466841 43804 1362

1720988814.5883312 55217247
cloud0_tkemenade 22543466841 43904 1362

1720988815.5907605 55217399
cloud0_tkemenade 22543466841 44003 1362

1720988816.5931036 55217526
cloud0_tkemenade 22543466841 44103 1362

1720988817.5953689 55217666
cloud0_tkemenade 22543466841 44203 1362

1720988818.5979567 55217825
cloud0_tkemenade 22543466841 44303 1363

1720988819.6004267 55217975
cloud0_tkemenade 22543466841 44402 1363

1720988820.6027784 55218114
cloud0_tkemenade 22546371520 44502 1363

1720988821.6051345 55218259
cloud0_tkemenade 22546371520 44600 1363

1720988822.6087182 55218407
cloud0_tkemenade 22546371520 44698 1363

1720988823.6113915 55218556
cloud0_tkemenade 22546371520 44798 1363

1720988824.6140363 55218696
cloud0_tkemenade 22546371520 44898 1364

1720988825.6166677 55218853
cloud0_tkemenade 22546371520 44996 1364

1720988826.6192403 55218991
cloud0_tkemenade 22546371520 45095 1364

1720988827.621427 55219162
cloud0_tkemenade 22546371520 45195 1364

1720988827.7220268 55219187
cloud0_tkemenade 22549218655 45205 1364

1720988828.724081 55219349
cloud0_tkemenade 22549218655 45302 1365

1720988829.7263465 55219503
cloud0_tkemenade 22549218655 45399 1365

1720988830.7286656 55219647
cloud0_tkemenade 22549218655 45497 1365

1720988831.7312508 55219787
cloud0_tkemenade 22549218655 45597 1365

1720988832.7339268 55219942
cloud0_tkemenade 22549218655 45696 1366

1720988833.7359602 55220089
cloud0_tkemenade 22549218655 45796 1366

1720988834.7382514 55220226
cloud0_tkemenade 22552045351 45895 1366

1720988835.7406135 55220369
cloud0_tkemenade 22552045351 45994 1366

1720988836.743041 55220505
cloud0_tkemenade 22552045351 46094 1366

1720988837.7456226 55220649
cloud0_tkemenade 22552045351 46194 1366

1720988838.748283 55220800
cloud0_tkemenade 22552045351 46293 1366

1720988839.7509499 55220954
cloud0_tkemenade 22552045351 46393 1366

1720988840.7536693 55221108
cloud0_tkemenade 22552045351 46492 1366

1720988841.7561395 55221263
cloud0_tkemenade 22552045351 46592 1366

1720988841.8568666 55221280
cloud0_tkemenade 22554871852 46602 1366

1720988842.8594522 55221417
cloud0_tkemenade 22554871852 46702 1366

1720988843.861921 55221565
cloud0_tkemenade 22554871852 46802 1366

1720988844.8643749 55221701
cloud0_tkemenade 22554871852 46902 1366

1720988845.8667972 55221853
cloud0_tkemenade 22554871852 47002 1366

1720988846.8691556 55221996
cloud0_tkemenade 22554871852 47101 1366

1720988847.8713248 55222141
cloud0_tkemenade 22554871852 47201 1366

1720988848.8738992 55222300
cloud0_tkemenade 22554871852 47300 1366

1720988848.974571 55222317
cloud0_tkemenade 22557731996 47311 1366

1720988849.9769337 55222471
cloud0_tkemenade 22557731996 47411 1366

1720988850.9792867 55222620
cloud0_tkemenade 22557731996 47510 1366

1720988851.9815838 55222771
cloud0_tkemenade 22557731996 47610 1366

1720988852.983853 55222919
cloud0_tkemenade 22557731996 47710 1366

1720988853.9863498 55223070
cloud0_tkemenade 22557731996 47810 1366

1720988854.988957 55223199
cloud0_tkemenade 22557731996 47909 1366

1720988855.9912808 55223355
cloud0_tkemenade 22560590730 48009 1367

1720988856.9934967 55223493
cloud0_tkemenade 22560590730 48108 1367

1720988857.9957938 55223640
cloud0_tkemenade 22560590730 48208 1367

1720988858.998343 55223795
cloud0_tkemenade 22560590730 48308 1367

1720988860.0007527 55223943
cloud0_tkemenade 22560590730 48407 1367

1720988861.0031075 55224084
cloud0_tkemenade 22560590730 48505 1368

1720988862.0055902 55224229
cloud0_tkemenade 22560590730 48603 1368

1720988863.0080755 55224384
cloud0_tkemenade 22563422597 48702 1368

1720988864.0103803 55224537
cloud0_tkemenade 22563422597 48802 1368

1720988865.0129552 55224667
cloud0_tkemenade 22563422597 48901 1369

1720988866.0153897 55224810
cloud0_tkemenade 22563422597 49000 1369

1720988867.0180058 55224945
cloud0_tkemenade 22563422597 49099 1369

1720988868.0203397 55225091
cloud0_tkemenade 22563422597 49198 1369

1720988869.0229497 55225242
cloud0_tkemenade 22563422597 49297 1370

1720988870.0252988 55225406
cloud0_tkemenade 22566292950 49396 1370

1720988871.0276992 55225565
cloud0_tkemenade 22566292950 49495 1370

1720988872.0301356 55225705
cloud0_tkemenade 22566292950 49593 1371

1720988873.0325913 55225842
cloud0_tkemenade 22566292950 49691 1372

1720988874.0350945 55225988
cloud0_tkemenade 22566292950 49791 1372

1720988875.0377316 55226135
cloud0_tkemenade 22566292950 49891 1372

1720988876.0401177 55226285
cloud0_tkemenade 22566292950 49991 1372

1720988877.042756 55226416
cloud0_tkemenade 22566292950 50089 1372

1720988877.1434653 55226430
cloud0_tkemenade 22569092813 50099 1372

1720988878.1460283 55226579
cloud0_tkemenade 22569092813 50198 1372

1720988879.148597 55226726
cloud0_tkemenade 22569092813 50298 1372

1720988880.1512673 55226867
cloud0_tkemenade 22569092813 50397 1372

1720988881.1539512 55227022
cloud0_tkemenade 22569092813 50496 1372

1720988882.1565144 55227175
cloud0_tkemenade 22569092813 50596 1372

1720988883.15894 55227318
cloud0_tkemenade 22569092813 50696 1372

1720988884.1614695 55227467
cloud0_tkemenade 22571982524 50795 1372

1720988885.1640835 55227603
cloud0_tkemenade 22571982524 50895 1372

1720988886.166722 55227757
cloud0_tkemenade 22571982524 50994 1372

1720988887.169407 55227887
cloud0_tkemenade 22571982524 51094 1372

1720988888.171715 55228059
cloud0_tkemenade 22571982524 51194 1372

1720988889.1744182 55228215
cloud0_tkemenade 22571982524 51293 1372

1720988890.1770225 55228357
cloud0_tkemenade 22571982524 51390 1372

1720988891.179533 55228510
cloud0_tkemenade 22571982524 51490 1372

1720988891.2802112 55228528
cloud0_tkemenade 22574751441 51500 1372

1720988892.2826643 55228684
cloud0_tkemenade 22574751441 51599 1372

1720988893.2851617 55228829
cloud0_tkemenade 22574751441 51699 1372

1720988894.287822 55228978
cloud0_tkemenade 22574751441 51799 1372

1720988895.2903337 55229114
cloud0_tkemenade 22574751441 51899 1372

1720988896.2928302 55229260
cloud0_tkemenade 22574751441 51997 1372

1720988897.2951715 55229393
cloud0_tkemenade 22574751441 52097 1373

1720988898.29778 55229535
cloud0_tkemenade 22574751441 52194 1373

1720988898.3984287 55229556
cloud0_tkemenade 22577608130 52204 1373

1720988899.400873 55229713
cloud0_tkemenade 22577608130 52304 1373

1720988900.4035177 55229850
cloud0_tkemenade 22577608130 52404 1373

1720988901.406104 55230020
cloud0_tkemenade 22577608130 52504 1373

1720988902.4085734 55230171
cloud0_tkemenade 22577608130 52603 1373

1720988903.4110167 55230315
cloud0_tkemenade 22577608130 52703 1373

1720988904.4136617 55230459
cloud0_tkemenade 22577608130 52802 1373

1720988905.4160948 55230599
cloud0_tkemenade 22577608130 52902 1373

1720988905.5167434 55230618
cloud0_tkemenade 22580519068 52912 1373

1720988906.5192928 55230773
cloud0_tkemenade 22580519068 53011 1374

1720988907.5219114 55230899
cloud0_tkemenade 22580519068 53110 1374

1720988908.5244145 55231050
cloud0_tkemenade 22580519068 53209 1374

1720988909.5269625 55231201
cloud0_tkemenade 22580519068 53309 1374

1720988910.5294766 55231345
cloud0_tkemenade 22580519068 53408 1374

1720988911.5320487 55231508
cloud0_tkemenade 22580519068 53507 1374

1720988912.5345426 55231655
cloud0_tkemenade 22580519068 53607 1374

1720988912.635185 55231671
cloud0_tkemenade 22583377924 53617 1374

1720988913.6375842 55231821
cloud0_tkemenade 22583377924 53716 1374

1720988914.6398625 55231963
cloud0_tkemenade 22583377924 53816 1374

1720988915.6424205 55232092
cloud0_tkemenade 22583377924 53916 1374

1720988916.6448555 55232253
cloud0_tkemenade 22583377924 54016 1374

1720988917.6470842 55232387
cloud0_tkemenade 22583377924 54116 1374

1720988918.6497383 55232538
cloud0_tkemenade 22583377924 54215 1374

1720988919.5520804 55232694
cloud0_tkemenade 22586265192 54305 1374

1720988920.5544322 55232838
cloud0_tkemenade 22586265192 54405 1374

1720988921.5569034 55232999
cloud0_tkemenade 22586265192 54504 1374

1720988922.5595348 55233158
cloud0_tkemenade 22586265192 54604 1374

1720988923.5620458 55233306
cloud0_tkemenade 22586265192 54704 1374

1720988924.564519 55233449
cloud0_tkemenade 22586265192 54803 1374

1720988925.566688 55233587
cloud0_tkemenade 22586265192 54903 1374

1720988926.5690134 55233740
cloud0_tkemenade 22586265192 55003 1375

1720988926.6696823 55233755
cloud0_tkemenade 22589141785 55013 1375

1720988927.6721318 55233897
cloud0_tkemenade 22589141785 55113 1375

1720988928.6745026 55234043
cloud0_tkemenade 22589141785 55212 1375

1720988929.6770666 55234201
cloud0_tkemenade 22589141785 55311 1375

1720988930.6795988 55234345
cloud0_tkemenade 22589141785 55411 1375

1720988931.682229 55234513
cloud0_tkemenade 22589141785 55511 1375

1720988932.6845307 55234659
cloud0_tkemenade 22589141785 55611 1375

1720988933.6868882 55234816
cloud0_tkemenade 22592035666 55711 1375

1720988934.6893137 55234967
cloud0_tkemenade 22592035666 55810 1375

1720988935.6915202 55235107
cloud0_tkemenade 22592035666 55909 1375

1720988936.694009 55235253
cloud0_tkemenade 22592035666 56009 1375

1720988937.6963499 55235390
cloud0_tkemenade 22592035666 56108 1375

1720988938.6986687 55235535
cloud0_tkemenade 22592035666 56207 1375

1720988939.7012455 55235691
cloud0_tkemenade 22592035666 56306 1375

1720988940.7036157 55235825
cloud0_tkemenade 22594877040 56403 1375

1720988941.7058964 55235991
cloud0_tkemenade 22594877040 56502 1375

1720988942.7083476 55236131
cloud0_tkemenade 22594877040 56602 1375

1720988943.7103367 55236283
cloud0_tkemenade 22594877040 56702 1375

1720988944.7126906 55236416
cloud0_tkemenade 22594877040 56802 1376

1720988945.715162 55236553
cloud0_tkemenade 22594877040 56901 1376

1720988946.71763 55236707
cloud0_tkemenade 22594877040 57001 1376

1720988947.7199602 55236889
cloud0_tkemenade 22594877040 57101 1376

1720988947.92075 55236921
cloud0_tkemenade 22597786153 57121 1376

1720988948.9230864 55237084
cloud0_tkemenade 22597786153 57221 1376

1720988949.925598 55237227
cloud0_tkemenade 22597786153 57320 1376

1720988950.9280562 55237371
cloud0_tkemenade 22597786153 57419 1376

1720988951.9306211 55237548
cloud0_tkemenade 22597786153 57519 1377

1720988952.9332893 55237700
cloud0_tkemenade 22597786153 57619 1377

1720988953.9359298 55237841
cloud0_tkemenade 22597786153 57718 1377

1720988954.9386098 55237990
cloud0_tkemenade 22600644402 57818 1377

1720988955.940932 55238122
cloud0_tkemenade 22600644402 57918 1377

1720988956.9432356 55238273
cloud0_tkemenade 22600644402 58018 1377

1720988957.9456463 55238413
cloud0_tkemenade 22600644402 58117 1377

1720988958.9480374 55238573
cloud0_tkemenade 22600644402 58217 1377

1720988959.9506006 55238725
cloud0_tkemenade 22600644402 58317 1377

1720988960.9532702 55238866
cloud0_tkemenade 22600644402 58416 1377

1720988961.8556497 55239027
cloud0_tkemenade 22603525987 58505 1377

1720988962.8576012 55239174
cloud0_tkemenade 22603525987 58605 1377

1720988963.8597124 55239325
cloud0_tkemenade 22603525987 58705 1377

1720988964.862327 55239468
cloud0_tkemenade 22603525987 58805 1377

1720988965.8647301 55239608
cloud0_tkemenade 22603525987 58905 1377

1720988966.8673224 55239761
cloud0_tkemenade 22603525987 59005 1377

1720988967.8695793 55239895
cloud0_tkemenade 22603525987 59104 1378

1720988968.8718581 55240036
cloud0_tkemenade 22603525987 59204 1378

1720988968.9725635 55240070
cloud0_tkemenade 22606405055 59214 1378

1720988969.9748743 55240223
cloud0_tkemenade 22606405055 59314 1378

1720988970.9773397 55240354
cloud0_tkemenade 22606405055 59413 1378

1720988971.979773 55240522
cloud0_tkemenade 22606405055 59512 1378

1720988972.9822252 55240687
cloud0_tkemenade 22606405055 59612 1378

1720988973.9846292 55240828
cloud0_tkemenade 22606405055 59711 1379

1720988974.98696 55240985
cloud0_tkemenade 22606405055 59811 1379

1720988975.9895208 55241115
cloud0_tkemenade 22606405055 59910 1379

1720988976.0902085 55241134
cloud0_tkemenade 22609313565 59921 1379

1720988977.0926566 55241278
cloud0_tkemenade 22609313565 60020 1379

1720988978.0952494 55241420
cloud0_tkemenade 22609313565 60120 1379

1720988979.097624 55241570
cloud0_tkemenade 22609313565 60220 1379

1720988980.100044 55241721
cloud0_tkemenade 22609313565 60320 1379

1720988981.1025298 55241853
cloud0_tkemenade 22609313565 60419 1379

1720988982.1052349 55242019
cloud0_tkemenade 22609313565 60518 1379

1720988983.1076612 55242177
cloud0_tkemenade 22612154459 60618 1379

1720988984.1100125 55242326
cloud0_tkemenade 22612154459 60718 1379

1720988985.112301 55242466
cloud0_tkemenade 22612154459 60816 1380

1720988986.1147923 55242610
cloud0_tkemenade 22612154459 60914 1380

1720988987.1173632 55242754
cloud0_tkemenade 22612154459 61013 1380

1720988988.119817 55242896
cloud0_tkemenade 22612154459 61113 1380

1720988989.1221452 55243047
cloud0_tkemenade 22612154459 61212 1380

1720988990.1245773 55243203
cloud0_tkemenade 22612154459 61310 1380

1720988990.2252464 55243217
cloud0_tkemenade 22614932158 61320 1380

1720988991.227392 55243346
cloud0_tkemenade 22614932158 61419 1381

1720988992.230126 55243507
cloud0_tkemenade 22614932158 61518 1381

1720988993.2325628 55243663
cloud0_tkemenade 22614932158 61618 1381

1720988994.2350495 55243810
cloud0_tkemenade 22614932158 61718 1381

1720988995.2375846 55243955
cloud0_tkemenade 22614932158 61817 1381

1720988996.2399895 55244090
cloud0_tkemenade 22614932158 61917 1381

1720988997.1422498 55244235
cloud0_tkemenade 22617739589 62006 1381

1720988998.1446872 55244367
cloud0_tkemenade 22617739589 62106 1381

1720988999.147077 55244537
cloud0_tkemenade 22617739589 62205 1382

1720989000.1496713 55244698
cloud0_tkemenade 22617739589 62303 1382

1720989001.1521213 55244839
cloud0_tkemenade 22617739589 62403 1382

1720989002.1547039 55245003
cloud0_tkemenade 22617739589 62502 1382

1720989003.1571505 55245157
cloud0_tkemenade 22617739589 62602 1382

1720989004.1595714 55245313
cloud0_tkemenade 22617739589 62702 1382

1720989004.260266 55245329
cloud0_tkemenade 22620629058 62712 1382

1720989005.26253 55245482
cloud0_tkemenade 22620629058 62812 1382

1720989006.2649288 55245625
cloud0_tkemenade 22620629058 62911 1382

1720989007.2673562 55245791
cloud0_tkemenade 22620629058 63011 1382

1720989008.2699263 55245953
cloud0_tkemenade 22620629058 63110 1382

1720989009.2724664 55246121
cloud0_tkemenade 22620629058 63210 1383

1720989010.2748904 55246283
cloud0_tkemenade 22620629058 63309 1383

1720989011.2773194 55246429
cloud0_tkemenade 22623511962 63409 1383

1720989012.2795594 55246602
cloud0_tkemenade 22623511962 63509 1383

1720989013.2821755 55246757
cloud0_tkemenade 22623511962 63609 1383

1720989014.2844074 55246905
cloud0_tkemenade 22623511962 63708 1383

1720989015.2868235 55247046
cloud0_tkemenade 22623511962 63808 1383

1720989016.2894993 55247186
cloud0_tkemenade 22623511962 63907 1383

1720989017.2918377 55247335
cloud0_tkemenade 22623511962 64007 1383

1720989018.294099 55247483
cloud0_tkemenade 22626377816 64107 1383

1720989019.2966454 55247645
cloud0_tkemenade 22626377816 64207 1383

1720989020.2990613 55247802
cloud0_tkemenade 22626377816 64306 1383

1720989021.3016295 55247953
cloud0_tkemenade 22626377816 64406 1383

1720989022.304128 55248120
cloud0_tkemenade 22626377816 64505 1383

1720989023.3065896 55248270
cloud0_tkemenade 22626377816 64605 1383

1720989024.3089294 55248431
cloud0_tkemenade 22626377816 64705 1383

1720989025.3112721 55248574
cloud0_tkemenade 22626377816 64805 1383

1720989025.4119573 55248590
cloud0_tkemenade 22629244487 64815 1383

1720989026.4142656 55248730
cloud0_tkemenade 22629244487 64915 1383

1720989027.416806 55248888
cloud0_tkemenade 22629244487 65014 1383

1720989028.4194708 55249025
cloud0_tkemenade 22629244487 65114 1383

1720989029.4221704 55249183
cloud0_tkemenade 22629244487 65214 1383

1720989030.4247065 55249335
cloud0_tkemenade 22629244487 65314 1383

1720989031.4272416 55249481
cloud0_tkemenade 22629244487 65412 1383

1720989032.4297514 55249642
cloud0_tkemenade 22632082429 65510 1384

1720989033.4318748 55249787
cloud0_tkemenade 22632082429 65609 1384

1720989034.4344668 55249951
cloud0_tkemenade 22632082429 65709 1384

1720989035.437093 55250092
cloud0_tkemenade 22632082429 65807 1384

1720989036.4391627 55250249
cloud0_tkemenade 22632082429 65907 1384

1720989037.441579 55250411
cloud0_tkemenade 22632082429 66007 1384

1720989038.4435768 55250555
cloud0_tkemenade 22632082429 66108 1384

1720989039.345985 55250724
cloud0_tkemenade 22634965957 66197 1385

1720989040.3482957 55250878
cloud0_tkemenade 22634965957 66296 1385

1720989041.3505936 55251021
cloud0_tkemenade 22634965957 66396 1385

1720989042.3531795 55251185
cloud0_tkemenade 22634965957 66495 1385

1720989043.355696 55251349
cloud0_tkemenade 22634965957 66593 1385

1720989044.3582664 55251505
cloud0_tkemenade 22634965957 66693 1385

1720989045.3609324 55251645
cloud0_tkemenade 22634965957 66793 1385

1720989046.3634818 55251787
cloud0_tkemenade 22634965957 66893 1386

1720989046.464122 55251803
cloud0_tkemenade 22637851780 66902 1386

1720989047.4665294 55251955
cloud0_tkemenade 22637851780 67002 1386

1720989048.4688823 55252102
cloud0_tkemenade 22637851780 67102 1386

1720989049.471314 55252266
cloud0_tkemenade 22637851780 67202 1386

1720989050.4737964 55252417
cloud0_tkemenade 22637851780 67300 1387

1720989051.4760156 55252555
cloud0_tkemenade 22637851780 67399 1387

1720989052.478465 55252719
cloud0_tkemenade 22637851780 67499 1387

1720989053.481049 55252872
cloud0_tkemenade 22640703451 67598 1388

1720989054.4835832 55253024
cloud0_tkemenade 22640703451 67698 1388

1720989055.4862502 55253172
cloud0_tkemenade 22640703451 67798 1388

1720989056.488855 55253312
cloud0_tkemenade 22640703451 67898 1388

1720989057.4912663 55253468
cloud0_tkemenade 22640703451 67998 1388

1720989058.4936657 55253617
cloud0_tkemenade 22640703451 68097 1388

1720989059.495809 55253783
cloud0_tkemenade 22640703451 68197 1388

1720989060.4983833 55253939
cloud0_tkemenade 22643600994 68297 1388

1720989061.5006087 55254084
cloud0_tkemenade 22643600994 68397 1388

1720989062.5030284 55254244
cloud0_tkemenade 22643600994 68497 1388

1720989063.505396 55254390
cloud0_tkemenade 22643600994 68595 1388

1720989064.5074701 55254545
cloud0_tkemenade 22643600994 68695 1388

1720989065.5099776 55254703
cloud0_tkemenade 22643600994 68795 1388

1720989066.512258 55254847
cloud0_tkemenade 22643600994 68895 1388

1720989067.5148163 55255032
cloud0_tkemenade 22643600994 68994 1388

1720989067.6154659 55255053
cloud0_tkemenade 22646457698 69004 1388

1720989068.6182616 55255223
cloud0_tkemenade 22646457698 69103 1388

1720989069.620894 55255380
cloud0_tkemenade 22646457698 69203 1388

1720989070.6231833 55255542
cloud0_tkemenade 22646457698 69303 1388

1720989071.6257646 55255688
cloud0_tkemenade 22646457698 69403 1388

1720989072.6281967 55255850
cloud0_tkemenade 22646457698 69502 1389

1720989073.6305997 55256010
cloud0_tkemenade 22646457698 69601 1389

1720989074.6333082 55256167
cloud0_tkemenade 22649339525 69701 1389

1720989075.6355886 55256319
cloud0_tkemenade 22649339525 69799 1389

1720989076.6379747 55256455
cloud0_tkemenade 22649339525 69899 1389

1720989077.6405184 55256620
cloud0_tkemenade 22649339525 69998 1389

1720989078.6429281 55256761
cloud0_tkemenade 22649339525 70098 1389

