1720989977.4945316 55388915
cloud0_tkemenade 22946330386 9523 1209

1720989978.49707 55389069
cloud0_tkemenade 22946330386 9622 1212

1720989979.4995334 55389206
cloud0_tkemenade 22946330386 9723 1216

1720989980.5021 55389363
cloud0_tkemenade 22946330386 9822 1221

1720989981.5046868 55389519
cloud0_tkemenade 22946330386 9921 1223

1720989982.1065397 55389614
cloud0_tkemenade 22949374881 9980 1234

1720989983.1089516 55389743
cloud0_tkemenade 22949374881 10074 1242

1720989984.1112666 55389887
cloud0_tkemenade 22949374881 10175 1244

1720989985.1139534 55390022
cloud0_tkemenade 22949374881 10277 1245

1720989986.1167068 55390181
cloud0_tkemenade 22949374881 10377 1246

1720989987.1193967 55390312
cloud0_tkemenade 22949374881 10479 1248

1720989988.1221402 55390466
cloud0_tkemenade 22949374881 10583 1252

1720989989.1247106 55390607
cloud0_tkemenade 22952414596 10685 1256

1720989990.1276627 55390755
cloud0_tkemenade 22952414596 10787 1258

1720989991.1303573 55390902
cloud0_tkemenade 22952414596 10888 1260

1720989992.1330545 55391067
cloud0_tkemenade 22952414596 10987 1263

1720989993.1357474 55391217
cloud0_tkemenade 22952414596 11087 1263

1720989994.1384954 55391363
cloud0_tkemenade 22952414596 11186 1263

1720989995.1411242 55391500
cloud0_tkemenade 22952414596 11286 1263

1720989996.1436465 55391666
cloud0_tkemenade 22955351973 11385 1265

1720989997.1463377 55391806
cloud0_tkemenade 22955351973 11485 1265

1720989998.1490028 55391968
cloud0_tkemenade 22955351973 11588 1269

1720989999.1516695 55392115
cloud0_tkemenade 22955351973 11689 1269

1720990000.1543388 55392269
cloud0_tkemenade 22955351973 11789 1270

1720990001.1570385 55392435
cloud0_tkemenade 22955351973 11889 1271

1720990002.159935 55392598
cloud0_tkemenade 22955351973 11990 1274

1720990003.1627614 55392744
cloud0_tkemenade 22958303308 12089 1274

1720990004.1655154 55392890
cloud0_tkemenade 22958303308 12187 1275

1720990005.1684206 55393024
cloud0_tkemenade 22958303308 12285 1275

1720990006.1713383 55393178
cloud0_tkemenade 22958303308 12381 1279

1720990007.1740491 55393325
cloud0_tkemenade 22958303308 12484 1281

1720990008.1769447 55393480
cloud0_tkemenade 22958303308 12584 1281

1720990009.179816 55393625
cloud0_tkemenade 22958303308 12684 1281

1720990010.1826565 55393770
cloud0_tkemenade 22958303308 12785 1281

1720990010.2833867 55393799
cloud0_tkemenade 22961162192 12795 1281

1720990011.2860658 55393954
cloud0_tkemenade 22961162192 12894 1281

1720990012.2890456 55394111
cloud0_tkemenade 22961162192 12993 1281

1720990013.2919877 55394247
cloud0_tkemenade 22961162192 13091 1282

1720990014.294866 55394393
cloud0_tkemenade 22961162192 13192 1282

1720990015.297785 55394532
cloud0_tkemenade 22961162192 13292 1282

1720990016.3006632 55394692
cloud0_tkemenade 22961162192 13390 1282

1720990017.303475 55394825
cloud0_tkemenade 22961162192 13490 1282

1720990017.504457 55394859
cloud0_tkemenade 22963980765 13509 1282

1720990018.5071473 55395004
cloud0_tkemenade 22963980765 13609 1282

1720990019.510037 55395152
cloud0_tkemenade 22963980765 13711 1282

1720990020.5128508 55395292
cloud0_tkemenade 22963980765 13811 1283

1720990021.5156105 55395445
cloud0_tkemenade 22963980765 13910 1284

1720990022.5185049 55395593
cloud0_tkemenade 22963980765 14009 1286

1720990023.5213883 55395721
cloud0_tkemenade 22963980765 14108 1288

1720990024.523948 55395861
cloud0_tkemenade 22963980765 14210 1288

1720990024.7249157 55395886
cloud0_tkemenade 22966867628 14229 1288

1720990025.7270002 55396030
cloud0_tkemenade 22966867628 14330 1289

1720990026.7297444 55396192
cloud0_tkemenade 22966867628 14430 1290

1720990027.7323723 55396349
cloud0_tkemenade 22966867628 14528 1291

1720990028.7350874 55396519
cloud0_tkemenade 22966867628 14628 1292

1720990029.7377803 55396672
cloud0_tkemenade 22966867628 14727 1292

1720990030.7403235 55396823
cloud0_tkemenade 22966867628 14828 1292

1720990031.7429912 55396992
cloud0_tkemenade 22969749511 14928 1292

1720990032.745818 55397150
cloud0_tkemenade 22969749511 15029 1292

1720990033.7485693 55397294
cloud0_tkemenade 22969749511 15129 1292

1720990034.7512178 55397437
cloud0_tkemenade 22969749511 15230 1292

1720990035.7537687 55397579
cloud0_tkemenade 22969749511 15329 1293

1720990036.756416 55397731
cloud0_tkemenade 22969749511 15426 1296

1720990037.7589366 55397874
cloud0_tkemenade 22969749511 15526 1297

1720990038.761614 55398026
cloud0_tkemenade 22969749511 15625 1298

1720990038.862186 55398046
cloud0_tkemenade 22972670747 15635 1298

1720990039.864534 55398174
cloud0_tkemenade 22972670747 15733 1301

1720990040.8673024 55398327
cloud0_tkemenade 22972670747 15831 1304

1720990041.8699265 55398485
cloud0_tkemenade 22972670747 15929 1305

1720990042.8724654 55398630
cloud0_tkemenade 22972670747 16028 1306

1720990043.875094 55398775
cloud0_tkemenade 22972670747 16128 1306

1720990044.8777692 55398911
cloud0_tkemenade 22972670747 16228 1306

1720990045.8804188 55399058
cloud0_tkemenade 22975561981 16328 1306

1720990046.8830507 55399219
cloud0_tkemenade 22975561981 16427 1307

1720990047.8856375 55399362
cloud0_tkemenade 22975561981 16527 1307

1720990048.8881595 55399527
cloud0_tkemenade 22975561981 16626 1307

1720990049.8907087 55399657
cloud0_tkemenade 22975561981 16725 1311

1720990050.8934052 55399803
cloud0_tkemenade 22975561981 16826 1312

1720990051.895825 55399966
cloud0_tkemenade 22975561981 16925 1312

1720990052.898567 55400112
cloud0_tkemenade 22978500747 17023 1314

1720990053.9013546 55400253
cloud0_tkemenade 22978500747 17123 1314

1720990054.9040499 55400397
cloud0_tkemenade 22978500747 17223 1314

1720990055.9068103 55400551
cloud0_tkemenade 22978500747 17322 1315

1720990056.9095418 55400711
cloud0_tkemenade 22978500747 17421 1315

1720990057.9121249 55400853
cloud0_tkemenade 22978500747 17521 1315

1720990058.9147916 55401000
cloud0_tkemenade 22978500747 17621 1315

1720990059.9172626 55401147
cloud0_tkemenade 22978500747 17720 1315

1720990060.1181986 55401191
cloud0_tkemenade 22981369862 17740 1315

1720990061.120884 55401337
cloud0_tkemenade 22981369862 17840 1315

1720990062.1235845 55401499
cloud0_tkemenade 22981369862 17939 1315

1720990063.126347 55401651
cloud0_tkemenade 22981369862 18039 1315

1720990064.1289916 55401792
cloud0_tkemenade 22981369862 18138 1315

1720990065.131519 55401939
cloud0_tkemenade 22981369862 18238 1315

1720990066.134229 55402096
cloud0_tkemenade 22981369862 18339 1315

1720990067.1367629 55402241
cloud0_tkemenade 22984227557 18439 1315

1720990068.1393745 55402381
cloud0_tkemenade 22984227557 18539 1315

1720990069.1420624 55402530
cloud0_tkemenade 22984227557 18639 1315

1720990070.1445463 55402679
cloud0_tkemenade 22984227557 18738 1315

1720990071.1471848 55402832
cloud0_tkemenade 22984227557 18838 1315

1720990072.149726 55402997
cloud0_tkemenade 22984227557 18937 1315

1720990073.152195 55403147
cloud0_tkemenade 22984227557 19037 1316

1720990074.1545296 55403295
cloud0_tkemenade 22987160291 19136 1316

1720990075.1569765 55403438
cloud0_tkemenade 22987160291 19235 1317

1720990076.15961 55403576
cloud0_tkemenade 22987160291 19335 1317

1720990077.162243 55403721
cloud0_tkemenade 22987160291 19434 1317

1720990078.1649168 55403871
cloud0_tkemenade 22987160291 19534 1322

1720990079.1675594 55404019
cloud0_tkemenade 22987160291 19635 1324

1720990080.1701243 55404162
cloud0_tkemenade 22987160291 19737 1325

1720990081.1728535 55404315
cloud0_tkemenade 22987160291 19838 1326

1720990081.2735846 55404337
cloud0_tkemenade 22990076394 19848 1326

1720990082.2760143 55404494
cloud0_tkemenade 22990076394 19949 1327

1720990083.2785497 55404636
cloud0_tkemenade 22990076394 20048 1327

1720990084.2809489 55404778
cloud0_tkemenade 22990076394 20148 1327

1720990085.2833781 55404927
cloud0_tkemenade 22990076394 20248 1327

1720990086.286025 55405070
cloud0_tkemenade 22990076394 20347 1327

1720990087.2884624 55405210
cloud0_tkemenade 22990076394 20445 1328

1720990088.2907083 55405374
cloud0_tkemenade 22992953532 20545 1328

1720990089.2933443 55405527
cloud0_tkemenade 22992953532 20645 1328

1720990090.2958553 55405674
cloud0_tkemenade 22992953532 20745 1328

1720990091.2985823 55405821
cloud0_tkemenade 22992953532 20845 1328

1720990092.3015199 55406001
cloud0_tkemenade 22992953532 20945 1328

1720990093.3040853 55406153
cloud0_tkemenade 22992953532 21045 1328

1720990094.3067286 55406299
cloud0_tkemenade 22992953532 21145 1328

1720990095.3092332 55406439
cloud0_tkemenade 22992953532 21244 1328

1720990095.4099195 55406455
cloud0_tkemenade 22995855961 21254 1328

1720990096.4124827 55406611
cloud0_tkemenade 22995855961 21354 1328

1720990097.4151525 55406755
cloud0_tkemenade 22995855961 21454 1328

1720990098.4176836 55406905
cloud0_tkemenade 22995855961 21554 1328

1720990099.4203565 55407052
cloud0_tkemenade 22995855961 21654 1328

1720990100.4230347 55407205
cloud0_tkemenade 22995855961 21754 1328

1720990101.4256527 55407360
cloud0_tkemenade 22995855961 21854 1328

1720990102.428273 55407523
cloud0_tkemenade 22998708504 21953 1328

1720990103.4307764 55407671
cloud0_tkemenade 22998708504 22053 1328

1720990104.4333916 55407814
cloud0_tkemenade 22998708504 22153 1328

1720990105.4359918 55407963
cloud0_tkemenade 22998708504 22253 1328

1720990106.4386594 55408118
cloud0_tkemenade 22998708504 22352 1328

1720990107.4413898 55408262
cloud0_tkemenade 22998708504 22452 1328

1720990108.4438517 55408403
cloud0_tkemenade 22998708504 22551 1328

1720990109.3464375 55408537
cloud0_tkemenade 23001563497 22642 1328

1720990110.3491266 55408689
cloud0_tkemenade 23001563497 22741 1328

1720990111.3518379 55408833
cloud0_tkemenade 23001563497 22842 1328

1720990112.3546333 55409000
cloud0_tkemenade 23001563497 22941 1328

1720990113.3573706 55409145
cloud0_tkemenade 23001563497 23041 1328

1720990114.359899 55409287
cloud0_tkemenade 23001563497 23141 1328

1720990115.3623977 55409436
cloud0_tkemenade 23001563497 23241 1328

1720990116.3650303 55409587
cloud0_tkemenade 23001563497 23341 1328

1720990116.4657552 55409609
cloud0_tkemenade 23004467372 23351 1328

1720990117.4683714 55409773
cloud0_tkemenade 23004467372 23452 1328

1720990118.471054 55409917
cloud0_tkemenade 23004467372 23551 1328

1720990119.4738705 55410067
cloud0_tkemenade 23004467372 23651 1328

1720990120.4765847 55410223
cloud0_tkemenade 23004467372 23751 1328

1720990121.479028 55410376
cloud0_tkemenade 23004467372 23850 1328

1720990122.48183 55410543
cloud0_tkemenade 23004467372 23949 1328

1720990123.484547 55410687
cloud0_tkemenade 23004467372 24049 1328

1720990123.5852864 55410707
cloud0_tkemenade 23007280522 24059 1328

1720990124.587653 55410845
cloud0_tkemenade 23007280522 24159 1328

1720990125.5903928 55410991
cloud0_tkemenade 23007280522 24259 1328

1720990126.5929673 55411140
cloud0_tkemenade 23007280522 24358 1328

1720990127.5956755 55411299
cloud0_tkemenade 23007280522 24458 1329

1720990128.5981593 55411444
cloud0_tkemenade 23007280522 24558 1329

1720990129.6009667 55411593
cloud0_tkemenade 23007280522 24657 1329

1720990130.6036763 55411729
cloud0_tkemenade 23007280522 24756 1329

1720990130.8045979 55411759
cloud0_tkemenade 23010153035 24776 1329

1720990131.8069782 55411921
cloud0_tkemenade 23010153035 24876 1329

1720990132.809627 55412067
cloud0_tkemenade 23010153035 24975 1329

1720990133.8122694 55412219
cloud0_tkemenade 23010153035 25075 1329

1720990134.814895 55412360
cloud0_tkemenade 23010153035 25176 1329

1720990135.817538 55412513
cloud0_tkemenade 23010153035 25275 1329

1720990136.820062 55412670
cloud0_tkemenade 23010153035 25375 1329

1720990137.8227084 55412821
cloud0_tkemenade 23010153035 25475 1329

1720990137.9234076 55412833
cloud0_tkemenade 23013020612 25485 1329

1720990138.9258926 55412977
cloud0_tkemenade 23013020612 25584 1329

1720990139.928421 55413129
cloud0_tkemenade 23013020612 25684 1329

1720990140.9310415 55413284
cloud0_tkemenade 23013020612 25784 1329

1720990141.933727 55413447
cloud0_tkemenade 23013020612 25884 1329

1720990142.936377 55413598
cloud0_tkemenade 23013020612 25984 1329

1720990143.9390304 55413755
cloud0_tkemenade 23013020612 26082 1329

1720990144.8414476 55413880
cloud0_tkemenade 23015879634 26172 1329

1720990145.8439503 55414033
cloud0_tkemenade 23015879634 26272 1329

1720990146.8466153 55414188
cloud0_tkemenade 23015879634 26372 1329

1720990147.8493636 55414347
cloud0_tkemenade 23015879634 26472 1329

1720990148.8519056 55414508
cloud0_tkemenade 23015879634 26571 1329

1720990149.8547237 55414670
cloud0_tkemenade 23015879634 26671 1329

1720990150.857329 55414810
cloud0_tkemenade 23015879634 26771 1329

1720990151.8600504 55414979
cloud0_tkemenade 23015879634 26871 1330

1720990151.9607644 55414998
cloud0_tkemenade 23018729734 26881 1330

1720990152.9632635 55415143
cloud0_tkemenade 23018729734 26981 1330

1720990153.965968 55415300
cloud0_tkemenade 23018729734 27079 1330

1720990154.9685688 55415445
cloud0_tkemenade 23018729734 27179 1330

1720990155.9711978 55415595
cloud0_tkemenade 23018729734 27279 1330

1720990156.973789 55415745
cloud0_tkemenade 23018729734 27378 1330

1720990157.976347 55415893
cloud0_tkemenade 23018729734 27477 1330

1720990158.978796 55416034
cloud0_tkemenade 23018729734 27577 1330

1720990159.2798471 55416072
cloud0_tkemenade 23021577614 27607 1330

1720990160.282597 55416222
cloud0_tkemenade 23021577614 27706 1331

1720990161.2852058 55416358
cloud0_tkemenade 23021577614 27806 1331

1720990162.2877913 55416527
cloud0_tkemenade 23021577614 27906 1331

1720990163.290439 55416667
cloud0_tkemenade 23021577614 28005 1331

1720990164.2930367 55416815
cloud0_tkemenade 23021577614 28105 1331

1720990165.295729 55416956
cloud0_tkemenade 23021577614 28203 1332

1720990166.298436 55417111
cloud0_tkemenade 23021577614 28302 1332

1720990166.3991663 55417127
cloud0_tkemenade 23024339667 28312 1332

1720990167.4018104 55417274
cloud0_tkemenade 23024339667 28410 1332

1720990168.4043076 55417413
cloud0_tkemenade 23024339667 28509 1332

1720990169.4067516 55417549
cloud0_tkemenade 23024339667 28609 1332

1720990170.4092498 55417709
cloud0_tkemenade 23024339667 28708 1333

1720990171.4118059 55417844
cloud0_tkemenade 23024339667 28808 1333

1720990172.414446 55418019
cloud0_tkemenade 23024339667 28907 1333

1720990173.4170132 55418163
cloud0_tkemenade 23024339667 29006 1333

1720990173.5176926 55418178
cloud0_tkemenade 23027111155 29016 1333

1720990174.5202427 55418322
cloud0_tkemenade 23027111155 29116 1333

1720990175.5228455 55418461
cloud0_tkemenade 23027111155 29213 1334

1720990176.525484 55418607
cloud0_tkemenade 23027111155 29312 1334

1720990177.5279248 55418753
cloud0_tkemenade 23027111155 29411 1334

1720990178.5304193 55418892
cloud0_tkemenade 23027111155 29510 1334

1720990179.5330148 55419029
cloud0_tkemenade 23027111155 29609 1334

1720990180.5355837 55419178
cloud0_tkemenade 23029872548 29709 1335

1720990181.5380206 55419334
cloud0_tkemenade 23029872548 29809 1335

1720990182.540614 55419506
cloud0_tkemenade 23029872548 29907 1335

1720990183.5432348 55419649
cloud0_tkemenade 23029872548 30008 1335

1720990184.545709 55419796
cloud0_tkemenade 23029872548 30107 1335

1720990185.5481079 55419940
cloud0_tkemenade 23029872548 30208 1335

1720990186.5505528 55420093
cloud0_tkemenade 23029872548 30308 1335

1720990187.4527233 55420223
cloud0_tkemenade 23032763368 30397 1335

1720990188.455056 55420367
cloud0_tkemenade 23032763368 30497 1335

1720990189.4575148 55420510
cloud0_tkemenade 23032763368 30597 1335

1720990190.4599268 55420672
cloud0_tkemenade 23032763368 30696 1336

1720990191.4626062 55420810
cloud0_tkemenade 23032763368 30795 1336

1720990192.4652195 55420981
cloud0_tkemenade 23032763368 30894 1336

1720990193.4676242 55421126
cloud0_tkemenade 23032763368 30994 1336

1720990194.4702406 55421279
cloud0_tkemenade 23032763368 31094 1336

1720990194.671114 55421311
cloud0_tkemenade 23035622690 31114 1336

1720990195.673612 55421459
cloud0_tkemenade 23035622690 31214 1336

1720990196.6764095 55421606
cloud0_tkemenade 23035622690 31312 1336

1720990197.6788588 55421751
cloud0_tkemenade 23035622690 31412 1336

1720990198.6816382 55421894
cloud0_tkemenade 23035622690 31511 1336

1720990199.684208 55422039
cloud0_tkemenade 23035622690 31611 1336

1720990200.6868222 55422196
cloud0_tkemenade 23035622690 31712 1336

1720990201.689391 55422345
cloud0_tkemenade 23038480683 31811 1336

1720990202.6919985 55422499
cloud0_tkemenade 23038480683 31910 1336

1720990203.694444 55422639
cloud0_tkemenade 23038480683 32008 1336

1720990204.6969414 55422793
cloud0_tkemenade 23038480683 32107 1336

1720990205.6992774 55422939
cloud0_tkemenade 23038480683 32206 1336

1720990206.7016878 55423086
cloud0_tkemenade 23038480683 32306 1336

1720990207.704188 55423255
cloud0_tkemenade 23038480683 32405 1336

1720990208.7067504 55423399
cloud0_tkemenade 23041333271 32504 1337

1720990209.7085125 55423541
cloud0_tkemenade 23041333271 32604 1337

1720990210.710966 55423679
cloud0_tkemenade 23041333271 32703 1337

1720990211.7135737 55423828
cloud0_tkemenade 23041333271 32802 1337

1720990212.7161694 55423993
cloud0_tkemenade 23041333271 32901 1337

1720990213.7187095 55424133
cloud0_tkemenade 23041333271 33001 1337

1720990214.7212899 55424284
cloud0_tkemenade 23041333271 33100 1338

1720990215.7238355 55424429
cloud0_tkemenade 23041333271 33200 1338

1720990215.8245358 55424444
cloud0_tkemenade 23044180135 33210 1338

1720990216.8269358 55424602
cloud0_tkemenade 23044180135 33309 1338

1720990217.8292606 55424753
cloud0_tkemenade 23044180135 33409 1338

1720990218.831663 55424899
cloud0_tkemenade 23044180135 33509 1338

1720990219.8342707 55425036
cloud0_tkemenade 23044180135 33607 1338

1720990220.8367348 55425171
cloud0_tkemenade 23044180135 33706 1338

1720990221.8391168 55425316
cloud0_tkemenade 23044180135 33806 1338

1720990222.841632 55425470
cloud0_tkemenade 23047070751 33906 1338

1720990223.8438978 55425617
cloud0_tkemenade 23047070751 34007 1338

1720990224.8464458 55425764
cloud0_tkemenade 23047070751 34105 1338

1720990225.8488796 55425900
cloud0_tkemenade 23047070751 34205 1338

1720990226.8514326 55426054
cloud0_tkemenade 23047070751 34306 1338

1720990227.8539495 55426193
cloud0_tkemenade 23047070751 34405 1338

1720990228.856544 55426335
cloud0_tkemenade 23047070751 34503 1339

1720990229.8589432 55426487
cloud0_tkemenade 23049915695 34603 1339

1720990230.8612943 55426636
cloud0_tkemenade 23049915695 34702 1339

1720990231.863684 55426795
cloud0_tkemenade 23049915695 34802 1339

1720990232.866014 55426947
cloud0_tkemenade 23049915695 34902 1339

1720990233.868687 55427099
cloud0_tkemenade 23049915695 35001 1339

1720990234.8712077 55427254
cloud0_tkemenade 23049915695 35101 1339

1720990235.8737817 55427386
cloud0_tkemenade 23049915695 35200 1339

1720990236.8762565 55427545
cloud0_tkemenade 23049915695 35300 1339

1720990236.9769719 55427570
cloud0_tkemenade 23052775426 35310 1339

1720990237.979544 55427707
cloud0_tkemenade 23052775426 35407 1340

1720990238.9823675 55427843
cloud0_tkemenade 23052775426 35505 1340

1720990239.985078 55427983
cloud0_tkemenade 23052775426 35604 1340

1720990240.9877737 55428141
cloud0_tkemenade 23052775426 35703 1340

1720990241.9904406 55428303
cloud0_tkemenade 23052775426 35802 1340

1720990242.9931705 55428455
cloud0_tkemenade 23052775426 35900 1340

1720990243.9956355 55428604
cloud0_tkemenade 23055528170 35998 1340

1720990244.9981947 55428752
cloud0_tkemenade 23055528170 36097 1341

1720990246.0009606 55428883
cloud0_tkemenade 23055528170 36196 1341

1720990247.003711 55429036
cloud0_tkemenade 23055528170 36296 1341

1720990248.0063643 55429183
cloud0_tkemenade 23055528170 36396 1341

1720990249.0089743 55429333
cloud0_tkemenade 23055528170 36496 1341

1720990250.0115614 55429482
cloud0_tkemenade 23055528170 36595 1341

1720990251.0142314 55429630
cloud0_tkemenade 23055528170 36695 1342

1720990251.1148152 55429648
cloud0_tkemenade 23058421847 36705 1342

1720990252.1170862 55429794
cloud0_tkemenade 23058421847 36804 1343

1720990253.1196241 55429944
cloud0_tkemenade 23058421847 36903 1343

1720990254.1223488 55430097
cloud0_tkemenade 23058421847 37003 1343

1720990255.1250823 55430241
cloud0_tkemenade 23058421847 37102 1343

1720990256.1277554 55430377
cloud0_tkemenade 23058421847 37201 1343

1720990257.1304343 55430525
cloud0_tkemenade 23058421847 37300 1344

1720990258.1327617 55430669
cloud0_tkemenade 23061255208 37399 1345

1720990259.1353447 55430812
cloud0_tkemenade 23061255208 37499 1345

1720990260.1380286 55430958
cloud0_tkemenade 23061255208 37598 1345

1720990261.1403673 55431097
cloud0_tkemenade 23061255208 37698 1345

1720990262.1429348 55431239
cloud0_tkemenade 23061255208 37796 1345

1720990263.145422 55431395
cloud0_tkemenade 23061255208 37896 1345

1720990264.147829 55431551
cloud0_tkemenade 23061255208 37993 1345

1720990265.0501494 55431681
cloud0_tkemenade 23063995470 38081 1345

1720990266.052806 55431829
cloud0_tkemenade 23063995470 38180 1345

1720990267.0555093 55431980
cloud0_tkemenade 23063995470 38280 1345

1720990268.0581636 55432133
cloud0_tkemenade 23063995470 38379 1346

1720990269.0608473 55432286
cloud0_tkemenade 23063995470 38479 1346

1720990270.063342 55432463
cloud0_tkemenade 23063995470 38579 1346

1720990271.0657654 55432600
cloud0_tkemenade 23063995470 38678 1346

1720990272.0680733 55432764
cloud0_tkemenade 23063995470 38777 1346

1720990272.1687744 55432786
cloud0_tkemenade 23066859734 38787 1346

1720990273.171409 55432925
cloud0_tkemenade 23066859734 38885 1346

1720990274.174091 55433072
cloud0_tkemenade 23066859734 38985 1346

1720990275.1765354 55433220
cloud0_tkemenade 23066859734 39082 1348

1720990276.1792896 55433359
cloud0_tkemenade 23066859734 39182 1348

1720990277.1820064 55433515
cloud0_tkemenade 23066859734 39281 1348

1720990278.1846888 55433647
cloud0_tkemenade 23066859734 39380 1348

1720990279.187435 55433796
cloud0_tkemenade 23066859734 39480 1348

1720990279.2881305 55433815
cloud0_tkemenade 23069661706 39490 1348

1720990280.2907646 55433959
cloud0_tkemenade 23069661706 39589 1349

1720990281.293424 55434095
cloud0_tkemenade 23069661706 39688 1349

1720990282.2958167 55434241
cloud0_tkemenade 23069661706 39788 1350

1720990283.2983809 55434379
cloud0_tkemenade 23069661706 39887 1350

1720990284.3009145 55434523
cloud0_tkemenade 23069661706 39986 1350

1720990285.3034382 55434659
cloud0_tkemenade 23069661706 40087 1350

1720990286.3061182 55434801
cloud0_tkemenade 23069661706 40186 1350

1720990286.4068198 55434827
cloud0_tkemenade 23072540439 40196 1350

1720990287.4094503 55434978
cloud0_tkemenade 23072540439 40295 1350

1720990288.4120586 55435117
cloud0_tkemenade 23072540439 40394 1351

1720990289.4148188 55435256
cloud0_tkemenade 23072540439 40490 1352

1720990290.417514 55435400
cloud0_tkemenade 23072540439 40588 1353

1720990291.4201603 55435541
cloud0_tkemenade 23072540439 40686 1353

1720990292.422612 55435683
cloud0_tkemenade 23072540439 40786 1353

1720990293.4250336 55435828
cloud0_tkemenade 23072540439 40885 1353

1720990293.5257308 55435849
cloud0_tkemenade 23075340599 40895 1353

1720990294.5283496 55435995
cloud0_tkemenade 23075340599 40994 1353

1720990295.5310502 55436147
cloud0_tkemenade 23075340599 41092 1354

1720990296.5338593 55436298
cloud0_tkemenade 23075340599 41192 1354

1720990297.5364344 55436443
cloud0_tkemenade 23075340599 41292 1354

1720990298.5388448 55436590
cloud0_tkemenade 23075340599 41392 1354

1720990299.5414987 55436733
cloud0_tkemenade 23075340599 41491 1354

1720990300.4436982 55436862
cloud0_tkemenade 23078149612 41581 1354

1720990301.4464004 55437011
cloud0_tkemenade 23078149612 41680 1354

1720990302.4489248 55437168
cloud0_tkemenade 23078149612 41780 1354

1720990303.451545 55437313
cloud0_tkemenade 23078149612 41879 1354

1720990304.4541698 55437455
cloud0_tkemenade 23078149612 41979 1354

1720990305.4567637 55437613
cloud0_tkemenade 23078149612 42079 1354

1720990306.4594378 55437768
cloud0_tkemenade 23078149612 42179 1354

1720990307.4621475 55437921
cloud0_tkemenade 23078149612 42279 1354

1720990307.663082 55437955
cloud0_tkemenade 23081013927 42299 1354

1720990308.6657412 55438102
cloud0_tkemenade 23081013927 42399 1354

1720990309.668405 55438240
cloud0_tkemenade 23081013927 42499 1354

1720990310.6711411 55438391
cloud0_tkemenade 23081013927 42599 1354

1720990311.6738565 55438540
cloud0_tkemenade 23081013927 42699 1354

1720990312.6764503 55438675
cloud0_tkemenade 23081013927 42798 1354

1720990313.6788251 55438829
cloud0_tkemenade 23081013927 42897 1354

1720990314.6815805 55438966
cloud0_tkemenade 23083844882 42997 1354

1720990315.6842036 55439115
cloud0_tkemenade 23083844882 43097 1354

1720990316.6868525 55439261
cloud0_tkemenade 23083844882 43197 1354

1720990317.6893067 55439405
cloud0_tkemenade 23083844882 43297 1354

1720990318.6917343 55439552
cloud0_tkemenade 23083844882 43397 1354

1720990319.6940596 55439693
cloud0_tkemenade 23083844882 43496 1355

1720990320.6963181 55439841
cloud0_tkemenade 23083844882 43597 1355

1720990321.698951 55439993
cloud0_tkemenade 23086731625 43696 1355

1720990322.701629 55440126
cloud0_tkemenade 23086731625 43795 1355

1720990323.7042181 55440279
cloud0_tkemenade 23086731625 43895 1355

1720990324.7065542 55440417
cloud0_tkemenade 23086731625 43994 1355

1720990325.7090101 55440567
cloud0_tkemenade 23086731625 44093 1355

1720990326.7116768 55440715
cloud0_tkemenade 23086731625 44193 1355

1720990327.714382 55440876
cloud0_tkemenade 23086731625 44293 1356

1720990328.716669 55441017
cloud0_tkemenade 23086731625 44392 1356

1720990328.8172994 55441040
cloud0_tkemenade 23089558720 44402 1356

1720990329.8194919 55441181
cloud0_tkemenade 23089558720 44502 1356

1720990330.8220239 55441323
cloud0_tkemenade 23089558720 44600 1356

1720990331.8247225 55441469
cloud0_tkemenade 23089558720 44696 1356

1720990332.8272798 55441607
cloud0_tkemenade 23089558720 44796 1356

1720990333.829823 55441763
cloud0_tkemenade 23089558720 44895 1356

1720990334.8321416 55441899
cloud0_tkemenade 23089558720 44994 1356

1720990335.834593 55442051
cloud0_tkemenade 23092370282 45093 1356

1720990336.8369823 55442194
cloud0_tkemenade 23092370282 45192 1356

1720990337.8395348 55442333
cloud0_tkemenade 23092370282 45289 1356

1720990338.8419523 55442480
cloud0_tkemenade 23092370282 45387 1356

1720990339.8444602 55442617
cloud0_tkemenade 23092370282 45486 1357

1720990340.8469396 55442755
cloud0_tkemenade 23092370282 45586 1357

1720990341.8495572 55442922
cloud0_tkemenade 23092370282 45686 1357

1720990342.8519478 55443053
cloud0_tkemenade 23095138068 45784 1357

1720990343.8545585 55443195
cloud0_tkemenade 23095138068 45880 1358

1720990344.8571851 55443335
cloud0_tkemenade 23095138068 45980 1358

1720990345.8597803 55443471
cloud0_tkemenade 23095138068 46080 1358

1720990346.8624551 55443637
cloud0_tkemenade 23095138068 46180 1358

1720990347.8647525 55443786
cloud0_tkemenade 23095138068 46280 1358

1720990348.8671339 55443928
cloud0_tkemenade 23095138068 46379 1358

1720990349.8696308 55444071
cloud0_tkemenade 23095138068 46479 1358

1720990349.970376 55444093
cloud0_tkemenade 23097979780 46488 1358

1720990350.9726863 55444241
cloud0_tkemenade 23097979780 46588 1358

1720990351.9751205 55444398
cloud0_tkemenade 23097979780 46687 1359

1720990352.9776924 55444534
cloud0_tkemenade 23097979780 46786 1359

1720990353.980145 55444679
cloud0_tkemenade 23097979780 46884 1359

1720990354.982728 55444815
cloud0_tkemenade 23097979780 46983 1360

1720990355.9852383 55444953
cloud0_tkemenade 23097979780 47083 1360

1720990356.9876213 55445120
cloud0_tkemenade 23100863810 47183 1360

1720990357.9900866 55445265
cloud0_tkemenade 23100863810 47283 1360

1720990358.992627 55445410
cloud0_tkemenade 23100863810 47382 1360

1720990359.9950213 55445553
cloud0_tkemenade 23100863810 47482 1360

1720990360.9973361 55445703
cloud0_tkemenade 23100863810 47582 1360

1720990361.999763 55445863
cloud0_tkemenade 23100863810 47679 1360

1720990363.0023537 55446002
cloud0_tkemenade 23100863810 47779 1360

1720990364.0046737 55446149
cloud0_tkemenade 23100863810 47878 1360

1720990364.1053185 55446172
cloud0_tkemenade 23103744478 47888 1360

1720990365.1077263 55446311
cloud0_tkemenade 23103744478 47988 1360

1720990366.1100717 55446451
cloud0_tkemenade 23103744478 48088 1360

1720990367.1127326 55446616
cloud0_tkemenade 23103744478 48188 1360

1720990368.115283 55446751
cloud0_tkemenade 23103744478 48288 1360

1720990369.1179528 55446904
cloud0_tkemenade 23103744478 48388 1360

1720990370.1205215 55447055
cloud0_tkemenade 23103744478 48488 1360

1720990371.1229484 55447206
cloud0_tkemenade 23103744478 48588 1360

1720990371.3238184 55447233
cloud0_tkemenade 23106660662 48608 1360

1720990372.3264441 55447380
cloud0_tkemenade 23106660662 48707 1360

1720990373.3291419 55447512
cloud0_tkemenade 23106660662 48805 1360

1720990374.331737 55447672
cloud0_tkemenade 23106660662 48903 1360

1720990375.334349 55447799
cloud0_tkemenade 23106660662 49000 1360

1720990376.336902 55447934
cloud0_tkemenade 23106660662 49100 1360

1720990377.339205 55448097
cloud0_tkemenade 23106660662 49200 1360

1720990378.2415257 55448232
cloud0_tkemenade 23109370001 49289 1361

1720990379.2441437 55448388
cloud0_tkemenade 23109370001 49388 1361

1720990380.2468076 55448527
cloud0_tkemenade 23109370001 49488 1361

1720990381.2491908 55448658
cloud0_tkemenade 23109370001 49587 1361

1720990382.251924 55448810
cloud0_tkemenade 23109370001 49686 1361

1720990383.2546048 55448943
cloud0_tkemenade 23109370001 49782 1362

1720990384.2572017 55449096
cloud0_tkemenade 23109370001 49880 1363

1720990385.2598343 55449235
cloud0_tkemenade 23109370001 49979 1363

1720990385.360521 55449250
cloud0_tkemenade 23112084001 49989 1363

1720990386.3630779 55449387
cloud0_tkemenade 23112084001 50087 1363

1720990387.3655748 55449544
cloud0_tkemenade 23112084001 50184 1363

1720990388.3679438 55449706
cloud0_tkemenade 23112084001 50282 1364

1720990389.3705127 55449867
cloud0_tkemenade 23112084001 50381 1364

1720990390.3730636 55450029
cloud0_tkemenade 23112084001 50479 1365

1720990391.3757427 55450164
cloud0_tkemenade 23112084001 50576 1366

1720990392.378564 55450316
cloud0_tkemenade 23112084001 50674 1366

1720990392.4792564 55450332
cloud0_tkemenade 23114861428 50684 1366

1720990393.4818075 55450474
cloud0_tkemenade 23114861428 50782 1367

1720990394.4845679 55450623
cloud0_tkemenade 23114861428 50881 1367

1720990395.4872873 55450752
cloud0_tkemenade 23114861428 50979 1367

1720990396.489905 55450884
cloud0_tkemenade 23114861428 51077 1368

1720990397.4925625 55451049
cloud0_tkemenade 23114861428 51174 1370

1720990398.495306 55451187
cloud0_tkemenade 23114861428 51272 1370

1720990399.498042 55451338
cloud0_tkemenade 23117638862 51369 1370

1720990400.5005379 55451493
cloud0_tkemenade 23117638862 51469 1370

1720990401.5032115 55451641
cloud0_tkemenade 23117638862 51569 1371

1720990402.5059333 55451788
cloud0_tkemenade 23117638862 51669 1371

1720990403.5085588 55451927
cloud0_tkemenade 23117638862 51768 1371

1720990404.5111864 55452080
cloud0_tkemenade 23117638862 51867 1371

1720990405.5138617 55452211
cloud0_tkemenade 23117638862 51967 1371

1720990406.5165045 55452357
cloud0_tkemenade 23117638862 52067 1371

1720990406.617162 55452369
cloud0_tkemenade 23120527713 52077 1371

1720990407.6196764 55452545
cloud0_tkemenade 23120527713 52177 1371

1720990408.6221747 55452679
cloud0_tkemenade 23120527713 52277 1371

1720990409.624966 55452841
cloud0_tkemenade 23120527713 52377 1371

1720990410.627674 55452984
cloud0_tkemenade 23120527713 52475 1371

1720990411.6303506 55453127
cloud0_tkemenade 23120527713 52573 1371

1720990412.6330483 55453271
cloud0_tkemenade 23120527713 52672 1371

1720990413.6354315 55453416
cloud0_tkemenade 23123400518 52772 1371

1720990414.6380978 55453562
cloud0_tkemenade 23123400518 52872 1371

1720990415.640751 55453695
cloud0_tkemenade 23123400518 52972 1371

1720990416.6431396 55453826
cloud0_tkemenade 23123400518 53071 1372

1720990417.645799 55453979
cloud0_tkemenade 23123400518 53170 1372

1720990418.6483812 55454126
cloud0_tkemenade 23123400518 53269 1372

1720990419.6510282 55454285
cloud0_tkemenade 23123400518 53365 1374

1720990420.5534868 55454422
cloud0_tkemenade 23126264318 53453 1375

1720990421.5561051 55454563
cloud0_tkemenade 23126264318 53552 1375

1720990422.5587747 55454708
cloud0_tkemenade 23126264318 53649 1375

1720990423.5612755 55454856
cloud0_tkemenade 23126264318 53749 1375

1720990424.5639026 55454995
cloud0_tkemenade 23126264318 53848 1375

1720990425.566631 55455143
cloud0_tkemenade 23126264318 53945 1376

1720990426.5692148 55455275
cloud0_tkemenade 23126264318 54044 1376

1720990427.5720422 55455427
cloud0_tkemenade 23126264318 54144 1376

1720990427.672762 55455446
cloud0_tkemenade 23129074309 54154 1376

1720990428.6750786 55455597
cloud0_tkemenade 23129074309 54254 1376

1720990429.6777787 55455755
cloud0_tkemenade 23129074309 54353 1377

1720990430.6804144 55455905
cloud0_tkemenade 23129074309 54452 1377

1720990431.6830406 55456064
cloud0_tkemenade 23129074309 54552 1377

1720990432.685537 55456206
cloud0_tkemenade 23129074309 54652 1377

1720990433.6881797 55456343
cloud0_tkemenade 23129074309 54752 1378

1720990434.6908035 55456495
cloud0_tkemenade 23131950034 54852 1378

1720990435.6933446 55456635
cloud0_tkemenade 23131950034 54951 1378

1720990436.6956935 55456773
cloud0_tkemenade 23131950034 55051 1378

1720990437.6982942 55456927
cloud0_tkemenade 23131950034 55152 1378

1720990438.7005847 55457065
cloud0_tkemenade 23131950034 55252 1378

1720990439.7031827 55457211
cloud0_tkemenade 23131950034 55352 1378

1720990440.7056327 55457361
cloud0_tkemenade 23131950034 55451 1378

1720990441.707991 55457509
cloud0_tkemenade 23131950034 55550 1378

1720990441.8085387 55457528
cloud0_tkemenade 23134847481 55560 1378

1720990442.8109977 55457663
cloud0_tkemenade 23134847481 55659 1378

1720990443.8135996 55457807
cloud0_tkemenade 23134847481 55758 1379

1720990444.8160524 55457963
cloud0_tkemenade 23134847481 55858 1379

1720990445.8186707 55458099
cloud0_tkemenade 23134847481 55958 1379

1720990446.8212388 55458231
cloud0_tkemenade 23134847481 56055 1379

1720990447.823954 55458409
cloud0_tkemenade 23134847481 56154 1379

1720990448.826604 55458559
cloud0_tkemenade 23134847481 56253 1379

1720990448.9272451 55458572
cloud0_tkemenade 23137726626 56263 1379

1720990449.9297464 55458724
cloud0_tkemenade 23137726626 56361 1380

1720990450.9324965 55458865
cloud0_tkemenade 23137726626 56461 1380

1720990451.9351618 55459021
cloud0_tkemenade 23137726626 56559 1380

1720990452.9377933 55459166
cloud0_tkemenade 23137726626 56658 1380

1720990453.9404125 55459306
cloud0_tkemenade 23137726626 56755 1381

1720990454.9429407 55459453
cloud0_tkemenade 23137726626 56854 1381

1720990455.945313 55459590
cloud0_tkemenade 23140509781 56953 1382

1720990456.9478683 55459728
cloud0_tkemenade 23140509781 57052 1382

1720990457.9503503 55459881
cloud0_tkemenade 23140509781 57152 1382

1720990458.9527419 55460022
cloud0_tkemenade 23140509781 57252 1382

1720990459.955159 55460179
cloud0_tkemenade 23140509781 57352 1382

1720990460.9576156 55460317
cloud0_tkemenade 23140509781 57451 1382

1720990461.9598687 55460472
cloud0_tkemenade 23140509781 57551 1382

1720990462.9625897 55460616
cloud0_tkemenade 23143397453 57651 1382

1720990463.9651651 55460750
cloud0_tkemenade 23143397453 57750 1382

1720990464.967746 55460901
cloud0_tkemenade 23143397453 57849 1382

1720990465.9703882 55461037
cloud0_tkemenade 23143397453 57949 1382

1720990466.9731107 55461175
cloud0_tkemenade 23143397453 58047 1382

1720990467.9757247 55461326
cloud0_tkemenade 23143397453 58147 1382

1720990468.9783666 55461466
cloud0_tkemenade 23143397453 58248 1382

1720990469.9805746 55461618
cloud0_tkemenade 23143397453 58347 1382

1720990470.0813167 55461639
cloud0_tkemenade 23146195168 58357 1382

1720990471.0837033 55461780
cloud0_tkemenade 23146195168 58457 1382

1720990472.0863132 55461953
cloud0_tkemenade 23146195168 58557 1382

1720990473.0889716 55462094
cloud0_tkemenade 23146195168 58657 1382

1720990474.0916703 55462231
cloud0_tkemenade 23146195168 58758 1382

1720990475.0943656 55462386
cloud0_tkemenade 23146195168 58857 1382

1720990476.0970855 55462519
cloud0_tkemenade 23146195168 58956 1383

1720990477.0997074 55462659
cloud0_tkemenade 23146195168 59056 1383

1720990477.2003655 55462678
cloud0_tkemenade 23149089247 59066 1383

1720990478.2029426 55462829
cloud0_tkemenade 23149089247 59166 1383

1720990479.205508 55462968
cloud0_tkemenade 23149089247 59265 1383

1720990480.207946 55463137
cloud0_tkemenade 23149089247 59364 1383

1720990481.2105632 55463283
cloud0_tkemenade 23149089247 59464 1383

1720990482.2132595 55463447
cloud0_tkemenade 23149089247 59563 1383

1720990483.2158282 55463594
cloud0_tkemenade 23149089247 59663 1383

1720990484.2182841 55463737
cloud0_tkemenade 23149089247 59762 1383

1720990484.3189487 55463749
cloud0_tkemenade 23151882386 59771 1384

1720990485.321437 55463894
cloud0_tkemenade 23151882386 59869 1384

1720990486.3240159 55464024
cloud0_tkemenade 23151882386 59966 1385

1720990487.3265722 55464157
cloud0_tkemenade 23151882386 60063 1385

1720990488.328942 55464300
cloud0_tkemenade 23151882386 60161 1385

1720990489.331309 55464437
cloud0_tkemenade 23151882386 60258 1385

1720990490.3339064 55464615
cloud0_tkemenade 23151882386 60358 1385

1720990491.3365295 55464765
cloud0_tkemenade 23154728668 60456 1385

1720990492.339243 55464917
cloud0_tkemenade 23154728668 60556 1385

1720990493.341927 55465055
cloud0_tkemenade 23154728668 60655 1385

1720990494.344541 55465184
cloud0_tkemenade 23154728668 60755 1385

1720990495.347218 55465337
cloud0_tkemenade 23154728668 60854 1386

1720990496.3498867 55465472
cloud0_tkemenade 23154728668 60953 1386

1720990497.3524458 55465615
cloud0_tkemenade 23154728668 61052 1386

1720990498.3549473 55465778
cloud0_tkemenade 23157568063 61152 1386

1720990499.3574543 55465908
cloud0_tkemenade 23157568063 61251 1386

1720990500.359979 55466079
cloud0_tkemenade 23157568063 61351 1386

1720990501.3626902 55466215
cloud0_tkemenade 23157568063 61451 1386

1720990502.3653932 55466369
cloud0_tkemenade 23157568063 61550 1386

1720990503.368004 55466514
cloud0_tkemenade 23157568063 61650 1386

1720990504.3706007 55466647
cloud0_tkemenade 23157568063 61750 1386

1720990505.3732567 55466795
cloud0_tkemenade 23157568063 61848 1386

1720990505.4739635 55466817
cloud0_tkemenade 23160387157 61858 1386

1720990506.4764452 55466955
cloud0_tkemenade 23160387157 61959 1386

1720990507.4789958 55467109
cloud0_tkemenade 23160387157 62059 1386

1720990508.4815195 55467272
cloud0_tkemenade 23160387157 62158 1386

1720990509.4842746 55467410
cloud0_tkemenade 23160387157 62258 1386

1720990510.4869611 55467601
cloud0_tkemenade 23160387157 62358 1386

1720990511.4895825 55467749
cloud0_tkemenade 23160387157 62455 1386

1720990512.491711 55467915
cloud0_tkemenade 23163232919 62554 1386

1720990513.4942937 55468052
cloud0_tkemenade 23163232919 62652 1386

1720990514.4967206 55468188
cloud0_tkemenade 23163232919 62751 1386

1720990515.4991367 55468340
cloud0_tkemenade 23163232919 62850 1386

1720990516.5018744 55468469
cloud0_tkemenade 23163232919 62949 1386

1720990517.5042145 55468608
cloud0_tkemenade 23163232919 63047 1386

1720990518.5067856 55468760
cloud0_tkemenade 23163232919 63146 1386

1720990519.5094419 55468898
cloud0_tkemenade 23163232919 63246 1386

1720990519.6100712 55468912
cloud0_tkemenade 23165992821 63256 1386

1720990520.6125321 55469074
cloud0_tkemenade 23165992821 63354 1386

1720990521.6150067 55469211
cloud0_tkemenade 23165992821 63452 1386

1720990522.6176345 55469361
cloud0_tkemenade 23165992821 63552 1386

1720990523.6201344 55469507
cloud0_tkemenade 23165992821 63652 1386

1720990524.622653 55469646
cloud0_tkemenade 23165992821 63752 1386

1720990525.625286 55469786
cloud0_tkemenade 23165992821 63851 1387

1720990526.6278627 55469923
cloud0_tkemenade 23165992821 63951 1387

1720990526.7284248 55469937
cloud0_tkemenade 23168822308 63961 1387

1720990527.730912 55470087
cloud0_tkemenade 23168822308 64060 1387

1720990528.733642 55470233
cloud0_tkemenade 23168822308 64160 1387

1720990529.7359362 55470373
cloud0_tkemenade 23168822308 64260 1387

1720990530.7385182 55470529
cloud0_tkemenade 23168822308 64357 1388

1720990531.7412665 55470681
cloud0_tkemenade 23168822308 64454 1389

1720990532.7436702 55470829
cloud0_tkemenade 23168822308 64555 1389

1720990533.6459281 55470969
cloud0_tkemenade 23171651178 64645 1389

1720990534.6484892 55471107
cloud0_tkemenade 23171651178 64744 1389

1720990535.6511302 55471253
cloud0_tkemenade 23171651178 64844 1389

1720990536.6538084 55471391
cloud0_tkemenade 23171651178 64944 1389

1720990537.6565177 55471537
cloud0_tkemenade 23171651178 65043 1389

1720990538.6593158 55471679
cloud0_tkemenade 23171651178 65142 1389

1720990539.6620483 55471813
cloud0_tkemenade 23171651178 65239 1389

1720990540.6647544 55471960
cloud0_tkemenade 23171651178 65338 1389

1720990540.7654333 55471984
cloud0_tkemenade 23174442682 65348 1389

1720990541.767802 55472138
cloud0_tkemenade 23174442682 65447 1389

1720990542.7704234 55472291
cloud0_tkemenade 23174442682 65547 1389

1720990543.7728288 55472445
cloud0_tkemenade 23174442682 65646 1389

1720990544.7754383 55472589
cloud0_tkemenade 23174442682 65746 1390

1720990545.7780519 55472735
cloud0_tkemenade 23174442682 65846 1390

1720990546.7803807 55472871
cloud0_tkemenade 23174442682 65945 1390

1720990547.7830496 55473019
cloud0_tkemenade 23177328663 66045 1390

1720990548.7856948 55473160
cloud0_tkemenade 23177328663 66144 1390

1720990549.7883759 55473304
cloud0_tkemenade 23177328663 66245 1390

1720990550.791061 55473467
cloud0_tkemenade 23177328663 66343 1391

1720990551.7937827 55473630
cloud0_tkemenade 23177328663 66440 1392

1720990552.7964633 55473774
cloud0_tkemenade 23177328663 66539 1392

1720990553.7989848 55473915
cloud0_tkemenade 23177328663 66639 1392

1720990554.801531 55474050
cloud0_tkemenade 23177328663 66739 1392

1720990554.9022012 55474068
cloud0_tkemenade 23180199681 66749 1392

1720990555.904505 55474223
cloud0_tkemenade 23180199681 66848 1392

1720990556.907248 55474356
cloud0_tkemenade 23180199681 66947 1392

1720990557.9099636 55474498
cloud0_tkemenade 23180199681 67045 1393

1720990558.9126158 55474650
cloud0_tkemenade 23180199681 67144 1393

1720990559.9152384 55474783
cloud0_tkemenade 23180199681 67244 1393

1720990560.9179096 55474940
cloud0_tkemenade 23180199681 67343 1393

1720990561.920693 55475112
cloud0_tkemenade 23180199681 67442 1393

1720990562.0213869 55475127
cloud0_tkemenade 23182969520 67452 1393

1720990563.0238626 55475269
cloud0_tkemenade 23182969520 67552 1393

1720990564.0265818 55475420
cloud0_tkemenade 23182969520 67652 1393

1720990565.029237 55475556
cloud0_tkemenade 23182969520 67752 1393

1720990566.031851 55475701
cloud0_tkemenade 23182969520 67851 1393

1720990567.0343764 55475829
cloud0_tkemenade 23182969520 67951 1393

1720990568.036988 55475993
cloud0_tkemenade 23182969520 68051 1393

1720990568.9393446 55476124
cloud0_tkemenade 23185810168 68139 1393

1720990569.9420512 55476269
cloud0_tkemenade 23185810168 68238 1393

1720990570.9445863 55476425
cloud0_tkemenade 23185810168 68336 1394

1720990571.947285 55476584
cloud0_tkemenade 23185810168 68434 1394

1720990572.949969 55476730
cloud0_tkemenade 23185810168 68534 1394

1720990573.9525306 55476874
cloud0_tkemenade 23185810168 68634 1394

1720990574.9550645 55477012
cloud0_tkemenade 23185810168 68734 1394

1720990575.9574625 55477159
cloud0_tkemenade 23188622087 68833 1394

1720990576.960085 55477296
cloud0_tkemenade 23188622087 68932 1394

