1720990734.4349234 55496192
cloud0_tkemenade 23217864233 10412 1298

1720990735.4376907 55496344
cloud0_tkemenade 23217864233 10513 1298

1720990736.4399233 55496490
cloud0_tkemenade 23220828659 10614 1300

1720990737.4424274 55496627
cloud0_tkemenade 23220828659 10714 1300

1720990738.445096 55496773
cloud0_tkemenade 23220828659 10814 1300

1720990739.4478202 55496917
cloud0_tkemenade 23220828659 10914 1303

1720990740.4504259 55497063
cloud0_tkemenade 23220828659 11014 1303

1720990741.4530206 55497206
cloud0_tkemenade 23220828659 11113 1303

1720990742.455478 55497351
cloud0_tkemenade 23220828659 11214 1304

1720990743.4579346 55497495
cloud0_tkemenade 23223796679 11316 1309

1720990744.460542 55497641
cloud0_tkemenade 23223796679 11416 1309

1720990745.4632142 55497786
cloud0_tkemenade 23223796679 11517 1310

1720990746.465961 55497955
cloud0_tkemenade 23223796679 11617 1310

1720990747.4687383 55498113
cloud0_tkemenade 23223796679 11716 1310

1720990748.4714541 55498281
cloud0_tkemenade 23223796679 11816 1310

1720990749.4742436 55498443
cloud0_tkemenade 23223796679 11917 1310

1720990750.4769468 55498621
cloud0_tkemenade 23226711648 12018 1310

1720990751.4797165 55498776
cloud0_tkemenade 23226711648 12120 1316

1720990752.4826016 55498937
cloud0_tkemenade 23226711648 12220 1316

1720990753.4852595 55499079
cloud0_tkemenade 23226711648 12319 1317

1720990754.4879274 55499214
cloud0_tkemenade 23226711648 12419 1317

1720990755.4907546 55499367
cloud0_tkemenade 23226711648 12521 1319

1720990756.4936345 55499528
cloud0_tkemenade 23226711648 12623 1319

1720990757.4962275 55499668
cloud0_tkemenade 23226711648 12722 1319

1720990757.596954 55499691
cloud0_tkemenade 23229607314 12732 1319

1720990758.6010659 55499836
cloud0_tkemenade 23229607314 12831 1320

1720990759.6041458 55499992
cloud0_tkemenade 23229607314 12931 1324

1720990760.6068947 55500139
cloud0_tkemenade 23229607314 13031 1326

1720990761.6096249 55500283
cloud0_tkemenade 23229607314 13130 1327

1720990762.6123507 55500428
cloud0_tkemenade 23229607314 13229 1328

1720990763.6149778 55500565
cloud0_tkemenade 23229607314 13329 1328

1720990764.6179295 55500716
cloud0_tkemenade 23229607314 13428 1328

1720990764.718666 55500732
cloud0_tkemenade 23232507307 13439 1328

1720990765.7214162 55500878
cloud0_tkemenade 23232507307 13539 1328

1720990766.7241433 55501030
cloud0_tkemenade 23232507307 13639 1328

1720990767.726865 55501170
cloud0_tkemenade 23232507307 13739 1328

1720990768.7297409 55501309
cloud0_tkemenade 23232507307 13839 1328

1720990769.731951 55501455
cloud0_tkemenade 23232507307 13939 1328

1720990770.7347176 55501599
cloud0_tkemenade 23232507307 14039 1328

1720990771.7375586 55501747
cloud0_tkemenade 23235357586 14138 1328

1720990772.740139 55501891
cloud0_tkemenade 23235357586 14239 1328

1720990773.7428586 55502031
cloud0_tkemenade 23235357586 14343 1328

1720990774.745515 55502184
cloud0_tkemenade 23235357586 14443 1331

1720990775.748137 55502327
cloud0_tkemenade 23235357586 14539 1337

1720990776.750859 55502484
cloud0_tkemenade 23235357586 14637 1340

1720990777.7536576 55502634
cloud0_tkemenade 23235357586 14736 1343

1720990778.7563837 55502791
cloud0_tkemenade 23238307964 14835 1348

1720990779.7588308 55502943
cloud0_tkemenade 23238307964 14934 1349

1720990780.7614555 55503081
cloud0_tkemenade 23238307964 15033 1350

1720990781.764231 55503236
cloud0_tkemenade 23238307964 15133 1350

1720990782.7669976 55503386
cloud0_tkemenade 23238307964 15231 1353

1720990783.769724 55503519
cloud0_tkemenade 23238307964 15325 1361

1720990784.7723694 55503668
cloud0_tkemenade 23238307964 15421 1365

1720990785.774558 55503824
cloud0_tkemenade 23241200783 15519 1368

1720990786.777163 55503972
cloud0_tkemenade 23241200783 15617 1370

1720990787.779583 55504111
cloud0_tkemenade 23241200783 15715 1371

1720990788.7824266 55504267
cloud0_tkemenade 23241200783 15815 1371

1720990789.78505 55504412
cloud0_tkemenade 23241200783 15915 1372

1720990790.7874649 55504565
cloud0_tkemenade 23241200783 16015 1372

1720990791.7913406 55504723
cloud0_tkemenade 23241200783 16113 1375

1720990792.7940357 55504870
cloud0_tkemenade 23244085259 16211 1377

1720990793.7966895 55505010
cloud0_tkemenade 23244085259 16310 1378

1720990794.799222 55505150
cloud0_tkemenade 23244085259 16409 1379

1720990795.801944 55505290
cloud0_tkemenade 23244085259 16509 1379

1720990796.804583 55505433
cloud0_tkemenade 23244085259 16608 1380

1720990797.806977 55505579
cloud0_tkemenade 23244085259 16707 1380

1720990798.8096395 55505728
cloud0_tkemenade 23244085259 16807 1380

1720990799.8121428 55505873
cloud0_tkemenade 23244085259 16907 1380

1720990800.013001 55505913
cloud0_tkemenade 23246944795 16927 1380

1720990801.015755 55506047
cloud0_tkemenade 23246944795 17026 1380

1720990802.0184379 55506190
cloud0_tkemenade 23246944795 17125 1381

1720990803.021162 55506343
cloud0_tkemenade 23246944795 17225 1383

1720990804.0238872 55506486
cloud0_tkemenade 23246944795 17324 1384

1720990805.02642 55506640
cloud0_tkemenade 23246944795 17424 1384

1720990806.0291364 55506785
cloud0_tkemenade 23246944795 17523 1384

1720990807.0316522 55506927
cloud0_tkemenade 23246944795 17623 1384

1720990807.132376 55506943
cloud0_tkemenade 23249811452 17633 1384

1720990808.1349015 55507127
cloud0_tkemenade 23249811452 17733 1384

1720990809.1377666 55507284
cloud0_tkemenade 23249811452 17833 1384

1720990810.1404598 55507431
cloud0_tkemenade 23249811452 17933 1384

1720990811.142965 55507562
cloud0_tkemenade 23249811452 18032 1384

1720990812.1457345 55507721
cloud0_tkemenade 23249811452 18131 1384

1720990813.148239 55507879
cloud0_tkemenade 23249811452 18231 1384

1720990814.1507661 55508019
cloud0_tkemenade 23252687961 18331 1384

1720990815.153451 55508165
cloud0_tkemenade 23252687961 18430 1384

1720990816.1559217 55508303
cloud0_tkemenade 23252687961 18530 1384

1720990817.1586168 55508451
cloud0_tkemenade 23252687961 18629 1384

1720990818.161446 55508613
cloud0_tkemenade 23252687961 18729 1384

1720990819.1641488 55508757
cloud0_tkemenade 23252687961 18829 1384

1720990820.166981 55508906
cloud0_tkemenade 23252687961 18929 1384

1720990821.1697297 55509051
cloud0_tkemenade 23252687961 19028 1384

1720990821.2704327 55509068
cloud0_tkemenade 23255522412 19038 1384

1720990822.2730098 55509213
cloud0_tkemenade 23255522412 19137 1385

1720990823.2756867 55509356
cloud0_tkemenade 23255522412 19235 1386

1720990824.2783325 55509503
cloud0_tkemenade 23255522412 19334 1386

1720990825.280934 55509654
cloud0_tkemenade 23255522412 19433 1386

1720990826.2835124 55509807
cloud0_tkemenade 23255522412 19533 1386

1720990827.2860644 55509945
cloud0_tkemenade 23255522412 19631 1387

1720990828.2884603 55510115
cloud0_tkemenade 23258353092 19730 1388

1720990829.2910461 55510251
cloud0_tkemenade 23258353092 19830 1388

1720990830.293706 55510405
cloud0_tkemenade 23258353092 19929 1390

1720990831.2961638 55510554
cloud0_tkemenade 23258353092 20031 1392

1720990832.29884 55510717
cloud0_tkemenade 23258353092 20135 1393

1720990833.3015583 55510877
cloud0_tkemenade 23258353092 20234 1394

1720990834.3044698 55511023
cloud0_tkemenade 23258353092 20333 1398

1720990835.307306 55511157
cloud0_tkemenade 23258353092 20430 1400

1720990835.4079714 55511176
cloud0_tkemenade 23261261190 20440 1400

1720990836.4103906 55511339
cloud0_tkemenade 23261261190 20540 1400

1720990837.412939 55511503
cloud0_tkemenade 23261261190 20640 1400

1720990838.4155297 55511682
cloud0_tkemenade 23261261190 20738 1400

1720990839.4182262 55511831
cloud0_tkemenade 23261261190 20838 1400

1720990840.4209247 55512005
cloud0_tkemenade 23261261190 20936 1400

1720990841.423345 55512186
cloud0_tkemenade 23261261190 21036 1400

1720990842.4259338 55512345
cloud0_tkemenade 23263978533 21134 1401

1720990843.4283361 55512517
cloud0_tkemenade 23263978533 21233 1402

1720990844.43094 55512667
cloud0_tkemenade 23263978533 21331 1403

1720990845.433523 55512815
cloud0_tkemenade 23263978533 21431 1403

1720990846.4359634 55512987
cloud0_tkemenade 23263978533 21530 1403

1720990847.438511 55513141
cloud0_tkemenade 23263978533 21628 1404

1720990848.4410925 55513314
cloud0_tkemenade 23263978533 21728 1404

1720990849.3434525 55513465
cloud0_tkemenade 23266806111 21818 1404

1720990850.3459306 55513645
cloud0_tkemenade 23266806111 21918 1404

1720990851.3484766 55513821
cloud0_tkemenade 23266806111 22018 1404

1720990852.3508954 55513982
cloud0_tkemenade 23266806111 22117 1405

1720990853.3536446 55514147
cloud0_tkemenade 23266806111 22215 1406

1720990854.3562734 55514293
cloud0_tkemenade 23266806111 22309 1410

1720990855.3587885 55514456
cloud0_tkemenade 23266806111 22408 1411

1720990856.3612764 55514627
cloud0_tkemenade 23266806111 22508 1411

1720990856.4619212 55514645
cloud0_tkemenade 23269605743 22517 1411

1720990857.4643857 55514798
cloud0_tkemenade 23269605743 22617 1411

1720990858.4670122 55514981
cloud0_tkemenade 23269605743 22717 1411

1720990859.4695916 55515149
cloud0_tkemenade 23269605743 22817 1411

1720990860.4721153 55515319
cloud0_tkemenade 23269605743 22917 1411

1720990861.47461 55515503
cloud0_tkemenade 23269605743 23017 1411

1720990862.477162 55515657
cloud0_tkemenade 23269605743 23117 1411

1720990863.4796233 55515836
cloud0_tkemenade 23269605743 23217 1411

1720990863.5803359 55515863
cloud0_tkemenade 23272460784 23227 1411

1720990864.5827146 55516022
cloud0_tkemenade 23272460784 23327 1411

1720990865.585308 55516187
cloud0_tkemenade 23272460784 23427 1411

1720990866.5878015 55516368
cloud0_tkemenade 23272460784 23526 1411

1720990867.5904908 55516513
cloud0_tkemenade 23272460784 23622 1413

1720990868.5931349 55516680
cloud0_tkemenade 23272460784 23719 1414

1720990869.5957003 55516835
cloud0_tkemenade 23272460784 23815 1418

1720990870.598229 55517027
cloud0_tkemenade 23275181494 23914 1418

1720990871.600451 55517221
cloud0_tkemenade 23275181494 24014 1418

1720990872.6026495 55517385
cloud0_tkemenade 23275181494 24114 1418

1720990873.6050732 55517571
cloud0_tkemenade 23275181494 24213 1418

1720990874.6075146 55517735
cloud0_tkemenade 23275181494 24313 1418

1720990875.610153 55517894
cloud0_tkemenade 23275181494 24413 1418

1720990876.6127455 55518067
cloud0_tkemenade 23275181494 24513 1418

1720990877.615399 55518218
cloud0_tkemenade 23275181494 24612 1418

1720990877.7160935 55518234
cloud0_tkemenade 23277992908 24622 1418

1720990878.7185624 55518413
cloud0_tkemenade 23277992908 24720 1419

1720990879.7211485 55518579
cloud0_tkemenade 23277992908 24818 1420

1720990880.7236893 55518745
cloud0_tkemenade 23277992908 24917 1422

1720990881.7264647 55518948
cloud0_tkemenade 23277992908 25016 1423

1720990882.7289608 55519109
cloud0_tkemenade 23277992908 25116 1423

1720990883.7313082 55519275
cloud0_tkemenade 23277992908 25216 1423

1720990884.7335527 55519433
cloud0_tkemenade 23280829712 25315 1424

1720990885.7358615 55519586
cloud0_tkemenade 23280829712 25413 1424

1720990886.738484 55519749
cloud0_tkemenade 23280829712 25512 1425

1720990887.7409577 55519897
cloud0_tkemenade 23280829712 25611 1425

1720990888.7435231 55520053
cloud0_tkemenade 23280829712 25711 1425

1720990889.7460027 55520219
cloud0_tkemenade 23280829712 25811 1425

1720990890.7483523 55520385
cloud0_tkemenade 23280829712 25911 1425

1720990891.7510157 55520553
cloud0_tkemenade 23280829712 26007 1426

1720990891.8517685 55520577
cloud0_tkemenade 23283625572 26017 1426

1720990892.8544517 55520721
cloud0_tkemenade 23283625572 26117 1426

1720990893.8571026 55520884
cloud0_tkemenade 23283625572 26217 1426

1720990894.8597915 55521036
cloud0_tkemenade 23283625572 26317 1426

1720990895.8624318 55521185
cloud0_tkemenade 23283625572 26417 1426

1720990896.8650248 55521334
cloud0_tkemenade 23283625572 26516 1426

1720990897.8675094 55521476
cloud0_tkemenade 23283625572 26616 1426

1720990898.869991 55521640
cloud0_tkemenade 23286495627 26716 1426

1720990899.8722484 55521797
cloud0_tkemenade 23286495627 26814 1427

1720990900.8749135 55521962
cloud0_tkemenade 23286495627 26911 1428

1720990901.8776467 55522148
cloud0_tkemenade 23286495627 27011 1428

1720990902.8801484 55522288
cloud0_tkemenade 23286495627 27109 1428

1720990903.8826253 55522451
cloud0_tkemenade 23286495627 27208 1428

1720990904.8849282 55522587
cloud0_tkemenade 23286495627 27306 1428

1720990905.8871465 55522741
cloud0_tkemenade 23289218885 27405 1428

1720990906.889437 55522893
cloud0_tkemenade 23289218885 27504 1428

1720990907.892189 55523027
cloud0_tkemenade 23289218885 27604 1428

1720990908.8948987 55523187
cloud0_tkemenade 23289218885 27702 1428

1720990909.897638 55523351
cloud0_tkemenade 23289218885 27801 1428

1720990910.9002538 55523509
cloud0_tkemenade 23289218885 27900 1428

1720990911.9030454 55523745
cloud0_tkemenade 23289218885 28000 1428

1720990912.9055972 55523883
cloud0_tkemenade 23289218885 28100 1428

1720990913.0062907 55523900
cloud0_tkemenade 23291955722 28110 1428

1720990914.0090363 55524060
cloud0_tkemenade 23291955722 28208 1429

1720990915.0116324 55524211
cloud0_tkemenade 23291955722 28307 1429

1720990916.0142374 55524365
cloud0_tkemenade 23291955722 28407 1429

1720990917.016852 55524517
cloud0_tkemenade 23291955722 28507 1429

1720990918.0194263 55524670
cloud0_tkemenade 23291955722 28606 1430

1720990919.0221007 55524833
cloud0_tkemenade 23291955722 28704 1430

1720990920.0247178 55525001
cloud0_tkemenade 23291955722 28802 1430

1720990920.1253426 55525021
cloud0_tkemenade 23294727225 28812 1430

1720990921.1278455 55525162
cloud0_tkemenade 23294727225 28912 1430

1720990922.130612 55525337
cloud0_tkemenade 23294727225 29012 1430

1720990923.133239 55525473
cloud0_tkemenade 23294727225 29112 1430

1720990924.1358087 55525633
cloud0_tkemenade 23294727225 29212 1430

1720990925.1384487 55525780
cloud0_tkemenade 23294727225 29311 1430

1720990926.1410074 55525926
cloud0_tkemenade 23294727225 29409 1431

1720990927.0431387 55526060
cloud0_tkemenade 23297470680 29497 1431

1720990928.0457315 55526209
cloud0_tkemenade 23297470680 29596 1431

1720990929.0483592 55526379
cloud0_tkemenade 23297470680 29696 1431

1720990930.0510912 55526547
cloud0_tkemenade 23297470680 29794 1431

1720990931.0538568 55526718
cloud0_tkemenade 23297470680 29894 1431

1720990932.0562701 55526891
cloud0_tkemenade 23297470680 29994 1431

1720990933.0585766 55527027
cloud0_tkemenade 23297470680 30094 1431

1720990934.0609212 55527181
cloud0_tkemenade 23297470680 30194 1431

1720990934.1615946 55527199
cloud0_tkemenade 23300280212 30204 1431

1720990935.1641815 55527335
cloud0_tkemenade 23300280212 30303 1431

1720990936.1669059 55527478
cloud0_tkemenade 23300280212 30403 1431

1720990937.1695213 55527619
cloud0_tkemenade 23300280212 30502 1431

1720990938.172076 55527771
cloud0_tkemenade 23300280212 30603 1431

1720990939.1748013 55527929
cloud0_tkemenade 23300280212 30701 1431

1720990940.1775784 55528101
cloud0_tkemenade 23300280212 30801 1431

1720990941.1799862 55528258
cloud0_tkemenade 23303108351 30901 1431

1720990942.1826692 55528425
cloud0_tkemenade 23303108351 31001 1431

1720990943.1853209 55528553
cloud0_tkemenade 23303108351 31099 1431

1720990944.1880145 55528718
cloud0_tkemenade 23303108351 31198 1431

1720990945.190538 55528880
cloud0_tkemenade 23303108351 31297 1432

1720990946.1931067 55529057
cloud0_tkemenade 23303108351 31397 1432

1720990947.19544 55529227
cloud0_tkemenade 23303108351 31497 1432

1720990948.1979728 55529399
cloud0_tkemenade 23303108351 31597 1432

1720990949.2005775 55529581
cloud0_tkemenade 23303108351 31696 1432

1720990950.2031832 55529777
cloud0_tkemenade 23303108351 31795 1432

1720990951.2057774 55529947
cloud0_tkemenade 23303108351 31894 1432

1720990952.2085238 55530132
cloud0_tkemenade 23303108351 31992 1433

1720990953.2111952 55530293
cloud0_tkemenade 23303108351 32091 1433

1720990954.2138896 55530461
cloud0_tkemenade 23303108351 32189 1433

1720990955.216315 55530633
cloud0_tkemenade 23303108351 32288 1433

1720990955.517264 55530683
cloud0_tkemenade 23305746087 32318 1433

1720990956.5197856 55530859
cloud0_tkemenade 23305746087 32417 1433

1720990957.5223668 55531034
cloud0_tkemenade 23305746087 32518 1433

1720990958.5248713 55531200
cloud0_tkemenade 23305746087 32617 1433

1720990959.5273762 55531383
cloud0_tkemenade 23305746087 32717 1433

1720990960.5300386 55531585
cloud0_tkemenade 23305746087 32817 1433

1720990961.5325446 55531795
cloud0_tkemenade 23305746087 32916 1433

1720990962.5353565 55531994
cloud0_tkemenade 23308530700 33014 1434

1720990963.5380332 55532168
cloud0_tkemenade 23308530700 33114 1434

1720990964.540736 55532353
cloud0_tkemenade 23308530700 33212 1434

1720990965.5431094 55532514
cloud0_tkemenade 23308530700 33312 1434

1720990966.5458655 55532693
cloud0_tkemenade 23308530700 33412 1434

1720990967.548295 55532855
cloud0_tkemenade 23308530700 33511 1434

1720990968.5507703 55533037
cloud0_tkemenade 23308530700 33612 1434

1720990969.5534353 55533224
cloud0_tkemenade 23311307833 33711 1434

1720990970.5558908 55533417
cloud0_tkemenade 23311307833 33810 1434

1720990971.5585701 55533614
cloud0_tkemenade 23311307833 33909 1434

1720990972.561311 55533812
cloud0_tkemenade 23311307833 34008 1435

1720990973.5639813 55533977
cloud0_tkemenade 23311307833 34106 1435

1720990974.5665734 55534149
cloud0_tkemenade 23311307833 34206 1435

1720990975.5692368 55534320
cloud0_tkemenade 23311307833 34305 1435

1720990976.5719616 55534496
cloud0_tkemenade 23311307833 34405 1435

1720990976.672712 55534521
cloud0_tkemenade 23314074163 34415 1435

1720990977.6752791 55534693
cloud0_tkemenade 23314074163 34515 1436

1720990978.677919 55534871
cloud0_tkemenade 23314074163 34614 1436

1720990979.6802716 55535057
cloud0_tkemenade 23314074163 34714 1436

1720990980.6825564 55535233
cloud0_tkemenade 23314074163 34812 1436

1720990981.685212 55535432
cloud0_tkemenade 23314074163 34911 1437

1720990982.6878502 55535616
cloud0_tkemenade 23314074163 35011 1437

1720990983.6903322 55535806
cloud0_tkemenade 23316836921 35110 1437

1720990984.6928587 55535979
cloud0_tkemenade 23316836921 35210 1437

1720990985.6951096 55536145
cloud0_tkemenade 23316836921 35309 1437

1720990986.6977468 55536306
cloud0_tkemenade 23316836921 35406 1437

1720990987.7003155 55536499
cloud0_tkemenade 23316836921 35505 1438

1720990988.7028856 55536667
cloud0_tkemenade 23316836921 35605 1438

1720990989.7054775 55536840
cloud0_tkemenade 23316836921 35704 1438

1720990990.7079134 55537029
cloud0_tkemenade 23316836921 35804 1438

1720990990.8086143 55537049
cloud0_tkemenade 23319634181 35814 1438

1720990991.8114657 55537238
cloud0_tkemenade 23319634181 35914 1438

1720990992.8141785 55537420
cloud0_tkemenade 23319634181 36014 1438

1720990993.8168154 55537587
cloud0_tkemenade 23319634181 36113 1438

1720990994.8194082 55537770
cloud0_tkemenade 23319634181 36213 1438

1720990995.822085 55537945
cloud0_tkemenade 23319634181 36313 1438

1720990996.824758 55538122
cloud0_tkemenade 23319634181 36413 1438

1720990997.8271482 55538289
cloud0_tkemenade 23322411247 36512 1439

1720990998.829502 55538467
cloud0_tkemenade 23322411247 36612 1439

1720990999.8321009 55538641
cloud0_tkemenade 23322411247 36711 1439

1720991000.8348498 55538832
cloud0_tkemenade 23322411247 36810 1439

1720991001.837635 55539033
cloud0_tkemenade 23322411247 36909 1440

1720991002.840401 55539220
cloud0_tkemenade 23322411247 37009 1440

1720991003.8429697 55539391
cloud0_tkemenade 23322411247 37109 1440

1720991004.8455005 55539587
cloud0_tkemenade 23322411247 37209 1440

1720991004.946174 55539603
cloud0_tkemenade 23325220414 37219 1440

1720991005.9486809 55539765
cloud0_tkemenade 23325220414 37316 1441

1720991006.9510918 55539924
cloud0_tkemenade 23325220414 37414 1441

1720991007.9535732 55540107
cloud0_tkemenade 23325220414 37514 1441

1720991008.9561534 55540298
cloud0_tkemenade 23325220414 37614 1441

1720991009.9587626 55540472
cloud0_tkemenade 23325220414 37713 1441

1720991010.9614654 55540660
cloud0_tkemenade 23325220414 37813 1441

1720991011.9641514 55540854
cloud0_tkemenade 23325220414 37913 1441

1720991012.0648668 55540879
cloud0_tkemenade 23327940469 37923 1441

1720991013.0671759 55541058
cloud0_tkemenade 23327940469 38023 1441

1720991014.0698934 55541236
cloud0_tkemenade 23327940469 38123 1441

1720991015.072528 55541425
cloud0_tkemenade 23327940469 38222 1441

1720991016.074971 55541592
cloud0_tkemenade 23327940469 38322 1441

1720991017.0776396 55541769
cloud0_tkemenade 23327940469 38421 1441

1720991018.0802453 55541949
cloud0_tkemenade 23327940469 38519 1441

1720991019.082438 55542111
cloud0_tkemenade 23330692212 38619 1441

1720991020.084844 55542295
cloud0_tkemenade 23330692212 38717 1441

1720991021.0874004 55542462
cloud0_tkemenade 23330692212 38817 1441

1720991022.0899696 55542649
cloud0_tkemenade 23330692212 38916 1441

1720991023.0926 55542829
cloud0_tkemenade 23330692212 39014 1441

1720991024.0952415 55542997
cloud0_tkemenade 23330692212 39114 1441

1720991025.0978668 55543185
cloud0_tkemenade 23330692212 39213 1442

1720991026.1001968 55543355
cloud0_tkemenade 23330692212 39313 1442

1720991026.200882 55543371
cloud0_tkemenade 23333522798 39323 1442

1720991027.2033772 55543539
cloud0_tkemenade 23333522798 39422 1442

1720991028.2060237 55543717
cloud0_tkemenade 23333522798 39522 1442

1720991029.208608 55543871
cloud0_tkemenade 23333522798 39620 1442

1720991030.2111406 55544062
cloud0_tkemenade 23333522798 39719 1442

1720991031.213879 55544248
cloud0_tkemenade 23333522798 39819 1442

1720991032.2165313 55544452
cloud0_tkemenade 23333522798 39919 1442

1720991033.219057 55544630
cloud0_tkemenade 23333522798 40018 1442

1720991033.4199328 55544665
cloud0_tkemenade 23336334467 40038 1442

1720991034.4225013 55544840
cloud0_tkemenade 23336334467 40138 1442

1720991035.4251697 55545022
cloud0_tkemenade 23336334467 40237 1442

1720991036.4278276 55545175
cloud0_tkemenade 23336334467 40335 1442

1720991037.4303675 55545338
cloud0_tkemenade 23336334467 40433 1443

1720991038.4326296 55545513
cloud0_tkemenade 23336334467 40532 1443

1720991039.4351401 55545696
cloud0_tkemenade 23336334467 40632 1443

1720991040.337642 55545865
cloud0_tkemenade 23339124339 40721 1443

1720991041.33984 55546027
cloud0_tkemenade 23339124339 40820 1444

1720991042.3422456 55546233
cloud0_tkemenade 23339124339 40920 1444

1720991043.3446877 55546411
cloud0_tkemenade 23339124339 41020 1444

1720991044.3474598 55546587
cloud0_tkemenade 23339124339 41119 1445

1720991045.3502316 55546764
cloud0_tkemenade 23339124339 41214 1445

1720991046.3529289 55546910
cloud0_tkemenade 23339124339 41312 1445

1720991047.3556037 55547082
cloud0_tkemenade 23339124339 41409 1445

1720991047.4562283 55547098
cloud0_tkemenade 23341880085 41419 1445

1720991048.4588168 55547283
cloud0_tkemenade 23341880085 41516 1446

1720991049.4616199 55547445
cloud0_tkemenade 23341880085 41615 1446

1720991050.4644244 55547631
cloud0_tkemenade 23341880085 41713 1446

1720991051.4671507 55547804
cloud0_tkemenade 23341880085 41812 1447

1720991052.4697978 55548002
cloud0_tkemenade 23341880085 41911 1447

1720991053.4724176 55548169
cloud0_tkemenade 23341880085 42011 1448

1720991054.4749997 55548336
cloud0_tkemenade 23344573154 42110 1448

1720991055.4772415 55548504
cloud0_tkemenade 23344573154 42209 1448

1720991056.4798164 55548663
cloud0_tkemenade 23344573154 42309 1448

1720991057.4823537 55548829
cloud0_tkemenade 23344573154 42408 1448

1720991058.4849966 55549004
cloud0_tkemenade 23344573154 42507 1449

1720991059.4876237 55549166
cloud0_tkemenade 23344573154 42607 1449

1720991060.490119 55549341
cloud0_tkemenade 23344573154 42707 1449

1720991061.4926183 55549498
cloud0_tkemenade 23347382194 42806 1449

1720991062.4952295 55549686
cloud0_tkemenade 23347382194 42903 1450

1720991063.497838 55549842
cloud0_tkemenade 23347382194 43000 1450

1720991064.5001948 55549988
cloud0_tkemenade 23347382194 43098 1451

1720991065.5028684 55550147
cloud0_tkemenade 23347382194 43195 1451

1720991066.5055673 55550288
cloud0_tkemenade 23347382194 43293 1451

1720991067.508239 55550439
cloud0_tkemenade 23347382194 43390 1452

1720991068.5136952 55550585
cloud0_tkemenade 23347382194 43488 1452

1720991068.614368 55550605
cloud0_tkemenade 23350135191 43499 1452

1720991069.616756 55550779
cloud0_tkemenade 23350135191 43598 1452

1720991070.6194754 55550938
cloud0_tkemenade 23350135191 43697 1453

1720991071.6221797 55551090
cloud0_tkemenade 23350135191 43793 1454

1720991072.6246066 55551275
cloud0_tkemenade 23350135191 43893 1454

1720991073.6273422 55551435
cloud0_tkemenade 23350135191 43993 1454

1720991074.6296942 55551589
cloud0_tkemenade 23350135191 44092 1454

1720991075.6321537 55551757
cloud0_tkemenade 23352894893 44190 1454

1720991076.6344206 55551909
cloud0_tkemenade 23352894893 44290 1454

1720991077.636872 55552070
cloud0_tkemenade 23352894893 44389 1454

1720991078.6392999 55552236
cloud0_tkemenade 23352894893 44489 1454

1720991079.641869 55552388
cloud0_tkemenade 23352894893 44589 1454

1720991080.6440985 55552559
cloud0_tkemenade 23352894893 44689 1454

1720991081.646598 55552745
cloud0_tkemenade 23352894893 44789 1454

1720991082.5488534 55552916
cloud0_tkemenade 23355760211 44879 1454

1720991083.5510204 55553075
cloud0_tkemenade 23355760211 44979 1454

1720991084.5534923 55553244
cloud0_tkemenade 23355760211 45078 1454

1720991085.5559087 55553401
cloud0_tkemenade 23355760211 45177 1455

1720991086.5584257 55553562
cloud0_tkemenade 23355760211 45277 1455

1720991087.560894 55553720
cloud0_tkemenade 23355760211 45377 1455

1720991088.5634317 55553883
cloud0_tkemenade 23355760211 45477 1455

1720991089.5661142 55554036
cloud0_tkemenade 23355760211 45577 1455

1720991089.767005 55554069
cloud0_tkemenade 23358625337 45597 1455

1720991090.7695608 55554243
cloud0_tkemenade 23358625337 45696 1455

1720991091.772136 55554420
cloud0_tkemenade 23358625337 45794 1455

1720991092.7747254 55554586
cloud0_tkemenade 23358625337 45894 1455

1720991093.7770424 55554745
cloud0_tkemenade 23358625337 45994 1455

1720991094.7796829 55554894
cloud0_tkemenade 23358625337 46094 1455

1720991095.7823792 55555063
cloud0_tkemenade 23358625337 46194 1455

1720991096.7848608 55555229
cloud0_tkemenade 23361420242 46293 1455

1720991097.7873561 55555383
cloud0_tkemenade 23361420242 46393 1455

1720991098.7897997 55555530
cloud0_tkemenade 23361420242 46493 1455

1720991099.792127 55555683
cloud0_tkemenade 23361420242 46593 1455

1720991100.794773 55555842
cloud0_tkemenade 23361420242 46692 1455

1720991101.7973242 55556011
cloud0_tkemenade 23361420242 46792 1455

1720991102.7996686 55556180
cloud0_tkemenade 23361420242 46892 1455

1720991103.8022473 55556335
cloud0_tkemenade 23361420242 46992 1455

1720991103.9029164 55556361
cloud0_tkemenade 23364257003 47002 1455

1720991104.9053755 55556510
cloud0_tkemenade 23364257003 47102 1455

1720991105.9079452 55556675
cloud0_tkemenade 23364257003 47200 1455

1720991106.9106455 55556823
cloud0_tkemenade 23364257003 47299 1455

1720991107.9133527 55556989
cloud0_tkemenade 23364257003 47397 1455

1720991108.9159138 55557152
cloud0_tkemenade 23364257003 47497 1455

1720991109.91857 55557299
cloud0_tkemenade 23364257003 47598 1455

1720991110.9210594 55557477
cloud0_tkemenade 23364257003 47697 1455

1720991111.0215726 55557491
cloud0_tkemenade 23367093927 47707 1455

1720991112.0241823 55557669
cloud0_tkemenade 23367093927 47808 1455

1720991113.0268419 55557827
cloud0_tkemenade 23367093927 47907 1455

1720991114.0295186 55557969
cloud0_tkemenade 23367093927 48006 1455

1720991115.03198 55558137
cloud0_tkemenade 23367093927 48106 1455

1720991116.0347095 55558289
cloud0_tkemenade 23367093927 48205 1455

1720991117.037398 55558435
cloud0_tkemenade 23367093927 48302 1456

1720991118.039894 55558576
cloud0_tkemenade 23367093927 48401 1456

1720991118.1405973 55558594
cloud0_tkemenade 23369870161 48411 1456

1720991119.1432292 55558747
cloud0_tkemenade 23369870161 48512 1456

1720991120.1459439 55558890
cloud0_tkemenade 23369870161 48611 1456

1720991121.148572 55559041
cloud0_tkemenade 23369870161 48710 1456

1720991122.1512592 55559206
cloud0_tkemenade 23369870161 48810 1456

1720991123.1539001 55559352
cloud0_tkemenade 23369870161 48909 1457

1720991124.1565623 55559509
cloud0_tkemenade 23369870161 49009 1457

1720991125.1591516 55559659
cloud0_tkemenade 23369870161 49109 1457

1720991125.2598677 55559683
cloud0_tkemenade 23372765225 49119 1457

1720991126.2625127 55559833
cloud0_tkemenade 23372765225 49219 1457

1720991127.2650714 55559976
cloud0_tkemenade 23372765225 49318 1457

1720991128.2676823 55560116
cloud0_tkemenade 23372765225 49417 1457

1720991129.2701514 55560262
cloud0_tkemenade 23372765225 49517 1457

1720991130.2727456 55560423
cloud0_tkemenade 23372765225 49617 1457

1720991131.2752955 55560579
cloud0_tkemenade 23372765225 49717 1457

1720991132.2779675 55560738
cloud0_tkemenade 23375600810 49817 1457

1720991133.2805405 55560881
cloud0_tkemenade 23375600810 49916 1457

1720991134.2831342 55561031
cloud0_tkemenade 23375600810 50015 1457

1720991135.2858305 55561176
cloud0_tkemenade 23375600810 50114 1457

1720991136.2885234 55561325
cloud0_tkemenade 23375600810 50213 1457

1720991137.2909377 55561472
cloud0_tkemenade 23375600810 50313 1457

1720991138.2935941 55561612
cloud0_tkemenade 23375600810 50412 1457

1720991139.2960377 55561767
cloud0_tkemenade 23378401967 50510 1457

1720991140.2985182 55561913
cloud0_tkemenade 23378401967 50610 1457

1720991141.3010256 55562064
cloud0_tkemenade 23378401967 50709 1457

1720991142.3033643 55562232
cloud0_tkemenade 23378401967 50808 1458

1720991143.3060558 55562372
cloud0_tkemenade 23378401967 50907 1458

1720991144.3087509 55562530
cloud0_tkemenade 23378401967 51006 1458

1720991145.3110845 55562676
cloud0_tkemenade 23378401967 51106 1458

1720991146.313425 55562829
cloud0_tkemenade 23378401967 51204 1458

1720991146.4141052 55562845
cloud0_tkemenade 23381250469 51214 1458

1720991147.4167194 55562983
cloud0_tkemenade 23381250469 51311 1458

1720991148.4194033 55563125
cloud0_tkemenade 23381250469 51410 1459

1720991149.4221003 55563274
cloud0_tkemenade 23381250469 51508 1459

1720991150.4247522 55563420
cloud0_tkemenade 23381250469 51607 1459

1720991151.427382 55563575
cloud0_tkemenade 23381250469 51707 1459

1720991152.430085 55563733
cloud0_tkemenade 23381250469 51807 1459

1720991153.4325035 55563884
cloud0_tkemenade 23384016611 51905 1460

1720991154.4352064 55564037
cloud0_tkemenade 23384016611 52005 1460

1720991155.4378426 55564183
cloud0_tkemenade 23384016611 52104 1460

1720991156.4403405 55564343
cloud0_tkemenade 23384016611 52202 1460

1720991157.4429157 55564479
cloud0_tkemenade 23384016611 52301 1460

1720991158.4454627 55564622
cloud0_tkemenade 23384016611 52400 1460

1720991159.447887 55564766
cloud0_tkemenade 23384016611 52499 1460

1720991160.3507571 55564890
cloud0_tkemenade 23386775648 52589 1460

1720991161.3534696 55565039
cloud0_tkemenade 23386775648 52687 1460

1720991162.3561175 55565198
cloud0_tkemenade 23386775648 52787 1461

1720991163.3588188 55565341
cloud0_tkemenade 23386775648 52887 1461

1720991164.3615272 55565485
cloud0_tkemenade 23386775648 52984 1462

1720991165.3641276 55565626
cloud0_tkemenade 23386775648 53084 1462

1720991166.3667853 55565784
cloud0_tkemenade 23386775648 53183 1462

1720991167.3694234 55565932
cloud0_tkemenade 23386775648 53281 1463

1720991167.4701838 55565948
cloud0_tkemenade 23389562667 53291 1463

1720991168.472827 55566113
cloud0_tkemenade 23389562667 53390 1463

1720991169.4755228 55566251
cloud0_tkemenade 23389562667 53489 1463

1720991170.478223 55566392
cloud0_tkemenade 23389562667 53588 1464

1720991171.4808407 55566549
cloud0_tkemenade 23389562667 53687 1464

1720991172.4834163 55566703
cloud0_tkemenade 23389562667 53787 1464

1720991173.486166 55566838
cloud0_tkemenade 23389562667 53886 1464

1720991174.4888148 55566983
cloud0_tkemenade 23389562667 53985 1464

1720991174.5894866 55567000
cloud0_tkemenade 23392330285 53995 1464

1720991175.5915246 55567149
cloud0_tkemenade 23392330285 54092 1464

1720991176.5940404 55567297
cloud0_tkemenade 23392330285 54191 1464

1720991177.596483 55567432
cloud0_tkemenade 23392330285 54290 1464

1720991178.5990703 55567573
cloud0_tkemenade 23392330285 54390 1464

1720991179.6017554 55567713
cloud0_tkemenade 23392330285 54490 1464

1720991180.604116 55567851
cloud0_tkemenade 23392330285 54587 1465

1720991181.6066759 55568007
cloud0_tkemenade 23392330285 54686 1465

1720991181.707332 55568025
cloud0_tkemenade 23395180843 54696 1465

1720991182.7096472 55568153
cloud0_tkemenade 23395180843 54795 1465

1720991183.711832 55568293
cloud0_tkemenade 23395180843 54893 1465

1720991184.7145336 55568437
cloud0_tkemenade 23395180843 54993 1465

1720991185.7170238 55568574
cloud0_tkemenade 23395180843 55092 1466

1720991186.7196672 55568727
cloud0_tkemenade 23395180843 55191 1466

1720991187.7223418 55568865
cloud0_tkemenade 23395180843 55291 1466

1720991188.724847 55569015
cloud0_tkemenade 23395180843 55391 1466

1720991188.8254592 55569031
cloud0_tkemenade 23397991124 55401 1466

1720991189.8278456 55569176
cloud0_tkemenade 23397991124 55501 1466

1720991190.830385 55569327
cloud0_tkemenade 23397991124 55600 1466

1720991191.8331363 55569492
cloud0_tkemenade 23397991124 55699 1466

1720991192.8357003 55569636
cloud0_tkemenade 23397991124 55799 1466

1720991193.8383927 55569775
cloud0_tkemenade 23397991124 55899 1466

1720991194.8410015 55569916
cloud0_tkemenade 23397991124 55998 1466

1720991195.8434212 55570063
cloud0_tkemenade 23400847655 56098 1466

1720991196.845626 55570222
cloud0_tkemenade 23400847655 56198 1466

1720991197.8479097 55570371
cloud0_tkemenade 23400847655 56298 1466

1720991198.850428 55570507
cloud0_tkemenade 23400847655 56398 1466

1720991199.8530145 55570654
cloud0_tkemenade 23400847655 56496 1466

1720991200.855544 55570789
cloud0_tkemenade 23400847655 56594 1466

1720991201.858183 55570963
cloud0_tkemenade 23400847655 56694 1466

1720991202.8606303 55571109
cloud0_tkemenade 23400847655 56794 1466

1720991202.961309 55571128
cloud0_tkemenade 23403719975 56803 1466

1720991203.963492 55571257
cloud0_tkemenade 23403719975 56904 1466

1720991204.9661274 55571410
cloud0_tkemenade 23403719975 57003 1466

1720991205.9688323 55571551
cloud0_tkemenade 23403719975 57102 1467

1720991206.9714441 55571703
cloud0_tkemenade 23403719975 57200 1467

1720991207.9739091 55571846
cloud0_tkemenade 23403719975 57300 1467

1720991208.976273 55571991
cloud0_tkemenade 23403719975 57400 1467

1720991209.9789517 55572141
cloud0_tkemenade 23406496929 57498 1467

1720991210.9814708 55572277
cloud0_tkemenade 23406496929 57598 1467

1720991211.9840531 55572435
cloud0_tkemenade 23406496929 57695 1467

1720991212.9864154 55572575
cloud0_tkemenade 23406496929 57795 1467

1720991213.988834 55572711
cloud0_tkemenade 23406496929 57894 1468

1720991214.9911566 55572852
cloud0_tkemenade 23406496929 57993 1468

1720991215.9935882 55573006
cloud0_tkemenade 23406496929 58093 1468

1720991216.9962792 55573159
cloud0_tkemenade 23409246345 58191 1468

1720991217.9987907 55573307
cloud0_tkemenade 23409246345 58291 1468

1720991219.0013947 55573443
cloud0_tkemenade 23409246345 58390 1469

1720991220.0040388 55573618
cloud0_tkemenade 23409246345 58490 1469

1720991221.0065997 55573756
cloud0_tkemenade 23409246345 58589 1469

1720991222.0091364 55573925
cloud0_tkemenade 23409246345 58688 1469

1720991223.0113683 55574061
cloud0_tkemenade 23409246345 58787 1470

1720991224.0140493 55574211
cloud0_tkemenade 23409246345 58887 1470

1720991224.1146944 55574228
cloud0_tkemenade 23412141454 58897 1470

1720991225.1172884 55574367
cloud0_tkemenade 23412141454 58997 1470

1720991226.119946 55574506
cloud0_tkemenade 23412141454 59095 1470

1720991227.1225164 55574653
cloud0_tkemenade 23412141454 59194 1470

1720991228.1252913 55574823
cloud0_tkemenade 23412141454 59292 1470

1720991229.1279747 55574975
cloud0_tkemenade 23412141454 59393 1470

1720991230.1304538 55575127
cloud0_tkemenade 23412141454 59493 1470

1720991231.1332085 55575270
cloud0_tkemenade 23414952564 59591 1470

1720991232.1358747 55575428
cloud0_tkemenade 23414952564 59689 1470

1720991233.1386392 55575565
cloud0_tkemenade 23414952564 59788 1470

1720991234.1411674 55575713
cloud0_tkemenade 23414952564 59888 1471

1720991235.143497 55575855
cloud0_tkemenade 23414952564 59986 1471

1720991236.1461606 55576007
cloud0_tkemenade 23414952564 60086 1471

1720991237.1488023 55576146
cloud0_tkemenade 23414952564 60185 1471

1720991238.1514683 55576296
cloud0_tkemenade 23417674857 60285 1471

1720991239.1541243 55576435
cloud0_tkemenade 23417674857 60385 1471

1720991240.1567323 55576585
cloud0_tkemenade 23417674857 60483 1471

1720991241.159335 55576722
cloud0_tkemenade 23417674857 60582 1471

1720991242.1619287 55576885
cloud0_tkemenade 23417674857 60681 1471

1720991243.1645308 55577021
cloud0_tkemenade 23417674857 60781 1472

1720991244.167094 55577155
cloud0_tkemenade 23417674857 60881 1472

1720991245.169673 55577290
cloud0_tkemenade 23417674857 60979 1472

1720991245.2703826 55577305
cloud0_tkemenade 23420508762 60989 1472

1720991246.2729723 55577449
cloud0_tkemenade 23420508762 61089 1472

1720991247.2757876 55577602
cloud0_tkemenade 23420508762 61188 1472

1720991248.2784255 55577745
cloud0_tkemenade 23420508762 61287 1473

1720991249.2810695 55577887
cloud0_tkemenade 23420508762 61387 1473

1720991250.2835352 55578047
cloud0_tkemenade 23420508762 61487 1473

1720991251.2861362 55578173
cloud0_tkemenade 23420508762 61587 1473

1720991252.2889214 55578336
cloud0_tkemenade 23423278007 61685 1473

1720991253.2912333 55578474
cloud0_tkemenade 23423278007 61785 1473

1720991254.293923 55578621
cloud0_tkemenade 23423278007 61885 1473

1720991255.2966118 55578751
cloud0_tkemenade 23423278007 61985 1473

1720991256.2990875 55578901
cloud0_tkemenade 23423278007 62084 1473

1720991257.3017745 55579051
cloud0_tkemenade 23423278007 62184 1473

1720991258.304394 55579192
cloud0_tkemenade 23423278007 62282 1473

1720991259.3071005 55579326
cloud0_tkemenade 23423278007 62379 1475

1720991259.4077625 55579347
cloud0_tkemenade 23426112875 62389 1475

1720991260.410077 55579487
cloud0_tkemenade 23426112875 62489 1475

1720991261.4124873 55579625
cloud0_tkemenade 23426112875 62588 1475

1720991262.4151385 55579797
cloud0_tkemenade 23426112875 62687 1475

1720991263.417688 55579934
cloud0_tkemenade 23426112875 62786 1475

1720991264.4200633 55580067
cloud0_tkemenade 23426112875 62885 1476

1720991265.4225874 55580206
cloud0_tkemenade 23426112875 62985 1476

1720991266.4249995 55580358
cloud0_tkemenade 23428935546 63084 1476

1720991267.4272146 55580503
cloud0_tkemenade 23428935546 63184 1476

1720991268.4297042 55580646
cloud0_tkemenade 23428935546 63283 1476

1720991269.4321122 55580792
cloud0_tkemenade 23428935546 63384 1476

1720991270.4346645 55580937
cloud0_tkemenade 23428935546 63483 1476

1720991271.4371567 55581073
cloud0_tkemenade 23428935546 63583 1476

1720991272.439629 55581243
cloud0_tkemenade 23428935546 63683 1476

1720991273.3419924 55581365
cloud0_tkemenade 23431848110 63772 1476

1720991274.3443415 55581503
cloud0_tkemenade 23431848110 63872 1476

1720991275.3467848 55581643
cloud0_tkemenade 23431848110 63972 1476

1720991276.3493652 55581792
cloud0_tkemenade 23431848110 64071 1476

1720991277.3515718 55581939
cloud0_tkemenade 23431848110 64171 1476

1720991278.354198 55582081
cloud0_tkemenade 23431848110 64271 1476

1720991279.3565664 55582229
cloud0_tkemenade 23431848110 64370 1476

1720991280.3591413 55582381
cloud0_tkemenade 23431848110 64470 1476

1720991280.4598355 55582403
cloud0_tkemenade 23434727363 64480 1476

1720991281.4622786 55582543
cloud0_tkemenade 23434727363 64580 1476

1720991282.4648154 55582712
cloud0_tkemenade 23434727363 64680 1476

1720991283.4673872 55582850
cloud0_tkemenade 23434727363 64780 1476

1720991284.4700353 55582986
cloud0_tkemenade 23434727363 64880 1476

1720991285.4726958 55583119
cloud0_tkemenade 23434727363 64979 1476

1720991286.4752998 55583257
cloud0_tkemenade 23434727363 65078 1476

1720991287.4776263 55583407
cloud0_tkemenade 23434727363 65177 1476

1720991287.5783606 55583427
cloud0_tkemenade 23437569301 65187 1476

1720991288.580687 55583585
cloud0_tkemenade 23437569301 65286 1476

1720991289.5832007 55583744
cloud0_tkemenade 23437569301 65386 1477

1720991290.5854313 55583888
cloud0_tkemenade 23437569301 65485 1477

1720991291.5878627 55584032
cloud0_tkemenade 23437569301 65585 1477

1720991292.5905688 55584201
cloud0_tkemenade 23437569301 65685 1477

1720991293.5927486 55584342
cloud0_tkemenade 23437569301 65784 1477

1720991294.5949304 55584489
cloud0_tkemenade 23440451264 65884 1477

1720991295.5974467 55584624
cloud0_tkemenade 23440451264 65983 1478

1720991296.5994854 55584766
cloud0_tkemenade 23440451264 66082 1478

1720991297.6021085 55584917
cloud0_tkemenade 23440451264 66182 1478

1720991298.6044858 55585055
cloud0_tkemenade 23440451264 66280 1478

1720991299.6069233 55585216
cloud0_tkemenade 23440451264 66380 1478

1720991300.6092434 55585364
cloud0_tkemenade 23440451264 66479 1478

1720991301.6115983 55585509
cloud0_tkemenade 23440451264 66580 1478

1720991301.7123485 55585525
cloud0_tkemenade 23443264430 66590 1478

1720991302.7149746 55585669
cloud0_tkemenade 23443264430 66689 1478

1720991303.7175584 55585813
cloud0_tkemenade 23443264430 66788 1478

1720991304.7198944 55585961
cloud0_tkemenade 23443264430 66889 1478

1720991305.722421 55586102
cloud0_tkemenade 23443264430 66989 1478

1720991306.7249124 55586250
cloud0_tkemenade 23443264430 67088 1478

1720991307.7273312 55586396
cloud0_tkemenade 23443264430 67188 1478

1720991308.7298412 55586530
cloud0_tkemenade 23446122112 67287 1479

1720991309.7323394 55586681
cloud0_tkemenade 23446122112 67387 1479

1720991310.7350078 55586820
cloud0_tkemenade 23446122112 67487 1479

1720991311.7376895 55586962
cloud0_tkemenade 23446122112 67587 1479

1720991312.7401533 55587124
cloud0_tkemenade 23446122112 67687 1479

1720991313.742614 55587265
cloud0_tkemenade 23446122112 67786 1479

1720991314.7451298 55587413
cloud0_tkemenade 23446122112 67885 1480

1720991315.6471226 55587533
cloud0_tkemenade 23449010507 67975 1480

1720991316.6497035 55587682
cloud0_tkemenade 23449010507 68075 1480

1720991317.6523364 55587827
cloud0_tkemenade 23449010507 68172 1481

1720991318.655032 55587979
cloud0_tkemenade 23449010507 68271 1481

1720991319.6577518 55588129
cloud0_tkemenade 23449010507 68371 1481

1720991320.6600788 55588289
cloud0_tkemenade 23449010507 68470 1481

1720991321.6625376 55588438
cloud0_tkemenade 23449010507 68570 1481

1720991322.6651554 55588602
cloud0_tkemenade 23449010507 68669 1481

1720991322.7658153 55588627
cloud0_tkemenade 23451798750 68679 1481

1720991323.7680676 55588778
cloud0_tkemenade 23451798750 68778 1481

1720991324.7708068 55588932
cloud0_tkemenade 23451798750 68878 1481

1720991325.7734225 55589072
cloud0_tkemenade 23451798750 68976 1481

1720991326.775964 55589206
cloud0_tkemenade 23451798750 69076 1481

1720991327.7786503 55589351
cloud0_tkemenade 23451798750 69175 1482

1720991328.7812972 55589493
cloud0_tkemenade 23451798750 69273 1483

1720991329.7837005 55589645
cloud0_tkemenade 23454599552 69370 1485

1720991330.7864017 55589798
cloud0_tkemenade 23454599552 69469 1486

1720991331.7891266 55589947
cloud0_tkemenade 23454599552 69567 1487

1720991332.7918792 55590099
cloud0_tkemenade 23454599552 69666 1487

1720991333.7945447 55590248
cloud0_tkemenade 23454599552 69764 1488

