1721163672.7882338 62808506
cloud0_tkemenade 23973791356 9361 1082

1721163673.7909808 62808616
cloud0_tkemenade 23973791356 9462 1083

1721163674.7936783 62808721
cloud0_tkemenade 23973791356 9562 1083

1721163675.7964282 62808823
cloud0_tkemenade 23973791356 9663 1083

1721163676.7992527 62808927
cloud0_tkemenade 23973791356 9765 1085

1721163677.8020833 62809028
cloud0_tkemenade 23973791356 9866 1085

1721163678.8048692 62809129
cloud0_tkemenade 23973791356 9967 1085

1721163679.2062104 62809175
cloud0_tkemenade 23976782991 10008 1085

1721163680.2090108 62809285
cloud0_tkemenade 23976782991 10110 1087

1721163681.2118134 62809387
cloud0_tkemenade 23976782991 10211 1088

1721163682.2143717 62809488
cloud0_tkemenade 23976782991 10311 1088

1721163683.2172256 62809589
cloud0_tkemenade 23976782991 10411 1088

1721163684.2200134 62809705
cloud0_tkemenade 23976782991 10511 1088

1721163685.2228622 62809807
cloud0_tkemenade 23976782991 10612 1088

1721163686.125443 62809903
cloud0_tkemenade 23979766608 10704 1088

1721163687.1282165 62810006
cloud0_tkemenade 23979766608 10808 1091

1721163688.1309457 62810107
cloud0_tkemenade 23979766608 10909 1091

1721163689.1335578 62810211
cloud0_tkemenade 23979766608 11009 1091

1721163690.136349 62810315
cloud0_tkemenade 23979766608 11112 1091

1721163691.139188 62810416
cloud0_tkemenade 23979766608 11214 1092

1721163692.1419795 62810517
cloud0_tkemenade 23979766608 11314 1092

1721163693.1446736 62810619
cloud0_tkemenade 23979766608 11418 1093

1721163693.3455665 62810642
cloud0_tkemenade 23982881943 11438 1093

1721163694.3482234 62810751
cloud0_tkemenade 23982881943 11538 1093

1721163695.3507023 62810851
cloud0_tkemenade 23982881943 11638 1094

1721163696.353387 62810952
cloud0_tkemenade 23982881943 11740 1095

1721163697.3560474 62811053
cloud0_tkemenade 23982881943 11840 1095

1721163698.35866 62811155
cloud0_tkemenade 23982881943 11941 1095

1721163699.3612807 62811260
cloud0_tkemenade 23982881943 12041 1095

1721163700.3635762 62811367
cloud0_tkemenade 23985935455 12141 1095

1721163701.366191 62811468
cloud0_tkemenade 23985935455 12242 1095

1721163702.3688383 62811569
cloud0_tkemenade 23985935455 12342 1095

1721163703.371457 62811672
cloud0_tkemenade 23985935455 12443 1095

1721163704.3741252 62811782
cloud0_tkemenade 23985935455 12543 1095

1721163705.3767786 62811883
cloud0_tkemenade 23985935455 12643 1097

1721163706.3795094 62811985
cloud0_tkemenade 23985935455 12745 1098

1721163707.382033 62812088
cloud0_tkemenade 23988867101 12847 1099

1721163708.3847244 62812189
cloud0_tkemenade 23988867101 12948 1099

1721163709.3874316 62812291
cloud0_tkemenade 23988867101 13050 1099

1721163710.3900192 62812395
cloud0_tkemenade 23988867101 13152 1099

1721163711.3926136 62812495
cloud0_tkemenade 23988867101 13254 1101

1721163712.3951643 62812600
cloud0_tkemenade 23988867101 13355 1101

1721163713.3976676 62812701
cloud0_tkemenade 23988867101 13455 1101

1721163714.4001172 62812801
cloud0_tkemenade 23988867101 13556 1101

1721163714.6010063 62812840
cloud0_tkemenade 23991807123 13576 1101

1721163715.6033719 62812940
cloud0_tkemenade 23991807123 13678 1101

1721163716.6056628 62813041
cloud0_tkemenade 23991807123 13780 1101

1721163717.608231 62813142
cloud0_tkemenade 23991807123 13881 1101

1721163718.6107574 62813242
cloud0_tkemenade 23991807123 13982 1101

1721163719.6133235 62813346
cloud0_tkemenade 23991807123 14082 1101

1721163720.6158695 62813449
cloud0_tkemenade 23991807123 14183 1101

1721163721.6184695 62813554
cloud0_tkemenade 23994728714 14283 1102

1721163722.6210864 62813654
cloud0_tkemenade 23994728714 14383 1103

1721163723.6236353 62813754
cloud0_tkemenade 23994728714 14484 1103

1721163724.626201 62813857
cloud0_tkemenade 23994728714 14584 1103

1721163725.6288571 62813970
cloud0_tkemenade 23994728714 14684 1104

1721163726.6313877 62814072
cloud0_tkemenade 23994728714 14785 1105

1721163727.633959 62814173
cloud0_tkemenade 23994728714 14885 1105

1721163728.5363052 62814265
cloud0_tkemenade 23997680199 14975 1105

1721163729.5387924 62814366
cloud0_tkemenade 23997680199 15075 1105

1721163730.5413125 62814468
cloud0_tkemenade 23997680199 15175 1105

1721163731.5438366 62814568
cloud0_tkemenade 23997680199 15275 1106

1721163732.5463698 62814669
cloud0_tkemenade 23997680199 15375 1106

1721163733.5490038 62814772
cloud0_tkemenade 23997680199 15475 1108

1721163734.5516233 62814873
cloud0_tkemenade 23997680199 15575 1108

1721163735.5542402 62814992
cloud0_tkemenade 23997680199 15676 1108

1721163735.6549509 62815005
cloud0_tkemenade 24000712579 15686 1108

1721163736.6575334 62815109
cloud0_tkemenade 24000712579 15786 1108

1721163737.6600695 62815209
cloud0_tkemenade 24000712579 15886 1108

1721163738.6626668 62815311
cloud0_tkemenade 24000712579 15987 1108

1721163739.665283 62815413
cloud0_tkemenade 24000712579 16087 1108

1721163740.6678243 62815515
cloud0_tkemenade 24000712579 16187 1108

1721163741.67045 62815617
cloud0_tkemenade 24000712579 16288 1108

1721163742.673077 62815719
cloud0_tkemenade 24000712579 16388 1108

1721163742.873963 62815744
cloud0_tkemenade 24003629817 16408 1108

1721163743.8765883 62815845
cloud0_tkemenade 24003629817 16509 1108

1721163744.8791888 62815949
cloud0_tkemenade 24003629817 16609 1108

1721163745.8818102 62816060
cloud0_tkemenade 24003629817 16709 1108

1721163746.8843973 62816161
cloud0_tkemenade 24003629817 16810 1108

1721163747.8869934 62816262
cloud0_tkemenade 24003629817 16910 1108

1721163748.8895648 62816363
cloud0_tkemenade 24003629817 17010 1108

1721163749.892163 62816466
cloud0_tkemenade 24003629817 17111 1108

1721163749.992836 62816487
cloud0_tkemenade 24006525225 17121 1108

1721163750.995436 62816599
cloud0_tkemenade 24006525225 17221 1108

1721163751.9980776 62816716
cloud0_tkemenade 24006525225 17322 1108

1721163753.0006077 62816817
cloud0_tkemenade 24006525225 17422 1108

1721163754.0031834 62816917
cloud0_tkemenade 24006525225 17522 1108

1721163755.0057316 62817017
cloud0_tkemenade 24006525225 17622 1108

1721163756.0082507 62817129
cloud0_tkemenade 24006525225 17723 1108

1721163757.0107715 62817235
cloud0_tkemenade 24009531957 17823 1109

1721163758.013325 62817335
cloud0_tkemenade 24009531957 17923 1109

1721163759.0158787 62817436
cloud0_tkemenade 24009531957 18025 1109

1721163760.018621 62817541
cloud0_tkemenade 24009531957 18129 1110

1721163761.021281 62817641
cloud0_tkemenade 24009531957 18231 1111

1721163762.0239906 62817742
cloud0_tkemenade 24009531957 18332 1112

1721163763.0267105 62817844
cloud0_tkemenade 24009531957 18434 1112

1721163763.9291537 62817937
cloud0_tkemenade 24012500496 18524 1112

1721163764.9316862 62818039
cloud0_tkemenade 24012500496 18624 1112

1721163765.934222 62818157
cloud0_tkemenade 24012500496 18725 1112

1721163766.9367356 62818258
cloud0_tkemenade 24012500496 18825 1112

1721163767.9392629 62818358
cloud0_tkemenade 24012500496 18925 1112

1721163768.9417512 62818458
cloud0_tkemenade 24012500496 19026 1112

1721163769.9442103 62818562
cloud0_tkemenade 24012500496 19126 1112

1721163770.9467323 62818665
cloud0_tkemenade 24012500496 19226 1112

1721163771.0473554 62818678
cloud0_tkemenade 24015397743 19236 1112

1721163772.0498412 62818781
cloud0_tkemenade 24015397743 19336 1112

1721163773.0523305 62818881
cloud0_tkemenade 24015397743 19437 1112

1721163774.0548258 62818982
cloud0_tkemenade 24015397743 19537 1112

1721163775.057311 62819082
cloud0_tkemenade 24015397743 19637 1112

1721163776.0597808 62819189
cloud0_tkemenade 24015397743 19738 1112

1721163777.062269 62819291
cloud0_tkemenade 24015397743 19838 1112

1721163778.0647562 62819391
cloud0_tkemenade 24015397743 19938 1112

1721163778.2655976 62819413
cloud0_tkemenade 24018317024 19958 1112

1721163779.2681687 62819514
cloud0_tkemenade 24018317024 20059 1112

1721163780.2706163 62819618
cloud0_tkemenade 24018317024 20159 1112

1721163781.2730355 62819719
cloud0_tkemenade 24018317024 20259 1112

1721163782.2752852 62819820
cloud0_tkemenade 24018317024 20360 1112

1721163783.2777736 62819921
cloud0_tkemenade 24018317024 20460 1112

1721163784.2802238 62820023
cloud0_tkemenade 24018317024 20560 1112

1721163785.2824304 62820127
cloud0_tkemenade 24021197164 20661 1112

1721163786.2849846 62820248
cloud0_tkemenade 24021197164 20761 1112

1721163787.2874832 62820351
cloud0_tkemenade 24021197164 20861 1112

1721163788.2899761 62820451
cloud0_tkemenade 24021197164 20961 1112

1721163789.2931318 62820553
cloud0_tkemenade 24021197164 21061 1112

1721163790.2956939 62820656
cloud0_tkemenade 24021197164 21162 1112

1721163791.2982388 62820757
cloud0_tkemenade 24021197164 21262 1112

1721163792.3007123 62820860
cloud0_tkemenade 24021197164 21363 1112

1721163792.40134 62820871
cloud0_tkemenade 24024099002 21373 1112

1721163793.4037328 62820974
cloud0_tkemenade 24024099002 21473 1112

1721163794.4062629 62821075
cloud0_tkemenade 24024099002 21574 1112

1721163795.4088252 62821175
cloud0_tkemenade 24024099002 21674 1112

1721163796.411358 62821277
cloud0_tkemenade 24024099002 21774 1112

1721163797.4139633 62821397
cloud0_tkemenade 24024099002 21876 1112

1721163798.4165194 62821498
cloud0_tkemenade 24024099002 21976 1113

1721163799.4190152 62821605
cloud0_tkemenade 24027047487 22076 1113

1721163800.4215791 62821707
cloud0_tkemenade 24027047487 22176 1113

1721163801.424152 62821807
cloud0_tkemenade 24027047487 22277 1113

1721163802.4266791 62821909
cloud0_tkemenade 24027047487 22377 1113

1721163803.4292457 62822010
cloud0_tkemenade 24027047487 22477 1113

1721163804.4318502 62822112
cloud0_tkemenade 24027047487 22578 1113

1721163805.4344192 62822213
cloud0_tkemenade 24027047487 22678 1113

1721163806.4369898 62822317
cloud0_tkemenade 24030036565 22778 1113

1721163807.43957 62822428
cloud0_tkemenade 24030036565 22879 1113

1721163808.442119 62822533
cloud0_tkemenade 24030036565 22979 1113

1721163809.4446888 62822637
cloud0_tkemenade 24030036565 23079 1113

1721163810.4471664 62822740
cloud0_tkemenade 24030036565 23180 1113

1721163811.449708 62822840
cloud0_tkemenade 24030036565 23280 1113

1721163812.4522002 62822941
cloud0_tkemenade 24030036565 23380 1113

1721163813.4547176 62823046
cloud0_tkemenade 24032927601 23481 1113

1721163814.4571967 62823147
cloud0_tkemenade 24032927601 23581 1113

1721163815.4596188 62823247
cloud0_tkemenade 24032927601 23681 1113

1721163816.4620943 62823349
cloud0_tkemenade 24032927601 23782 1113

1721163817.4646177 62823458
cloud0_tkemenade 24032927601 23882 1113

1721163818.4671183 62823559
cloud0_tkemenade 24032927601 23982 1113

1721163819.4696202 62823659
cloud0_tkemenade 24032927601 24082 1113

1721163820.4718754 62823766
cloud0_tkemenade 24035801097 24183 1113

1721163821.474161 62823867
cloud0_tkemenade 24035801097 24283 1113

1721163822.4766371 62823969
cloud0_tkemenade 24035801097 24383 1113

1721163823.4791737 62824072
cloud0_tkemenade 24035801097 24483 1113

1721163824.4816766 62824173
cloud0_tkemenade 24035801097 24583 1113

1721163825.4841619 62824273
cloud0_tkemenade 24035801097 24684 1113

1721163826.4865904 62824374
cloud0_tkemenade 24035801097 24784 1113

1721163827.4888697 62824481
cloud0_tkemenade 24035801097 24884 1113

1721163827.5895352 62824496
cloud0_tkemenade 24038678448 24894 1113

1721163828.5919893 62824597
cloud0_tkemenade 24038678448 24995 1113

1721163829.5944393 62824698
cloud0_tkemenade 24038678448 25095 1113

1721163830.5969353 62824801
cloud0_tkemenade 24038678448 25195 1113

1721163831.599411 62824902
cloud0_tkemenade 24038678448 25296 1113

1721163832.6019354 62825006
cloud0_tkemenade 24038678448 25396 1113

1721163833.6044815 62825107
cloud0_tkemenade 24038678448 25496 1113

1721163834.6069658 62825212
cloud0_tkemenade 24041558863 25597 1113

1721163835.60947 62825312
cloud0_tkemenade 24041558863 25697 1113

1721163836.6120355 62825413
cloud0_tkemenade 24041558863 25797 1113

1721163837.6145892 62825523
cloud0_tkemenade 24041558863 25898 1113

1721163838.6170716 62825624
cloud0_tkemenade 24041558863 25998 1113

1721163839.6195757 62825725
cloud0_tkemenade 24041558863 26098 1113

1721163840.6220589 62825837
cloud0_tkemenade 24041558863 26198 1113

1721163841.5244224 62825933
cloud0_tkemenade 24044449371 26288 1113

1721163842.5269735 62826033
cloud0_tkemenade 24044449371 26389 1113

1721163843.5293994 62826133
cloud0_tkemenade 24044449371 26489 1113

1721163844.531853 62826234
cloud0_tkemenade 24044449371 26589 1113

1721163845.5342872 62826340
cloud0_tkemenade 24044449371 26690 1113

1721163846.5367815 62826440
cloud0_tkemenade 24044449371 26790 1113

1721163847.539235 62826541
cloud0_tkemenade 24044449371 26890 1113

1721163848.5417295 62826650
cloud0_tkemenade 24044449371 26990 1113

1721163848.742647 62826673
cloud0_tkemenade 24047338879 27010 1113

1721163849.7451756 62826774
cloud0_tkemenade 24047338879 27110 1113

1721163850.7477384 62826877
cloud0_tkemenade 24047338879 27211 1113

1721163851.7502518 62826977
cloud0_tkemenade 24047338879 27311 1113

1721163852.7527573 62827079
cloud0_tkemenade 24047338879 27411 1113

1721163853.755236 62827180
cloud0_tkemenade 24047338879 27512 1113

1721163854.7577674 62827280
cloud0_tkemenade 24047338879 27612 1113

1721163855.7602751 62827381
cloud0_tkemenade 24047338879 27712 1113

1721163855.8607547 62827398
cloud0_tkemenade 24050219992 27722 1113

1721163856.8631914 62827499
cloud0_tkemenade 24050219992 27823 1113

1721163857.8656259 62827599
cloud0_tkemenade 24050219992 27923 1113

1721163858.8680034 62827705
cloud0_tkemenade 24050219992 28023 1113

1721163859.870546 62827806
cloud0_tkemenade 24050219992 28123 1113

1721163860.8730495 62827907
cloud0_tkemenade 24050219992 28223 1113

1721163861.8754916 62828008
cloud0_tkemenade 24050219992 28324 1113

1721163862.8779647 62828112
cloud0_tkemenade 24053105867 28423 1114

1721163863.8805037 62828213
cloud0_tkemenade 24053105867 28523 1114

1721163864.8829525 62828315
cloud0_tkemenade 24053105867 28624 1114

1721163865.8854392 62828416
cloud0_tkemenade 24053105867 28724 1114

1721163866.8878856 62828516
cloud0_tkemenade 24053105867 28824 1115

1721163867.8902674 62828617
cloud0_tkemenade 24053105867 28925 1115

1721163868.8925152 62828725
cloud0_tkemenade 24053105867 29024 1115

1721163869.896214 62828829
cloud0_tkemenade 24053105867 29125 1115

1721163869.9967978 62828843
cloud0_tkemenade 24055993654 29135 1115

1721163870.9991395 62828945
cloud0_tkemenade 24055993654 29235 1115

1721163872.001405 62829045
cloud0_tkemenade 24055993654 29335 1115

1721163873.003826 62829159
cloud0_tkemenade 24055993654 29436 1115

1721163874.0062382 62829260
cloud0_tkemenade 24055993654 29536 1115

1721163875.0085042 62829361
cloud0_tkemenade 24055993654 29636 1115

1721163876.0108593 62829462
cloud0_tkemenade 24055993654 29736 1115

1721163877.0133061 62829567
cloud0_tkemenade 24055993654 29837 1115

1721163877.1139266 62829577
cloud0_tkemenade 24058974692 29846 1115

1721163878.1162412 62829679
cloud0_tkemenade 24058974692 29947 1115

1721163879.1187458 62829791
cloud0_tkemenade 24058974692 30047 1116

1721163880.1212413 62829893
cloud0_tkemenade 24058974692 30147 1116

1721163881.123675 62829994
cloud0_tkemenade 24058974692 30247 1116

1721163882.1261034 62830095
cloud0_tkemenade 24058974692 30348 1116

1721163883.1285362 62830198
cloud0_tkemenade 24058974692 30448 1116

1721163884.130994 62830303
cloud0_tkemenade 24061850802 30547 1117

1721163885.1334348 62830404
cloud0_tkemenade 24061850802 30647 1117

1721163886.1358252 62830505
cloud0_tkemenade 24061850802 30748 1117

1721163887.138259 62830605
cloud0_tkemenade 24061850802 30848 1117

1721163888.140684 62830706
cloud0_tkemenade 24061850802 30948 1117

1721163889.1432009 62830819
cloud0_tkemenade 24061850802 31048 1118

1721163890.145703 62830928
cloud0_tkemenade 24061850802 31148 1118

1721163891.1481762 62831029
cloud0_tkemenade 24061850802 31248 1118

1721163891.2487767 62831041
cloud0_tkemenade 24064722416 31258 1118

1721163892.2512286 62831142
cloud0_tkemenade 24064722416 31358 1118

1721163893.2536283 62831245
cloud0_tkemenade 24064722416 31458 1118

1721163894.2560918 62831345
cloud0_tkemenade 24064722416 31559 1118

1721163895.2585447 62831446
cloud0_tkemenade 24064722416 31659 1118

1721163896.2609742 62831547
cloud0_tkemenade 24064722416 31759 1118

1721163897.2633038 62831649
cloud0_tkemenade 24064722416 31860 1118

1721163898.265501 62831753
cloud0_tkemenade 24067690302 31960 1118

1721163899.2677717 62831862
cloud0_tkemenade 24067690302 32060 1118

1721163900.2702284 62831975
cloud0_tkemenade 24067690302 32160 1118

1721163901.2727153 62832075
cloud0_tkemenade 24067690302 32260 1118

1721163902.275041 62832177
cloud0_tkemenade 24067690302 32361 1118

1721163903.2774985 62832277
cloud0_tkemenade 24067690302 32461 1118

1721163904.2799134 62832377
cloud0_tkemenade 24067690302 32561 1118

1721163905.2823572 62832478
cloud0_tkemenade 24067690302 32661 1118

1721163905.3828888 62832493
cloud0_tkemenade 24070573086 32671 1118

1721163906.385335 62832593
cloud0_tkemenade 24070573086 32772 1118

1721163907.3877776 62832694
cloud0_tkemenade 24070573086 32872 1118

1721163908.3901863 62832795
cloud0_tkemenade 24070573086 32972 1118

1721163909.3925757 62832903
cloud0_tkemenade 24070573086 33072 1119

1721163910.3950293 62833006
cloud0_tkemenade 24070573086 33173 1119

1721163911.3975286 62833106
cloud0_tkemenade 24070573086 33273 1119

1721163912.4001954 62833221
cloud0_tkemenade 24073456510 33373 1119

1721163913.402668 62833324
cloud0_tkemenade 24073456510 33473 1119

1721163914.4050593 62833424
cloud0_tkemenade 24073456510 33573 1119

1721163915.4073727 62833525
cloud0_tkemenade 24073456510 33674 1119

1721163916.4097917 62833627
cloud0_tkemenade 24073456510 33774 1119

1721163917.4122283 62833728
cloud0_tkemenade 24073456510 33874 1119

1721163918.414664 62833829
cloud0_tkemenade 24073456510 33975 1119

1721163919.4170995 62833933
cloud0_tkemenade 24076321738 34075 1119

1721163920.41944 62834061
cloud0_tkemenade 24076321738 34175 1119

1721163921.4219635 62834161
cloud0_tkemenade 24076321738 34275 1119

1721163922.4243639 62834263
cloud0_tkemenade 24076321738 34376 1119

1721163923.426756 62834366
cloud0_tkemenade 24076321738 34476 1119

1721163924.4292388 62834467
cloud0_tkemenade 24076321738 34576 1119

1721163925.4316485 62834567
cloud0_tkemenade 24076321738 34676 1119

1721163926.4340916 62834668
cloud0_tkemenade 24076321738 34777 1119

1721163926.5346386 62834682
cloud0_tkemenade 24079191582 34787 1119

1721163927.5371125 62834782
cloud0_tkemenade 24079191582 34887 1119

1721163928.539559 62834886
cloud0_tkemenade 24079191582 34987 1119

1721163929.5419726 62834987
cloud0_tkemenade 24079191582 35087 1119

1721163930.5444355 62835098
cloud0_tkemenade 24079191582 35188 1119

1721163931.54698 62835200
cloud0_tkemenade 24079191582 35288 1119

1721163932.549422 62835301
cloud0_tkemenade 24079191582 35388 1119

1721163933.551818 62835405
cloud0_tkemenade 24082066381 35488 1119

1721163934.5541496 62835505
cloud0_tkemenade 24082066381 35589 1119

1721163935.556277 62835606
cloud0_tkemenade 24082066381 35689 1119

1721163936.5586863 62835707
cloud0_tkemenade 24082066381 35789 1119

1721163937.5611198 62835807
cloud0_tkemenade 24082066381 35889 1119

1721163938.5635304 62835908
cloud0_tkemenade 24082066381 35990 1119

1721163939.5658686 62836008
cloud0_tkemenade 24082066381 36090 1119

1721163940.5682757 62836127
cloud0_tkemenade 24084931914 36190 1119

1721163941.570768 62836228
cloud0_tkemenade 24084931914 36291 1119

1721163942.5732071 62836328
cloud0_tkemenade 24084931914 36391 1119

1721163943.5756595 62836432
cloud0_tkemenade 24084931914 36491 1119

1721163944.5780733 62836532
cloud0_tkemenade 24084931914 36591 1119

1721163945.5805607 62836633
cloud0_tkemenade 24084931914 36691 1119

1721163946.582942 62836734
cloud0_tkemenade 24084931914 36792 1119

1721163947.5853662 62836834
cloud0_tkemenade 24084931914 36892 1119

1721163947.6859407 62836848
cloud0_tkemenade 24087790421 36902 1119

1721163948.6883788 62836949
cloud0_tkemenade 24087790421 37002 1119

1721163949.690823 62837049
cloud0_tkemenade 24087790421 37103 1119

1721163950.6933103 62837165
cloud0_tkemenade 24087790421 37203 1119

1721163951.6958508 62837266
cloud0_tkemenade 24087790421 37303 1119

1721163952.698333 62837367
cloud0_tkemenade 24087790421 37404 1119

1721163953.7007725 62837470
cloud0_tkemenade 24087790421 37504 1119

1721163954.7030766 62837575
cloud0_tkemenade 24087790421 37604 1119

1721163954.803662 62837586
cloud0_tkemenade 24090683309 37614 1119

1721163955.8061306 62837686
cloud0_tkemenade 24090683309 37715 1119

1721163956.8086102 62837787
cloud0_tkemenade 24090683309 37815 1119

1721163957.8109455 62837887
cloud0_tkemenade 24090683309 37915 1119

1721163958.8133547 62837987
cloud0_tkemenade 24090683309 38015 1119

1721163959.8157048 62838089
cloud0_tkemenade 24090683309 38115 1119

1721163960.818124 62838202
cloud0_tkemenade 24090683309 38216 1119

1721163961.820655 62838307
cloud0_tkemenade 24090683309 38316 1119

1721163961.9212732 62838317
cloud0_tkemenade 24093553593 38326 1119

1721163962.9237099 62838419
cloud0_tkemenade 24093553593 38426 1119

1721163963.9261436 62838519
cloud0_tkemenade 24093553593 38527 1119

1721163964.9285975 62838619
cloud0_tkemenade 24093553593 38627 1119

1721163965.9309943 62838721
cloud0_tkemenade 24093553593 38727 1119

1721163966.9333305 62838827
cloud0_tkemenade 24093553593 38827 1119

1721163967.9357288 62838928
cloud0_tkemenade 24093553593 38928 1119

1721163968.8378851 62839020
cloud0_tkemenade 24096424579 39018 1119

1721163969.8402927 62839127
cloud0_tkemenade 24096424579 39118 1119

1721163970.842682 62839237
cloud0_tkemenade 24096424579 39219 1119

1721163971.8452091 62839337
cloud0_tkemenade 24096424579 39319 1119

1721163972.8476799 62839440
cloud0_tkemenade 24096424579 39419 1119

1721163973.8501337 62839541
cloud0_tkemenade 24096424579 39520 1119

1721163974.852548 62839642
cloud0_tkemenade 24096424579 39620 1119

1721163975.854874 62839746
cloud0_tkemenade 24099287819 39720 1119

1721163976.8573713 62839846
cloud0_tkemenade 24099287819 39820 1119

1721163977.8598325 62839946
cloud0_tkemenade 24099287819 39920 1119

1721163978.862053 62840046
cloud0_tkemenade 24099287819 40021 1119

1721163979.86425 62840149
cloud0_tkemenade 24099287819 40121 1119

1721163980.866682 62840252
cloud0_tkemenade 24099287819 40221 1119

1721163981.8690474 62840359
cloud0_tkemenade 24099287819 40321 1119

1721163982.8714228 62840460
cloud0_tkemenade 24099287819 40421 1119

1721163982.9720042 62840471
cloud0_tkemenade 24102183677 40432 1119

1721163983.9745011 62840572
cloud0_tkemenade 24102183677 40532 1119

1721163984.9769995 62840673
cloud0_tkemenade 24102183677 40632 1119

1721163985.9794748 62840774
cloud0_tkemenade 24102183677 40732 1119

1721163986.981947 62840875
cloud0_tkemenade 24102183677 40832 1119

1721163987.9844277 62840977
cloud0_tkemenade 24102183677 40933 1119

1721163988.9868755 62841077
cloud0_tkemenade 24102183677 41033 1119

1721163989.9893403 62841185
cloud0_tkemenade 24105059213 41133 1119

1721163990.9918404 62841286
cloud0_tkemenade 24105059213 41234 1119

1721163991.9942894 62841396
cloud0_tkemenade 24105059213 41334 1119

1721163992.9968672 62841510
cloud0_tkemenade 24105059213 41434 1119

1721163993.999315 62841610
cloud0_tkemenade 24105059213 41535 1119

1721163995.0017629 62841711
cloud0_tkemenade 24105059213 41635 1119

1721163996.004171 62841813
cloud0_tkemenade 24105059213 41735 1119

1721163997.006572 62841918
cloud0_tkemenade 24107924211 41835 1119

1721163998.0090778 62842018
cloud0_tkemenade 24107924211 41936 1119

1721163999.0115094 62842119
cloud0_tkemenade 24107924211 42036 1119

1721164000.013913 62842222
cloud0_tkemenade 24107924211 42136 1119

1721164001.016418 62842324
cloud0_tkemenade 24107924211 42236 1119

1721164002.018879 62842435
cloud0_tkemenade 24107924211 42337 1119

1721164003.0213988 62842539
cloud0_tkemenade 24107924211 42437 1119

1721164004.023866 62842640
cloud0_tkemenade 24107924211 42537 1119

1721164004.1244543 62842656
cloud0_tkemenade 24110834555 42547 1119

1721164005.1269093 62842756
cloud0_tkemenade 24110834555 42648 1119

1721164006.1293454 62842857
cloud0_tkemenade 24110834555 42748 1119

1721164007.1317813 62842957
cloud0_tkemenade 24110834555 42848 1119

1721164008.1341033 62843058
cloud0_tkemenade 24110834555 42949 1119

1721164009.1365044 62843158
cloud0_tkemenade 24110834555 43049 1119

1721164010.1388607 62843261
cloud0_tkemenade 24110834555 43149 1119

1721164011.1412747 62843365
cloud0_tkemenade 24113892366 43249 1119

1721164012.1439312 62843484
cloud0_tkemenade 24113892366 43349 1119

1721164013.1464088 62843588
cloud0_tkemenade 24113892366 43450 1119

1721164014.1487544 62843691
cloud0_tkemenade 24113892366 43550 1119

1721164015.151185 62843791
cloud0_tkemenade 24113892366 43650 1119

1721164016.1536026 62843891
cloud0_tkemenade 24113892366 43750 1119

1721164017.1560469 62843991
cloud0_tkemenade 24113892366 43850 1119

1721164018.158415 62844095
cloud0_tkemenade 24116871571 43951 1119

1721164019.1608899 62844195
cloud0_tkemenade 24116871571 44051 1119

1721164020.1633573 62844298
cloud0_tkemenade 24116871571 44151 1119

1721164021.165811 62844398
cloud0_tkemenade 24116871571 44251 1119

1721164022.1682093 62844511
cloud0_tkemenade 24116871571 44352 1119

1721164023.1706026 62844613
cloud0_tkemenade 24116871571 44452 1119

1721164024.172929 62844713
cloud0_tkemenade 24116871571 44552 1119

1721164025.1753762 62844815
cloud0_tkemenade 24116871571 44652 1119

1721164025.27586 62844830
cloud0_tkemenade 24119820695 44662 1119

1721164026.2776992 62844930
cloud0_tkemenade 24119820695 44762 1119

1721164027.2799425 62845030
cloud0_tkemenade 24119820695 44863 1119

1721164028.2819858 62845133
cloud0_tkemenade 24119820695 44963 1119

1721164029.2840784 62845234
cloud0_tkemenade 24119820695 45063 1119

1721164030.2863967 62845337
cloud0_tkemenade 24119820695 45164 1119

1721164031.288799 62845439
cloud0_tkemenade 24119820695 45264 1119

1721164032.2909515 62845548
cloud0_tkemenade 24122777708 45364 1119

1721164033.2932935 62845651
cloud0_tkemenade 24122777708 45464 1119

1721164034.2957299 62845752
cloud0_tkemenade 24122777708 45565 1119

1721164035.2981794 62845853
cloud0_tkemenade 24122777708 45665 1119

1721164036.300576 62845955
cloud0_tkemenade 24122777708 45765 1119

1721164037.3030343 62846055
cloud0_tkemenade 24122777708 45866 1119

1721164038.3054283 62846155
cloud0_tkemenade 24122777708 45966 1119

1721164039.307801 62846257
cloud0_tkemenade 24122777708 46066 1119

1721164039.4084127 62846268
cloud0_tkemenade 24125667161 46076 1119

1721164040.4108782 62846371
cloud0_tkemenade 24125667161 46176 1119

1721164041.413384 62846472
cloud0_tkemenade 24125667161 46276 1119

1721164042.4158366 62846573
cloud0_tkemenade 24125667161 46377 1119

1721164043.4183383 62846687
cloud0_tkemenade 24125667161 46477 1119

1721164044.4207618 62846788
cloud0_tkemenade 24125667161 46577 1119

1721164045.4232135 62846888
cloud0_tkemenade 24125667161 46678 1119

1721164046.3254347 62846986
cloud0_tkemenade 24128594414 46768 1119

1721164047.3279123 62847087
cloud0_tkemenade 24128594414 46868 1119

1721164048.330357 62847187
cloud0_tkemenade 24128594414 46969 1119

1721164049.3327749 62847292
cloud0_tkemenade 24128594414 47069 1119

1721164050.335199 62847394
cloud0_tkemenade 24128594414 47169 1119

1721164051.3376276 62847494
cloud0_tkemenade 24128594414 47269 1119

1721164052.3400435 62847595
cloud0_tkemenade 24128594414 47370 1119

1721164053.3424106 62847713
cloud0_tkemenade 24131499992 47470 1119

1721164054.3448956 62847813
cloud0_tkemenade 24131499992 47570 1119

1721164055.34733 62847913
cloud0_tkemenade 24131499992 47670 1119

1721164056.3497536 62848013
cloud0_tkemenade 24131499992 47770 1119

1721164057.3522072 62848114
cloud0_tkemenade 24131499992 47871 1119

1721164058.3546429 62848215
cloud0_tkemenade 24131499992 47971 1119

1721164059.35708 62848315
cloud0_tkemenade 24131499992 48071 1119

1721164060.359574 62848425
cloud0_tkemenade 24131499992 48172 1119

1721164060.560412 62848449
cloud0_tkemenade 24134359649 48192 1119

1721164061.5628304 62848550
cloud0_tkemenade 24134359649 48292 1119

1721164062.565228 62848651
cloud0_tkemenade 24134359649 48392 1119

1721164063.5677063 62848767
cloud0_tkemenade 24134359649 48493 1119

1721164064.5702126 62848868
cloud0_tkemenade 24134359649 48593 1119

1721164065.572626 62848969
cloud0_tkemenade 24134359649 48693 1119

1721164066.575015 62849069
cloud0_tkemenade 24134359649 48794 1119

1721164067.57752 62849173
cloud0_tkemenade 24137246079 48894 1119

1721164068.5800817 62849274
cloud0_tkemenade 24137246079 48994 1119

1721164069.5825465 62849376
cloud0_tkemenade 24137246079 49094 1119

1721164070.5849724 62849477
cloud0_tkemenade 24137246079 49195 1119

1721164071.5873992 62849578
cloud0_tkemenade 24137246079 49295 1119

1721164072.589802 62849679
cloud0_tkemenade 24137246079 49395 1119

1721164073.5921361 62849793
cloud0_tkemenade 24137246079 49496 1119

1721164074.5945675 62849897
cloud0_tkemenade 24140121791 49596 1119

1721164075.5970562 62849997
cloud0_tkemenade 24140121791 49696 1119

1721164076.5994115 62850099
cloud0_tkemenade 24140121791 49797 1119

1721164077.6018524 62850199
cloud0_tkemenade 24140121791 49897 1119

1721164078.604277 62850299
cloud0_tkemenade 24140121791 49997 1119

1721164079.6066046 62850401
cloud0_tkemenade 24140121791 50098 1119

1721164080.6089494 62850503
cloud0_tkemenade 24140121791 50198 1119

1721164081.6113193 62850604
cloud0_tkemenade 24140121791 50298 1119

1721164081.812071 62850627
cloud0_tkemenade 24143018436 50318 1119

1721164082.8144038 62850728
cloud0_tkemenade 24143018436 50418 1119

1721164083.8168187 62850845
cloud0_tkemenade 24143018436 50519 1119

1721164084.8193564 62850945
cloud0_tkemenade 24143018436 50619 1119

1721164085.8217857 62851045
cloud0_tkemenade 24143018436 50719 1119

1721164086.8242233 62851146
cloud0_tkemenade 24143018436 50819 1119

1721164087.8266206 62851252
cloud0_tkemenade 24143018436 50920 1119

1721164088.7287936 62851345
cloud0_tkemenade 24145894642 51010 1119

1721164089.7311208 62851446
cloud0_tkemenade 24145894642 51110 1119

1721164090.7335367 62851555
cloud0_tkemenade 24145894642 51210 1119

1721164091.736018 62851655
cloud0_tkemenade 24145894642 51311 1119

1721164092.738442 62851757
cloud0_tkemenade 24145894642 51411 1119

1721164093.7409034 62851873
cloud0_tkemenade 24145894642 51511 1119

1721164094.743481 62851978
cloud0_tkemenade 24145894642 51612 1119

1721164095.745985 62852079
cloud0_tkemenade 24145894642 51712 1119

1721164095.8465345 62852093
cloud0_tkemenade 24148762798 51722 1119

1721164096.8489766 62852194
cloud0_tkemenade 24148762798 51822 1119

1721164097.8514152 62852295
cloud0_tkemenade 24148762798 51922 1119

1721164098.8538494 62852395
cloud0_tkemenade 24148762798 52022 1119

1721164099.8562407 62852496
cloud0_tkemenade 24148762798 52123 1119

1721164100.8586204 62852598
cloud0_tkemenade 24148762798 52223 1119

1721164101.8610585 62852698
cloud0_tkemenade 24148762798 52323 1119

1721164102.8635018 62852799
cloud0_tkemenade 24148762798 52424 1119

1721164102.9640784 62852812
cloud0_tkemenade 24151632087 52434 1119

1721164103.9665127 62852922
cloud0_tkemenade 24151632087 52534 1119

1721164104.968863 62853025
cloud0_tkemenade 24151632087 52634 1119

1721164105.971372 62853125
cloud0_tkemenade 24151632087 52735 1119

1721164106.9737976 62853226
cloud0_tkemenade 24151632087 52835 1119

1721164107.9762406 62853327
cloud0_tkemenade 24151632087 52935 1119

1721164108.978592 62853427
cloud0_tkemenade 24151632087 53036 1119

1721164109.9807954 62853535
cloud0_tkemenade 24154648525 53136 1119

1721164110.9832962 62853637
cloud0_tkemenade 24154648525 53236 1119

1721164111.985717 62853738
cloud0_tkemenade 24154648525 53336 1119

1721164112.988021 62853852
cloud0_tkemenade 24154648525 53436 1119

1721164113.9904964 62853952
cloud0_tkemenade 24154648525 53537 1119

1721164114.992971 62854061
cloud0_tkemenade 24154648525 53637 1119

1721164115.9954894 62854161
cloud0_tkemenade 24154648525 53737 1119

1721164116.9993181 62854265
cloud0_tkemenade 24154648525 53838 1119

1721164117.09993 62854279
cloud0_tkemenade 24157541484 53848 1119

1721164118.1024013 62854379
cloud0_tkemenade 24157541484 53948 1119

1721164119.1048636 62854479
cloud0_tkemenade 24157541484 54048 1119

1721164120.1073048 62854589
cloud0_tkemenade 24157541484 54149 1119

1721164121.1097744 62854689
cloud0_tkemenade 24157541484 54249 1119

1721164122.1121776 62854790
cloud0_tkemenade 24157541484 54349 1119

1721164123.1146195 62854894
cloud0_tkemenade 24157541484 54450 1119

1721164124.1170704 62854996
cloud0_tkemenade 24160405372 54550 1119

1721164125.1196103 62855105
cloud0_tkemenade 24160405372 54650 1119

1721164126.1221573 62855208
cloud0_tkemenade 24160405372 54751 1119

1721164127.1246252 62855309
cloud0_tkemenade 24160405372 54851 1119

1721164128.1270106 62855411
cloud0_tkemenade 24160405372 54951 1119

1721164129.1294308 62855511
cloud0_tkemenade 24160405372 55051 1119

1721164130.1318626 62855615
cloud0_tkemenade 24160405372 55151 1119

1721164131.0341003 62855708
cloud0_tkemenade 24163283086 55242 1119

1721164132.0365624 62855809
cloud0_tkemenade 24163283086 55342 1119

1721164133.0389555 62855910
cloud0_tkemenade 24163283086 55442 1119

1721164134.0414157 62856011
cloud0_tkemenade 24163283086 55542 1119

1721164135.0439084 62856128
cloud0_tkemenade 24163283086 55643 1119

1721164136.0464404 62856230
cloud0_tkemenade 24163283086 55743 1119

1721164137.0488534 62856331
cloud0_tkemenade 24163283086 55843 1119

1721164138.0512722 62856431
cloud0_tkemenade 24163283086 55944 1119

1721164138.25205 62856457
cloud0_tkemenade 24166168393 55964 1119

1721164139.254214 62856557
cloud0_tkemenade 24166168393 56064 1119

1721164140.2567322 62856661
cloud0_tkemenade 24166168393 56164 1119

1721164141.2591183 62856762
cloud0_tkemenade 24166168393 56264 1119

1721164142.261544 62856863
cloud0_tkemenade 24166168393 56365 1119

1721164143.2635674 62856964
cloud0_tkemenade 24166168393 56465 1119

1721164144.2658668 62857065
cloud0_tkemenade 24166168393 56565 1119

1721164145.2678375 62857177
cloud0_tkemenade 24169038040 56665 1119

1721164146.2703855 62857278
cloud0_tkemenade 24169038040 56766 1119

1721164147.2727833 62857379
cloud0_tkemenade 24169038040 56866 1119

1721164148.2752233 62857480
cloud0_tkemenade 24169038040 56966 1119

1721164149.2776463 62857580
cloud0_tkemenade 24169038040 57066 1119

1721164150.2800972 62857684
cloud0_tkemenade 24169038040 57167 1119

1721164151.2825646 62857785
cloud0_tkemenade 24169038040 57267 1119

1721164152.284987 62857890
cloud0_tkemenade 24171907803 57367 1119

1721164153.2874768 62857992
cloud0_tkemenade 24171907803 57467 1119

1721164154.2899108 62858093
cloud0_tkemenade 24171907803 57567 1119

1721164155.2923827 62858202
cloud0_tkemenade 24171907803 57668 1119

1721164156.2949066 62858303
cloud0_tkemenade 24171907803 57768 1119

1721164157.2973742 62858403
cloud0_tkemenade 24171907803 57868 1119

1721164158.2998254 62858504
cloud0_tkemenade 24171907803 57969 1119

1721164159.3021033 62858607
cloud0_tkemenade 24171907803 58069 1119

1721164159.4027026 62858619
cloud0_tkemenade 24174815258 58079 1119

1721164160.4051046 62858721
cloud0_tkemenade 24174815258 58179 1119

1721164161.407552 62858821
cloud0_tkemenade 24174815258 58280 1119

1721164162.4099503 62858921
cloud0_tkemenade 24174815258 58380 1119

1721164163.4124134 62859023
cloud0_tkemenade 24174815258 58480 1119

1721164164.4148357 62859124
cloud0_tkemenade 24174815258 58580 1119

1721164165.4172816 62859226
cloud0_tkemenade 24174815258 58681 1119

1721164166.4198093 62859341
cloud0_tkemenade 24174815258 58781 1119

1721164166.5204768 62859351
cloud0_tkemenade 24177698869 58791 1119

1721164167.5229003 62859451
cloud0_tkemenade 24177698869 58891 1119

1721164168.5253236 62859555
cloud0_tkemenade 24177698869 58991 1119

1721164169.527458 62859655
cloud0_tkemenade 24177698869 59092 1119

1721164170.529893 62859764
cloud0_tkemenade 24177698869 59192 1119

1721164171.5324385 62859865
cloud0_tkemenade 24177698869 59292 1119

1721164172.5348606 62859966
cloud0_tkemenade 24177698869 59392 1119

1721164173.5372953 62860069
cloud0_tkemenade 24180564184 59492 1119

1721164174.539795 62860170
cloud0_tkemenade 24180564184 59593 1119

1721164175.5422142 62860271
cloud0_tkemenade 24180564184 59693 1119

1721164176.5446162 62860383
cloud0_tkemenade 24180564184 59793 1119

1721164177.547142 62860484
cloud0_tkemenade 24180564184 59894 1119

1721164178.549554 62860585
cloud0_tkemenade 24180564184 59994 1119

1721164179.5519893 62860685
cloud0_tkemenade 24180564184 60094 1119

1721164180.554428 62860796
cloud0_tkemenade 24183443259 60195 1119

1721164181.5569062 62860900
cloud0_tkemenade 24183443259 60295 1119

1721164182.5593677 62861001
cloud0_tkemenade 24183443259 60395 1119

1721164183.5617874 62861102
cloud0_tkemenade 24183443259 60495 1119

1721164184.5642116 62861203
cloud0_tkemenade 24183443259 60595 1119

1721164185.5666447 62861304
cloud0_tkemenade 24183443259 60696 1119

1721164186.5690506 62861421
cloud0_tkemenade 24183443259 60796 1119

1721164187.5715816 62861525
cloud0_tkemenade 24186312581 60896 1119

1721164188.5740583 62861625
cloud0_tkemenade 24186312581 60997 1119

1721164189.5765104 62861726
cloud0_tkemenade 24186312581 61097 1119

1721164190.5789628 62861828
cloud0_tkemenade 24186312581 61197 1119

1721164191.5814178 62861928
cloud0_tkemenade 24186312581 61297 1119

1721164192.583842 62862029
cloud0_tkemenade 24186312581 61398 1119

1721164193.5862637 62862130
cloud0_tkemenade 24186312581 61498 1119

1721164194.588702 62862231
cloud0_tkemenade 24186312581 61598 1119

1721164194.6892836 62862248
cloud0_tkemenade 24189162576 61608 1119

1721164195.6917412 62862350
cloud0_tkemenade 24189162576 61709 1119

1721164196.6942198 62862463
cloud0_tkemenade 24189162576 61809 1119

1721164197.6967828 62862565
cloud0_tkemenade 24189162576 61909 1119

1721164198.699255 62862665
cloud0_tkemenade 24189162576 62009 1119

1721164199.7016683 62862765
cloud0_tkemenade 24189162576 62109 1119

1721164200.704097 62862869
cloud0_tkemenade 24189162576 62210 1119

1721164201.70643 62862972
cloud0_tkemenade 24192078257 62310 1119

1721164202.7089226 62863073
cloud0_tkemenade 24192078257 62410 1119

1721164203.711313 62863173
cloud0_tkemenade 24192078257 62511 1119

1721164204.7137494 62863274
cloud0_tkemenade 24192078257 62611 1119

1721164205.7161088 62863375
cloud0_tkemenade 24192078257 62711 1119

1721164206.7185934 62863485
cloud0_tkemenade 24192078257 62811 1119

1721164207.7211082 62863585
cloud0_tkemenade 24192078257 62912 1119

1721164208.6232533 62863687
cloud0_tkemenade 24194940330 63002 1119

1721164209.625749 62863788
cloud0_tkemenade 24194940330 63101 1120

1721164210.6281495 62863892
cloud0_tkemenade 24194940330 63202 1120

1721164211.630587 62863993
cloud0_tkemenade 24194940330 63302 1120

1721164212.6330104 62864094
cloud0_tkemenade 24194940330 63402 1120

1721164213.6353383 62864195
cloud0_tkemenade 24194940330 63502 1120

1721164214.6377573 62864295
cloud0_tkemenade 24194940330 63602 1120

1721164215.6400921 62864397
cloud0_tkemenade 24194940330 63702 1120

1721164215.7406573 62864410
cloud0_tkemenade 24197791050 63712 1120

1721164216.7430825 62864518
cloud0_tkemenade 24197791050 63813 1120

1721164217.745456 62864619
cloud0_tkemenade 24197791050 63913 1120

1721164218.747943 62864719
cloud0_tkemenade 24197791050 64013 1120

1721164219.7503583 62864820
cloud0_tkemenade 24197791050 64114 1120

1721164220.7527318 62864922
cloud0_tkemenade 24197791050 64214 1120

1721164221.7551267 62865023
cloud0_tkemenade 24197791050 64314 1120

1721164222.757553 62865127
cloud0_tkemenade 24200662484 64414 1120

1721164223.7599838 62865227
cloud0_tkemenade 24200662484 64514 1121

1721164224.7623982 62865328
cloud0_tkemenade 24200662484 64614 1121

1721164225.764797 62865430
cloud0_tkemenade 24200662484 64714 1121

1721164226.7671907 62865531
cloud0_tkemenade 24200662484 64815 1121

1721164227.7694805 62865648
cloud0_tkemenade 24200662484 64915 1121

1721164228.7719932 62865748
cloud0_tkemenade 24200662484 65015 1121

1721164229.7744343 62865856
cloud0_tkemenade 24203586316 65116 1121

1721164230.7768617 62865958
cloud0_tkemenade 24203586316 65216 1121

1721164231.7792811 62866058
cloud0_tkemenade 24203586316 65316 1121

1721164232.7817013 62866172
cloud0_tkemenade 24203586316 65416 1121

1721164233.7840922 62866273
cloud0_tkemenade 24203586316 65517 1121

1721164234.786541 62866373
cloud0_tkemenade 24203586316 65617 1121

1721164235.7889688 62866474
cloud0_tkemenade 24203586316 65717 1121

1721164236.7913945 62866575
cloud0_tkemenade 24203586316 65817 1121

1721164236.8919673 62866587
cloud0_tkemenade 24206586880 65827 1121

1721164237.8944328 62866705
cloud0_tkemenade 24206586880 65928 1121

1721164238.897018 62866806
cloud0_tkemenade 24206586880 66028 1121

1721164239.899441 62866916
cloud0_tkemenade 24206586880 66128 1121

1721164240.9019427 62867017
cloud0_tkemenade 24206586880 66228 1121

1721164241.9043648 62867119
cloud0_tkemenade 24206586880 66329 1121

1721164242.9068081 62867223
cloud0_tkemenade 24206586880 66429 1121

1721164243.9092498 62867330
cloud0_tkemenade 24209453642 66529 1121

1721164244.9117258 62867430
cloud0_tkemenade 24209453642 66630 1121

1721164245.914167 62867531
cloud0_tkemenade 24209453642 66730 1121

1721164246.916601 62867631
cloud0_tkemenade 24209453642 66830 1121

1721164247.9190683 62867742
cloud0_tkemenade 24209453642 66930 1121

1721164248.9215183 62867844
cloud0_tkemenade 24209453642 67030 1121

1721164249.9238975 62867945
cloud0_tkemenade 24209453642 67131 1121

1721164250.926375 62868057
cloud0_tkemenade 24212323616 67231 1121

1721164251.9288847 62868157
cloud0_tkemenade 24212323616 67331 1121

1721164252.931326 62868257
cloud0_tkemenade 24212323616 67431 1121

1721164253.933755 62868357
cloud0_tkemenade 24212323616 67531 1121

1721164254.9361947 62868458
cloud0_tkemenade 24212323616 67632 1121

1721164255.938651 62868561
cloud0_tkemenade 24212323616 67732 1121

1721164256.9411268 62868661
cloud0_tkemenade 24212323616 67832 1121

1721164257.9434607 62868774
cloud0_tkemenade 24215189052 67932 1121

1721164258.9459505 62868873
cloud0_tkemenade 24215189052 68032 1121

1721164259.9484632 62868975
cloud0_tkemenade 24215189052 68133 1121

1721164260.950894 62869077
cloud0_tkemenade 24215189052 68233 1121

1721164261.953329 62869177
cloud0_tkemenade 24215189052 68333 1121

1721164262.9557884 62869278
cloud0_tkemenade 24215189052 68433 1121

1721164263.9582167 62869379
cloud0_tkemenade 24215189052 68534 1121

1721164264.9606686 62869483
cloud0_tkemenade 24218054365 68634 1121

1721164265.963168 62869584
cloud0_tkemenade 24218054365 68734 1121

1721164266.9656184 62869685
cloud0_tkemenade 24218054365 68835 1121

1721164267.967962 62869793
cloud0_tkemenade 24218054365 68935 1121

1721164268.9703588 62869896
cloud0_tkemenade 24218054365 69035 1121

1721164269.9728582 62870005
cloud0_tkemenade 24218054365 69135 1121

1721164270.9753163 62870106
cloud0_tkemenade 24218054365 69236 1121

1721164271.9776645 62870206
cloud0_tkemenade 24218054365 69336 1121

1721164272.0782516 62870220
cloud0_tkemenade 24220919136 69346 1121

