1717338443.9725425 340059458
cloud_controller_tkemenade 7658636108 18607 4018
cloud0_tkemenade 19224394726 15024 2904

1717338444.9753163 340059668
cloud_controller_tkemenade 7658636108 18650 4029

1717338444.9759002 340059668
cloud0_tkemenade 19224394726 15081 2912

1717338445.9785624 340059837
cloud_controller_tkemenade 7658636108 18672 4040

1717338445.9791017 340059837
cloud0_tkemenade 19224394726 15117 2927

1717338446.9819274 340059984
cloud_controller_tkemenade 7658636108 18705 4050

1717338446.982527 340059984
cloud0_tkemenade 19224394726 15165 2940

1717338447.9852574 340060153
cloud_controller_tkemenade 7658636108 18725 4061

1717338447.9858832 340060153
cloud0_tkemenade 19224394726 15218 2952

1717338448.9908185 340060340
cloud_controller_tkemenade 7658636108 18765 4073

1717338448.9914558 340060340
cloud0_tkemenade 19224394726 15253 2960

1717338449.994274 340060610
cloud_controller_tkemenade 7658636108 18827 4087

1717338449.9946327 340060610
cloud0_tkemenade 19224394726 15334 2981

1717338450.996904 340060988
cloud_controller_tkemenade 7658636108 18861 4106

1717338450.9972825 340060990
cloud0_tkemenade 19224394726 15412 2988

1717338452.0010073 340061222
cloud_controller_tkemenade 7658636108 18918 4124

1717338452.0015843 340061222
cloud0_tkemenade 19224394726 15463 2994

1717338453.0042005 340061436
cloud_controller_tkemenade 7658636108 18992 4140

1717338453.0047016 340061436
cloud0_tkemenade 19224394726 15517 3004

1717338454.0072813 340061598
cloud_controller_tkemenade 7658636108 19019 4150

1717338454.0079007 340061598
cloud0_tkemenade 19224394726 15553 3011

1717338455.0105426 340061782
cloud_controller_tkemenade 7658636108 19062 4162

1717338455.0111763 340061782
cloud0_tkemenade 19224394726 15608 3017

1717338456.0137413 340061975
cloud_controller_tkemenade 7658636108 19093 4177

1717338456.0142822 340061975
cloud0_tkemenade 19224394726 15709 3027

1717338457.017081 340062137
cloud_controller_tkemenade 7658636108 19116 4183

1717338457.017694 340062137
cloud0_tkemenade 19224394726 15747 3036

1717338458.0201628 340062292
cloud_controller_tkemenade 7658636108 19135 4192

1717338458.0207412 340062292
cloud0_tkemenade 19224394726 15795 3045

1717338458.3215227 340062355
cloud_controller_tkemenade 7660261051 19151 4198

1717338458.3221805 340062355
cloud0_tkemenade 19226388354 15811 3047

1717338459.3247666 340062524
cloud_controller_tkemenade 7660261051 19175 4211

1717338459.3253577 340062527
cloud0_tkemenade 19226388354 15841 3050

1717338460.327985 340062710
cloud_controller_tkemenade 7660261051 19212 4221

1717338460.3285441 340062710
cloud0_tkemenade 19226388354 15887 3058

1717338461.330885 340063077
cloud_controller_tkemenade 7660261051 19244 4239

1717338461.3313918 340063077
cloud0_tkemenade 19226388354 15909 3065

1717338462.3338492 340063217
cloud_controller_tkemenade 7660261051 19265 4246

1717338462.3344114 340063217
cloud0_tkemenade 19226388354 15938 3068

1717338463.336958 340063382
cloud_controller_tkemenade 7660261051 19299 4266

1717338463.3375468 340063382
cloud0_tkemenade 19226388354 15971 3074

1717338464.3401346 340063603
cloud_controller_tkemenade 7660261051 19328 4279

1717338464.3406904 340063603
cloud0_tkemenade 19226388354 16049 3082

1717338465.3430984 340063814
cloud_controller_tkemenade 7661765569 19373 4292

1717338465.3436515 340063814
cloud0_tkemenade 19228146702 16135 3101

1717338466.3461518 340063937
cloud_controller_tkemenade 7661765569 19399 4301

1717338466.3466961 340063937
cloud0_tkemenade 19228146702 16164 3108

1717338467.3492703 340064095
cloud_controller_tkemenade 7661765569 19425 4314

1717338467.3498218 340064095
cloud0_tkemenade 19228146702 16191 3118

1717338468.3524227 340064265
cloud_controller_tkemenade 7661765569 19468 4332

1717338468.3529787 340064265
cloud0_tkemenade 19228146702 16246 3128

1717338469.3555686 340064420
cloud_controller_tkemenade 7661765569 19499 4347

1717338469.3561392 340064420
cloud0_tkemenade 19228146702 16275 3135

1717338470.3583498 340064605
cloud_controller_tkemenade 7661765569 19527 4357

1717338470.3587263 340064605
cloud0_tkemenade 19228146702 16310 3145

1717338471.360956 340064935
cloud_controller_tkemenade 7661765569 19563 4370

1717338471.3613172 340064936
cloud0_tkemenade 19228146702 16327 3149

1717338472.3634758 340065150
cloud_controller_tkemenade 7661765569 19597 4380

1717338472.3638492 340065150
cloud0_tkemenade 19228146702 16365 3156

1717338472.564371 340065178
cloud_controller_tkemenade 7663171171 19600 4381

1717338472.5647514 340065178
cloud0_tkemenade 19229489634 16372 3157

1717338473.566931 340065335
cloud_controller_tkemenade 7663171171 19630 4392

1717338473.5674865 340065335
cloud0_tkemenade 19229489634 16410 3166

1717338474.5700831 340065506
cloud_controller_tkemenade 7663171171 19657 4404

1717338474.5706582 340065506
cloud0_tkemenade 19229489634 16457 3176

1717338475.5734093 340065679
cloud_controller_tkemenade 7663171171 19694 4418

1717338475.5739677 340065679
cloud0_tkemenade 19229489634 16501 3185

1717338476.576455 340065885
cloud_controller_tkemenade 7663171171 19744 4437

1717338476.577016 340065885
cloud0_tkemenade 19229489634 16588 3208

1717338477.579399 340066154
cloud_controller_tkemenade 7663171171 19777 4451

1717338477.5797498 340066154
cloud0_tkemenade 19229489634 16707 3223

1717338478.5821471 340066325
cloud_controller_tkemenade 7663171171 19803 4458

1717338478.582691 340066325
cloud0_tkemenade 19229489634 16760 3235

1717338479.5851967 340066482
cloud_controller_tkemenade 7663171171 19836 4473

1717338479.5857618 340066482
cloud0_tkemenade 19229489634 16794 3240

1717338479.7864487 340066546
cloud_controller_tkemenade 7664627361 19850 4476

1717338479.7869713 340066546
cloud0_tkemenade 19231721878 16827 3242

1717338480.7892401 340066874
cloud_controller_tkemenade 7664627361 19891 4489

1717338480.7897918 340066874
cloud0_tkemenade 19231721878 16863 3249

1717338481.7923203 340067104
cloud_controller_tkemenade 7664627361 19934 4507

1717338481.7928762 340067104
cloud0_tkemenade 19231721878 16891 3257

1717338482.7955625 340067288
cloud_controller_tkemenade 7664627361 19965 4517

1717338482.7959023 340067288
cloud0_tkemenade 19231721878 16923 3268

1717338483.7981048 340067437
cloud_controller_tkemenade 7664627361 19990 4528

1717338483.7986653 340067437
cloud0_tkemenade 19231721878 16938 3272

1717338484.8013797 340067613
cloud_controller_tkemenade 7664627361 20019 4540

1717338484.8019354 340067613
cloud0_tkemenade 19231721878 16984 3279

1717338485.804485 340067762
cloud_controller_tkemenade 7664627361 20059 4551

1717338485.805043 340067762
cloud0_tkemenade 19231721878 17006 3283

1717338486.8075182 340067873
cloud_controller_tkemenade 7664627361 20079 4560

1717338486.8079686 340067873
cloud0_tkemenade 19231721878 17032 3291

1717338486.9083998 340067884
cloud_controller_tkemenade 7666105019 20080 4562

1717338486.9089377 340067884
cloud0_tkemenade 19233004630 17035 3291

1717338487.911414 340068035
cloud_controller_tkemenade 7666105019 20105 4570

1717338487.9119606 340068035
cloud0_tkemenade 19233004630 17049 3294

1717338488.9145436 340068178
cloud_controller_tkemenade 7666105019 20134 4578

1717338488.91511 340068178
cloud0_tkemenade 19233004630 17090 3301

1717338489.9177291 340068327
cloud_controller_tkemenade 7666105019 20167 4593

1717338489.9182951 340068327
cloud0_tkemenade 19233004630 17124 3308

1717338490.9209166 340068628
cloud_controller_tkemenade 7666105019 20191 4602

1717338490.921557 340068628
cloud0_tkemenade 19233004630 17150 3313

1717338491.924216 340068847
cloud_controller_tkemenade 7666105019 20227 4618

1717338491.924761 340068847
cloud0_tkemenade 19233004630 17180 3321

1717338492.9273462 340069007
cloud_controller_tkemenade 7666105019 20243 4638

1717338492.9279125 340069007
cloud0_tkemenade 19233004630 17199 3325

1717338493.9303093 340069171
cloud_controller_tkemenade 7666105019 20266 4649

1717338493.9308581 340069171
cloud0_tkemenade 19233004630 17240 3332

1717338494.131541 340069226
cloud_controller_tkemenade 7667347869 20272 4651

1717338494.1321094 340069226
cloud0_tkemenade 19234153932 17253 3335

1717338495.13457 340069425
cloud_controller_tkemenade 7667347869 20314 4670

1717338495.1352081 340069425
cloud0_tkemenade 19234153932 17309 3342

1717338496.1377196 340069566
cloud_controller_tkemenade 7667347869 20352 4680

1717338496.1382613 340069566
cloud0_tkemenade 19234153932 17337 3351

1717338497.1410203 340069679
cloud_controller_tkemenade 7667347869 20377 4686

1717338497.141591 340069679
cloud0_tkemenade 19234153932 17360 3359

1717338498.1442444 340069860
cloud_controller_tkemenade 7667347869 20413 4698

1717338498.1448083 340069860
cloud0_tkemenade 19234153932 17393 3369

1717338499.1474211 340070044
cloud_controller_tkemenade 7667347869 20444 4709

1717338499.147986 340070044
cloud0_tkemenade 19234153932 17459 3376

1717338500.1502736 340070169
cloud_controller_tkemenade 7667347869 20473 4720

1717338500.1506197 340070169
cloud0_tkemenade 19234153932 17486 3383

1717338501.152949 340070522
cloud_controller_tkemenade 7668739406 20506 4727

1717338501.1535442 340070523
cloud0_tkemenade 19235522806 17500 3385

1717338502.155766 340070667
cloud_controller_tkemenade 7668739406 20550 4737

1717338502.1563332 340070667
cloud0_tkemenade 19235522806 17524 3393

1717338503.158769 340070814
cloud_controller_tkemenade 7668739406 20578 4749

1717338503.1593733 340070814
cloud0_tkemenade 19235522806 17544 3400

1717338504.1618705 340070951
cloud_controller_tkemenade 7668739406 20599 4759

1717338504.1624343 340070951
cloud0_tkemenade 19235522806 17563 3405

1717338505.1650383 340071124
cloud_controller_tkemenade 7668739406 20630 4772

1717338505.165645 340071124
cloud0_tkemenade 19235522806 17601 3414

1717338506.1682389 340071304
cloud_controller_tkemenade 7668739406 20679 4784

1717338506.1687691 340071304
cloud0_tkemenade 19235522806 17668 3427

1717338507.171246 340071474
cloud_controller_tkemenade 7668739406 20721 4797

1717338507.1718054 340071474
cloud0_tkemenade 19235522806 17727 3443

1717338508.1742296 340071670
cloud_controller_tkemenade 7668739406 20751 4810

1717338508.1746106 340071670
cloud0_tkemenade 19235522806 17761 3463

1717338508.275028 340071687
cloud_controller_tkemenade 7670238191 20757 4811

1717338508.2755659 340071687
cloud0_tkemenade 19237052723 17763 3464

1717338509.2780306 340071836
cloud_controller_tkemenade 7670238191 20786 4822

1717338509.278588 340071836
cloud0_tkemenade 19237052723 17782 3470

1717338510.281204 340072007
cloud_controller_tkemenade 7670238191 20837 4836

1717338510.2815447 340072007
cloud0_tkemenade 19237052723 17824 3481

1717338511.2838173 340072369
cloud_controller_tkemenade 7670238191 20865 4850

1717338511.2843683 340072369
cloud0_tkemenade 19237052723 17842 3490

1717338512.286911 340072516
cloud_controller_tkemenade 7670238191 20914 4865

1717338512.2874813 340072516
cloud0_tkemenade 19237052723 17865 3496

1717338513.2901804 340072670
cloud_controller_tkemenade 7670238191 20948 4879

1717338513.2907302 340072670
cloud0_tkemenade 19237052723 17889 3512

1717338514.2933085 340072837
cloud_controller_tkemenade 7670238191 20971 4892

1717338514.2938485 340072837
cloud0_tkemenade 19237052723 17919 3521

1717338515.296269 340072997
cloud_controller_tkemenade 7670238191 21006 4908

1717338515.296818 340072997
cloud0_tkemenade 19237052723 17957 3527

1717338515.4974167 340073032
cloud_controller_tkemenade 7671845065 21014 4912

1717338515.4977605 340073032
cloud0_tkemenade 19238247694 17965 3527

1717338516.5000033 340073136
cloud_controller_tkemenade 7671845065 21037 4922

1717338516.5005481 340073136
cloud0_tkemenade 19238247694 17989 3542

1717338517.5029676 340073262
cloud_controller_tkemenade 7671845065 21065 4933

1717338517.5035193 340073262
cloud0_tkemenade 19238247694 18008 3546

1717338518.505735 340073448
cloud_controller_tkemenade 7671845065 21089 4944

1717338518.506301 340073448
cloud0_tkemenade 19238247694 18051 3565

1717338519.5089657 340073584
cloud_controller_tkemenade 7671845065 21109 4955

1717338519.5095575 340073584
cloud0_tkemenade 19238247694 18065 3568

1717338520.5119758 340073782
cloud_controller_tkemenade 7671845065 21142 4969

1717338520.5123217 340073782
cloud0_tkemenade 19238247694 18095 3575

1717338521.514573 340074099
cloud_controller_tkemenade 7671845065 21163 4979

1717338521.5151317 340074099
cloud0_tkemenade 19238247694 18115 3579

1717338522.517742 340074224
cloud_controller_tkemenade 7671845065 21201 4995

1717338522.5182889 340074224
cloud0_tkemenade 19238247694 18133 3585

1717338522.8191612 340074263
cloud_controller_tkemenade 7673091133 21208 4998

1717338522.8196917 340074263
cloud0_tkemenade 19239241063 18136 3586

1717338523.822279 340074451
cloud_controller_tkemenade 7673091133 21235 5011

1717338523.8228283 340074451
cloud0_tkemenade 19239241063 18178 3594

1717338524.825446 340074611
cloud_controller_tkemenade 7673091133 21262 5020

1717338524.826004 340074611
cloud0_tkemenade 19239241063 18206 3599

1717338525.8286173 340074790
cloud_controller_tkemenade 7673091133 21301 5034

1717338525.829171 340074792
cloud0_tkemenade 19239241063 18265 3611

1717338526.8316247 340074909
cloud_controller_tkemenade 7673091133 21325 5042

1717338526.8320813 340074909
cloud0_tkemenade 19239241063 18286 3622

1717338527.8342636 340075038
cloud_controller_tkemenade 7673091133 21354 5054

1717338527.834813 340075038
cloud0_tkemenade 19239241063 18298 3628

1717338528.837303 340075271
cloud_controller_tkemenade 7673091133 21401 5071

1717338528.8378778 340075271
cloud0_tkemenade 19239241063 18359 3639

1717338529.8402834 340075410
cloud_controller_tkemenade 7673091133 21427 5087

1717338529.8408487 340075410
cloud0_tkemenade 19239241063 18387 3642

1717338530.0414963 340075452
cloud_controller_tkemenade 7674443120 21430 5088

1717338530.0418634 340075452
cloud0_tkemenade 19240618967 18394 3644

1717338531.0439284 340075760
cloud_controller_tkemenade 7674443120 21452 5097

1717338531.0444891 340075760
cloud0_tkemenade 19240618967 18406 3648

1717338532.0468876 340075965
cloud_controller_tkemenade 7674443120 21491 5114

1717338532.0474527 340075965
cloud0_tkemenade 19240618967 18431 3654

1717338533.0499122 340076088
cloud_controller_tkemenade 7674443120 21519 5123

1717338533.0504527 340076088
cloud0_tkemenade 19240618967 18452 3660

1717338534.0530946 340076242
cloud_controller_tkemenade 7674443120 21546 5134

1717338534.053671 340076242
cloud0_tkemenade 19240618967 18464 3662

1717338535.056048 340076400
cloud_controller_tkemenade 7674443120 21569 5141

1717338535.0566134 340076400
cloud0_tkemenade 19240618967 18501 3668

1717338536.0589614 340076571
cloud_controller_tkemenade 7674443120 21609 5160

1717338536.0595145 340076571
cloud0_tkemenade 19240618967 18562 3683

1717338537.0619495 340076721
cloud_controller_tkemenade 7675785356 21642 5166

1717338537.062499 340076721
cloud0_tkemenade 19241906043 18619 3699

1717338538.0649693 340076866
cloud_controller_tkemenade 7675785356 21676 5179

1717338538.0653524 340076867
cloud0_tkemenade 19241906043 18634 3705

1717338539.0678246 340077070
cloud_controller_tkemenade 7675785356 21707 5188

1717338539.0683944 340077070
cloud0_tkemenade 19241906043 18665 3715

1717338540.070943 340077264
cloud_controller_tkemenade 7675785356 21754 5202

1717338540.0712998 340077264
cloud0_tkemenade 19241906043 18708 3724

1717338541.073591 340077605
cloud_controller_tkemenade 7675785356 21791 5213

1717338541.0741467 340077605
cloud0_tkemenade 19241906043 18724 3728

1717338542.0766807 340077806
cloud_controller_tkemenade 7675785356 21833 5227

1717338542.0772502 340077807
cloud0_tkemenade 19241906043 18753 3732

1717338543.0797832 340077921
cloud_controller_tkemenade 7675785356 21862 5236

1717338543.0803435 340077921
cloud0_tkemenade 19241906043 18769 3737

1717338544.0828063 340078062
cloud_controller_tkemenade 7675785356 21890 5249

1717338544.0833454 340078062
cloud0_tkemenade 19241906043 18782 3741

1717338544.183815 340078101
cloud_controller_tkemenade 7677283435 21894 5251

1717338544.1844168 340078101
cloud0_tkemenade 19242835573 18790 3742

1717338545.1870017 340078259
cloud_controller_tkemenade 7677283435 21922 5263

1717338545.1875758 340078259
cloud0_tkemenade 19242835573 18822 3747

1717338546.1901202 340078397
cloud_controller_tkemenade 7677283435 21959 5279

1717338546.190749 340078397
cloud0_tkemenade 19242835573 18847 3753

1717338547.1935222 340078498
cloud_controller_tkemenade 7677283435 21977 5293

1717338547.1940863 340078498
cloud0_tkemenade 19242835573 18867 3757

1717338548.1966443 340078646
cloud_controller_tkemenade 7677283435 22002 5305

1717338548.1972353 340078647
cloud0_tkemenade 19242835573 18879 3761

1717338549.1999178 340078818
cloud_controller_tkemenade 7677283435 22026 5318

1717338549.200486 340078818
cloud0_tkemenade 19242835573 18933 3770

1717338550.2029128 340078972
cloud_controller_tkemenade 7677283435 22083 5334

1717338550.2032542 340078972
cloud0_tkemenade 19242835573 18951 3774

1717338551.20543 340079317
cloud_controller_tkemenade 7677283435 22109 5342

1717338551.205751 340079317
cloud0_tkemenade 19242835573 18974 3780

1717338551.3060856 340079330
cloud_controller_tkemenade 7678711182 22110 5344

1717338551.3066304 340079330
cloud0_tkemenade 19243888079 18975 3780

1717338552.3089476 340079497
cloud_controller_tkemenade 7678711182 22152 5357

1717338552.3095462 340079498
cloud0_tkemenade 19243888079 18995 3785

1717338553.312263 340079631
cloud_controller_tkemenade 7678711182 22187 5373

1717338553.3128233 340079631
cloud0_tkemenade 19243888079 19015 3791

1717338554.3152387 340079817
cloud_controller_tkemenade 7678711182 22217 5391

1717338554.3157985 340079817
cloud0_tkemenade 19243888079 19058 3801

1717338555.3182185 340080024
cloud_controller_tkemenade 7678711182 22241 5401

1717338555.3187807 340080024
cloud0_tkemenade 19243888079 19117 3812

1717338556.3212862 340080183
cloud_controller_tkemenade 7678711182 22289 5417

1717338556.3218539 340080183
cloud0_tkemenade 19243888079 19140 3818

1717338557.3244503 340080309
cloud_controller_tkemenade 7678711182 22308 5426

1717338557.3250093 340080309
cloud0_tkemenade 19243888079 19158 3820

1717338558.3274167 340080496
cloud_controller_tkemenade 7680251626 22350 5453

1717338558.3279622 340080496
cloud0_tkemenade 19244963734 19175 3823

1717338559.3303235 340080671
cloud_controller_tkemenade 7680251626 22363 5472

1717338559.3308928 340080671
cloud0_tkemenade 19244963734 19225 3830

1717338560.3334122 340080856
cloud_controller_tkemenade 7680251626 22389 5485

1717338560.3337305 340080856
cloud0_tkemenade 19244963734 19246 3837

1717338561.3361006 340081257
cloud_controller_tkemenade 7680251626 22416 5510

1717338561.3366628 340081257
cloud0_tkemenade 19244963734 19268 3841

1717338562.3390422 340081440
cloud_controller_tkemenade 7680251626 22462 5524

1717338562.3395674 340081440
cloud0_tkemenade 19244963734 19298 3846

1717338563.3420742 340081574
cloud_controller_tkemenade 7680251626 22492 5527

1717338563.3426137 340081574
cloud0_tkemenade 19244963734 19328 3854

1717338564.3452466 340081713
cloud_controller_tkemenade 7680251626 22517 5536

1717338564.3457959 340081713
cloud0_tkemenade 19244963734 19352 3860

1717338565.348198 340081890
cloud_controller_tkemenade 7680251626 22544 5546

1717338565.3485553 340081890
cloud0_tkemenade 19244963734 19382 3868

1717338565.4488745 340081905
cloud_controller_tkemenade 7681558604 22550 5547

1717338565.449432 340081906
cloud0_tkemenade 19246104533 19384 3869

1717338566.4520466 340082144
cloud_controller_tkemenade 7681558604 22658 5568

1717338566.4526007 340082144
cloud0_tkemenade 19246104533 19440 3885

1717338567.4550178 340082348
cloud_controller_tkemenade 7681558604 22744 5609

1717338567.455572 340082348
cloud0_tkemenade 19246104533 19493 3898

1717338568.4581664 340082576
cloud_controller_tkemenade 7681558604 22870 5657

1717338568.458706 340082576
cloud0_tkemenade 19246104533 19509 3901

1717338569.4612873 340082805
cloud_controller_tkemenade 7681558604 22977 5677

1717338569.4618406 340082805
cloud0_tkemenade 19246104533 19539 3911

1717338570.464082 340083185
cloud_controller_tkemenade 7681558604 23125 5706

1717338570.464489 340083185
cloud0_tkemenade 19246104533 19636 3931

1717338571.4667392 340083534
cloud_controller_tkemenade 7681558604 23211 5729

1717338571.4672914 340083534
cloud0_tkemenade 19246104533 19672 3944

1717338572.4696631 340083800
cloud_controller_tkemenade 7685930995 23260 5750

1717338572.4702172 340083800
cloud0_tkemenade 19248481246 19764 3996

1717338573.4728584 340083995
cloud_controller_tkemenade 7685930995 23296 5764

1717338573.4734464 340083996
cloud0_tkemenade 19248481246 19863 4031

1717338574.476013 340084282
cloud_controller_tkemenade 7685930995 23336 5778

1717338574.4765558 340084282
cloud0_tkemenade 19248481246 19984 4044

1717338575.4790719 340084665
cloud_controller_tkemenade 7685930995 23454 5792

1717338575.4796174 340084665
cloud0_tkemenade 19248481246 20141 4058

1717338576.4819016 340084943
cloud_controller_tkemenade 7685930995 23579 5810

1717338576.4824424 340084943
cloud0_tkemenade 19248481246 20228 4074

1717338577.4848893 340085123
cloud_controller_tkemenade 7685930995 23678 5842

1717338577.4855077 340085124
cloud0_tkemenade 19248481246 20255 4085

1717338578.4879048 340085500
cloud_controller_tkemenade 7685930995 23939 5863

1717338578.4884653 340085500
cloud0_tkemenade 19248481246 20281 4095

1717338579.4909139 340085791
cloud_controller_tkemenade 7685930995 24094 5875

1717338579.4914806 340085791
cloud0_tkemenade 19248481246 20334 4104

1717338579.5919971 340085845
cloud_controller_tkemenade 7690401344 24123 5877

1717338579.5925937 340085845
cloud0_tkemenade 19251681662 20340 4105

1717338580.5946767 340086315
cloud_controller_tkemenade 7690401344 24252 5895

1717338580.595019 340086315
cloud0_tkemenade 19251681662 20469 4116

1717338581.5970936 340086693
cloud_controller_tkemenade 7690401344 24369 5931

1717338581.5974665 340086693
cloud0_tkemenade 19251681662 20559 4142

1717338582.5994673 340087127
cloud_controller_tkemenade 7690401344 24495 5953

1717338582.5997806 340087127
cloud0_tkemenade 19251681662 20770 4154

1717338583.6021426 340087542
cloud_controller_tkemenade 7690401344 24657 5977

1717338583.6027071 340087542
cloud0_tkemenade 19251681662 20955 4165

1717338584.6051328 340087882
cloud_controller_tkemenade 7690401344 24747 6001

1717338584.6057415 340087882
cloud0_tkemenade 19251681662 21103 4177

1717338585.6081767 340088236
cloud_controller_tkemenade 7690401344 24806 6029

1717338585.6087458 340088236
cloud0_tkemenade 19251681662 21277 4199

1717338586.6112425 340088498
cloud_controller_tkemenade 7690401344 24848 6046

1717338586.6117892 340088498
cloud0_tkemenade 19251681662 21398 4226

1717338586.8124456 340088544
cloud_controller_tkemenade 7694973546 24851 6047

1717338586.8130147 340088544
cloud0_tkemenade 19257605303 21422 4233

1717338587.8154137 340088767
cloud_controller_tkemenade 7694973546 24882 6057

1717338587.8159535 340088767
cloud0_tkemenade 19257605303 21535 4241

1717338588.8186095 340089068
cloud_controller_tkemenade 7694973546 24921 6075

1717338588.819163 340089068
cloud0_tkemenade 19257605303 21676 4261

1717338589.8215034 340089362
cloud_controller_tkemenade 7694973546 24943 6080

1717338589.8220358 340089362
cloud0_tkemenade 19257605303 21868 4277

1717338590.8243525 340089681
cloud_controller_tkemenade 7694973546 24970 6092

1717338590.8246968 340089681
cloud0_tkemenade 19257605303 21910 4292

1717338591.82685 340089901
cloud_controller_tkemenade 7694973546 25005 6103

1717338591.8273962 340089901
cloud0_tkemenade 19257605303 21948 4303

1717338592.830024 340090098
cloud_controller_tkemenade 7694973546 25044 6112

1717338592.8305686 340090098
cloud0_tkemenade 19257605303 21969 4313

1717338593.7327197 340090206
cloud_controller_tkemenade 7696338630 25064 6121

1717338593.7336118 340090208
cloud0_tkemenade 19260755497 21980 4319

1717338594.7360816 340090380
cloud_controller_tkemenade 7696338630 25102 6132

1717338594.736627 340090380
cloud0_tkemenade 19260755497 22016 4329

1717338595.7393503 340090619
cloud_controller_tkemenade 7696338630 25135 6144

1717338595.7399397 340090619
cloud0_tkemenade 19260755497 22088 4347

1717338596.7425551 340090805
cloud_controller_tkemenade 7696338630 25182 6158

1717338596.7431133 340090805
cloud0_tkemenade 19260755497 22128 4358

1717338597.7456706 340090938
cloud_controller_tkemenade 7696338630 25206 6167

1717338597.746301 340090938
cloud0_tkemenade 19260755497 22157 4368

1717338598.749058 340091098
cloud_controller_tkemenade 7696338630 25240 6176

1717338598.749659 340091098
cloud0_tkemenade 19260755497 22171 4372

1717338599.7521758 340091249
cloud_controller_tkemenade 7696338630 25265 6185

1717338599.7527413 340091249
cloud0_tkemenade 19260755497 22211 4384

1717338600.7549682 340091567
cloud_controller_tkemenade 7696338630 25306 6200

1717338600.755554 340091567
cloud0_tkemenade 19260755497 22247 4391

1717338600.956349 340091643
cloud_controller_tkemenade 7697783939 25314 6202

1717338600.9568822 340091643
cloud0_tkemenade 19262266701 22253 4392

1717338601.9592547 340091829
cloud_controller_tkemenade 7697783939 25344 6211

1717338601.9597795 340091829
cloud0_tkemenade 19262266701 22280 4399

1717338602.962333 340092000
cloud_controller_tkemenade 7697783939 25386 6229

1717338602.9628577 340092000
cloud0_tkemenade 19262266701 22301 4410

1717338603.96549 340092147
cloud_controller_tkemenade 7697783939 25411 6238

1717338603.9660122 340092147
cloud0_tkemenade 19262266701 22312 4413

1717338604.9685466 340092318
cloud_controller_tkemenade 7697783939 25442 6248

1717338604.969119 340092320
cloud0_tkemenade 19262266701 22346 4417

1717338605.9716482 340092476
cloud_controller_tkemenade 7697783939 25469 6258

1717338605.9722059 340092476
cloud0_tkemenade 19262266701 22373 4423

1717338606.974498 340092640
cloud_controller_tkemenade 7697783939 25499 6272

1717338606.9750311 340092640
cloud0_tkemenade 19262266701 22403 4430

1717338607.9774754 340092771
cloud_controller_tkemenade 7697783939 25520 6278

1717338607.9780257 340092771
cloud0_tkemenade 19262266701 22419 4436

1717338608.178682 340092795
cloud_controller_tkemenade 7699037074 25526 6280

1717338608.179215 340092795
cloud0_tkemenade 19263198964 22421 4438

1717338609.1817048 340092978
cloud_controller_tkemenade 7699037074 25568 6292

1717338609.1822577 340092978
cloud0_tkemenade 19263198964 22454 4449

1717338610.1846697 340093111
cloud_controller_tkemenade 7699037074 25590 6299

1717338610.1852677 340093111
cloud0_tkemenade 19263198964 22475 4454

1717338611.1878164 340093482
cloud_controller_tkemenade 7699037074 25621 6310

1717338611.1883724 340093482
cloud0_tkemenade 19263198964 22498 4465

1717338612.190962 340093654
cloud_controller_tkemenade 7699037074 25659 6323

1717338612.191515 340093654
cloud0_tkemenade 19263198964 22519 4469

1717338613.19396 340093821
cloud_controller_tkemenade 7699037074 25690 6336

1717338613.194521 340093821
cloud0_tkemenade 19263198964 22545 4478

1717338614.197146 340093991
cloud_controller_tkemenade 7699037074 25717 6345

1717338614.197714 340093991
cloud0_tkemenade 19263198964 22592 4487

1717338615.2002456 340094264
cloud_controller_tkemenade 7699037074 25817 6360

1717338615.2007225 340094264
cloud0_tkemenade 19263198964 22636 4493

1717338615.3011649 340094282
cloud_controller_tkemenade 7700745025 25819 6362

1717338615.3016977 340094282
cloud0_tkemenade 19264429960 22640 4493

1717338616.3042731 340094453
cloud_controller_tkemenade 7700745025 25851 6375

1717338616.3048291 340094453
cloud0_tkemenade 19264429960 22673 4496

1717338617.3074 340094594
cloud_controller_tkemenade 7700745025 25878 6388

1717338617.3079998 340094594
cloud0_tkemenade 19264429960 22693 4505

1717338618.3105314 340094738
cloud_controller_tkemenade 7700745025 25926 6400

1717338618.311076 340094738
cloud0_tkemenade 19264429960 22709 4508

1717338619.3134737 340094960
cloud_controller_tkemenade 7700745025 25945 6423

1717338619.3140323 340094960
cloud0_tkemenade 19264429960 22786 4514

1717338620.3164191 340095143
cloud_controller_tkemenade 7700745025 25970 6433

1717338620.3167772 340095143
cloud0_tkemenade 19264429960 22810 4518

1717338621.3190303 340095593
cloud_controller_tkemenade 7700745025 26016 6444

1717338621.319589 340095593
cloud0_tkemenade 19264429960 22828 4522

1717338622.3221433 340095800
cloud_controller_tkemenade 7700745025 26052 6469

1717338622.322691 340095800
cloud0_tkemenade 19264429960 22847 4528

1717338622.5233665 340095840
cloud_controller_tkemenade 7702257172 26058 6473

1717338622.5239534 340095840
cloud0_tkemenade 19265513811 22852 4529

1717338623.526422 340096024
cloud_controller_tkemenade 7702257172 26081 6491

1717338623.526983 340096024
cloud0_tkemenade 19265513811 22870 4535

1717338624.5296395 340096216
cloud_controller_tkemenade 7702257172 26100 6507

1717338624.5301867 340096216
cloud0_tkemenade 19265513811 22897 4541

1717338625.5327888 340096443
cloud_controller_tkemenade 7702257172 26131 6518

1717338625.5333576 340096444
cloud0_tkemenade 19265513811 22941 4547

1717338626.535932 340096696
cloud_controller_tkemenade 7702257172 26193 6528

1717338626.536497 340096696
cloud0_tkemenade 19265513811 23000 4569

1717338627.5389001 340096886
cloud_controller_tkemenade 7702257172 26228 6538

1717338627.5394382 340096886
cloud0_tkemenade 19265513811 23049 4577

1717338628.5419261 340097038
cloud_controller_tkemenade 7702257172 26252 6549

1717338628.5424693 340097038
cloud0_tkemenade 19265513811 23071 4582

1717338629.5449162 340097215
cloud_controller_tkemenade 7703635039 26277 6563

1717338629.5455158 340097216
cloud0_tkemenade 19266944168 23110 4595

1717338630.5476673 340097468
cloud_controller_tkemenade 7703635039 26322 6578

1717338630.5481105 340097468
cloud0_tkemenade 19266944168 23143 4609

1717338631.5504997 340097779
cloud_controller_tkemenade 7703635039 26367 6594

1717338631.5510519 340097779
cloud0_tkemenade 19266944168 23162 4615

1717338632.5534704 340097933
cloud_controller_tkemenade 7703635039 26415 6610

1717338632.554016 340097933
cloud0_tkemenade 19266944168 23185 4626

1717338633.5565925 340098078
cloud_controller_tkemenade 7703635039 26445 6620

1717338633.557145 340098080
cloud0_tkemenade 19266944168 23200 4632

1717338634.5598223 340098291
cloud_controller_tkemenade 7703635039 26473 6632

1717338634.5603614 340098291
cloud0_tkemenade 19266944168 23232 4635

1717338635.5628521 340098460
cloud_controller_tkemenade 7703635039 26506 6642

1717338635.5634062 340098460
cloud0_tkemenade 19266944168 23268 4645

1717338636.5659528 340098648
cloud_controller_tkemenade 7703635039 26545 6649

1717338636.5664644 340098648
cloud0_tkemenade 19266944168 23304 4655

1717338636.6669204 340098682
cloud_controller_tkemenade 7705232275 26547 6650

1717338636.6673806 340098682
cloud0_tkemenade 19268085051 23306 4655

1717338637.669922 340098852
cloud_controller_tkemenade 7705232275 26567 6660

1717338637.670283 340098852
cloud0_tkemenade 19268085051 23322 4666

1717338638.6727338 340098980
cloud_controller_tkemenade 7705232275 26595 6668

1717338638.6733422 340098982
cloud0_tkemenade 19268085051 23341 4677

1717338639.6758554 340099132
cloud_controller_tkemenade 7705232275 26619 6680

1717338639.6764133 340099132
cloud0_tkemenade 19268085051 23379 4690

1717338640.678679 340099401
cloud_controller_tkemenade 7705232275 26645 6690

1717338640.6792269 340099401
cloud0_tkemenade 19268085051 23405 4695

1717338641.6817696 340099632
cloud_controller_tkemenade 7705232275 26676 6702

1717338641.682307 340099632
cloud0_tkemenade 19268085051 23425 4701

1717338642.6851091 340099814
cloud_controller_tkemenade 7705232275 26719 6714

1717338642.6857057 340099814
cloud0_tkemenade 19268085051 23443 4705

1717338643.688287 340099956
cloud_controller_tkemenade 7705232275 26745 6723

1717338643.688879 340099956
cloud0_tkemenade 19268085051 23469 4711

1717338643.8894866 340100037
cloud_controller_tkemenade 7706422679 26748 6725

1717338643.8900409 340100037
cloud0_tkemenade 19269150828 23497 4716

1717338644.8925796 340100254
cloud_controller_tkemenade 7706422679 26779 6734

1717338644.8931372 340100255
cloud0_tkemenade 19269150828 23540 4731

1717338645.895701 340100451
cloud_controller_tkemenade 7706422679 26813 6745

1717338645.8962545 340100451
cloud0_tkemenade 19269150828 23580 4746

1717338646.8985045 340100671
cloud_controller_tkemenade 7706422679 26843 6756

1717338646.8988519 340100671
cloud0_tkemenade 19269150828 23605 4754

1717338647.9010499 340100850
cloud_controller_tkemenade 7706422679 26876 6770

1717338647.9017448 340100850
cloud0_tkemenade 19269150828 23616 4760

1717338648.9040852 340101054
cloud_controller_tkemenade 7706422679 26909 6783

1717338648.9045453 340101054
cloud0_tkemenade 19269150828 23656 4776

1717338649.9067135 340101254
cloud_controller_tkemenade 7706422679 26934 6793

1717338649.9072466 340101254
cloud0_tkemenade 19269150828 23695 4798

1717338650.9093964 340101580
cloud_controller_tkemenade 7707696702 26956 6800

1717338650.9099405 340101580
cloud0_tkemenade 19270603581 23715 4811

1717338651.912269 340101802
cloud_controller_tkemenade 7707696702 26996 6810

1717338651.9128175 340101802
cloud0_tkemenade 19270603581 23742 4816

1717338652.9153392 340101988
cloud_controller_tkemenade 7707696702 27032 6821

1717338652.9158986 340101988
cloud0_tkemenade 19270603581 23765 4823

1717338653.918388 340102140
cloud_controller_tkemenade 7707696702 27058 6829

1717338653.9189973 340102140
cloud0_tkemenade 19270603581 23786 4826

1717338654.9215462 340102378
cloud_controller_tkemenade 7707696702 27083 6842

1717338654.9221294 340102378
cloud0_tkemenade 19270603581 23828 4832

1717338655.9245353 340102614
cloud_controller_tkemenade 7707696702 27120 6852

1717338655.9249792 340102614
cloud0_tkemenade 19270603581 23886 4848

1717338656.9273825 340102823
cloud_controller_tkemenade 7707696702 27177 6862

1717338656.9279344 340102823
cloud0_tkemenade 19270603581 23947 4862

1717338657.9302664 340103047
cloud_controller_tkemenade 7709131749 27207 6872

1717338657.9307451 340103047
cloud0_tkemenade 19271995142 23976 4869

1717338658.933241 340103235
cloud_controller_tkemenade 7709131749 27237 6884

1717338658.9337766 340103235
cloud0_tkemenade 19271995142 23990 4874

1717338659.9362977 340103446
cloud_controller_tkemenade 7709131749 27276 6896

1717338659.936673 340103446
cloud0_tkemenade 19271995142 24043 4882

1717338660.93874 340103773
cloud_controller_tkemenade 7709131749 27305 6909

1717338660.939312 340103773
cloud0_tkemenade 19271995142 24060 4887

1717338661.9418395 340104012
cloud_controller_tkemenade 7709131749 27336 6922

1717338661.9423797 340104012
cloud0_tkemenade 19271995142 24086 4891

1717338662.9449034 340104192
cloud_controller_tkemenade 7709131749 27383 6934

1717338662.9454548 340104194
cloud0_tkemenade 19271995142 24106 4897

1717338663.9477975 340104324
cloud_controller_tkemenade 7709131749 27409 6943

1717338663.9483535 340104324
cloud0_tkemenade 19271995142 24120 4901

1717338664.9508138 340104561
cloud_controller_tkemenade 7709131749 27435 6952

1717338664.9513648 340104561
cloud0_tkemenade 19271995142 24156 4905

1717338665.0518591 340104577
cloud_controller_tkemenade 7710529009 27437 6952

1717338665.0524147 340104577
cloud0_tkemenade 19272980911 24157 4905

1717338666.0549054 340104745
cloud_controller_tkemenade 7710529009 27465 6962

1717338666.0554578 340104745
cloud0_tkemenade 19272980911 24180 4910

1717338667.0579073 340104880
cloud_controller_tkemenade 7710529009 27497 6978

1717338667.0584574 340104880
cloud0_tkemenade 19272980911 24203 4916

1717338668.060892 340105061
cloud_controller_tkemenade 7710529009 27521 6990

1717338668.0614996 340105061
cloud0_tkemenade 19272980911 24213 4920

1717338669.063935 340105199
cloud_controller_tkemenade 7710529009 27547 7003

1717338669.0644786 340105199
cloud0_tkemenade 19272980911 24231 4922

1717338670.0669096 340105352
cloud_controller_tkemenade 7710529009 27572 7013

1717338670.0672603 340105352
cloud0_tkemenade 19272980911 24264 4932

1717338671.0694444 340105694
cloud_controller_tkemenade 7710529009 27594 7027

1717338671.0699983 340105694
cloud0_tkemenade 19272980911 24287 4941

1717338672.072598 340105879
cloud_controller_tkemenade 7710529009 27627 7041

1717338672.073184 340105879
cloud0_tkemenade 19272980911 24314 4948

1717338672.2739074 340105908
cloud_controller_tkemenade 7711825113 27635 7044

1717338672.274417 340105908
cloud0_tkemenade 19273882353 24316 4948

1717338673.2770023 340106062
cloud_controller_tkemenade 7711825113 27681 7061

1717338673.2776053 340106062
cloud0_tkemenade 19273882353 24335 4953

1717338674.2801983 340106221
cloud_controller_tkemenade 7711825113 27710 7071

1717338674.2807434 340106221
cloud0_tkemenade 19273882353 24383 4963

1717338675.283308 340106431
cloud_controller_tkemenade 7711825113 27744 7085

1717338675.2838824 340106431
cloud0_tkemenade 19273882353 24426 4972

1717338676.2865996 340106590
cloud_controller_tkemenade 7711825113 27777 7096

1717338676.2871454 340106590
cloud0_tkemenade 19273882353 24454 4979

1717338677.289631 340106738
cloud_controller_tkemenade 7711825113 27814 7107

1717338677.2901545 340106738
cloud0_tkemenade 19273882353 24485 4988

1717338678.2925844 340106902
cloud_controller_tkemenade 7711825113 27853 7126

1717338678.2929416 340106902
cloud0_tkemenade 19273882353 24502 4993

1717338679.295315 340107054
cloud_controller_tkemenade 7711825113 27879 7139

1717338679.2958367 340107054
cloud0_tkemenade 19273882353 24534 4998

1717338679.5967534 340107098
cloud_controller_tkemenade 7713293922 27884 7143

1717338679.597328 340107098
cloud0_tkemenade 19275028533 24535 4999

1717338680.599565 340107339
cloud_controller_tkemenade 7713293922 27911 7155

1717338680.6000614 340107339
cloud0_tkemenade 19275028533 24573 5008

1717338681.6026056 340107595
cloud_controller_tkemenade 7713293922 27944 7176

1717338681.6031675 340107595
cloud0_tkemenade 19275028533 24597 5013

1717338682.605473 340107725
cloud_controller_tkemenade 7713293922 27981 7188

1717338682.6060276 340107725
cloud0_tkemenade 19275028533 24619 5019

1717338683.6086197 340107872
cloud_controller_tkemenade 7713293922 28013 7199

1717338683.6092112 340107874
cloud0_tkemenade 19275028533 24638 5024

1717338684.6117563 340108022
cloud_controller_tkemenade 7713293922 28039 7208

1717338684.6122975 340108022
cloud0_tkemenade 19275028533 24668 5029

1717338685.614889 340108233
cloud_controller_tkemenade 7713293922 28066 7217

1717338685.6154537 340108233
cloud0_tkemenade 19275028533 24716 5036

1717338686.6176825 340108419
cloud_controller_tkemenade 7713293922 28121 7230

1717338686.6182182 340108419
cloud0_tkemenade 19275028533 24775 5049

1717338686.7186642 340108427
cloud_controller_tkemenade 7714778390 28122 7231

1717338686.719172 340108427
cloud0_tkemenade 19276336494 24778 5050

1717338687.7216501 340108581
cloud_controller_tkemenade 7714778390 28160 7241

1717338687.7220035 340108581
cloud0_tkemenade 19276336494 24823 5064

1717338688.7242262 340108732
cloud_controller_tkemenade 7714778390 28188 7255

1717338688.7247717 340108732
cloud0_tkemenade 19276336494 24835 5068

1717338689.7272098 340108906
cloud_controller_tkemenade 7714778390 28217 7265

1717338689.7277427 340108906
cloud0_tkemenade 19276336494 24871 5073

1717338690.7300136 340109214
cloud_controller_tkemenade 7714778390 28262 7275

1717338690.730522 340109214
cloud0_tkemenade 19276336494 24918 5086

1717338691.7329817 340109436
cloud_controller_tkemenade 7714778390 28299 7286

1717338691.7336233 340109437
cloud0_tkemenade 19276336494 24945 5094

1717338692.736131 340109591
cloud_controller_tkemenade 7714778390 28354 7302

1717338692.736681 340109591
cloud0_tkemenade 19276336494 24970 5099

1717338693.7391682 340109755
cloud_controller_tkemenade 7716344758 28385 7313

1717338693.7396858 340109755
cloud0_tkemenade 19277523684 24982 5103

1717338694.7421324 340109910
cloud_controller_tkemenade 7716344758 28410 7326

1717338694.7426834 340109910
cloud0_tkemenade 19277523684 25012 5110

1717338695.7452166 340110101
cloud_controller_tkemenade 7716344758 28439 7336

1717338695.7457573 340110101
cloud0_tkemenade 19277523684 25036 5117

1717338696.7483954 340110246
cloud_controller_tkemenade 7716344758 28470 7347

1717338696.7489548 340110246
cloud0_tkemenade 19277523684 25074 5129

1717338697.7514775 340110368
cloud_controller_tkemenade 7716344758 28501 7356

1717338697.7520194 340110368
cloud0_tkemenade 19277523684 25091 5135

1717338698.7544222 340110548
cloud_controller_tkemenade 7716344758 28534 7371

1717338698.7549675 340110548
cloud0_tkemenade 19277523684 25110 5142

1717338699.7574623 340110691
cloud_controller_tkemenade 7716344758 28559 7379

1717338699.7581055 340110691
cloud0_tkemenade 19277523684 25117 5149

1717338700.7603467 340110971
cloud_controller_tkemenade 7716344758 28579 7388

1717338700.7607493 340110971
cloud0_tkemenade 19277523684 25157 5158

1717338700.9613082 340111036
cloud_controller_tkemenade 7717580845 28587 7391

1717338700.9618618 340111036
cloud0_tkemenade 19278562714 25161 5160

1717338701.9643767 340111199
cloud_controller_tkemenade 7717580845 28613 7397

1717338701.964933 340111199
cloud0_tkemenade 19278562714 25183 5164

1717338702.9675756 340111348
cloud_controller_tkemenade 7717580845 28663 7408

1717338702.968137 340111348
cloud0_tkemenade 19278562714 25199 5170

1717338703.9707897 340111522
cloud_controller_tkemenade 7717580845 28688 7416

1717338703.9713554 340111522
cloud0_tkemenade 19278562714 25241 5179

1717338704.9739711 340111715
cloud_controller_tkemenade 7717580845 28723 7430

1717338704.974525 340111715
cloud0_tkemenade 19278562714 25290 5190

1717338705.9768775 340111916
cloud_controller_tkemenade 7717580845 28757 7439

1717338705.9774635 340111917
cloud0_tkemenade 19278562714 25317 5201

1717338706.9799094 340112058
cloud_controller_tkemenade 7717580845 28784 7451

1717338706.9804623 340112058
cloud0_tkemenade 19278562714 25351 5208

1717338707.983512 340112194
cloud_controller_tkemenade 7718998280 28827 7469

1717338707.9840686 340112194
cloud0_tkemenade 19279729477 25365 5213

1717338708.986535 340112376
cloud_controller_tkemenade 7718998280 28861 7482

1717338708.9870975 340112376
cloud0_tkemenade 19279729477 25395 5218

1717338709.9894636 340112547
cloud_controller_tkemenade 7718998280 28882 7493

1717338709.9898005 340112547
cloud0_tkemenade 19279729477 25434 5226

1717338710.9920776 340112846
cloud_controller_tkemenade 7718998280 28899 7503

1717338710.9924543 340112846
cloud0_tkemenade 19279729477 25455 5238

1717338711.9947646 340113033
cloud_controller_tkemenade 7718998280 28938 7516

1717338711.9953222 340113033
cloud0_tkemenade 19279729477 25488 5246

1717338712.9978817 340113191
cloud_controller_tkemenade 7718998280 28979 7532

1717338712.9984283 340113191
cloud0_tkemenade 19279729477 25513 5254

1717338714.0008895 340113318
cloud_controller_tkemenade 7718998280 29002 7543

1717338714.002187 340113318
cloud0_tkemenade 19279729477 25522 5260

1717338715.0045848 340113505
cloud_controller_tkemenade 7718998280 29032 7555

1717338715.0051906 340113506
cloud0_tkemenade 19279729477 25553 5267

1717338715.2058094 340113534
cloud_controller_tkemenade 7720354859 29035 7557

1717338715.2061927 340113534
cloud0_tkemenade 19280839812 25556 5268

1717338716.2084029 340113766
cloud_controller_tkemenade 7720354859 29078 7570

1717338716.2089443 340113766
cloud0_tkemenade 19280839812 25629 5287

1717338717.2113605 340113951
cloud_controller_tkemenade 7720354859 29121 7583

1717338717.211897 340113951
cloud0_tkemenade 19280839812 25697 5309

1717338718.2140944 340114089
cloud_controller_tkemenade 7720354859 29159 7600

1717338718.2146797 340114089
cloud0_tkemenade 19280839812 25721 5316

1717338719.217265 340114254
cloud_controller_tkemenade 7720354859 29188 7615

1717338719.2178202 340114254
cloud0_tkemenade 19280839812 25736 5320

1717338720.2202344 340114430
cloud_controller_tkemenade 7720354859 29230 7632

1717338720.2205918 340114430
cloud0_tkemenade 19280839812 25781 5333

1717338721.2227793 340114793
cloud_controller_tkemenade 7720354859 29262 7642

1717338721.2233443 340114793
cloud0_tkemenade 19280839812 25801 5337

1717338722.2258108 340114934
cloud_controller_tkemenade 7720354859 29295 7653

1717338722.2263484 340114934
cloud0_tkemenade 19280839812 25836 5348

1717338722.527319 340114989
cloud_controller_tkemenade 7722035319 29311 7657

1717338722.527848 340114989
cloud0_tkemenade 19282471240 25843 5348

1717338723.5302284 340115114
cloud_controller_tkemenade 7722035319 29353 7673

1717338723.5307832 340115114
cloud0_tkemenade 19282471240 25856 5353

1717338724.5332618 340115286
cloud_controller_tkemenade 7722035319 29376 7687

1717338724.5338018 340115286
cloud0_tkemenade 19282471240 25881 5359

1717338725.5363827 340115438
cloud_controller_tkemenade 7722035319 29408 7698

1717338725.5369365 340115438
cloud0_tkemenade 19282471240 25912 5364

1717338726.539181 340115604
cloud_controller_tkemenade 7722035319 29433 7709

1717338726.5397196 340115604
cloud0_tkemenade 19282471240 25927 5367

1717338727.5422895 340115747
cloud_controller_tkemenade 7722035319 29471 7717

1717338727.5428195 340115747
cloud0_tkemenade 19282471240 25951 5374

1717338728.5452204 340115878
cloud_controller_tkemenade 7722035319 29500 7727

1717338728.5457618 340115878
cloud0_tkemenade 19282471240 25978 5380

1717338729.5481405 340116044
cloud_controller_tkemenade 7723349702 29524 7737

1717338729.548681 340116044
cloud0_tkemenade 19283293847 25990 5382

1717338730.55093 340116246
cloud_controller_tkemenade 7723349702 29547 7749

1717338730.551466 340116246
cloud0_tkemenade 19283293847 26017 5391

1717338731.5537686 340116496
cloud_controller_tkemenade 7723349702 29573 7755

1717338731.5543149 340116496
cloud0_tkemenade 19283293847 26036 5395

1717338732.5568492 340116639
cloud_controller_tkemenade 7723349702 29612 7770

1717338732.5574083 340116640
cloud0_tkemenade 19283293847 26061 5405

1717338733.5600402 340116762
cloud_controller_tkemenade 7723349702 29647 7780

1717338733.5605855 340116762
cloud0_tkemenade 19283293847 26084 5409

1717338734.563091 340116940
cloud_controller_tkemenade 7723349702 29675 7788

1717338734.5636501 340116940
cloud0_tkemenade 19283293847 26131 5418

1717338735.5662327 340117163
cloud_controller_tkemenade 7723349702 29748 7801

1717338735.5667744 340117163
cloud0_tkemenade 19283293847 26191 5426

1717338736.5692198 340117335
cloud_controller_tkemenade 7723349702 29780 7813

1717338736.569779 340117335
cloud0_tkemenade 19283293847 26213 5430

1717338736.6702387 340117353
cloud_controller_tkemenade 7724852230 29781 7814

1717338736.6707866 340117353
cloud0_tkemenade 19284522781 26215 5430

1717338737.6733294 340117478
cloud_controller_tkemenade 7724852230 29817 7824

1717338737.6738825 340117478
cloud0_tkemenade 19284522781 26237 5437

1717338738.6764228 340117651
cloud_controller_tkemenade 7724852230 29855 7841

1717338738.6769638 340117651
cloud0_tkemenade 19284522781 26293 5445

1717338739.679501 340117808
cloud_controller_tkemenade 7724852230 29877 7855

1717338739.680071 340117808
cloud0_tkemenade 19284522781 26317 5448

1717338740.6824794 340118083
cloud_controller_tkemenade 7724852230 29906 7871

1717338740.6828964 340118083
cloud0_tkemenade 19284522781 26344 5457

1717338741.6855495 340118302
cloud_controller_tkemenade 7724852230 29944 7881

1717338741.686079 340118302
cloud0_tkemenade 19284522781 26363 5463

1717338742.6886158 340118445
cloud_controller_tkemenade 7724852230 29983 7890

1717338742.689216 340118446
cloud0_tkemenade 19284522781 26387 5470

1717338743.6927986 340118569
cloud_controller_tkemenade 7724852230 30012 7905

1717338743.6933062 340118569
cloud0_tkemenade 19284522781 26401 5474

1717338743.7937608 340118584
cloud_controller_tkemenade 7726325261 30014 7906

1717338743.7943075 340118584
cloud0_tkemenade 19285571689 26401 5474

