1721159762.0566602 62612534
cloud_controller_tkemenade 10705852989 20278 3281
cloud0_tkemenade 23660814864 14580 2515

1721159763.0594258 62612841
cloud_controller_tkemenade 10705852989 20455 3284

1721159763.0599551 62612841
cloud0_tkemenade 23660814864 14707 2523

1721159764.062214 62613138
cloud_controller_tkemenade 10705852989 20594 3306

1721159764.0627666 62613138
cloud0_tkemenade 23660814864 14862 2547

1721159765.065337 62613506
cloud_controller_tkemenade 10705852989 20777 3311

1721159765.0658834 62613506
cloud0_tkemenade 23660814864 15049 2552

1721159766.068785 62613839
cloud_controller_tkemenade 10705852989 20944 3316

1721159766.0693338 62613839
cloud0_tkemenade 23660814864 15218 2556

1721159767.0717025 62614139
cloud_controller_tkemenade 10705852989 21079 3339

1721159767.072248 62614139
cloud0_tkemenade 23660814864 15376 2562

1721159768.074832 62614387
cloud_controller_tkemenade 10705852989 21208 3347

1721159768.0752478 62614387
cloud0_tkemenade 23660814864 15499 2571

1721159768.1756525 62614414
cloud_controller_tkemenade 10711186982 21219 3348

1721159768.1760802 62614414
cloud0_tkemenade 23666310493 15510 2571

1721159769.1788623 62614642
cloud_controller_tkemenade 10711186982 21348 3352

1721159769.1794286 62614642
cloud0_tkemenade 23666310493 15607 2573

1721159770.182132 62614773
cloud_controller_tkemenade 10711186982 21372 3359

1721159770.1827888 62614773
cloud0_tkemenade 23666310493 15713 2575

1721159771.1856241 62614897
cloud_controller_tkemenade 10711186982 21390 3364

1721159771.186208 62614897
cloud0_tkemenade 23666310493 15822 2575

1721159772.1891065 62615044
cloud_controller_tkemenade 10711186982 21417 3369

1721159772.1896794 62615044
cloud0_tkemenade 23666310493 15943 2578

1721159773.192567 62615186
cloud_controller_tkemenade 10711186982 21435 3374

1721159773.1931257 62615186
cloud0_tkemenade 23666310493 16068 2582

1721159774.195946 62615304
cloud_controller_tkemenade 10711186982 21468 3384

1721159774.1964881 62615304
cloud0_tkemenade 23666310493 16154 2590

1721159775.1989927 62615439
cloud_controller_tkemenade 10711186982 21494 3389

1721159775.199568 62615439
cloud0_tkemenade 23666310493 16262 2591

1721159775.3000896 62615451
cloud_controller_tkemenade 10712283599 21494 3390

1721159775.3005865 62615451
cloud0_tkemenade 23668945748 16272 2592

1721159776.3032222 62615561
cloud_controller_tkemenade 10712283599 21514 3395

1721159776.303802 62615561
cloud0_tkemenade 23668945748 16362 2596

1721159777.3066254 62615700
cloud_controller_tkemenade 10712283599 21536 3401

1721159777.307195 62615700
cloud0_tkemenade 23668945748 16481 2600

1721159778.3100607 62615819
cloud_controller_tkemenade 10712283599 21558 3405

1721159778.3106773 62615819
cloud0_tkemenade 23668945748 16574 2604

1721159779.3133328 62615951
cloud_controller_tkemenade 10712283599 21586 3411

1721159779.3137116 62615951
cloud0_tkemenade 23668945748 16663 2609

1721159780.3164277 62616124
cloud_controller_tkemenade 10712283599 21615 3416

1721159780.3169744 62616124
cloud0_tkemenade 23668945748 16807 2611

1721159781.3196309 62616277
cloud_controller_tkemenade 10712283599 21629 3421

1721159781.3201482 62616277
cloud0_tkemenade 23668945748 16946 2612

1721159782.222431 62616424
cloud_controller_tkemenade 10712927210 21647 3427

1721159782.2229054 62616424
cloud0_tkemenade 23671760700 17075 2613

1721159783.2255332 62616582
cloud_controller_tkemenade 10712927210 21665 3430

1721159783.2260492 62616582
cloud0_tkemenade 23671760700 17216 2615

1721159784.228691 62616750
cloud_controller_tkemenade 10712927210 21699 3436

1721159784.2292027 62616750
cloud0_tkemenade 23671760700 17353 2618

1721159785.2318425 62616907
cloud_controller_tkemenade 10712927210 21725 3443

1721159785.2323654 62616907
cloud0_tkemenade 23671760700 17485 2621

1721159786.2350638 62617016
cloud_controller_tkemenade 10712927210 21745 3452

1721159786.2355657 62617016
cloud0_tkemenade 23671760700 17575 2629

1721159787.2382343 62617125
cloud_controller_tkemenade 10712927210 21767 3460

1721159787.2388277 62617125
cloud0_tkemenade 23671760700 17667 2635

1721159788.2415564 62617259
cloud_controller_tkemenade 10712927210 21790 3465

1721159788.2421205 62617259
cloud0_tkemenade 23671760700 17771 2640

1721159789.2447028 62617388
cloud_controller_tkemenade 10712927210 21812 3469

1721159789.2452676 62617388
cloud0_tkemenade 23671760700 17871 2643

1721159789.3458102 62617404
cloud_controller_tkemenade 10713720927 21816 3469

1721159789.3463683 62617405
cloud0_tkemenade 23674943202 17880 2644

1721159790.3491406 62617542
cloud_controller_tkemenade 10713720927 21840 3477

1721159790.3497047 62617542
cloud0_tkemenade 23674943202 17993 2648

1721159791.3524876 62617659
cloud_controller_tkemenade 10713720927 21853 3482

1721159791.3530676 62617659
cloud0_tkemenade 23674943202 18098 2653

1721159792.3557825 62617785
cloud_controller_tkemenade 10713720927 21870 3490

1721159792.3563073 62617785
cloud0_tkemenade 23674943202 18208 2660

1721159793.3589573 62617925
cloud_controller_tkemenade 10713720927 21895 3496

1721159793.3594787 62617925
cloud0_tkemenade 23674943202 18323 2664

1721159794.3620293 62618069
cloud_controller_tkemenade 10713720927 21937 3505

1721159794.3625085 62618070
cloud0_tkemenade 23674943202 18429 2667

1721159795.3650112 62618212
cloud_controller_tkemenade 10713720927 21967 3510

1721159795.365512 62618212
cloud0_tkemenade 23674943202 18544 2673

1721159796.3676558 62618363
cloud_controller_tkemenade 10714587510 21996 3516

1721159796.3681135 62618363
cloud0_tkemenade 23678038683 18665 2679

1721159797.3705125 62618483
cloud_controller_tkemenade 10714587510 22018 3525

1721159797.3710494 62618483
cloud0_tkemenade 23678038683 18767 2693

1721159798.3736725 62618605
cloud_controller_tkemenade 10714587510 22040 3532

1721159798.3742144 62618605
cloud0_tkemenade 23678038683 18870 2694

1721159799.3768902 62618734
cloud_controller_tkemenade 10714587510 22063 3539

1721159799.377404 62618734
cloud0_tkemenade 23678038683 18972 2697

1721159800.3800595 62618869
cloud_controller_tkemenade 10714587510 22093 3545

1721159800.3806152 62618869
cloud0_tkemenade 23678038683 19081 2701

1721159801.383333 62618985
cloud_controller_tkemenade 10714587510 22107 3553

1721159801.383847 62618985
cloud0_tkemenade 23678038683 19186 2706

1721159802.3864179 62619109
cloud_controller_tkemenade 10714587510 22126 3559

1721159802.3869276 62619109
cloud0_tkemenade 23678038683 19295 2709

1721159803.3895314 62619248
cloud_controller_tkemenade 10715336038 22152 3566

1721159803.3901024 62619248
cloud0_tkemenade 23680850229 19405 2712

1721159804.3928046 62619393
cloud_controller_tkemenade 10715336038 22183 3575

1721159804.3933666 62619393
cloud0_tkemenade 23680850229 19518 2715

1721159805.3960042 62619537
cloud_controller_tkemenade 10715336038 22210 3581

1721159805.3965392 62619537
cloud0_tkemenade 23680850229 19633 2721

1721159806.3990674 62619670
cloud_controller_tkemenade 10715336038 22233 3586

1721159806.3995745 62619670
cloud0_tkemenade 23680850229 19744 2724

1721159807.4020672 62619805
cloud_controller_tkemenade 10715336038 22252 3592

1721159807.402598 62619806
cloud0_tkemenade 23680850229 19863 2729

1721159808.4050872 62619945
cloud_controller_tkemenade 10715336038 22269 3598

1721159808.4056134 62619945
cloud0_tkemenade 23680850229 19980 2733

1721159809.4078376 62620074
cloud_controller_tkemenade 10715336038 22288 3602

1721159809.408356 62620074
cloud0_tkemenade 23680850229 20088 2736

1721159810.4108644 62620214
cloud_controller_tkemenade 10715336038 22321 3608

1721159810.4113884 62620214
cloud0_tkemenade 23680850229 20187 2746

1721159810.5119069 62620223
cloud_controller_tkemenade 10716109337 22322 3608

1721159810.5124497 62620223
cloud0_tkemenade 23683827793 20196 2747

1721159811.5150585 62620330
cloud_controller_tkemenade 10716109337 22336 3613

1721159811.5156176 62620330
cloud0_tkemenade 23683827793 20295 2754

1721159812.5182564 62620444
cloud_controller_tkemenade 10716109337 22357 3620

1721159812.518805 62620444
cloud0_tkemenade 23683827793 20392 2759

1721159813.5214252 62620544
cloud_controller_tkemenade 10716109337 22375 3625

1721159813.521986 62620544
cloud0_tkemenade 23683827793 20474 2762

1721159814.5245154 62620591
cloud_controller_tkemenade 10716109337 22408 3634

1721159814.5250363 62620591
cloud0_tkemenade 23683827793 20482 2763

1721159815.527571 62620640
cloud_controller_tkemenade 10716109337 22437 3641

1721159815.5280828 62620640
cloud0_tkemenade 23683827793 20495 2766

1721159816.5304255 62620668
cloud_controller_tkemenade 10716109337 22465 3649

1721159816.5309002 62620668
cloud0_tkemenade 23683827793 20497 2767

1721159817.4331262 62620690
cloud_controller_tkemenade 10716793075 22484 3655

1721159817.4336338 62620690
cloud0_tkemenade 23684928286 20502 2768

1721159818.4360263 62620711
cloud_controller_tkemenade 10716793075 22502 3661

1721159818.436485 62620711
cloud0_tkemenade 23684928286 20505 2769

1721159819.438956 62620738
cloud_controller_tkemenade 10716793075 22523 3667

1721159819.4393363 62620738
cloud0_tkemenade 23684928286 20511 2770

1721159820.4418194 62620811
cloud_controller_tkemenade 10716793075 22553 3672

1721159820.4423954 62620812
cloud0_tkemenade 23684928286 20537 2772

1721159821.4449422 62620826
cloud_controller_tkemenade 10716793075 22567 3678

1721159821.445381 62620826
cloud0_tkemenade 23684928286 20538 2774

1721159822.4478576 62620850
cloud_controller_tkemenade 10716793075 22589 3684

1721159822.448281 62620850
cloud0_tkemenade 23684928286 20542 2775

1721159823.4508104 62620885
cloud_controller_tkemenade 10716793075 22606 3689

1721159823.4513435 62620885
cloud0_tkemenade 23684928286 20558 2777

1721159824.4538898 62620937
cloud_controller_tkemenade 10716793075 22641 3697

1721159824.45445 62620937
cloud0_tkemenade 23684928286 20576 2780

1721159824.5549142 62620945
cloud_controller_tkemenade 10717390372 22642 3698

1721159824.5553696 62620945
cloud0_tkemenade 23685188110 20577 2780

1721159825.5577059 62620985
cloud_controller_tkemenade 10717390372 22666 3706

1721159825.5582163 62620985
cloud0_tkemenade 23685188110 20593 2782

1721159826.5607283 62621008
cloud_controller_tkemenade 10717390372 22686 3712

1721159826.5611918 62621008
cloud0_tkemenade 23685188110 20597 2784

1721159827.5637138 62621037
cloud_controller_tkemenade 10717390372 22705 3719

1721159827.5642428 62621037
cloud0_tkemenade 23685188110 20606 2784

1721159828.566769 62621063
cloud_controller_tkemenade 10717390372 22728 3724

1721159828.5672295 62621063
cloud0_tkemenade 23685188110 20609 2784

1721159829.5697298 62621093
cloud_controller_tkemenade 10717390372 22750 3729

1721159829.5701938 62621093
cloud0_tkemenade 23685188110 20616 2786

1721159830.5728042 62621155
cloud_controller_tkemenade 10717390372 22786 3734

1721159830.5733497 62621155
cloud0_tkemenade 23685188110 20633 2791

1721159831.5756853 62621178
cloud_controller_tkemenade 10718007607 22805 3740

1721159831.5761843 62621178
cloud0_tkemenade 23685399906 20636 2791

1721159832.5782337 62621201
cloud_controller_tkemenade 10718007607 22829 3746

1721159832.5786624 62621201
cloud0_tkemenade 23685399906 20639 2791

1721159833.5810544 62621222
cloud_controller_tkemenade 10718007607 22846 3751

1721159833.5815148 62621222
cloud0_tkemenade 23685399906 20641 2793

1721159834.5836277 62621255
cloud_controller_tkemenade 10718007607 22875 3759

1721159834.5840745 62621255
cloud0_tkemenade 23685399906 20648 2794

1721159835.5865698 62621299
cloud_controller_tkemenade 10718007607 22907 3764

1721159835.587057 62621299
cloud0_tkemenade 23685399906 20663 2796

1721159836.5895445 62621327
cloud_controller_tkemenade 10718007607 22929 3771

1721159836.5900338 62621327
cloud0_tkemenade 23685399906 20667 2798

1721159837.5925162 62621349
cloud_controller_tkemenade 10718007607 22947 3776

1721159837.5929341 62621349
cloud0_tkemenade 23685399906 20670 2800

1721159838.5949647 62621385
cloud_controller_tkemenade 10718622776 22969 3782

1721159838.5954614 62621385
cloud0_tkemenade 23685537944 20673 2800

1721159839.5979202 62621406
cloud_controller_tkemenade 10718622776 22986 3786

1721159839.5983899 62621406
cloud0_tkemenade 23685537944 20680 2801

1721159840.6009104 62621475
cloud_controller_tkemenade 10718622776 23014 3795

1721159840.6014476 62621475
cloud0_tkemenade 23685537944 20700 2804

1721159841.60383 62621496
cloud_controller_tkemenade 10718622776 23030 3798

1721159841.6043444 62621496
cloud0_tkemenade 23685537944 20702 2805

1721159842.6066425 62621525
cloud_controller_tkemenade 10718622776 23051 3805

1721159842.607168 62621525
cloud0_tkemenade 23685537944 20707 2809

1721159843.609637 62621541
cloud_controller_tkemenade 10718622776 23069 3809

1721159843.6100461 62621541
cloud0_tkemenade 23685537944 20709 2810

1721159844.6122282 62621578
cloud_controller_tkemenade 10718622776 23101 3813

1721159844.6126838 62621578
cloud0_tkemenade 23685537944 20716 2812

1721159845.61502 62621623
cloud_controller_tkemenade 10718622776 23131 3821

1721159845.615529 62621623
cloud0_tkemenade 23685537944 20728 2816

1721159845.716007 62621628
cloud_controller_tkemenade 10719237974 23135 3822

1721159845.7164443 62621628
cloud0_tkemenade 23685752057 20729 2817

1721159846.7188854 62621656
cloud_controller_tkemenade 10719237974 23160 3828

1721159846.7193124 62621656
cloud0_tkemenade 23685752057 20732 2817

1721159847.7218192 62621677
cloud_controller_tkemenade 10719237974 23179 3833

1721159847.72233 62621677
cloud0_tkemenade 23685752057 20736 2818

1721159848.7247984 62621705
cloud_controller_tkemenade 10719237974 23200 3839

1721159848.7252104 62621705
cloud0_tkemenade 23685752057 20739 2818

1721159849.7276764 62621737
cloud_controller_tkemenade 10719237974 23223 3847

1721159849.7281265 62621737
cloud0_tkemenade 23685752057 20746 2819

1721159850.7303615 62621797
cloud_controller_tkemenade 10719237974 23255 3853

1721159850.7308555 62621797
cloud0_tkemenade 23685752057 20763 2822

1721159851.7333848 62621813
cloud_controller_tkemenade 10719237974 23269 3858

1721159851.7338457 62621813
cloud0_tkemenade 23685752057 20765 2823

1721159852.6361306 62621837
cloud_controller_tkemenade 10719834817 23289 3863

1721159852.6366055 62621837
cloud0_tkemenade 23685893020 20768 2823

1721159853.6387126 62621858
cloud_controller_tkemenade 10719834817 23305 3869

1721159853.6391544 62621858
cloud0_tkemenade 23685893020 20771 2824

1721159854.6415815 62621897
cloud_controller_tkemenade 10719834817 23338 3880

1721159854.6420105 62621897
cloud0_tkemenade 23685893020 20777 2826

1721159855.6444523 62621943
cloud_controller_tkemenade 10719834817 23368 3888

1721159855.6449683 62621943
cloud0_tkemenade 23685893020 20792 2826

1721159856.6474633 62621972
cloud_controller_tkemenade 10719834817 23391 3893

1721159856.6478887 62621972
cloud0_tkemenade 23685893020 20795 2827

1721159857.6503594 62621992
cloud_controller_tkemenade 10719834817 23410 3899

1721159857.6508117 62621992
cloud0_tkemenade 23685893020 20801 2827

1721159858.6532917 62622014
cloud_controller_tkemenade 10719834817 23432 3904

1721159858.6537406 62622014
cloud0_tkemenade 23685893020 20803 2828

1721159859.6562202 62622052
cloud_controller_tkemenade 10720472305 23456 3908

1721159859.6567256 62622052
cloud0_tkemenade 23686034349 20809 2829

1721159860.6591933 62622112
cloud_controller_tkemenade 10720472305 23490 3914

1721159860.659734 62622112
cloud0_tkemenade 23686034349 20828 2830

1721159861.662234 62622128
cloud_controller_tkemenade 10720472305 23505 3920

1721159861.6627026 62622128
cloud0_tkemenade 23686034349 20830 2832

1721159862.6651766 62622151
cloud_controller_tkemenade 10720472305 23526 3928

1721159862.665623 62622151
cloud0_tkemenade 23686034349 20832 2833

1721159863.6681035 62622177
cloud_controller_tkemenade 10720472305 23550 3935

1721159863.668545 62622177
cloud0_tkemenade 23686034349 20835 2833

1721159864.6710386 62622221
cloud_controller_tkemenade 10720472305 23587 3942

1721159864.67149 62622221
cloud0_tkemenade 23686034349 20842 2834

1721159865.673991 62622263
cloud_controller_tkemenade 10720472305 23616 3949

1721159865.67454 62622263
cloud0_tkemenade 23686034349 20856 2836

1721159866.676907 62622288
cloud_controller_tkemenade 10720472305 23637 3959

1721159866.677383 62622288
cloud0_tkemenade 23686034349 20858 2838

1721159866.7778387 62622295
cloud_controller_tkemenade 10721164186 23638 3960

1721159866.7784212 62622295
cloud0_tkemenade 23686209546 20858 2838

1721159867.780944 62622315
cloud_controller_tkemenade 10721164186 23658 3966

1721159867.7813952 62622315
cloud0_tkemenade 23686209546 20859 2842

1721159868.7851548 62622351
cloud_controller_tkemenade 10721164186 23678 3972

1721159868.7856731 62622351
cloud0_tkemenade 23686209546 20862 2842

1721159869.7881718 62622371
cloud_controller_tkemenade 10721164186 23697 3977

1721159869.7886322 62622371
cloud0_tkemenade 23686209546 20867 2843

1721159870.7910857 62622431
cloud_controller_tkemenade 10721164186 23726 3988

1721159870.7915847 62622431
cloud0_tkemenade 23686209546 20883 2846

1721159871.793988 62622449
cloud_controller_tkemenade 10721164186 23741 3993

1721159871.7945266 62622449
cloud0_tkemenade 23686209546 20886 2847

1721159872.7969549 62622465
cloud_controller_tkemenade 10721164186 23758 4000

1721159872.797414 62622465
cloud0_tkemenade 23686209546 20888 2849

1721159873.8011968 62622494
cloud_controller_tkemenade 10721164186 23783 4007

1721159873.8016627 62622494
cloud0_tkemenade 23686209546 20891 2851

1721159873.902128 62622501
cloud_controller_tkemenade 10721739001 23784 4008

1721159873.9025712 62622501
cloud0_tkemenade 23686345842 20892 2851

1721159874.9049842 62622541
cloud_controller_tkemenade 10721739001 23819 4017

1721159874.905426 62622541
cloud0_tkemenade 23686345842 20898 2851

1721159875.9079275 62622590
cloud_controller_tkemenade 10721739001 23851 4026

1721159875.9084315 62622590
cloud0_tkemenade 23686345842 20916 2853

1721159876.9108963 62622619
cloud_controller_tkemenade 10721739001 23875 4033

1721159876.9113355 62622619
cloud0_tkemenade 23686345842 20919 2853

1721159877.9137905 62622644
cloud_controller_tkemenade 10721739001 23899 4037

1721159877.9142478 62622644
cloud0_tkemenade 23686345842 20921 2854

1721159878.9167383 62622665
cloud_controller_tkemenade 10721739001 23920 4047

1721159878.9171405 62622665
cloud0_tkemenade 23686345842 20923 2855

1721159879.91956 62622697
cloud_controller_tkemenade 10721739001 23938 4052

1721159879.9200885 62622697
cloud0_tkemenade 23686345842 20941 2857

1721159880.9223745 62622753
cloud_controller_tkemenade 10722450704 23970 4060

1721159880.9227173 62622753
cloud0_tkemenade 23686565283 20956 2860

1721159881.925056 62622775
cloud_controller_tkemenade 10722450704 23986 4065

1721159881.925604 62622775
cloud0_tkemenade 23686565283 20960 2860

1721159882.9280658 62622799
cloud_controller_tkemenade 10722450704 24008 4071

1721159882.9284692 62622799
cloud0_tkemenade 23686565283 20961 2862

1721159883.9308167 62622837
cloud_controller_tkemenade 10722450704 24044 4077

1721159883.9312446 62622837
cloud0_tkemenade 23686565283 20966 2863

1721159884.933639 62622873
cloud_controller_tkemenade 10722450704 24077 4088

1721159884.9340634 62622873
cloud0_tkemenade 23686565283 20972 2865

1721159885.9364913 62622910
cloud_controller_tkemenade 10722450704 24103 4095

1721159885.9369144 62622910
cloud0_tkemenade 23686565283 20987 2866

1721159886.9393203 62622929
cloud_controller_tkemenade 10722450704 24125 4101

1721159886.939749 62622929
cloud0_tkemenade 23686565283 20990 2867

1721159887.9421647 62622955
cloud_controller_tkemenade 10723264724 24141 4108

1721159887.9431725 62622955
cloud0_tkemenade 23686741591 20996 2868

1721159888.9456315 62622971
cloud_controller_tkemenade 10723264724 24162 4112

1721159888.946063 62622971
cloud0_tkemenade 23686741591 20997 2869

1721159889.9485192 62622999
cloud_controller_tkemenade 10723264724 24183 4116

1721159889.948964 62622999
cloud0_tkemenade 23686741591 21004 2869

1721159890.9515276 62623046
cloud_controller_tkemenade 10723264724 24212 4125

1721159890.95202 62623046
cloud0_tkemenade 23686741591 21023 2871

1721159891.9544098 62623089
cloud_controller_tkemenade 10723264724 24227 4131

1721159891.9548266 62623089
cloud0_tkemenade 23686741591 21024 2872

1721159892.9571395 62623109
cloud_controller_tkemenade 10723264724 24245 4139

1721159892.9575875 62623109
cloud0_tkemenade 23686741591 21026 2873

1721159893.9598315 62623132
cloud_controller_tkemenade 10723264724 24264 4146

1721159893.9602568 62623132
cloud0_tkemenade 23686741591 21030 2873

1721159894.962642 62623175
cloud_controller_tkemenade 10723865460 24296 4153

1721159894.9631321 62623175
cloud0_tkemenade 23686882763 21036 2874

1721159895.9651823 62623212
cloud_controller_tkemenade 10723865460 24322 4158

1721159895.9656613 62623212
cloud0_tkemenade 23686882763 21050 2876

1721159896.9678938 62623230
cloud_controller_tkemenade 10723865460 24344 4164

1721159896.9683423 62623230
cloud0_tkemenade 23686882763 21052 2877

1721159897.970405 62623249
cloud_controller_tkemenade 10723865460 24360 4173

1721159897.9708946 62623249
cloud0_tkemenade 23686882763 21055 2878

1721159898.9733758 62623278
cloud_controller_tkemenade 10723865460 24383 4176

1721159898.9738228 62623278
cloud0_tkemenade 23686882763 21059 2880

1721159899.9761095 62623305
cloud_controller_tkemenade 10723865460 24401 4180

1721159899.976597 62623305
cloud0_tkemenade 23686882763 21066 2881

1721159900.979026 62623350
cloud_controller_tkemenade 10723865460 24432 4193

1721159900.979546 62623350
cloud0_tkemenade 23686882763 21083 2884

1721159901.9818914 62623380
cloud_controller_tkemenade 10723865460 24445 4196

1721159901.982432 62623380
cloud0_tkemenade 23686882763 21085 2886

1721159902.0828688 62623386
cloud_controller_tkemenade 10724443545 24448 4196

1721159902.0833817 62623386
cloud0_tkemenade 23687063600 21086 2886

1721159903.085873 62623407
cloud_controller_tkemenade 10724443545 24469 4204

1721159903.08632 62623408
cloud0_tkemenade 23687063600 21087 2887

1721159904.088814 62623430
cloud_controller_tkemenade 10724443545 24487 4208

1721159904.089231 62623430
cloud0_tkemenade 23687063600 21090 2888

1721159905.091727 62623465
cloud_controller_tkemenade 10724443545 24520 4214

1721159905.092212 62623465
cloud0_tkemenade 23687063600 21097 2888

1721159906.094548 62623506
cloud_controller_tkemenade 10724443545 24545 4223

1721159906.0950496 62623506
cloud0_tkemenade 23687063600 21112 2889

1721159907.097502 62623534
cloud_controller_tkemenade 10724443545 24574 4229

1721159907.097943 62623534
cloud0_tkemenade 23687063600 21114 2890

1721159908.1004164 62623566
cloud_controller_tkemenade 10724443545 24594 4235

1721159908.1008887 62623566
cloud0_tkemenade 23687063600 21118 2890

1721159909.1032648 62623589
cloud_controller_tkemenade 10725084885 24616 4239

1721159909.1037507 62623589
cloud0_tkemenade 23687181582 21119 2891

1721159910.106184 62623631
cloud_controller_tkemenade 10725084885 24638 4245

1721159910.106721 62623631
cloud0_tkemenade 23687181582 21127 2893

1721159911.109182 62623673
cloud_controller_tkemenade 10725084885 24669 4253

1721159911.1096714 62623673
cloud0_tkemenade 23687181582 21143 2894

1721159912.1121912 62623701
cloud_controller_tkemenade 10725084885 24682 4256

1721159912.112721 62623701
cloud0_tkemenade 23687181582 21146 2895

1721159913.1149418 62623721
cloud_controller_tkemenade 10725084885 24702 4262

1721159913.1153927 62623721
cloud0_tkemenade 23687181582 21148 2895

1721159914.1178665 62623745
cloud_controller_tkemenade 10725084885 24723 4268

1721159914.1183434 62623745
cloud0_tkemenade 23687181582 21152 2896

1721159915.1208026 62623787
cloud_controller_tkemenade 10725084885 24760 4278

1721159915.121277 62623787
cloud0_tkemenade 23687181582 21159 2897

1721159916.1237264 62623827
cloud_controller_tkemenade 10725719174 24784 4283

1721159916.1242228 62623827
cloud0_tkemenade 23687359787 21172 2898

1721159917.126649 62623857
cloud_controller_tkemenade 10725719174 24807 4288

1721159917.1271305 62623857
cloud0_tkemenade 23687359787 21175 2899

1721159918.129602 62623878
cloud_controller_tkemenade 10725719174 24823 4294

1721159918.1300907 62623878
cloud0_tkemenade 23687359787 21183 2900

1721159919.1325765 62623901
cloud_controller_tkemenade 10725719174 24848 4300

1721159919.1329935 62623901
cloud0_tkemenade 23687359787 21185 2900

1721159920.1354952 62623931
cloud_controller_tkemenade 10725719174 24870 4305

1721159920.1360016 62623931
cloud0_tkemenade 23687359787 21193 2901

1721159921.1385841 62623977
cloud_controller_tkemenade 10725719174 24901 4311

1721159921.13908 62623977
cloud0_tkemenade 23687359787 21208 2905

1721159922.1414452 62624013
cloud_controller_tkemenade 10725719174 24916 4316

1721159922.1419735 62624013
cloud0_tkemenade 23687359787 21211 2905

1721159923.1442807 62624051
cloud_controller_tkemenade 10725719174 24949 4326

1721159923.1447878 62624051
cloud0_tkemenade 23687359787 21213 2906

1721159923.2451994 62624052
cloud_controller_tkemenade 10726337607 24949 4327

1721159923.2456636 62624052
cloud0_tkemenade 23687506335 21213 2906

1721159924.2479734 62624070
cloud_controller_tkemenade 10726337607 24968 4330

1721159924.2484164 62624070
cloud0_tkemenade 23687506335 21216 2907

1721159925.2508647 62624109
cloud_controller_tkemenade 10726337607 24998 4336

1721159925.251381 62624109
cloud0_tkemenade 23687506335 21225 2908

1721159926.2538602 62624147
cloud_controller_tkemenade 10726337607 25024 4343

1721159926.2543542 62624148
cloud0_tkemenade 23687506335 21238 2910

1721159927.2568367 62624172
cloud_controller_tkemenade 10726337607 25046 4349

1721159927.257305 62624172
cloud0_tkemenade 23687506335 21241 2911

1721159928.2597468 62624193
cloud_controller_tkemenade 10726337607 25064 4353

1721159928.2602425 62624193
cloud0_tkemenade 23687506335 21245 2912

1721159929.2625892 62624212
cloud_controller_tkemenade 10726337607 25084 4361

1721159929.2630165 62624212
cloud0_tkemenade 23687506335 21247 2913

1721159930.2653482 62624246
cloud_controller_tkemenade 10726919320 25102 4371

1721159930.2658606 62624246
cloud0_tkemenade 23687656261 21255 2914

1721159931.268121 62624285
cloud_controller_tkemenade 10726919320 25127 4378

1721159931.2686515 62624285
cloud0_tkemenade 23687656261 21269 2916

1721159932.2709382 62624315
cloud_controller_tkemenade 10726919320 25143 4384

1721159932.2713218 62624315
cloud0_tkemenade 23687656261 21274 2917

1721159933.2735162 62624340
cloud_controller_tkemenade 10726919320 25164 4392

1721159933.2740238 62624340
cloud0_tkemenade 23687656261 21275 2918

1721159934.2765024 62624359
cloud_controller_tkemenade 10726919320 25182 4397

1721159934.276931 62624359
cloud0_tkemenade 23687656261 21277 2919

1721159935.2793329 62624398
cloud_controller_tkemenade 10726919320 25216 4409

1721159935.2798061 62624398
cloud0_tkemenade 23687656261 21285 2920

1721159936.2822523 62624439
cloud_controller_tkemenade 10726919320 25244 4418

1721159936.2827332 62624439
cloud0_tkemenade 23687656261 21299 2921

1721159937.2852125 62624473
cloud_controller_tkemenade 10726919320 25275 4425

1721159937.2856648 62624473
cloud0_tkemenade 23687656261 21302 2921

1721159937.386129 62624479
cloud_controller_tkemenade 10727610283 25277 4425

1721159937.38661 62624479
cloud0_tkemenade 23687817088 21302 2921

1721159938.3890946 62624504
cloud_controller_tkemenade 10727610283 25300 4430

1721159938.3895605 62624504
cloud0_tkemenade 23687817088 21304 2923

1721159939.3919408 62624531
cloud_controller_tkemenade 10727610283 25324 4441

1721159939.3923602 62624531
cloud0_tkemenade 23687817088 21307 2923

1721159940.3948433 62624567
cloud_controller_tkemenade 10727610283 25345 4452

1721159940.39539 62624567
cloud0_tkemenade 23687817088 21325 2924

1721159941.3979194 62624620
cloud_controller_tkemenade 10727610283 25384 4457

1721159941.3984993 62624620
cloud0_tkemenade 23687817088 21341 2927

1721159942.4010198 62624634
cloud_controller_tkemenade 10727610283 25400 4462

1721159942.4014606 62624634
cloud0_tkemenade 23687817088 21345 2928

1721159943.4039733 62624682
cloud_controller_tkemenade 10727610283 25422 4467

1721159943.404495 62624682
cloud0_tkemenade 23687817088 21347 2929

1721159944.4067802 62624709
cloud_controller_tkemenade 10727610283 25444 4475

1721159944.407229 62624709
cloud0_tkemenade 23687817088 21352 2929

1721159944.5076306 62624710
cloud_controller_tkemenade 10728261683 25445 4475

1721159944.5080173 62624710
cloud0_tkemenade 23687990396 21353 2929

1721159945.5104058 62624745
cloud_controller_tkemenade 10728261683 25474 4483

1721159945.5108478 62624745
cloud0_tkemenade 23687990396 21358 2931

1721159946.5132043 62624780
cloud_controller_tkemenade 10728261683 25499 4492

1721159946.513649 62624780
cloud0_tkemenade 23687990396 21371 2932

1721159947.5160213 62624807
cloud_controller_tkemenade 10728261683 25521 4499

1721159947.516468 62624807
cloud0_tkemenade 23687990396 21374 2934

1721159948.5188742 62624828
cloud_controller_tkemenade 10728261683 25537 4506

1721159948.519346 62624828
cloud0_tkemenade 23687990396 21378 2935

1721159949.521841 62624851
cloud_controller_tkemenade 10728261683 25561 4513

1721159949.5222898 62624852
cloud0_tkemenade 23687990396 21379 2936

1721159950.5248132 62624881
cloud_controller_tkemenade 10728261683 25585 4519

1721159950.525287 62624881
cloud0_tkemenade 23687990396 21387 2936

1721159951.4275684 62624923
cloud_controller_tkemenade 10729016282 25612 4525

1721159951.4281003 62624923
cloud0_tkemenade 23688198083 21401 2940

1721159952.4305692 62624937
cloud_controller_tkemenade 10729016282 25631 4530

1721159952.4310026 62624937
cloud0_tkemenade 23688198083 21403 2941

1721159953.4333792 62624972
cloud_controller_tkemenade 10729016282 25652 4535

1721159953.4339156 62624972
cloud0_tkemenade 23688198083 21405 2942

1721159954.4363606 62624994
cloud_controller_tkemenade 10729016282 25671 4542

1721159954.4368258 62624994
cloud0_tkemenade 23688198083 21409 2943

1721159955.439279 62625031
cloud_controller_tkemenade 10729016282 25701 4553

1721159955.439813 62625031
cloud0_tkemenade 23688198083 21415 2945

1721159956.4422517 62625071
cloud_controller_tkemenade 10729016282 25724 4559

1721159956.4428012 62625071
cloud0_tkemenade 23688198083 21430 2948

1721159957.4453135 62625093
cloud_controller_tkemenade 10729016282 25743 4569

1721159957.4457872 62625093
cloud0_tkemenade 23688198083 21433 2949

1721159958.4482539 62625120
cloud_controller_tkemenade 10729016282 25758 4576

1721159958.448764 62625120
cloud0_tkemenade 23688198083 21437 2950

1721159958.5492282 62625132
cloud_controller_tkemenade 10729605554 25759 4577

1721159958.5496714 62625132
cloud0_tkemenade 23688334984 21437 2950

1721159959.5521538 62625155
cloud_controller_tkemenade 10729605554 25781 4585

1721159959.5525963 62625155
cloud0_tkemenade 23688334984 21442 2950

1721159960.555082 62625185
cloud_controller_tkemenade 10729605554 25805 4589

1721159960.5555694 62625185
cloud0_tkemenade 23688334984 21448 2952

1721159961.558066 62625230
cloud_controller_tkemenade 10729605554 25835 4592

1721159961.558613 62625230
cloud0_tkemenade 23688334984 21462 2956

1721159962.561132 62625249
cloud_controller_tkemenade 10729605554 25854 4596

1721159962.5616028 62625249
cloud0_tkemenade 23688334984 21466 2956

1721159963.5639699 62625281
cloud_controller_tkemenade 10729605554 25872 4602

1721159963.564499 62625281
cloud0_tkemenade 23688334984 21468 2957

1721159964.5669038 62625309
cloud_controller_tkemenade 10729605554 25894 4605

1721159964.56738 62625309
cloud0_tkemenade 23688334984 21470 2959

1721159965.5698385 62625343
cloud_controller_tkemenade 10729605554 25922 4615

1721159965.5703228 62625343
cloud0_tkemenade 23688334984 21478 2965

1721159965.670753 62625353
cloud_controller_tkemenade 10730222920 25927 4616

1721159965.6712182 62625353
cloud0_tkemenade 23688506641 21480 2965

1721159966.6736994 62625393
cloud_controller_tkemenade 10730222920 25958 4622

1721159966.674148 62625393
cloud0_tkemenade 23688506641 21492 2970

1721159967.676709 62625421
cloud_controller_tkemenade 10730222920 25982 4629

1721159967.6772153 62625421
cloud0_tkemenade 23688506641 21495 2971

1721159968.679719 62625441
cloud_controller_tkemenade 10730222920 26003 4632

1721159968.680192 62625441
cloud0_tkemenade 23688506641 21498 2974

1721159969.6826873 62625471
cloud_controller_tkemenade 10730222920 26027 4640

1721159969.6831572 62625471
cloud0_tkemenade 23688506641 21507 2979

1721159970.6856375 62625498
cloud_controller_tkemenade 10730222920 26049 4645

1721159970.6860888 62625498
cloud0_tkemenade 23688506641 21509 2984

1721159971.6885996 62625541
cloud_controller_tkemenade 10730222920 26078 4653

1721159971.689205 62625541
cloud0_tkemenade 23688506641 21527 2997

1721159972.6917078 62625565
cloud_controller_tkemenade 10730222920 26098 4657

1721159972.692128 62625565
cloud0_tkemenade 23688506641 21529 2999

1721159972.7926126 62625574
cloud_controller_tkemenade 10730859902 26102 4658

1721159972.7931044 62625574
cloud0_tkemenade 23688755508 21529 2999

1721159973.7955885 62625621
cloud_controller_tkemenade 10730859902 26129 4663

1721159973.7961297 62625621
cloud0_tkemenade 23688755508 21535 3001

1721159974.7986348 62625645
cloud_controller_tkemenade 10730859902 26149 4669

1721159974.7990873 62625645
cloud0_tkemenade 23688755508 21541 3003

1721159975.8016057 62625676
cloud_controller_tkemenade 10730859902 26177 4677

1721159975.8020744 62625676
cloud0_tkemenade 23688755508 21546 3004

1721159976.8045986 62625715
cloud_controller_tkemenade 10730859902 26206 4682

1721159976.8050714 62625715
cloud0_tkemenade 23688755508 21560 3007

1721159977.807612 62625755
cloud_controller_tkemenade 10730859902 26231 4694

1721159977.808103 62625755
cloud0_tkemenade 23688755508 21570 3010

1721159978.8106523 62625775
cloud_controller_tkemenade 10730859902 26254 4697

1721159978.8111346 62625775
cloud0_tkemenade 23688755508 21573 3011

1721159979.8136334 62625818
cloud_controller_tkemenade 10730859902 26291 4712

1721159979.814136 62625818
cloud0_tkemenade 23688755508 21581 3011

1721159979.9145653 62625821
cloud_controller_tkemenade 10731592517 26291 4713

1721159979.9149928 62625821
cloud0_tkemenade 23688945335 21582 3011

1721159980.917411 62625851
cloud_controller_tkemenade 10731592517 26312 4722

1721159980.9178963 62625851
cloud0_tkemenade 23688945335 21588 3013

1721159981.9203892 62625889
cloud_controller_tkemenade 10731592517 26339 4729

1721159981.920887 62625889
cloud0_tkemenade 23688945335 21602 3015

1721159982.9233828 62625916
cloud_controller_tkemenade 10731592517 26363 4737

1721159982.923846 62625916
cloud0_tkemenade 23688945335 21604 3016

1721159983.9264205 62625958
cloud_controller_tkemenade 10731592517 26386 4747

1721159983.9269524 62625958
cloud0_tkemenade 23688945335 21608 3016

1721159984.9294403 62625982
cloud_controller_tkemenade 10731592517 26406 4753

1721159984.929901 62625982
cloud0_tkemenade 23688945335 21615 3017

1721159985.9322906 62626018
cloud_controller_tkemenade 10731592517 26439 4759

1721159985.9328158 62626018
cloud0_tkemenade 23688945335 21621 3019

1721159986.835053 62626059
cloud_controller_tkemenade 10732280299 26469 4763

1721159986.835533 62626059
cloud0_tkemenade 23689131546 21633 3021

1721159987.8380158 62626085
cloud_controller_tkemenade 10732280299 26492 4767

1721159987.8384957 62626085
cloud0_tkemenade 23689131546 21636 3022

1721159988.8409145 62626102
cloud_controller_tkemenade 10732280299 26507 4773

1721159988.8413808 62626102
cloud0_tkemenade 23689131546 21638 3023

1721159989.8438969 62626132
cloud_controller_tkemenade 10732280299 26531 4780

1721159989.8443701 62626132
cloud0_tkemenade 23689131546 21644 3025

1721159990.8468623 62626153
cloud_controller_tkemenade 10732280299 26553 4786

1721159990.8473263 62626153
cloud0_tkemenade 23689131546 21646 3026

1721159991.8498302 62626192
cloud_controller_tkemenade 10732280299 26580 4791

1721159991.8503394 62626193
cloud0_tkemenade 23689131546 21663 3028

1721159992.852832 62626207
cloud_controller_tkemenade 10732280299 26595 4796

1721159992.8532798 62626207
cloud0_tkemenade 23689131546 21665 3029

1721159993.8555691 62626244
cloud_controller_tkemenade 10732836532 26614 4801

1721159993.8560274 62626244
cloud0_tkemenade 23689264558 21668 3030

1721159994.858471 62626272
cloud_controller_tkemenade 10732836532 26636 4808

1721159994.858909 62626272
cloud0_tkemenade 23689264558 21674 3031

1721159995.8612685 62626303
cloud_controller_tkemenade 10732836532 26668 4815

1721159995.8617344 62626303
cloud0_tkemenade 23689264558 21678 3031

1721159996.8642428 62626345
cloud_controller_tkemenade 10732836532 26704 4821

1721159996.8646991 62626345
cloud0_tkemenade 23689264558 21690 3034

1721159997.8672063 62626369
cloud_controller_tkemenade 10732836532 26726 4830

1721159997.8676612 62626369
cloud0_tkemenade 23689264558 21693 3035

1721159998.8701541 62626391
cloud_controller_tkemenade 10732836532 26746 4835

1721159998.8706253 62626391
cloud0_tkemenade 23689264558 21696 3035

1721159999.8731556 62626423
cloud_controller_tkemenade 10732836532 26766 4845

1721159999.873659 62626423
cloud0_tkemenade 23689264558 21712 3038

1721160000.8756177 62626450
cloud_controller_tkemenade 10732836532 26786 4850

1721160000.8761437 62626450
cloud0_tkemenade 23689264558 21715 3039

1721160000.9766169 62626463
cloud_controller_tkemenade 10733547231 26788 4850

1721160000.9771094 62626463
cloud0_tkemenade 23689443833 21720 3040

1721160001.97955 62626502
cloud_controller_tkemenade 10733547231 26818 4855

1721160001.9800606 62626502
cloud0_tkemenade 23689443833 21736 3041

1721160002.9825847 62626523
cloud_controller_tkemenade 10733547231 26839 4860

1721160002.9830194 62626523
cloud0_tkemenade 23689443833 21738 3041

1721160003.9855735 62626579
cloud_controller_tkemenade 10733547231 26882 4866

1721160003.9861083 62626579
cloud0_tkemenade 23689443833 21741 3043

1721160004.9886615 62626613
cloud_controller_tkemenade 10733547231 26906 4871

1721160004.9891884 62626613
cloud0_tkemenade 23689443833 21747 3044

1721160005.991732 62626654
cloud_controller_tkemenade 10733547231 26938 4877

1721160005.9921947 62626654
cloud0_tkemenade 23689443833 21751 3044

1721160006.9946876 62626693
cloud_controller_tkemenade 10733547231 26968 4882

1721160006.9951618 62626693
cloud0_tkemenade 23689443833 21762 3046

1721160007.9976416 62626720
cloud_controller_tkemenade 10733547231 26991 4890

1721160007.9981592 62626720
cloud0_tkemenade 23689443833 21768 3047

1721160008.0997498 62626728
cloud_controller_tkemenade 10734276935 26992 4891

1721160008.1002038 62626728
cloud0_tkemenade 23689626259 21768 3047

1721160009.102587 62626742
cloud_controller_tkemenade 10734276935 27008 4895

1721160009.102994 62626742
cloud0_tkemenade 23689626259 21770 3048

1721160010.1055174 62626775
cloud_controller_tkemenade 10734276935 27031 4900

1721160010.1059866 62626775
cloud0_tkemenade 23689626259 21779 3049

1721160011.108459 62626797
cloud_controller_tkemenade 10734276935 27053 4907

1721160011.108908 62626797
cloud0_tkemenade 23689626259 21784 3051

1721160012.1111932 62626837
cloud_controller_tkemenade 10734276935 27082 4910

1721160012.1116986 62626837
cloud0_tkemenade 23689626259 21797 3052

1721160013.1142151 62626856
cloud_controller_tkemenade 10734276935 27098 4915

1721160013.1147254 62626856
cloud0_tkemenade 23689626259 21800 3053

1721160014.11697 62626877
cloud_controller_tkemenade 10734276935 27117 4923

1721160014.117449 62626877
cloud0_tkemenade 23689626259 21803 3053

1721160015.1195195 62626924
cloud_controller_tkemenade 10734846190 27139 4928

1721160015.1200826 62626924
cloud0_tkemenade 23689774760 21808 3056

1721160016.12259 62626957
cloud_controller_tkemenade 10734846190 27167 4934

1721160016.123056 62626957
cloud0_tkemenade 23689774760 21811 3057

1721160017.1254392 62627003
cloud_controller_tkemenade 10734846190 27203 4940

1721160017.1259062 62627003
cloud0_tkemenade 23689774760 21823 3058

1721160018.1284294 62627028
cloud_controller_tkemenade 10734846190 27223 4947

1721160018.1289296 62627028
cloud0_tkemenade 23689774760 21827 3059

1721160019.1313157 62627049
cloud_controller_tkemenade 10734846190 27240 4955

1721160019.1317358 62627049
cloud0_tkemenade 23689774760 21829 3060

1721160020.134097 62627082
cloud_controller_tkemenade 10734846190 27262 4962

1721160020.1346507 62627082
cloud0_tkemenade 23689774760 21839 3064

1721160021.1371934 62627110
cloud_controller_tkemenade 10734846190 27284 4968

1721160021.1377428 62627110
cloud0_tkemenade 23689774760 21848 3066

1721160022.1401682 62627157
cloud_controller_tkemenade 10735501186 27313 4975

1721160022.1406956 62627157
cloud0_tkemenade 23689970369 21861 3068

1721160023.142967 62627176
cloud_controller_tkemenade 10735501186 27330 4981

1721160023.1434486 62627176
cloud0_tkemenade 23689970369 21862 3071

1721160024.1460698 62627202
cloud_controller_tkemenade 10735501186 27354 4983

1721160024.1465428 62627202
cloud0_tkemenade 23689970369 21865 3072

1721160025.1489472 62627252
cloud_controller_tkemenade 10735501186 27372 4989

1721160025.1495035 62627252
cloud0_tkemenade 23689970369 21871 3075

1721160026.1520362 62627280
cloud_controller_tkemenade 10735501186 27398 4995

1721160026.1525238 62627280
cloud0_tkemenade 23689970369 21874 3075

1721160027.155018 62627326
cloud_controller_tkemenade 10735501186 27434 5000

1721160027.1555066 62627326
cloud0_tkemenade 23689970369 21887 3077

1721160028.1580107 62627365
cloud_controller_tkemenade 10735501186 27456 5005

1721160028.1585512 62627365
cloud0_tkemenade 23689970369 21890 3079

1721160029.1609733 62627387
cloud_controller_tkemenade 10735501186 27475 5011

1721160029.1614616 62627387
cloud0_tkemenade 23689970369 21892 3081

1721160029.2618897 62627390
cloud_controller_tkemenade 10736099937 27476 5012

1721160029.2623785 62627390
cloud0_tkemenade 23690100790 21892 3081

1721160030.264817 62627426
cloud_controller_tkemenade 10736099937 27501 5020

1721160030.2653387 62627426
cloud0_tkemenade 23690100790 21903 3082

1721160031.2678254 62627446
cloud_controller_tkemenade 10736099937 27518 5029

1721160031.2683089 62627446
cloud0_tkemenade 23690100790 21909 3084

1721160032.2708023 62627486
cloud_controller_tkemenade 10736099937 27548 5035

1721160032.2712748 62627486
cloud0_tkemenade 23690100790 21921 3087

1721160033.2737577 62627502
cloud_controller_tkemenade 10736099937 27565 5040

1721160033.2742314 62627502
cloud0_tkemenade 23690100790 21922 3088

1721160034.2765718 62627525
cloud_controller_tkemenade 10736099937 27585 5047

1721160034.2770371 62627525
cloud0_tkemenade 23690100790 21927 3089

1721160035.2795243 62627567
cloud_controller_tkemenade 10736099937 27609 5049

1721160035.2800493 62627567
cloud0_tkemenade 23690100790 21935 3091

1721160036.2824504 62627604
cloud_controller_tkemenade 10736708710 27638 5056

1721160036.2829554 62627604
cloud0_tkemenade 23690272572 21939 3092

1721160037.285415 62627647
cloud_controller_tkemenade 10736708710 27665 5063

1721160037.2859175 62627647
cloud0_tkemenade 23690272572 21952 3094

1721160038.2884214 62627674
cloud_controller_tkemenade 10736708710 27689 5069

1721160038.2888896 62627674
cloud0_tkemenade 23690272572 21956 3095

1721160039.2914095 62627694
cloud_controller_tkemenade 10736708710 27708 5075

1721160039.291842 62627694
cloud0_tkemenade 23690272572 21960 3096

1721160040.2943392 62627733
cloud_controller_tkemenade 10736708710 27737 5083

1721160040.2948563 62627733
cloud0_tkemenade 23690272572 21969 3098

1721160041.2973495 62627759
cloud_controller_tkemenade 10736708710 27759 5089

1721160041.2978318 62627759
cloud0_tkemenade 23690272572 21975 3098

1721160042.3003476 62627798
cloud_controller_tkemenade 10736708710 27789 5096

1721160042.300832 62627798
cloud0_tkemenade 23690272572 21987 3100

1721160043.303599 62627827
cloud_controller_tkemenade 10736708710 27816 5103

1721160043.3039174 62627827
cloud0_tkemenade 23690272572 21989 3100

1721160043.4042783 62627828
cloud_controller_tkemenade 10737386600 27816 5103

1721160043.4047058 62627828
cloud0_tkemenade 23690447225 21990 3100

1721160044.4070616 62627855
cloud_controller_tkemenade 10737386600 27838 5110

1721160044.4075432 62627855
cloud0_tkemenade 23690447225 21996 3100

1721160045.4101162 62627894
cloud_controller_tkemenade 10737386600 27863 5114

1721160045.410698 62627894
cloud0_tkemenade 23690447225 22000 3101

1721160046.4132419 62627919
cloud_controller_tkemenade 10737386600 27885 5125

1721160046.4137058 62627919
cloud0_tkemenade 23690447225 22004 3101

1721160047.4161782 62627957
cloud_controller_tkemenade 10737386600 27915 5131

1721160047.4166863 62627957
cloud0_tkemenade 23690447225 22016 3103

1721160048.4191875 62627991
cloud_controller_tkemenade 10737386600 27938 5140

1721160048.4197018 62627991
cloud0_tkemenade 23690447225 22019 3104

1721160049.4221144 62628015
cloud_controller_tkemenade 10737386600 27950 5150

1721160049.422577 62628015
cloud0_tkemenade 23690447225 22021 3105

1721160050.4250696 62628069
cloud_controller_tkemenade 10738025856 27976 5159

1721160050.4256017 62628069
cloud0_tkemenade 23690600286 22033 3108

1721160051.4281378 62628108
cloud_controller_tkemenade 10738025856 27997 5163

1721160051.428636 62628108
cloud0_tkemenade 23690600286 22038 3109

1721160052.4311748 62628163
cloud_controller_tkemenade 10738025856 28026 5167

1721160052.4316666 62628163
cloud0_tkemenade 23690600286 22051 3112

1721160053.4340944 62628199
cloud_controller_tkemenade 10738025856 28049 5169

1721160053.434572 62628199
cloud0_tkemenade 23690600286 22053 3113

1721160054.4370127 62628228
cloud_controller_tkemenade 10738025856 28067 5175

1721160054.4374344 62628228
cloud0_tkemenade 23690600286 22057 3114

1721160055.4399025 62628282
cloud_controller_tkemenade 10738025856 28079 5196

1721160055.4404116 62628282
cloud0_tkemenade 23690600286 22064 3115

1721160056.4429293 62628315
cloud_controller_tkemenade 10738025856 28088 5224

1721160056.4434023 62628315
cloud0_tkemenade 23690600286 22067 3116

1721160057.4455564 62628390
cloud_controller_tkemenade 10738746483 28118 5233

1721160057.4460282 62628390
cloud0_tkemenade 23690781265 22078 3117

1721160058.448482 62628440
cloud_controller_tkemenade 10738746483 28141 5242

1721160058.448969 62628440
cloud0_tkemenade 23690781265 22081 3118

1721160059.4515214 62628484
cloud_controller_tkemenade 10738746483 28160 5245

1721160059.4519563 62628484
cloud0_tkemenade 23690781265 22083 3120

1721160060.4549987 62628557
cloud_controller_tkemenade 10738746483 28185 5256

1721160060.4555233 62628557
cloud0_tkemenade 23690781265 22099 3123

1721160061.457941 62628615
cloud_controller_tkemenade 10738746483 28210 5259

1721160061.4584208 62628615
cloud0_tkemenade 23690781265 22107 3124

1721160062.4608383 62628683
cloud_controller_tkemenade 10738746483 28238 5262

1721160062.461291 62628683
cloud0_tkemenade 23690781265 22122 3126

1721160063.463414 62628722
cloud_controller_tkemenade 10738746483 28254 5271

1721160063.4638295 62628722
cloud0_tkemenade 23690781265 22124 3127

1721160064.466228 62628757
cloud_controller_tkemenade 10738746483 28276 5276

1721160064.4666805 62628757
cloud0_tkemenade 23690781265 22128 3128

1721160064.5670886 62628765
cloud_controller_tkemenade 10739434608 28281 5277

1721160064.5675 62628765
cloud0_tkemenade 23690986024 22128 3128

1721160065.5699492 62628812
cloud_controller_tkemenade 10739434608 28302 5283

1721160065.5705214 62628812
cloud0_tkemenade 23690986024 22134 3131

1721160066.573004 62628851
cloud_controller_tkemenade 10739434608 28332 5289

1721160066.5734494 62628851
cloud0_tkemenade 23690986024 22138 3131

1721160067.5759695 62628898
cloud_controller_tkemenade 10739434608 28358 5298

1721160067.5765064 62628898
cloud0_tkemenade 23690986024 22154 3134

1721160068.5789108 62628919
cloud_controller_tkemenade 10739434608 28378 5307

1721160068.5793655 62628919
cloud0_tkemenade 23690986024 22156 3135

1721160069.5817406 62628937
cloud_controller_tkemenade 10739434608 28393 5314

1721160069.5821314 62628937
cloud0_tkemenade 23690986024 22158 3136

1721160070.5844612 62628977
cloud_controller_tkemenade 10739434608 28422 5318

1721160070.584908 62628977
cloud0_tkemenade 23690986024 22166 3137

1721160071.5872743 62629001
cloud_controller_tkemenade 10740153333 28440 5324

1721160071.5877206 62629001
cloud0_tkemenade 23691177916 22171 3140

1721160072.5901365 62629040
cloud_controller_tkemenade 10740153333 28470 5331

1721160072.5906262 62629040
cloud0_tkemenade 23691177916 22183 3141

1721160073.5929167 62629060
cloud_controller_tkemenade 10740153333 28487 5336

1721160073.5933833 62629060
cloud0_tkemenade 23691177916 22186 3141

1721160074.595808 62629083
cloud_controller_tkemenade 10740153333 28510 5340

1721160074.5962255 62629083
cloud0_tkemenade 23691177916 22188 3142

1721160075.5984926 62629114
cloud_controller_tkemenade 10740153333 28533 5342

1721160075.598941 62629114
cloud0_tkemenade 23691177916 22195 3143

1721160076.601439 62629160
cloud_controller_tkemenade 10740153333 28560 5350

1721160076.6020267 62629160
cloud0_tkemenade 23691177916 22197 3145

1721160077.604445 62629199
cloud_controller_tkemenade 10740153333 28587 5359

1721160077.6049325 62629199
cloud0_tkemenade 23691177916 22209 3147

1721160078.607353 62629242
cloud_controller_tkemenade 10740153333 28607 5367

1721160078.6078222 62629242
cloud0_tkemenade 23691177916 22213 3147

1721160078.7082303 62629247
cloud_controller_tkemenade 10740816288 28611 5367

1721160078.7086568 62629247
cloud0_tkemenade 23691331146 22213 3147

1721160079.7110085 62629267
cloud_controller_tkemenade 10740816288 28626 5371

1721160079.7114422 62629267
cloud0_tkemenade 23691331146 22216 3148

1721160080.7139232 62629298
cloud_controller_tkemenade 10740816288 28651 5380

1721160080.7144322 62629298
cloud0_tkemenade 23691331146 22222 3150

1721160081.7169166 62629322
cloud_controller_tkemenade 10740816288 28666 5390

1721160081.7174115 62629322
cloud0_tkemenade 23691331146 22228 3153

1721160082.719791 62629369
cloud_controller_tkemenade 10740816288 28698 5399

1721160082.720311 62629369
cloud0_tkemenade 23691331146 22241 3154

1721160083.722811 62629392
cloud_controller_tkemenade 10740816288 28720 5403

1721160083.7232437 62629392
cloud0_tkemenade 23691331146 22244 3155

1721160084.7257013 62629417
cloud_controller_tkemenade 10740816288 28739 5408

1721160084.7261376 62629417
cloud0_tkemenade 23691331146 22246 3155

1721160085.628367 62629448
cloud_controller_tkemenade 10741399734 28758 5412

1721160085.628817 62629448
cloud0_tkemenade 23691486731 22256 3156

1721160086.630903 62629497
cloud_controller_tkemenade 10741399734 28788 5421

1721160086.6314356 62629497
cloud0_tkemenade 23691486731 22259 3156

1721160087.6339004 62629544
cloud_controller_tkemenade 10741399734 28821 5426

1721160087.6344573 62629545
cloud0_tkemenade 23691486731 22272 3159

1721160088.63699 62629566
cloud_controller_tkemenade 10741399734 28841 5431

1721160088.637465 62629566
cloud0_tkemenade 23691486731 22274 3160

1721160089.6399052 62629585
cloud_controller_tkemenade 10741399734 28854 5438

1721160089.6403906 62629585
cloud0_tkemenade 23691486731 22279 3160

1721160090.6428728 62629628
cloud_controller_tkemenade 10741399734 28882 5444

1721160090.6433415 62629628
cloud0_tkemenade 23691486731 22287 3162

1721160091.6458414 62629651
cloud_controller_tkemenade 10741399734 28899 5451

1721160091.6463609 62629651
cloud0_tkemenade 23691486731 22294 3163

1721160092.6488678 62629696
cloud_controller_tkemenade 10742057218 28930 5460

1721160092.6493533 62629696
cloud0_tkemenade 23691658642 22305 3165

1721160093.6518407 62629715
cloud_controller_tkemenade 10742057218 28946 5466

1721160093.6522987 62629715
cloud0_tkemenade 23691658642 22308 3167

1721160094.6547916 62629738
cloud_controller_tkemenade 10742057218 28966 5473

1721160094.655208 62629738
cloud0_tkemenade 23691658642 22311 3168

1721160095.6576965 62629766
cloud_controller_tkemenade 10742057218 28988 5478

1721160095.6581655 62629766
cloud0_tkemenade 23691658642 22318 3169

1721160096.6607308 62629804
cloud_controller_tkemenade 10742057218 29014 5485

1721160096.6612678 62629804
cloud0_tkemenade 23691658642 22320 3170

1721160097.6636648 62629851
cloud_controller_tkemenade 10742057218 29051 5489

1721160097.6641507 62629851
cloud0_tkemenade 23691658642 22334 3172

1721160098.6665227 62629870
cloud_controller_tkemenade 10742057218 29069 5494

1721160098.667015 62629870
cloud0_tkemenade 23691658642 22335 3175

1721160099.6691768 62629890
cloud_controller_tkemenade 10742057218 29086 5503

1721160099.669609 62629890
cloud0_tkemenade 23691658642 22338 3175

1721160099.770074 62629896
cloud_controller_tkemenade 10742664741 29087 5504

1721160099.77056 62629896
cloud0_tkemenade 23691789676 22338 3175

1721160100.7729995 62629932
cloud_controller_tkemenade 10742664741 29115 5513

1721160100.7735023 62629932
cloud0_tkemenade 23691789676 22345 3178

1721160101.7760084 62629955
cloud_controller_tkemenade 10742664741 29131 5518

1721160101.7765255 62629955
cloud0_tkemenade 23691789676 22352 3180

1721160102.7790468 62630002
cloud_controller_tkemenade 10742664741 29165 5526

1721160102.779556 62630002
cloud0_tkemenade 23691789676 22363 3180

1721160103.782051 62630040
cloud_controller_tkemenade 10742664741 29192 5531

1721160103.7825449 62630040
cloud0_tkemenade 23691789676 22366 3181

1721160104.7850366 62630065
cloud_controller_tkemenade 10742664741 29208 5537

1721160104.7855027 62630065
cloud0_tkemenade 23691789676 22369 3182

1721160105.7880597 62630113
cloud_controller_tkemenade 10742664741 29230 5540

1721160105.7886002 62630113
cloud0_tkemenade 23691789676 22376 3186

1721160106.7907062 62630184
cloud_controller_tkemenade 10743300332 29261 5545

1721160106.7912037 62630184
cloud0_tkemenade 23691945575 22379 3187

1721160107.7937536 62630258
cloud_controller_tkemenade 10743300332 29295 5547

1721160107.7943413 62630258
cloud0_tkemenade 23691945575 22396 3192

1721160108.7968605 62630307
cloud_controller_tkemenade 10743300332 29316 5551

1721160108.7973483 62630307
cloud0_tkemenade 23691945575 22398 3192

1721160109.7998426 62630344
cloud_controller_tkemenade 10743300332 29329 5560

1721160109.8003597 62630344
cloud0_tkemenade 23691945575 22401 3193

1721160110.802896 62630408
cloud_controller_tkemenade 10743300332 29357 5564

1721160110.8034523 62630408
cloud0_tkemenade 23691945575 22410 3198

1721160111.8059564 62630466
cloud_controller_tkemenade 10743300332 29379 5569

1721160111.8064857 62630467
cloud0_tkemenade 23691945575 22421 3201

1721160112.808991 62630525
cloud_controller_tkemenade 10743300332 29393 5590

1721160112.8095214 62630525
cloud0_tkemenade 23691945575 22433 3204

1721160113.812038 62630569
cloud_controller_tkemenade 10743935758 29393 5626

1721160113.8125155 62630569
cloud0_tkemenade 23692192025 22439 3209

1721160114.8150077 62630597
cloud_controller_tkemenade 10743935758 29398 5646

1721160114.8154402 62630597
cloud0_tkemenade 23692192025 22441 3209

1721160115.8179703 62630642
cloud_controller_tkemenade 10743935758 29427 5651

1721160115.8185692 62630642
cloud0_tkemenade 23692192025 22450 3214

1721160116.8211167 62630704
cloud_controller_tkemenade 10743935758 29457 5660

1721160116.8216572 62630704
cloud0_tkemenade 23692192025 22453 3215

1721160117.8241975 62630776
cloud_controller_tkemenade 10743935758 29493 5665

1721160117.8247495 62630776
cloud0_tkemenade 23692192025 22466 3218

1721160118.8272665 62630808
cloud_controller_tkemenade 10743935758 29515 5668

1721160118.8277378 62630808
cloud0_tkemenade 23692192025 22468 3218

1721160119.8303142 62630861
cloud_controller_tkemenade 10743935758 29536 5677

1721160119.8308272 62630861
cloud0_tkemenade 23692192025 22492 3222

1721160120.8332272 62630897
cloud_controller_tkemenade 10743935758 29562 5682

1721160120.8337414 62630897
cloud0_tkemenade 23692192025 22498 3223

1721160120.9342163 62630909
cloud_controller_tkemenade 10744600070 29565 5682

1721160120.934707 62630909
cloud0_tkemenade 23692407635 22499 3223

1721160121.937192 62630937
cloud_controller_tkemenade 10744600070 29587 5686

1721160121.9376967 62630937
cloud0_tkemenade 23692407635 22506 3224

1721160122.940203 62630981
cloud_controller_tkemenade 10744600070 29619 5692

1721160122.9407413 62630981
cloud0_tkemenade 23692407635 22521 3227

1721160123.943122 62631024
cloud_controller_tkemenade 10744600070 29662 5698

1721160123.9436038 62631024
cloud0_tkemenade 23692407635 22525 3228

1721160124.9460921 62631045
cloud_controller_tkemenade 10744600070 29680 5705

1721160124.946542 62631046
cloud0_tkemenade 23692407635 22528 3229

1721160125.9490006 62631077
cloud_controller_tkemenade 10744600070 29701 5712

1721160125.9494474 62631077
cloud0_tkemenade 23692407635 22535 3230

1721160126.9518828 62631107
cloud_controller_tkemenade 10744600070 29727 5719

1721160126.9523761 62631107
cloud0_tkemenade 23692407635 22541 3230

1721160127.954771 62631155
cloud_controller_tkemenade 10745307929 29753 5728

1721160127.9552538 62631155
cloud0_tkemenade 23692601237 22554 3232

1721160128.957515 62631181
cloud_controller_tkemenade 10745307929 29767 5733

1721160128.957981 62631181
cloud0_tkemenade 23692601237 22558 3233

1721160129.9605474 62631205
cloud_controller_tkemenade 10745307929 29785 5741

1721160129.961004 62631205
cloud0_tkemenade 23692601237 22561 3233

1721160130.9634116 62631243
cloud_controller_tkemenade 10745307929 29813 5746

1721160130.9639153 62631243
cloud0_tkemenade 23692601237 22568 3235

1721160131.966326 62631265
cloud_controller_tkemenade 10745307929 29830 5753

1721160131.9668226 62631265
cloud0_tkemenade 23692601237 22575 3236

1721160132.9691823 62631315
cloud_controller_tkemenade 10745307929 29866 5760

1721160132.9696577 62631315
cloud0_tkemenade 23692601237 22588 3238

1721160133.9719737 62631337
cloud_controller_tkemenade 10745307929 29888 5765

1721160133.9724307 62631337
cloud0_tkemenade 23692601237 22590 3239

1721160134.9746547 62631363
cloud_controller_tkemenade 10745900293 29906 5771

1721160134.97514 62631363
cloud0_tkemenade 23692739555 22592 3240

1721160135.9775922 62631384
cloud_controller_tkemenade 10745900293 29928 5777

1721160135.9780624 62631384
cloud0_tkemenade 23692739555 22600 3243

1721160136.980582 62631410
cloud_controller_tkemenade 10745900293 29955 5783

1721160136.9810047 62631410
cloud0_tkemenade 23692739555 22601 3243

1721160137.9834564 62631458
cloud_controller_tkemenade 10745900293 29985 5790

1721160137.9839957 62631458
cloud0_tkemenade 23692739555 22611 3247

1721160138.9864876 62631474
cloud_controller_tkemenade 10745900293 29999 5795

1721160138.9869413 62631474
cloud0_tkemenade 23692739555 22614 3247

1721160139.9894128 62631502
cloud_controller_tkemenade 10745900293 30021 5803

1721160139.9899035 62631502
cloud0_tkemenade 23692739555 22617 3248

1721160140.992204 62631532
cloud_controller_tkemenade 10745900293 30045 5809

1721160140.9926846 62631532
cloud0_tkemenade 23692739555 22624 3249

1721160141.9950936 62631559
cloud_controller_tkemenade 10745900293 30067 5818

1721160141.995563 62631559
cloud0_tkemenade 23692739555 22632 3251

1721160142.096036 62631563
cloud_controller_tkemenade 10746522774 30069 5818

1721160142.0964983 62631563
cloud0_tkemenade 23692891452 22632 3251

1721160143.098868 62631597
cloud_controller_tkemenade 10746522774 30092 5824

1721160143.099387 62631597
cloud0_tkemenade 23692891452 22644 3252

1721160144.1018672 62631617
cloud_controller_tkemenade 10746522774 30113 5830

1721160144.1023364 62631617
cloud0_tkemenade 23692891452 22647 3253

1721160145.1047976 62631638
cloud_controller_tkemenade 10746522774 30130 5834

1721160145.1052227 62631638
cloud0_tkemenade 23692891452 22649 3255

1721160146.1076596 62631669
cloud_controller_tkemenade 10746522774 30157 5837

1721160146.1080852 62631669
cloud0_tkemenade 23692891452 22657 3255

1721160147.1105673 62631696
cloud_controller_tkemenade 10746522774 30185 5845

1721160147.1109798 62631696
cloud0_tkemenade 23692891452 22659 3255

1721160148.113493 62631755
cloud_controller_tkemenade 10746522774 30215 5852

1721160148.1140203 62631755
cloud0_tkemenade 23692891452 22669 3257

1721160149.116288 62631775
cloud_controller_tkemenade 10747124663 30228 5859

1721160149.1167555 62631775
cloud0_tkemenade 23693027557 22670 3259

1721160150.1190484 62631797
cloud_controller_tkemenade 10747124663 30248 5865

1721160150.1194842 62631797
cloud0_tkemenade 23693027557 22673 3260

1721160151.1219604 62631842
cloud_controller_tkemenade 10747124663 30275 5872

1721160151.1224809 62631842
cloud0_tkemenade 23693027557 22681 3261

1721160152.124854 62631870
cloud_controller_tkemenade 10747124663 30294 5878

1721160152.1252995 62631870
cloud0_tkemenade 23693027557 22687 3263

1721160153.1276298 62631909
cloud_controller_tkemenade 10747124663 30323 5883

1721160153.128102 62631909
cloud0_tkemenade 23693027557 22703 3263

1721160154.1305366 62631939
cloud_controller_tkemenade 10747124663 30349 5890

1721160154.1309757 62631939
cloud0_tkemenade 23693027557 22706 3264

1721160155.13343 62631964
cloud_controller_tkemenade 10747124663 30372 5898

1721160155.1338358 62631964
cloud0_tkemenade 23693027557 22709 3265

1721160156.1360798 62631996
cloud_controller_tkemenade 10747747332 30393 5902

1721160156.1365385 62631996
cloud0_tkemenade 23693187672 22717 3265

1721160157.1390214 62632021
cloud_controller_tkemenade 10747747332 30418 5912

1721160157.139443 62632021
cloud0_tkemenade 23693187672 22721 3265

1721160158.14198 62632089
cloud_controller_tkemenade 10747747332 30451 5921

1721160158.1425536 62632090
cloud0_tkemenade 23693187672 22735 3267

1721160159.1450381 62632110
cloud_controller_tkemenade 10747747332 30465 5930

1721160159.145452 62632110
cloud0_tkemenade 23693187672 22737 3268

1721160160.14778 62632137
cloud_controller_tkemenade 10747747332 30490 5936

1721160160.1481938 62632137
cloud0_tkemenade 23693187672 22740 3270

1721160161.1506457 62632163
cloud_controller_tkemenade 10747747332 30514 5942

1721160161.1510794 62632163
cloud0_tkemenade 23693187672 22748 3271

1721160162.1535845 62632195
cloud_controller_tkemenade 10747747332 30536 5947

1721160162.1540172 62632195
cloud0_tkemenade 23693187672 22756 3271

1721160163.156414 62632237
cloud_controller_tkemenade 10747747332 30570 5957

1721160163.1569211 62632237
cloud0_tkemenade 23693187672 22769 3274

1721160163.2573931 62632248
cloud_controller_tkemenade 10748452243 30574 5957

1721160163.2578568 62632248
cloud0_tkemenade 23693369104 22770 3274

1721160164.2602792 62632274
cloud_controller_tkemenade 10748452243 30600 5963

1721160164.2607121 62632274
cloud0_tkemenade 23693369104 22774 3274

1721160165.2631893 62632296
cloud_controller_tkemenade 10748452243 30617 5966

1721160165.2635884 62632296
cloud0_tkemenade 23693369104 22777 3275

1721160166.266044 62632322
cloud_controller_tkemenade 10748452243 30642 5972

1721160166.266502 62632323
cloud0_tkemenade 23693369104 22784 3277

1721160167.2689881 62632351
cloud_controller_tkemenade 10748452243 30671 5980

1721160167.269384 62632351
cloud0_tkemenade 23693369104 22786 3277

1721160168.2719078 62632402
cloud_controller_tkemenade 10748452243 30701 5988

1721160168.2723937 62632402
cloud0_tkemenade 23693369104 22797 3279

1721160169.2748551 62632421
cloud_controller_tkemenade 10748452243 30718 5993

1721160169.2752612 62632421
cloud0_tkemenade 23693369104 22799 3280

1721160170.2777436 62632453
cloud_controller_tkemenade 10749081113 30746 6001

1721160170.2782233 62632453
cloud0_tkemenade 23693492470 22804 3280

1721160171.2806838 62632475
cloud_controller_tkemenade 10749081113 30764 6006

1721160171.2811203 62632475
cloud0_tkemenade 23693492470 22810 3282

1721160172.2836103 62632499
cloud_controller_tkemenade 10749081113 30782 6013

1721160172.284053 62632499
cloud0_tkemenade 23693492470 22818 3282

1721160173.286447 62632543
cloud_controller_tkemenade 10749081113 30808 6019

1721160173.2868185 62632543
cloud0_tkemenade 23693492470 22835 3284

1721160174.288984 62632573
cloud_controller_tkemenade 10749081113 30833 6027

1721160174.289431 62632573
cloud0_tkemenade 23693492470 22838 3286

1721160175.291818 62632596
cloud_controller_tkemenade 10749081113 30853 6031

1721160175.2922323 62632596
cloud0_tkemenade 23693492470 22841 3287

1721160176.2947185 62632627
cloud_controller_tkemenade 10749081113 30877 6037

1721160176.2951949 62632627
cloud0_tkemenade 23693492470 22847 3288

1721160177.29767 62632666
cloud_controller_tkemenade 10749081113 30913 6043

1721160177.2980878 62632666
cloud0_tkemenade 23693492470 22850 3288

1721160177.3985305 62632671
cloud_controller_tkemenade 10749723216 30916 6043

1721160177.3989847 62632671
cloud0_tkemenade 23693652995 22850 3288

1721160178.4013484 62632729
cloud_controller_tkemenade 10749723216 30944 6050

1721160178.4018774 62632729
cloud0_tkemenade 23693652995 22863 3290

1721160179.4043527 62632746
cloud_controller_tkemenade 10749723216 30962 6056

1721160179.4047751 62632746
cloud0_tkemenade 23693652995 22865 3290

1721160180.407307 62632782
cloud_controller_tkemenade 10749723216 30987 6062

1721160180.4078324 62632782
cloud0_tkemenade 23693652995 22880 3293

1721160181.4103668 62632802
cloud_controller_tkemenade 10749723216 31002 6066

1721160181.410899 62632802
cloud0_tkemenade 23693652995 22886 3294

1721160182.413407 62632833
cloud_controller_tkemenade 10749723216 31024 6073

1721160182.4139876 62632833
cloud0_tkemenade 23693652995 22893 3299

1721160183.4164612 62632871
cloud_controller_tkemenade 10749723216 31050 6079

1721160183.4169605 62632871
cloud0_tkemenade 23693652995 22907 3301

1721160184.4194655 62632910
cloud_controller_tkemenade 10750340105 31074 6089

1721160184.4199524 62632910
cloud0_tkemenade 23693879792 22912 3302

1721160185.4224534 62632935
cloud_controller_tkemenade 10750340105 31096 6093

1721160185.422889 62632935
cloud0_tkemenade 23693879792 22916 3305

1721160186.4254172 62632959
cloud_controller_tkemenade 10750340105 31114 6099

1721160186.4258704 62632959
cloud0_tkemenade 23693879792 22922 3305

1721160187.4283803 62632987
cloud_controller_tkemenade 10750340105 31143 6103

1721160187.4288044 62632987
cloud0_tkemenade 23693879792 22925 3306

1721160188.4311762 62633032
cloud_controller_tkemenade 10750340105 31174 6111

1721160188.4317222 62633032
cloud0_tkemenade 23693879792 22938 3310

1721160189.4338434 62633060
cloud_controller_tkemenade 10750340105 31187 6117

1721160189.4343634 62633061
cloud0_tkemenade 23693879792 22940 3311

1721160190.4368465 62633092
cloud_controller_tkemenade 10750340105 31215 6122

1721160190.4373162 62633092
cloud0_tkemenade 23693879792 22943 3312

1721160191.3395333 62633116
cloud_controller_tkemenade 10750936534 31231 6127

1721160191.3400073 62633116
cloud0_tkemenade 23694031169 22950 3313

1721160192.342247 62633147
cloud_controller_tkemenade 10750936534 31251 6135

1721160192.342771 62633147
cloud0_tkemenade 23694031169 22961 3316

1721160193.3452542 62633184
cloud_controller_tkemenade 10750936534 31272 6141

1721160193.3457716 62633184
cloud0_tkemenade 23694031169 22975 3319

1721160194.3482578 62633213
cloud_controller_tkemenade 10750936534 31300 6147

1721160194.3487096 62633213
cloud0_tkemenade 23694031169 22978 3320

1721160195.3511481 62633236
cloud_controller_tkemenade 10750936534 31321 6151

1721160195.3515875 62633236
cloud0_tkemenade 23694031169 22982 3322

1721160196.3539982 62633268
cloud_controller_tkemenade 10750936534 31346 6156

1721160196.3544216 62633268
cloud0_tkemenade 23694031169 22989 3323

1721160197.3568032 62633297
cloud_controller_tkemenade 10750936534 31372 6162

1721160197.3571892 62633297
cloud0_tkemenade 23694031169 22990 3324

1721160198.3594866 62633332
cloud_controller_tkemenade 10750936534 31397 6170

1721160198.359935 62633332
cloud0_tkemenade 23694031169 23003 3325

1721160198.460401 62633336
cloud_controller_tkemenade 10751635140 31398 6170

1721160198.4608374 62633336
cloud0_tkemenade 23694246379 23003 3325

1721160199.463333 62633369
cloud_controller_tkemenade 10751635140 31418 6174

1721160199.4638464 62633369
cloud0_tkemenade 23694246379 23004 3327

1721160200.4663584 62633406
cloud_controller_tkemenade 10751635140 31446 6180

1721160200.4668694 62633406
cloud0_tkemenade 23694246379 23007 3329

1721160201.4693823 62633429
cloud_controller_tkemenade 10751635140 31464 6185

1721160201.4698524 62633429
cloud0_tkemenade 23694246379 23012 3331

1721160202.4723847 62633454
cloud_controller_tkemenade 10751635140 31484 6192

1721160202.4728973 62633454
cloud0_tkemenade 23694246379 23020 3333

1721160203.475412 62633490
cloud_controller_tkemenade 10751635140 31508 6198

1721160203.475932 62633490
cloud0_tkemenade 23694246379 23034 3334

1721160204.4784596 62633522
cloud_controller_tkemenade 10751635140 31537 6204

1721160204.4789562 62633522
cloud0_tkemenade 23694246379 23036 3335

1721160205.4814672 62633549
cloud_controller_tkemenade 10752235898 31558 6211

1721160205.481904 62633549
cloud0_tkemenade 23694390438 23039 3336

1721160206.4843392 62633578
cloud_controller_tkemenade 10752235898 31581 6216

1721160206.4847646 62633578
cloud0_tkemenade 23694390438 23045 3337

1721160207.487088 62633614
cloud_controller_tkemenade 10752235898 31610 6222

1721160207.4875653 62633614
cloud0_tkemenade 23694390438 23047 3337

1721160208.490074 62633648
cloud_controller_tkemenade 10752235898 31635 6228

1721160208.4906237 62633648
cloud0_tkemenade 23694390438 23060 3339

1721160209.4931514 62633686
cloud_controller_tkemenade 10752235898 31654 6232

1721160209.493682 62633686
cloud0_tkemenade 23694390438 23064 3339

1721160210.4961843 62633722
cloud_controller_tkemenade 10752235898 31682 6235

1721160210.4966464 62633722
cloud0_tkemenade 23694390438 23069 3340

1721160211.4991004 62633744
cloud_controller_tkemenade 10752235898 31701 6241

1721160211.4995522 62633744
cloud0_tkemenade 23694390438 23074 3341

1721160212.5020175 62633769
cloud_controller_tkemenade 10752877657 31719 6245

1721160212.5025115 62633769
cloud0_tkemenade 23694549257 23081 3344

1721160213.5049703 62633803
cloud_controller_tkemenade 10752877657 31745 6251

1721160213.5054584 62633803
cloud0_tkemenade 23694549257 23094 3346

1721160214.507922 62633834
cloud_controller_tkemenade 10752877657 31776 6258

1721160214.508385 62633834
cloud0_tkemenade 23694549257 23098 3348

1721160215.5107937 62633865
cloud_controller_tkemenade 10752877657 31802 6264

1721160215.5112205 62633865
cloud0_tkemenade 23694549257 23101 3348

1721160216.5137315 62633889
cloud_controller_tkemenade 10752877657 31823 6272

1721160216.514215 62633889
cloud0_tkemenade 23694549257 23111 3350

1721160217.5167096 62633921
cloud_controller_tkemenade 10752877657 31851 6278

1721160217.5171392 62633921
cloud0_tkemenade 23694549257 23114 3352

1721160218.5195572 62633967
cloud_controller_tkemenade 10752877657 31876 6285

1721160218.5200286 62633967
cloud0_tkemenade 23694549257 23127 3353

1721160219.5224395 62634003
cloud_controller_tkemenade 10752877657 31897 6290

1721160219.522974 62634003
cloud0_tkemenade 23694549257 23129 3354

1721160219.7235928 62634016
cloud_controller_tkemenade 10753545056 31902 6292

1721160219.7240572 62634016
cloud0_tkemenade 23694722722 23130 3354

1721160220.7265415 62634047
cloud_controller_tkemenade 10753545056 31926 6300

1721160220.7270436 62634047
cloud0_tkemenade 23694722722 23137 3356

1721160221.7295365 62634070
cloud_controller_tkemenade 10753545056 31942 6307

1721160221.730024 62634070
cloud0_tkemenade 23694722722 23145 3358

1721160222.7325256 62634093
cloud_controller_tkemenade 10753545056 31966 6312

1721160222.732991 62634093
cloud0_tkemenade 23694722722 23147 3359

1721160223.7354984 62634138
cloud_controller_tkemenade 10753545056 32003 6318

1721160223.735997 62634138
cloud0_tkemenade 23694722722 23162 3361

1721160224.7384684 62634169
cloud_controller_tkemenade 10753545056 32030 6324

1721160224.7389104 62634169
cloud0_tkemenade 23694722722 23165 3362

1721160225.7413929 62634195
cloud_controller_tkemenade 10753545056 32052 6330

1721160225.7418733 62634195
cloud0_tkemenade 23694722722 23173 3364

1721160226.64411 62634220
cloud_controller_tkemenade 10754200020 32073 6334

1721160226.6445847 62634220
cloud0_tkemenade 23694891744 23175 3364

1721160227.6470788 62634245
cloud_controller_tkemenade 10754200020 32097 6340

1721160227.6474938 62634245
cloud0_tkemenade 23694891744 23178 3365

1721160228.65 62634282
cloud_controller_tkemenade 10754200020 32122 6347

1721160228.650497 62634282
cloud0_tkemenade 23694891744 23191 3366

1721160229.6530604 62634315
cloud_controller_tkemenade 10754200020 32143 6352

1721160229.6536038 62634315
cloud0_tkemenade 23694891744 23194 3367

1721160230.6558974 62634349
cloud_controller_tkemenade 10754200020 32173 6361

1721160230.6562195 62634349
cloud0_tkemenade 23694891744 23196 3368

1721160231.6585896 62634372
cloud_controller_tkemenade 10754200020 32187 6367

1721160231.65903 62634372
cloud0_tkemenade 23694891744 23203 3369

1721160232.6614017 62634397
cloud_controller_tkemenade 10754200020 32208 6373

1721160232.6618552 62634397
cloud0_tkemenade 23694891744 23208 3372

1721160233.664313 62634430
cloud_controller_tkemenade 10754200020 32228 6381

1721160233.66483 62634430
cloud0_tkemenade 23694891744 23220 3376

1721160233.8654327 62634448
cloud_controller_tkemenade 10754820431 32241 6383

1721160233.8657694 62634448
cloud0_tkemenade 23695062283 23221 3376

1721160234.8677952 62634472
cloud_controller_tkemenade 10754820431 32264 6388

1721160234.8682199 62634472
cloud0_tkemenade 23695062283 23224 3377

1721160235.8708272 62634505
cloud_controller_tkemenade 10754820431 32290 6394

1721160235.8712976 62634505
cloud0_tkemenade 23695062283 23232 3378

1721160236.873521 62634536
cloud_controller_tkemenade 10754820431 32318 6403

1721160236.874022 62634536
cloud0_tkemenade 23695062283 23234 3379

1721160237.8765094 62634559
cloud_controller_tkemenade 10754820431 32337 6408

1721160237.8769412 62634559
cloud0_tkemenade 23695062283 23237 3379

1721160238.8794198 62634601
cloud_controller_tkemenade 10754820431 32364 6416

1721160238.879897 62634601
cloud0_tkemenade 23695062283 23249 3380

1721160239.8823798 62634645
cloud_controller_tkemenade 10754820431 32381 6423

1721160239.8829322 62634645
cloud0_tkemenade 23695062283 23264 3380

1721160240.8854072 62634683
cloud_controller_tkemenade 10754820431 32416 6428

1721160240.885944 62634683
cloud0_tkemenade 23695062283 23272 3383

1721160241.0866082 62634692
cloud_controller_tkemenade 10755488188 32418 6429

1721160241.0870786 62634692
cloud0_tkemenade 23695235079 23273 3383

1721160242.0895762 62634715
cloud_controller_tkemenade 10755488188 32437 6437

1721160242.0900636 62634715
cloud0_tkemenade 23695235079 23280 3384

1721160243.0925753 62634744
cloud_controller_tkemenade 10755488188 32460 6443

1721160243.092987 62634744
cloud0_tkemenade 23695235079 23282 3384

1721160244.0953183 62634805
cloud_controller_tkemenade 10755488188 32508 6451

1721160244.0958247 62634805
cloud0_tkemenade 23695235079 23298 3387

1721160245.0982745 62634833
cloud_controller_tkemenade 10755488188 32533 6456

1721160245.098721 62634833
cloud0_tkemenade 23695235079 23300 3387

1721160246.1012294 62634863
cloud_controller_tkemenade 10755488188 32554 6462

1721160246.1016965 62634863
cloud0_tkemenade 23695235079 23310 3389

1721160247.1041234 62634890
cloud_controller_tkemenade 10755488188 32583 6470

1721160247.1045778 62634890
cloud0_tkemenade 23695235079 23314 3389

1721160248.1069868 62634916
cloud_controller_tkemenade 10756167387 32598 6475

1721160248.1074924 62634916
cloud0_tkemenade 23695385344 23317 3390

1721160249.1099608 62634958
cloud_controller_tkemenade 10756167387 32628 6480

1721160249.110454 62634958
cloud0_tkemenade 23695385344 23330 3392

1721160250.1129882 62634987
cloud_controller_tkemenade 10756167387 32644 6485

1721160250.1135178 62634987
cloud0_tkemenade 23695385344 23333 3392

1721160251.1155126 62635025
cloud_controller_tkemenade 10756167387 32674 6489

1721160251.1159983 62635025
cloud0_tkemenade 23695385344 23339 3394

1721160252.1183584 62635047
cloud_controller_tkemenade 10756167387 32691 6493

1721160252.1188674 62635047
cloud0_tkemenade 23695385344 23346 3397

1721160253.1211524 62635067
cloud_controller_tkemenade 10756167387 32711 6499

1721160253.121608 62635067
cloud0_tkemenade 23695385344 23349 3397

1721160254.1238806 62635108
cloud_controller_tkemenade 10756167387 32742 6505

1721160254.124378 62635108
cloud0_tkemenade 23695385344 23363 3400

1721160255.1266146 62635140
cloud_controller_tkemenade 10756783068 32764 6516

1721160255.1270914 62635140
cloud0_tkemenade 23695563802 23366 3401

1721160256.1295202 62635169
cloud_controller_tkemenade 10756783068 32785 6523

1721160256.1300173 62635169
cloud0_tkemenade 23695563802 23376 3401

1721160257.1324832 62635200
cloud_controller_tkemenade 10756783068 32816 6531

1721160257.132911 62635200
cloud0_tkemenade 23695563802 23377 3403

1721160258.1353104 62635219
cloud_controller_tkemenade 10756783068 32834 6536

1721160258.1357217 62635219
cloud0_tkemenade 23695563802 23379 3403

1721160259.138175 62635255
cloud_controller_tkemenade 10756783068 32864 6543

1721160259.1386337 62635255
cloud0_tkemenade 23695563802 23391 3404

1721160260.1411242 62635275
cloud_controller_tkemenade 10756783068 32881 6547

1721160260.1415746 62635275
cloud0_tkemenade 23695563802 23395 3405

1721160261.143872 62635323
cloud_controller_tkemenade 10756783068 32908 6554

1721160261.1444147 62635323
cloud0_tkemenade 23695563802 23401 3406

1721160262.146917 62635343
cloud_controller_tkemenade 10756783068 32925 6561

1721160262.1474307 62635343
cloud0_tkemenade 23695563802 23406 3409

1721160262.3481278 62635349
cloud_controller_tkemenade 10757408508 32929 6565

1721160262.3485992 62635349
cloud0_tkemenade 23695707682 23407 3409

1721160263.3510454 62635369
cloud_controller_tkemenade 10757408508 32944 6571

1721160263.351448 62635369
cloud0_tkemenade 23695707682 23409 3409

1721160264.3537958 62635415
cloud_controller_tkemenade 10757408508 32975 6575

1721160264.3543398 62635415
cloud0_tkemenade 23695707682 23425 3410

1721160265.3565977 62635441
cloud_controller_tkemenade 10757408508 32998 6583

1721160265.3570523 62635441
cloud0_tkemenade 23695707682 23428 3411

1721160266.3595047 62635463
cloud_controller_tkemenade 10757408508 33019 6589

1721160266.359943 62635463
cloud0_tkemenade 23695707682 23435 3412

1721160267.3621392 62635493
cloud_controller_tkemenade 10757408508 33050 6597

1721160267.3625731 62635493
cloud0_tkemenade 23695707682 23438 3412

1721160268.364872 62635525
cloud_controller_tkemenade 10757408508 33068 6601

1721160268.3653493 62635525
cloud0_tkemenade 23695707682 23440 3413

1721160269.3676353 62635582
cloud_controller_tkemenade 10758049972 33099 6605

1721160269.3681235 62635582
cloud0_tkemenade 23695868048 23454 3414

1721160270.3704152 62635604
cloud_controller_tkemenade 10758049972 33116 6609

1721160270.370854 62635604
cloud0_tkemenade 23695868048 23458 3414

1721160271.3733132 62635654
cloud_controller_tkemenade 10758049972 33140 6616

1721160271.3738604 62635654
cloud0_tkemenade 23695868048 23465 3414

1721160272.3762083 62635675
cloud_controller_tkemenade 10758049972 33156 6622

1721160272.3767238 62635675
cloud0_tkemenade 23695868048 23473 3415

1721160273.3792288 62635692
cloud_controller_tkemenade 10758049972 33174 6627

1721160273.3796716 62635692
cloud0_tkemenade 23695868048 23475 3416

1721160274.3821847 62635732
cloud_controller_tkemenade 10758049972 33200 6636

1721160274.3826683 62635732
cloud0_tkemenade 23695868048 23491 3419

1721160275.3851564 62635761
cloud_controller_tkemenade 10758049972 33229 6640

1721160275.3856492 62635761
cloud0_tkemenade 23695868048 23497 3420

1721160276.388042 62635789
cloud_controller_tkemenade 10758049972 33251 6648

1721160276.3884904 62635789
cloud0_tkemenade 23695868048 23504 3421

1721160276.4889605 62635796
cloud_controller_tkemenade 10758632834 33255 6648

1721160276.4894178 62635796
cloud0_tkemenade 23696037553 23504 3421

1721160277.491888 62635825
cloud_controller_tkemenade 10758632834 33282 6654

1721160277.4923182 62635825
cloud0_tkemenade 23696037553 23507 3421

1721160278.4947994 62635850
cloud_controller_tkemenade 10758632834 33299 6661

1721160278.495244 62635850
cloud0_tkemenade 23696037553 23510 3422

1721160279.497732 62635892
cloud_controller_tkemenade 10758632834 33327 6669

1721160279.4981773 62635892
cloud0_tkemenade 23696037553 23522 3425

1721160280.5007322 62635915
cloud_controller_tkemenade 10758632834 33344 6678

1721160280.5012221 62635915
cloud0_tkemenade 23696037553 23527 3426

1721160281.5037246 62635957
cloud_controller_tkemenade 10758632834 33368 6685

1721160281.504219 62635957
cloud0_tkemenade 23696037553 23533 3427

1721160282.5064087 62635977
cloud_controller_tkemenade 10758632834 33383 6691

1721160282.5069103 62635977
cloud0_tkemenade 23696037553 23539 3428

1721160283.5093637 62636015
cloud_controller_tkemenade 10758632834 33411 6700

1721160283.5098581 62636015
cloud0_tkemenade 23696037553 23541 3430

1721160283.6103394 62636019
cloud_controller_tkemenade 10759264613 33414 6700

1721160283.610761 62636019
cloud0_tkemenade 23696174637 23541 3430

1721160284.6131809 62636064
cloud_controller_tkemenade 10759264613 33445 6705

1721160284.613665 62636064
cloud0_tkemenade 23696174637 23557 3430

1721160285.6161513 62636085
cloud_controller_tkemenade 10759264613 33466 6711

1721160285.6166072 62636085
cloud0_tkemenade 23696174637 23561 3432

1721160286.619057 62636114
cloud_controller_tkemenade 10759264613 33488 6718

1721160286.6194985 62636114
cloud0_tkemenade 23696174637 23568 3433

1721160287.621939 62636143
cloud_controller_tkemenade 10759264613 33513 6723

1721160287.622506 62636144
cloud0_tkemenade 23696174637 23569 3434

1721160288.6249604 62636173
cloud_controller_tkemenade 10759264613 33532 6728

1721160288.6254125 62636173
cloud0_tkemenade 23696174637 23573 3436

1721160289.6278708 62636219
cloud_controller_tkemenade 10759264613 33558 6733

1721160289.6283803 62636219
cloud0_tkemenade 23696174637 23586 3438

1721160290.630786 62636247
cloud_controller_tkemenade 10759883788 33581 6737

1721160290.631246 62636247
cloud0_tkemenade 23696348967 23591 3438

1721160291.6337652 62636287
cloud_controller_tkemenade 10759883788 33604 6742

1721160291.6343362 62636288
cloud0_tkemenade 23696348967 23597 3439

1721160292.6367483 62636309
cloud_controller_tkemenade 10759883788 33621 6746

1721160292.637243 62636309
cloud0_tkemenade 23696348967 23605 3441

1721160293.639696 62636333
cloud_controller_tkemenade 10759883788 33646 6753

1721160293.6401339 62636333
cloud0_tkemenade 23696348967 23608 3443

1721160294.6424198 62636375
cloud_controller_tkemenade 10759883788 33673 6758

1721160294.6429484 62636375
cloud0_tkemenade 23696348967 23623 3445

1721160295.6454263 62636399
cloud_controller_tkemenade 10759883788 33696 6766

1721160295.645881 62636399
cloud0_tkemenade 23696348967 23628 3446

1721160296.6483448 62636431
cloud_controller_tkemenade 10759883788 33724 6773

1721160296.648802 62636431
cloud0_tkemenade 23696348967 23633 3447

1721160297.6511025 62636467
cloud_controller_tkemenade 10760528732 33754 6779

1721160297.6515877 62636467
cloud0_tkemenade 23696512474 23637 3447

1721160298.6538348 62636485
cloud_controller_tkemenade 10760528732 33771 6784

1721160298.6542552 62636485
cloud0_tkemenade 23696512474 23639 3449

1721160299.6565728 62636521
cloud_controller_tkemenade 10760528732 33799 6791

1721160299.6570394 62636521
cloud0_tkemenade 23696512474 23653 3450

1721160300.6593323 62636548
cloud_controller_tkemenade 10760528732 33816 6798

1721160300.659855 62636548
cloud0_tkemenade 23696512474 23663 3452

1721160301.662359 62636581
cloud_controller_tkemenade 10760528732 33838 6804

1721160301.6628952 62636581
cloud0_tkemenade 23696512474 23669 3452

1721160302.6653998 62636601
cloud_controller_tkemenade 10760528732 33856 6807

1721160302.6658678 62636601
cloud0_tkemenade 23696512474 23676 3454

1721160303.6681654 62636631
cloud_controller_tkemenade 10760528732 33880 6815

1721160303.668615 62636631
cloud0_tkemenade 23696512474 23680 3455

1721160304.6708457 62636673
cloud_controller_tkemenade 10761125869 33911 6821

1721160304.6713378 62636673
cloud0_tkemenade 23696711519 23694 3456

1721160305.6733868 62636697
cloud_controller_tkemenade 10761125869 33932 6831

1721160305.6738455 62636697
cloud0_tkemenade 23696711519 23697 3458

1721160306.6763551 62636724
cloud_controller_tkemenade 10761125869 33954 6837

1721160306.6768 62636724
cloud0_tkemenade 23696711519 23703 3458

1721160307.6792896 62636759
cloud_controller_tkemenade 10761125869 33981 6845

1721160307.679747 62636759
cloud0_tkemenade 23696711519 23707 3458

1721160308.6823835 62636780
cloud_controller_tkemenade 10761125869 33999 6851

1721160308.6828523 62636780
cloud0_tkemenade 23696711519 23710 3459

1721160309.6853135 62636825
cloud_controller_tkemenade 10761125869 34025 6860

1721160309.6857924 62636825
cloud0_tkemenade 23696711519 23725 3461

1721160310.688152 62636845
cloud_controller_tkemenade 10761125869 34044 6864

1721160310.6886125 62636845
cloud0_tkemenade 23696711519 23728 3462

1721160311.6909719 62636881
cloud_controller_tkemenade 10761125869 34065 6869

1721160311.6913636 62636881
cloud0_tkemenade 23696711519 23735 3462

1721160311.791719 62636888
cloud_controller_tkemenade 10761740736 34066 6870

1721160311.7921872 62636888
cloud0_tkemenade 23696854789 23735 3462

1721160312.7946413 62636922
cloud_controller_tkemenade 10761740736 34081 6874

1721160312.7951221 62636922
cloud0_tkemenade 23696854789 23740 3462

1721160313.797613 62636951
cloud_controller_tkemenade 10761740736 34110 6878

1721160313.798033 62636951
cloud0_tkemenade 23696854789 23743 3463

1721160314.800525 62636986
cloud_controller_tkemenade 10761740736 34136 6883

1721160314.8009877 62636986
cloud0_tkemenade 23696854789 23755 3466

1721160315.8035166 62637025
cloud_controller_tkemenade 10761740736 34156 6893

1721160315.8040597 62637025
cloud0_tkemenade 23696854789 23762 3469

1721160316.8065817 62637053
cloud_controller_tkemenade 10761740736 34181 6898

1721160316.8070564 62637053
cloud0_tkemenade 23696854789 23769 3469

1721160317.809453 62637079
cloud_controller_tkemenade 10761740736 34207 6904

1721160317.8098989 62637079
cloud0_tkemenade 23696854789 23772 3470

1721160318.8120701 62637099
cloud_controller_tkemenade 10762336273 34224 6911

1721160318.8125408 62637099
cloud0_tkemenade 23696996154 23774 3470

1721160319.8150382 62637135
cloud_controller_tkemenade 10762336273 34250 6918

1721160319.815517 62637135
cloud0_tkemenade 23696996154 23788 3472

1721160320.8179762 62637160
cloud_controller_tkemenade 10762336273 34270 6923

1721160320.8184407 62637161
cloud0_tkemenade 23696996154 23790 3474

1721160321.820932 62637211
cloud_controller_tkemenade 10762336273 34293 6929

1721160321.821473 62637211
cloud0_tkemenade 23696996154 23797 3475

1721160322.8239787 62637235
cloud_controller_tkemenade 10762336273 34313 6933

1721160322.8244858 62637235
cloud0_tkemenade 23696996154 23803 3476

1721160323.8269484 62637265
cloud_controller_tkemenade 10762336273 34341 6939

1721160323.827379 62637265
cloud0_tkemenade 23696996154 23806 3476

1721160324.8298903 62637301
cloud_controller_tkemenade 10762336273 34367 6942

1721160324.830437 62637301
cloud0_tkemenade 23696996154 23817 3479

1721160325.8328676 62637328
cloud_controller_tkemenade 10762955541 34393 6949

1721160325.8333485 62637328
cloud0_tkemenade 23697165857 23822 3480

1721160326.8358111 62637357
cloud_controller_tkemenade 10762955541 34419 6954

1721160326.836257 62637357
cloud0_tkemenade 23697165857 23828 3481

1721160327.838753 62637394
cloud_controller_tkemenade 10762955541 34452 6961

1721160327.8392615 62637394
cloud0_tkemenade 23697165857 23832 3482

1721160328.8417132 62637417
cloud_controller_tkemenade 10762955541 34470 6966

1721160328.8421862 62637417
cloud0_tkemenade 23697165857 23836 3483

1721160329.8442771 62637452
cloud_controller_tkemenade 10762955541 34493 6975

1721160329.8447583 62637452
cloud0_tkemenade 23697165857 23848 3485

1721160330.8467143 62637475
cloud_controller_tkemenade 10762955541 34511 6981

1721160330.8471293 62637475
cloud0_tkemenade 23697165857 23852 3485

1721160331.8496485 62637501
cloud_controller_tkemenade 10762955541 34534 6984

1721160331.850101 62637501
cloud0_tkemenade 23697165857 23858 3486

1721160332.8523996 62637535
cloud_controller_tkemenade 10762955541 34551 6989

1721160332.8529298 62637535
cloud0_tkemenade 23697165857 23862 3487

1721160332.953358 62637540
cloud_controller_tkemenade 10763553659 34553 6990

1721160332.9538112 62637540
cloud0_tkemenade 23697308691 23863 3487

1721160333.956059 62637565
cloud_controller_tkemenade 10763553659 34578 6998

1721160333.9565132 62637565
cloud0_tkemenade 23697308691 23867 3487

1721160334.9589732 62637606
cloud_controller_tkemenade 10763553659 34604 7007

1721160334.9594305 62637606
cloud0_tkemenade 23697308691 23879 3488

1721160335.961894 62637639
cloud_controller_tkemenade 10763553659 34630 7016

1721160335.9623718 62637639
cloud0_tkemenade 23697308691 23883 3489

1721160336.964615 62637662
cloud_controller_tkemenade 10763553659 34651 7020

1721160336.9650729 62637662
cloud0_tkemenade 23697308691 23889 3490

1721160337.9673955 62637697
cloud_controller_tkemenade 10763553659 34684 7025

1721160337.9678473 62637697
cloud0_tkemenade 23697308691 23894 3491

1721160338.9703634 62637713
cloud_controller_tkemenade 10763553659 34701 7031

1721160338.9708126 62637713
cloud0_tkemenade 23697308691 23897 3492

1721160339.9732277 62637754
cloud_controller_tkemenade 10763553659 34727 7041

1721160339.9736881 62637754
cloud0_tkemenade 23697308691 23912 3492

1721160340.0741575 62637759
cloud_controller_tkemenade 10764259105 34728 7041

1721160340.0746362 62637759
cloud0_tkemenade 23697479614 23913 3492

1721160341.0772417 62637787
cloud_controller_tkemenade 10764259105 34751 7049

1721160341.0777504 62637787
cloud0_tkemenade 23697479614 23916 3492

1721160342.0803044 62637817
cloud_controller_tkemenade 10764259105 34768 7055

1721160342.08085 62637817
cloud0_tkemenade 23697479614 23925 3494

1721160343.0833557 62637865
cloud_controller_tkemenade 10764259105 34793 7062

1721160343.0838892 62637865
cloud0_tkemenade 23697479614 23927 3494

1721160344.0862672 62637887
cloud_controller_tkemenade 10764259105 34815 7069

1721160344.0867243 62637887
cloud0_tkemenade 23697479614 23929 3496

1721160345.0892045 62637924
cloud_controller_tkemenade 10764259105 34845 7077

1721160345.0896392 62637924
cloud0_tkemenade 23697479614 23942 3498

1721160346.0921304 62637952
cloud_controller_tkemenade 10764259105 34867 7087

1721160346.0925763 62637952
cloud0_tkemenade 23697479614 23947 3499

1721160347.0949743 62637989
cloud_controller_tkemenade 10764894596 34888 7093

1721160347.095446 62637989
cloud0_tkemenade 23697627895 23954 3499

1721160348.0978563 62638024
cloud_controller_tkemenade 10764894596 34914 7102

1721160348.0983303 62638024
cloud0_tkemenade 23697627895 23960 3500

1721160349.1008034 62638041
cloud_controller_tkemenade 10764894596 34929 7111

1721160349.101221 62638041
cloud0_tkemenade 23697627895 23962 3500

1721160350.1036232 62638085
cloud_controller_tkemenade 10764894596 34959 7117

1721160350.1040635 62638085
cloud0_tkemenade 23697627895 23975 3503

1721160351.1065538 62638111
cloud_controller_tkemenade 10764894596 34983 7122

1721160351.1069846 62638111
cloud0_tkemenade 23697627895 23978 3504

1721160352.109368 62638142
cloud_controller_tkemenade 10764894596 35001 7128

1721160352.1098056 62638142
cloud0_tkemenade 23697627895 23989 3505

1721160353.1121619 62638185
cloud_controller_tkemenade 10764894596 35014 7134

1721160353.1126735 62638185
cloud0_tkemenade 23697627895 23992 3506

1721160354.115086 62638223
cloud_controller_tkemenade 10764894596 35035 7142

1721160354.1155481 62638223
cloud0_tkemenade 23697627895 23995 3506

1721160354.215991 62638227
cloud_controller_tkemenade 10765486091 35037 7142

1721160354.2163794 62638227
cloud0_tkemenade 23697770567 23995 3506

1721160355.218456 62638281
cloud_controller_tkemenade 10765486091 35068 7148

1721160355.218939 62638281
cloud0_tkemenade 23697770567 24007 3509

1721160356.2213447 62638330
cloud_controller_tkemenade 10765486091 35097 7149

1721160356.221781 62638330
cloud0_tkemenade 23697770567 24014 3511

1721160357.2241657 62638377
cloud_controller_tkemenade 10765486091 35126 7152

1721160357.224561 62638377
cloud0_tkemenade 23697770567 24016 3512

1721160358.2270234 62638425
cloud_controller_tkemenade 10765486091 35154 7157

1721160358.2274628 62638425
cloud0_tkemenade 23697770567 24019 3513

1721160359.2299387 62638453
cloud_controller_tkemenade 10765486091 35174 7158

1721160359.230374 62638453
cloud0_tkemenade 23697770567 24022 3513

1721160360.2328403 62638518
cloud_controller_tkemenade 10765486091 35204 7162

1721160360.2333348 62638518
cloud0_tkemenade 23697770567 24045 3519

1721160361.1355727 62638563
cloud_controller_tkemenade 10766212955 35226 7168

1721160361.1360428 62638563
cloud0_tkemenade 23697992664 24047 3520

