1717337930.341145 339945848
cloud_controller_tkemenade 7596821242 12641 2446
cloud0_tkemenade 19197977771 5682 987

1717337931.3438535 339946148
cloud_controller_tkemenade 7596821242 12660 2460

1717337931.3442302 339946148
cloud0_tkemenade 19197977771 5690 992

1717337932.3465168 339946276
cloud_controller_tkemenade 7596821242 12688 2477

1717337932.347096 339946276
cloud0_tkemenade 19197977771 5707 998

1717337933.3495758 339946406
cloud_controller_tkemenade 7596821242 12707 2485

1717337933.3501556 339946406
cloud0_tkemenade 19197977771 5713 1001

1717337934.3527822 339946541
cloud_controller_tkemenade 7596821242 12742 2495

1717337934.3533573 339946542
cloud0_tkemenade 19197977771 5719 1003

1717337935.3556976 339946696
cloud_controller_tkemenade 7596821242 12767 2501

1717337935.3562615 339946696
cloud0_tkemenade 19197977771 5723 1003

1717337936.35865 339946818
cloud_controller_tkemenade 7596821242 12791 2512

1717337936.359207 339946818
cloud0_tkemenade 19197977771 5725 1004

1717337937.3615873 339946986
cloud_controller_tkemenade 7596821242 12810 2519

1717337937.3621237 339946986
cloud0_tkemenade 19197977771 5742 1006

1717337938.3646057 339947117
cloud_controller_tkemenade 7596821242 12835 2533

1717337938.365188 339947120
cloud0_tkemenade 19197977771 5744 1007

1717337939.3677623 339947246
cloud_controller_tkemenade 7596821242 12860 2541

1717337939.3683183 339947246
cloud0_tkemenade 19197977771 5750 1009

1717337940.3707428 339947398
cloud_controller_tkemenade 7596821242 12897 2556

1717337940.3712685 339947398
cloud0_tkemenade 19197977771 5759 1012

1717337941.3736112 339947735
cloud_controller_tkemenade 7596821242 12911 2562

1717337941.3741515 339947735
cloud0_tkemenade 19197977771 5763 1013

1717337942.37653 339947883
cloud_controller_tkemenade 7596821242 12958 2578

1717337942.3770776 339947883
cloud0_tkemenade 19197977771 5781 1017

1717337943.379653 339948021
cloud_controller_tkemenade 7596821242 12982 2586

1717337943.3802106 339948021
cloud0_tkemenade 19197977771 5785 1019

1717337944.3826056 339948143
cloud_controller_tkemenade 7596821242 13011 2592

1717337944.3831494 339948143
cloud0_tkemenade 19197977771 5788 1020

1717337944.5838096 339948196
cloud_controller_tkemenade 7598116023 13026 2595

1717337944.5843537 339948196
cloud0_tkemenade 19198247517 5788 1020

1717337945.586761 339948324
cloud_controller_tkemenade 7598116023 13050 2602

1717337945.5873282 339948324
cloud0_tkemenade 19198247517 5792 1021

1717337946.589615 339948424
cloud_controller_tkemenade 7598116023 13070 2608

1717337946.5899801 339948424
cloud0_tkemenade 19198247517 5795 1021

1717337947.592152 339948582
cloud_controller_tkemenade 7598116023 13091 2616

1717337947.592491 339948582
cloud0_tkemenade 19198247517 5812 1023

1717337948.594891 339948711
cloud_controller_tkemenade 7598116023 13130 2624

1717337948.5954432 339948711
cloud0_tkemenade 19198247517 5815 1026

1717337949.5979836 339948832
cloud_controller_tkemenade 7598116023 13170 2636

1717337949.598552 339948832
cloud0_tkemenade 19198247517 5825 1028

1717337950.6007693 339949032
cloud_controller_tkemenade 7598116023 13189 2644

1717337950.601104 339949032
cloud0_tkemenade 19198247517 5827 1028

1717337951.603391 339949292
cloud_controller_tkemenade 7598116023 13207 2653

1717337951.6039445 339949292
cloud0_tkemenade 19198247517 5830 1030

1717337951.8046136 339949325
cloud_controller_tkemenade 7599199725 13216 2657

1717337951.805189 339949325
cloud0_tkemenade 19198483880 5835 1030

1717337952.8077548 339949456
cloud_controller_tkemenade 7599199725 13251 2670

1717337952.8082998 339949456
cloud0_tkemenade 19198483880 5850 1032

1717337953.8106632 339949595
cloud_controller_tkemenade 7599199725 13288 2683

1717337953.8112233 339949595
cloud0_tkemenade 19198483880 5853 1033

1717337954.8136537 339949750
cloud_controller_tkemenade 7599199725 13325 2694

1717337954.8142152 339949750
cloud0_tkemenade 19198483880 5856 1034

1717337955.8167894 339949868
cloud_controller_tkemenade 7599199725 13347 2706

1717337955.8173745 339949869
cloud0_tkemenade 19198483880 5860 1035

1717337956.819895 339950014
cloud_controller_tkemenade 7599199725 13369 2713

1717337956.8204463 339950014
cloud0_tkemenade 19198483880 5865 1037

1717337957.8229713 339950170
cloud_controller_tkemenade 7599199725 13390 2720

1717337957.8235 339950170
cloud0_tkemenade 19198483880 5879 1038

1717337958.826048 339950334
cloud_controller_tkemenade 7599199725 13441 2740

1717337958.8265758 339950334
cloud0_tkemenade 19198483880 5881 1039

1717337958.9270017 339950342
cloud_controller_tkemenade 7600587115 13443 2741

1717337958.92748 339950342
cloud0_tkemenade 19198740481 5881 1039

1717337959.9299383 339950485
cloud_controller_tkemenade 7600587115 13486 2756

1717337959.930478 339950485
cloud0_tkemenade 19198740481 5900 1044

1717337960.9327304 339950774
cloud_controller_tkemenade 7600587115 13503 2765

1717337960.9330728 339950774
cloud0_tkemenade 19198740481 5903 1046

1717337961.9354377 339950977
cloud_controller_tkemenade 7600587115 13539 2793

1717337961.9359682 339950977
cloud0_tkemenade 19198740481 5926 1052

1717337962.9385512 339951099
cloud_controller_tkemenade 7600587115 13574 2809

1717337962.9390929 339951099
cloud0_tkemenade 19198740481 5940 1055

1717337963.941508 339951216
cloud_controller_tkemenade 7600587115 13601 2817

1717337963.9420524 339951216
cloud0_tkemenade 19198740481 5944 1056

1717337964.944584 339951371
cloud_controller_tkemenade 7600587115 13634 2827

1717337964.9451132 339951371
cloud0_tkemenade 19198740481 5948 1057

1717337965.947716 339951499
cloud_controller_tkemenade 7600587115 13659 2839

1717337965.9482462 339951499
cloud0_tkemenade 19198740481 5955 1058

1717337966.048747 339951524
cloud_controller_tkemenade 7601997925 13661 2839

1717337966.049361 339951526
cloud0_tkemenade 19199153076 5955 1058

1717337967.0519557 339951658
cloud_controller_tkemenade 7601997925 13683 2854

1717337967.0525124 339951658
cloud0_tkemenade 19199153076 5963 1060

1717337968.0550513 339951854
cloud_controller_tkemenade 7601997925 13704 2865

1717337968.0556078 339951854
cloud0_tkemenade 19199153076 5977 1061

1717337969.0582013 339951978
cloud_controller_tkemenade 7601997925 13735 2879

1717337969.0587397 339951978
cloud0_tkemenade 19199153076 5981 1062

1717337970.0612452 339952115
cloud_controller_tkemenade 7601997925 13778 2901

1717337970.0615938 339952115
cloud0_tkemenade 19199153076 5989 1065

1717337971.0639174 339952418
cloud_controller_tkemenade 7601997925 13802 2909

1717337971.0644567 339952418
cloud0_tkemenade 19199153076 5991 1065

1717337972.0668821 339952620
cloud_controller_tkemenade 7601997925 13828 2919

1717337972.0674322 339952620
cloud0_tkemenade 19199153076 6030 1068

1717337973.0697854 339952743
cloud_controller_tkemenade 7601997925 13854 2934

1717337973.0703175 339952743
cloud0_tkemenade 19199153076 6044 1071

1717337973.2709816 339952806
cloud_controller_tkemenade 7603267419 13859 2934

1717337973.271387 339952806
cloud0_tkemenade 19199606778 6046 1071

1717337974.2738187 339952936
cloud_controller_tkemenade 7603267419 13881 2946

1717337974.2743568 339952936
cloud0_tkemenade 19199606778 6050 1072

1717337975.2769575 339953080
cloud_controller_tkemenade 7603267419 13914 2953

1717337975.277526 339953080
cloud0_tkemenade 19199606778 6054 1073

1717337976.2800243 339953189
cloud_controller_tkemenade 7603267419 13936 2962

1717337976.2805831 339953189
cloud0_tkemenade 19199606778 6060 1074

1717337977.2830462 339953344
cloud_controller_tkemenade 7603267419 13954 2974

1717337977.2835898 339953344
cloud0_tkemenade 19199606778 6078 1076

1717337978.2858598 339953506
cloud_controller_tkemenade 7603267419 13978 2980

1717337978.286399 339953506
cloud0_tkemenade 19199606778 6081 1076

1717337979.2889183 339953603
cloud_controller_tkemenade 7603267419 13998 2987

1717337979.2894936 339953604
cloud0_tkemenade 19199606778 6085 1077

1717337980.2920358 339953739
cloud_controller_tkemenade 7603267419 14040 2999

1717337980.292356 339953739
cloud0_tkemenade 19199606778 6095 1080

1717337980.392707 339953772
cloud_controller_tkemenade 7604363733 14041 3000

1717337980.3930922 339953772
cloud0_tkemenade 19199862144 6096 1080

1717337981.3953433 339954069
cloud_controller_tkemenade 7604363733 14060 3008

1717337981.3958945 339954069
cloud0_tkemenade 19199862144 6100 1081

1717337982.3983636 339954218
cloud_controller_tkemenade 7604363733 14094 3018

1717337982.39891 339954218
cloud0_tkemenade 19199862144 6117 1082

1717337983.4014735 339954357
cloud_controller_tkemenade 7604363733 14119 3029

1717337983.4020371 339954357
cloud0_tkemenade 19199862144 6122 1085

1717337984.4064481 339954484
cloud_controller_tkemenade 7604363733 14143 3041

1717337984.406995 339954484
cloud0_tkemenade 19199862144 6127 1086

1717337985.4093792 339954618
cloud_controller_tkemenade 7604363733 14178 3049

1717337985.4099314 339954618
cloud0_tkemenade 19199862144 6131 1088

1717337986.4125023 339954742
cloud_controller_tkemenade 7604363733 14200 3056

1717337986.4130538 339954742
cloud0_tkemenade 19199862144 6134 1088

1717337987.4152389 339954891
cloud_controller_tkemenade 7604363733 14222 3064

1717337987.4157696 339954891
cloud0_tkemenade 19199862144 6149 1090

1717337987.5162148 339954907
cloud_controller_tkemenade 7605469191 14226 3065

1717337987.5165594 339954907
cloud0_tkemenade 19200148578 6150 1090

1717337988.5187266 339955079
cloud_controller_tkemenade 7605469191 14245 3075

1717337988.5192754 339955079
cloud0_tkemenade 19200148578 6152 1090

1717337989.521628 339955210
cloud_controller_tkemenade 7605469191 14275 3085

1717337989.522175 339955210
cloud0_tkemenade 19200148578 6157 1092

1717337990.5245583 339955392
cloud_controller_tkemenade 7605469191 14305 3094

1717337990.5250938 339955392
cloud0_tkemenade 19200148578 6163 1093

1717337991.5273497 339955712
cloud_controller_tkemenade 7605469191 14325 3101

1717337991.5278745 339955712
cloud0_tkemenade 19200148578 6166 1093

1717337992.530405 339955866
cloud_controller_tkemenade 7605469191 14355 3112

1717337992.5309427 339955866
cloud0_tkemenade 19200148578 6188 1094

1717337993.5336487 339956008
cloud_controller_tkemenade 7605469191 14382 3122

1717337993.534183 339956008
cloud0_tkemenade 19200148578 6193 1096

1717337994.5366383 339956144
cloud_controller_tkemenade 7606583674 14405 3130

1717337994.5371299 339956145
cloud0_tkemenade 19200389670 6196 1096

1717337995.5394478 339956269
cloud_controller_tkemenade 7606583674 14437 3139

1717337995.539983 339956269
cloud0_tkemenade 19200389670 6199 1097

1717337996.5425687 339956382
cloud_controller_tkemenade 7606583674 14461 3149

1717337996.5431237 339956382
cloud0_tkemenade 19200389670 6201 1099

1717337997.5460737 339956534
cloud_controller_tkemenade 7606583674 14480 3158

1717337997.5465004 339956534
cloud0_tkemenade 19200389670 6220 1101

1717337998.5490189 339956711
cloud_controller_tkemenade 7606583674 14501 3164

1717337998.5495803 339956711
cloud0_tkemenade 19200389670 6223 1102

1717337999.552101 339956846
cloud_controller_tkemenade 7606583674 14534 3175

1717337999.5526674 339956846
cloud0_tkemenade 19200389670 6228 1103

1717338000.5547252 339957026
cloud_controller_tkemenade 7606583674 14564 3183

1717338000.5550702 339957026
cloud0_tkemenade 19200389670 6236 1103

1717338001.557059 339957270
cloud_controller_tkemenade 7606583674 14587 3192

1717338001.557488 339957270
cloud0_tkemenade 19200389670 6239 1104

1717338001.657862 339957278
cloud_controller_tkemenade 7607708234 14587 3192

1717338001.6583729 339957278
cloud0_tkemenade 19200620930 6239 1104

1717338002.6608624 339957470
cloud_controller_tkemenade 7607708234 14649 3203

1717338002.661454 339957470
cloud0_tkemenade 19200620930 6258 1107

1717338003.663956 339957611
cloud_controller_tkemenade 7607708234 14679 3213

1717338003.6645215 339957611
cloud0_tkemenade 19200620930 6261 1110

1717338004.6669905 339957733
cloud_controller_tkemenade 7607708234 14706 3224

1717338004.6673644 339957733
cloud0_tkemenade 19200620930 6264 1110

1717338005.669885 339957869
cloud_controller_tkemenade 7607708234 14739 3236

1717338005.6704261 339957869
cloud0_tkemenade 19200620930 6267 1111

1717338006.6731753 339957975
cloud_controller_tkemenade 7607708234 14757 3246

1717338006.6737022 339957975
cloud0_tkemenade 19200620930 6270 1112

1717338007.6762323 339958112
cloud_controller_tkemenade 7607708234 14780 3254

1717338007.67658 339958112
cloud0_tkemenade 19200620930 6285 1115

1717338008.678874 339958260
cloud_controller_tkemenade 7607708234 14797 3259

1717338008.6794243 339958260
cloud0_tkemenade 19200620930 6287 1116

1717338008.8801281 339958281
cloud_controller_tkemenade 7608893325 14800 3260

1717338008.8806584 339958281
cloud0_tkemenade 19200876705 6288 1116

1717338009.8830538 339958402
cloud_controller_tkemenade 7608893325 14836 3269

1717338009.8835986 339958402
cloud0_tkemenade 19200876705 6297 1117

1717338010.886053 339958663
cloud_controller_tkemenade 7608893325 14855 3278

1717338010.8866189 339958663
cloud0_tkemenade 19200876705 6300 1117

1717338011.889149 339958844
cloud_controller_tkemenade 7608893325 14878 3287

1717338011.8894992 339958844
cloud0_tkemenade 19200876705 6304 1118

1717338012.892044 339959009
cloud_controller_tkemenade 7608893325 14914 3301

1717338012.8925676 339959009
cloud0_tkemenade 19200876705 6320 1121

1717338013.8951306 339959136
cloud_controller_tkemenade 7608893325 14945 3311

1717338013.8956742 339959136
cloud0_tkemenade 19200876705 6325 1121

1717338014.8981123 339959269
cloud_controller_tkemenade 7608893325 14976 3323

1717338014.8986664 339959269
cloud0_tkemenade 19200876705 6328 1122

1717338015.900974 339959391
cloud_controller_tkemenade 7608893325 15009 3337

1717338015.9015365 339959391
cloud0_tkemenade 19200876705 6331 1123

1717338016.1021311 339959421
cloud_controller_tkemenade 7610169551 15013 3338

1717338016.102685 339959421
cloud0_tkemenade 19201101144 6331 1123

1717338017.1052985 339959508
cloud_controller_tkemenade 7610169551 15037 3346

1717338017.105847 339959508
cloud0_tkemenade 19201101144 6338 1125

1717338018.108373 339959666
cloud_controller_tkemenade 7610169551 15061 3352

1717338018.1089413 339959666
cloud0_tkemenade 19201101144 6352 1127

1717338019.1115036 339959840
cloud_controller_tkemenade 7610169551 15081 3360

1717338019.1120486 339959840
cloud0_tkemenade 19201101144 6355 1128

1717338020.1143744 339959974
cloud_controller_tkemenade 7610169551 15120 3372

1717338020.1147208 339959974
cloud0_tkemenade 19201101144 6365 1133

1717338021.1170921 339960285
cloud_controller_tkemenade 7610169551 15141 3379

1717338021.117644 339960285
cloud0_tkemenade 19201101144 6369 1134

1717338022.1200924 339960410
cloud_controller_tkemenade 7610169551 15169 3388

1717338022.1204665 339960410
cloud0_tkemenade 19201101144 6378 1136

1717338023.1227777 339960548
cloud_controller_tkemenade 7610169551 15194 3398

1717338023.1233552 339960548
cloud0_tkemenade 19201101144 6389 1139

1717338023.3240175 339960574
cloud_controller_tkemenade 7611252369 15199 3400

1717338023.3245637 339960574
cloud0_tkemenade 19201431271 6390 1139

1717338024.3269756 339960687
cloud_controller_tkemenade 7611252369 15230 3408

1717338024.3275244 339960687
cloud0_tkemenade 19201431271 6395 1141

1717338025.3301816 339960846
cloud_controller_tkemenade 7611252369 15267 3420

1717338025.3307273 339960846
cloud0_tkemenade 19201431271 6399 1143

1717338026.3334355 339960958
cloud_controller_tkemenade 7611252369 15288 3429

1717338026.3340309 339960958
cloud0_tkemenade 19201431271 6403 1143

1717338027.3366268 339961056
cloud_controller_tkemenade 7611252369 15304 3439

1717338027.337203 339961056
cloud0_tkemenade 19201431271 6412 1146

1717338028.3400054 339961204
cloud_controller_tkemenade 7611252369 15332 3447

1717338028.3405557 339961204
cloud0_tkemenade 19201431271 6421 1149

1717338029.3429255 339961353
cloud_controller_tkemenade 7611252369 15348 3453

1717338029.3434694 339961353
cloud0_tkemenade 19201431271 6426 1152

1717338030.345711 339961488
cloud_controller_tkemenade 7612378466 15382 3470

1717338030.346051 339961488
cloud0_tkemenade 19201708396 6436 1156

1717338031.3481889 339961802
cloud_controller_tkemenade 7612378466 15401 3477

1717338031.348732 339961802
cloud0_tkemenade 19201708396 6439 1157

1717338032.3512337 339961920
cloud_controller_tkemenade 7612378466 15426 3487

1717338032.3518813 339961920
cloud0_tkemenade 19201708396 6446 1164

1717338033.35465 339962084
cloud_controller_tkemenade 7612378466 15452 3498

1717338033.3552134 339962084
cloud0_tkemenade 19201708396 6463 1168

1717338034.357932 339962206
cloud_controller_tkemenade 7612378466 15485 3512

1717338034.3584785 339962206
cloud0_tkemenade 19201708396 6466 1170

1717338035.3610466 339962343
cloud_controller_tkemenade 7612378466 15519 3520

1717338035.3615847 339962343
cloud0_tkemenade 19201708396 6468 1172

1717338036.3640084 339962442
cloud_controller_tkemenade 7612378466 15541 3532

1717338036.364561 339962442
cloud0_tkemenade 19201708396 6470 1173

1717338037.366969 339962573
cloud_controller_tkemenade 7613494158 15562 3539

1717338037.3673248 339962573
cloud0_tkemenade 19201962773 6475 1174

1717338038.3695757 339962750
cloud_controller_tkemenade 7613494158 15587 3548

1717338038.3701217 339962750
cloud0_tkemenade 19201962773 6482 1175

1717338039.3728678 339962916
cloud_controller_tkemenade 7613494158 15602 3555

1717338039.373437 339962916
cloud0_tkemenade 19201962773 6487 1176

1717338040.3759027 339963065
cloud_controller_tkemenade 7613494158 15643 3570

1717338040.3762488 339963065
cloud0_tkemenade 19201962773 6492 1179

1717338041.3785772 339963362
cloud_controller_tkemenade 7613494158 15661 3576

1717338041.3791153 339963362
cloud0_tkemenade 19201962773 6495 1180

1717338042.3816943 339963454
cloud_controller_tkemenade 7613494158 15685 3587

1717338042.3822381 339963454
cloud0_tkemenade 19201962773 6502 1182

1717338043.3849714 339963573
cloud_controller_tkemenade 7613494158 15708 3598

1717338043.3855374 339963573
cloud0_tkemenade 19201962773 6512 1184

1717338044.3881557 339963744
cloud_controller_tkemenade 7613494158 15741 3607

1717338044.3887143 339963744
cloud0_tkemenade 19201962773 6516 1189

1717338044.589399 339963780
cloud_controller_tkemenade 7614630775 15746 3611

1717338044.5899332 339963780
cloud0_tkemenade 19202211408 6516 1189

1717338045.5922687 339963904
cloud_controller_tkemenade 7614630775 15784 3622

1717338045.592817 339963904
cloud0_tkemenade 19202211408 6519 1189

1717338046.5953226 339964036
cloud_controller_tkemenade 7614630775 15806 3632

1717338046.5958633 339964036
cloud0_tkemenade 19202211408 6525 1191

1717338047.598464 339964144
cloud_controller_tkemenade 7614630775 15827 3640

1717338047.5988092 339964144
cloud0_tkemenade 19202211408 6532 1194

1717338048.60112 339964272
cloud_controller_tkemenade 7614630775 15848 3647

1717338048.6017134 339964272
cloud0_tkemenade 19202211408 6543 1196

1717338049.604462 339964458
cloud_controller_tkemenade 7614630775 15873 3656

1717338049.604999 339964458
cloud0_tkemenade 19202211408 6549 1197

1717338050.60745 339964683
cloud_controller_tkemenade 7614630775 15903 3664

1717338050.60801 339964683
cloud0_tkemenade 19202211408 6556 1200

1717338051.6104784 339964918
cloud_controller_tkemenade 7614630775 15925 3673

1717338051.6110067 339964918
cloud0_tkemenade 19202211408 6558 1201

1717338051.8116937 339964940
cloud_controller_tkemenade 7615712036 15929 3674

1717338051.8122413 339964940
cloud0_tkemenade 19202450703 6559 1201

1717338052.8145757 339965066
cloud_controller_tkemenade 7615712036 15959 3684

1717338052.814911 339965066
cloud0_tkemenade 19202450703 6575 1207

1717338053.8174286 339965206
cloud_controller_tkemenade 7615712036 15983 3693

1717338053.8179996 339965206
cloud0_tkemenade 19202450703 6578 1208

1717338054.820264 339965339
cloud_controller_tkemenade 7615712036 16007 3707

1717338054.8206353 339965339
cloud0_tkemenade 19202450703 6583 1210

1717338055.8229563 339965468
cloud_controller_tkemenade 7615712036 16040 3724

1717338055.8234859 339965468
cloud0_tkemenade 19202450703 6584 1212

1717338056.825808 339965578
cloud_controller_tkemenade 7615712036 16069 3740

1717338056.826344 339965578
cloud0_tkemenade 19202450703 6586 1213

1717338057.8285818 339965700
cloud_controller_tkemenade 7615712036 16100 3751

1717338057.8291676 339965700
cloud0_tkemenade 19202450703 6602 1214

1717338058.8314931 339965842
cloud_controller_tkemenade 7616927725 16112 3767

1717338058.8318367 339965842
cloud0_tkemenade 19202712141 6605 1215

1717338059.834325 339966075
cloud_controller_tkemenade 7616927725 16135 3792

1717338059.834912 339966075
cloud0_tkemenade 19202712141 6609 1215

1717338060.8374581 339966378
cloud_controller_tkemenade 7616927725 16167 3800

1717338060.837996 339966378
cloud0_tkemenade 19202712141 6616 1217

1717338061.8405616 339966551
cloud_controller_tkemenade 7616927725 16197 3815

1717338061.8410914 339966551
cloud0_tkemenade 19202712141 6618 1218

1717338062.8437388 339966675
cloud_controller_tkemenade 7616927725 16227 3829

1717338062.8442836 339966675
cloud0_tkemenade 19202712141 6635 1219

1717338063.8466542 339966796
cloud_controller_tkemenade 7616927725 16254 3834

1717338063.8471692 339966796
cloud0_tkemenade 19202712141 6639 1220

1717338064.849664 339966966
cloud_controller_tkemenade 7616927725 16280 3846

1717338064.8500214 339966966
cloud0_tkemenade 19202712141 6643 1222

1717338065.8523722 339967098
cloud_controller_tkemenade 7616927725 16315 3861

1717338065.8529162 339967098
cloud0_tkemenade 19202712141 6646 1223

1717338066.0535917 339967124
cloud_controller_tkemenade 7618231321 16317 3863

1717338066.054104 339967124
cloud0_tkemenade 19202928685 6646 1223

1717338067.0565636 339967212
cloud_controller_tkemenade 7618231321 16335 3872

1717338067.0571005 339967212
cloud0_tkemenade 19202928685 6648 1224

1717338068.0595813 339967332
cloud_controller_tkemenade 7618231321 16358 3887

1717338068.0601525 339967332
cloud0_tkemenade 19202928685 6665 1225

1717338069.0625122 339967462
cloud_controller_tkemenade 7618231321 16379 3895

1717338069.0630474 339967462
cloud0_tkemenade 19202928685 6667 1225

1717338070.0655978 339967642
cloud_controller_tkemenade 7618231321 16410 3911

1717338070.0659537 339967642
cloud0_tkemenade 19202928685 6677 1227

1717338071.0682333 339967939
cloud_controller_tkemenade 7618231321 16430 3919

1717338071.0687644 339967939
cloud0_tkemenade 19202928685 6678 1228

1717338072.071318 339968059
cloud_controller_tkemenade 7618231321 16455 3924

1717338072.0718367 339968059
cloud0_tkemenade 19202928685 6681 1230

1717338073.0743372 339968208
cloud_controller_tkemenade 7618231321 16490 3937

1717338073.0748658 339968208
cloud0_tkemenade 19202928685 6698 1234

1717338073.1753132 339968227
cloud_controller_tkemenade 7619321396 16492 3937

1717338073.175855 339968227
cloud0_tkemenade 19203205599 6700 1234

1717338074.178224 339968354
cloud_controller_tkemenade 7619321396 16520 3949

1717338074.1787665 339968354
cloud0_tkemenade 19203205599 6702 1234

1717338075.181309 339968509
cloud_controller_tkemenade 7619321396 16552 3961

1717338075.181856 339968509
cloud0_tkemenade 19203205599 6706 1236

1717338076.184194 339968649
cloud_controller_tkemenade 7619321396 16589 3973

1717338076.1847353 339968649
cloud0_tkemenade 19203205599 6709 1237

1717338077.187368 339968758
cloud_controller_tkemenade 7619321396 16609 3982

1717338077.1879458 339968758
cloud0_tkemenade 19203205599 6713 1238

1717338078.1903536 339968871
cloud_controller_tkemenade 7619321396 16629 3989

1717338078.1908963 339968871
cloud0_tkemenade 19203205599 6727 1243

1717338079.193311 339968975
cloud_controller_tkemenade 7619321396 16648 3998

1717338079.1938477 339968975
cloud0_tkemenade 19203205599 6733 1243

1717338080.1962314 339969158
cloud_controller_tkemenade 7619321396 16679 4013

1717338080.1965773 339969158
cloud0_tkemenade 19203205599 6746 1247

1717338080.3970497 339969217
cloud_controller_tkemenade 7620458888 16685 4016

1717338080.3974338 339969217
cloud0_tkemenade 19203465475 6746 1247

1717338081.3996522 339969486
cloud_controller_tkemenade 7620458888 16706 4028

1717338081.4002073 339969486
cloud0_tkemenade 19203465475 6749 1250

1717338082.402555 339969597
cloud_controller_tkemenade 7620458888 16734 4035

1717338082.4031024 339969597
cloud0_tkemenade 19203465475 6755 1252

1717338083.405681 339969724
cloud_controller_tkemenade 7620458888 16765 4045

1717338083.4062264 339969724
cloud0_tkemenade 19203465475 6772 1254

1717338084.4088097 339969851
cloud_controller_tkemenade 7620458888 16788 4050

1717338084.4093986 339969852
cloud0_tkemenade 19203465475 6775 1254

1717338085.4119422 339970010
cloud_controller_tkemenade 7620458888 16818 4062

1717338085.4125133 339970010
cloud0_tkemenade 19203465475 6779 1258

1717338086.414989 339970124
cloud_controller_tkemenade 7620458888 16851 4073

1717338086.4155307 339970124
cloud0_tkemenade 19203465475 6781 1259

1717338087.4178822 339970239
cloud_controller_tkemenade 7621629220 16875 4080

1717338087.4184415 339970239
cloud0_tkemenade 19203707770 6788 1260

1717338088.42082 339970360
cloud_controller_tkemenade 7621629220 16897 4085

1717338088.4213886 339970362
cloud0_tkemenade 19203707770 6801 1263

1717338089.423985 339970468
cloud_controller_tkemenade 7621629220 16917 4091

1717338089.4245374 339970468
cloud0_tkemenade 19203707770 6808 1266

1717338090.4268248 339970672
cloud_controller_tkemenade 7621629220 16949 4104

1717338090.4272065 339970672
cloud0_tkemenade 19203707770 6814 1267

1717338091.4293416 339970974
cloud_controller_tkemenade 7621629220 16980 4116

1717338091.429889 339970974
cloud0_tkemenade 19203707770 6817 1268

1717338092.4323099 339971084
cloud_controller_tkemenade 7621629220 17003 4125

1717338092.4328682 339971084
cloud0_tkemenade 19203707770 6824 1270

1717338093.435036 339971236
cloud_controller_tkemenade 7621629220 17035 4134

1717338093.4356098 339971236
cloud0_tkemenade 19203707770 6836 1273

1717338094.438116 339971365
cloud_controller_tkemenade 7621629220 17054 4143

1717338094.4386663 339971365
cloud0_tkemenade 19203707770 6840 1273

1717338094.5391617 339971382
cloud_controller_tkemenade 7622717979 17055 4143

1717338094.5396953 339971382
cloud0_tkemenade 19204001910 6840 1273

1717338095.5420904 339971524
cloud_controller_tkemenade 7622717979 17088 4153

1717338095.5426414 339971524
cloud0_tkemenade 19204001910 6844 1275

1717338096.545058 339971647
cloud_controller_tkemenade 7622717979 17112 4164

1717338096.5456054 339971647
cloud0_tkemenade 19204001910 6846 1275

1717338097.5481946 339971751
cloud_controller_tkemenade 7622717979 17138 4174

1717338097.5487657 339971751
cloud0_tkemenade 19204001910 6853 1277

1717338098.551222 339971864
cloud_controller_tkemenade 7622717979 17159 4181

1717338098.5517821 339971864
cloud0_tkemenade 19204001910 6865 1278

1717338099.5543425 339971984
cloud_controller_tkemenade 7622717979 17179 4194

1717338099.5548887 339971984
cloud0_tkemenade 19204001910 6871 1279

1717338100.5571883 339972194
cloud_controller_tkemenade 7622717979 17208 4202

1717338100.5575576 339972194
cloud0_tkemenade 19204001910 6876 1281

1717338101.559677 339972459
cloud_controller_tkemenade 7622717979 17238 4211

1717338101.56021 339972459
cloud0_tkemenade 19204001910 6878 1282

1717338101.6606429 339972472
cloud_controller_tkemenade 7623842284 17239 4211

1717338101.661152 339972473
cloud0_tkemenade 19204216916 6879 1282

1717338102.6685295 339972590
cloud_controller_tkemenade 7623842284 17264 4220

1717338102.6690786 339972590
cloud0_tkemenade 19204216916 6886 1284

1717338103.6713204 339972708
cloud_controller_tkemenade 7623842284 17296 4229

1717338103.6718776 339972708
cloud0_tkemenade 19204216916 6899 1286

1717338104.6740618 339972830
cloud_controller_tkemenade 7623842284 17316 4236

1717338104.6744099 339972830
cloud0_tkemenade 19204216916 6902 1286

1717338105.6768422 339972997
cloud_controller_tkemenade 7623842284 17350 4244

1717338105.6774242 339972998
cloud0_tkemenade 19204216916 6908 1287

1717338106.6799066 339973116
cloud_controller_tkemenade 7623842284 17380 4253

1717338106.6804204 339973116
cloud0_tkemenade 19204216916 6909 1288

1717338107.682774 339973236
cloud_controller_tkemenade 7623842284 17402 4264

1717338107.6833153 339973236
cloud0_tkemenade 19204216916 6915 1291

1717338108.6858373 339973376
cloud_controller_tkemenade 7623842284 17423 4270

1717338108.686349 339973376
cloud0_tkemenade 19204216916 6925 1294

1717338108.7868378 339973397
cloud_controller_tkemenade 7624902607 17424 4271

1717338108.7873826 339973397
cloud0_tkemenade 19204468960 6925 1294

1717338109.789651 339973504
cloud_controller_tkemenade 7624902607 17451 4280

1717338109.7901957 339973504
cloud0_tkemenade 19204468960 6928 1295

1717338110.7926536 339973801
cloud_controller_tkemenade 7624902607 17474 4288

1717338110.7932506 339973804
cloud0_tkemenade 19204468960 6933 1298

1717338111.7956965 339974040
cloud_controller_tkemenade 7624902607 17504 4298

1717338111.7960336 339974040
cloud0_tkemenade 19204468960 6936 1299

1717338112.7982845 339974162
cloud_controller_tkemenade 7624902607 17529 4310

1717338112.798613 339974162
cloud0_tkemenade 19204468960 6944 1300

1717338113.800708 339974298
cloud_controller_tkemenade 7624902607 17562 4324

1717338113.8012617 339974299
cloud0_tkemenade 19204468960 6959 1304

1717338114.80352 339974424
cloud_controller_tkemenade 7624902607 17576 4333

1717338114.804068 339974424
cloud0_tkemenade 19204468960 6961 1304

1717338115.8062947 339974594
cloud_controller_tkemenade 7624902607 17609 4349

1717338115.8068337 339974594
cloud0_tkemenade 19204468960 6964 1306

1717338116.007541 339974631
cloud_controller_tkemenade 7626127235 17620 4353

1717338116.0080774 339974631
cloud0_tkemenade 19204701371 6966 1306

1717338117.010392 339974730
cloud_controller_tkemenade 7626127235 17643 4362

1717338117.0109463 339974730
cloud0_tkemenade 19204701371 6969 1307

1717338118.0134108 339974853
cloud_controller_tkemenade 7626127235 17670 4374

1717338118.0139415 339974853
cloud0_tkemenade 19204701371 6975 1309

1717338119.0164561 339974984
cloud_controller_tkemenade 7626127235 17691 4385

1717338119.0170012 339974984
cloud0_tkemenade 19204701371 6989 1310

1717338120.0195022 339975104
cloud_controller_tkemenade 7626127235 17724 4403

1717338120.0200343 339975104
cloud0_tkemenade 19204701371 6996 1311

1717338121.022389 339975431
cloud_controller_tkemenade 7626127235 17748 4415

1717338121.0229516 339975431
cloud0_tkemenade 19204701371 6998 1311

1717338122.0255222 339975647
cloud_controller_tkemenade 7626127235 17788 4431

1717338122.025854 339975647
cloud0_tkemenade 19204701371 7000 1313

1717338123.0279603 339975797
cloud_controller_tkemenade 7626127235 17835 4437

1717338123.0284815 339975797
cloud0_tkemenade 19204701371 7007 1316

1717338124.0306706 339975941
cloud_controller_tkemenade 7626127235 17865 4450

1717338124.0310118 339975941
cloud0_tkemenade 19204701371 7020 1318

1717338125.033075 339976100
cloud_controller_tkemenade 7626127235 17881 4467

1717338125.0334392 339976100
cloud0_tkemenade 19204701371 7021 1320

1717338126.0358765 339976271
cloud_controller_tkemenade 7626127235 17886 4506

1717338126.0364287 339976271
cloud0_tkemenade 19204701371 7025 1321

1717338127.038752 339976466
cloud_controller_tkemenade 7626127235 17937 4552

1717338127.039089 339976466
cloud0_tkemenade 19204701371 7027 1322

1717338128.0415065 339976669
cloud_controller_tkemenade 7626127235 18015 4589

1717338128.0420465 339976669
cloud0_tkemenade 19204701371 7035 1322

1717338129.0445716 339976921
cloud_controller_tkemenade 7626127235 18132 4621

1717338129.0451014 339976921
cloud0_tkemenade 19204701371 7047 1324

1717338130.0477018 339977244
cloud_controller_tkemenade 7628907408 18272 4638

1717338130.0480394 339977244
cloud0_tkemenade 19204937795 7052 1328

1717338131.050072 339977755
cloud_controller_tkemenade 7628907408 18394 4669

1717338131.0506225 339977755
cloud0_tkemenade 19204937795 7096 1336

1717338132.0530448 339978111
cloud_controller_tkemenade 7628907408 18521 4709

1717338132.0536246 339978111
cloud0_tkemenade 19204937795 7117 1342

1717338133.0560272 339978389
cloud_controller_tkemenade 7628907408 18634 4741

1717338133.0565708 339978389
cloud0_tkemenade 19204937795 7172 1389

1717338134.05904 339978696
cloud_controller_tkemenade 7628907408 18745 4776

1717338134.0595937 339978696
cloud0_tkemenade 19204937795 7269 1424

1717338135.0620022 339978979
cloud_controller_tkemenade 7628907408 18845 4792

1717338135.062541 339978979
cloud0_tkemenade 19204937795 7355 1440

1717338136.0649314 339979444
cloud_controller_tkemenade 7628907408 19085 4802

1717338136.0653415 339979446
cloud0_tkemenade 19204937795 7499 1464

1717338137.0674455 339979705
cloud_controller_tkemenade 7628907408 19170 4817

1717338137.0677683 339979705
cloud0_tkemenade 19204937795 7597 1476

1717338137.1680899 339979742
cloud_controller_tkemenade 7634285930 19180 4820

1717338137.1684532 339979742
cloud0_tkemenade 19208406694 7615 1478

1717338138.1707704 339980047
cloud_controller_tkemenade 7634285930 19273 4852

1717338138.1714149 339980047
cloud0_tkemenade 19208406694 7748 1488

1717338139.1736941 339980549
cloud_controller_tkemenade 7634285930 19584 4869

1717338139.1742346 339980549
cloud0_tkemenade 19208406694 7871 1491

1717338140.1766958 339980890
cloud_controller_tkemenade 7634285930 19764 4886

1717338140.1770496 339980890
cloud0_tkemenade 19208406694 7960 1496

1717338141.1793542 339981518
cloud_controller_tkemenade 7634285930 19956 4899

1717338141.1799161 339981518
cloud0_tkemenade 19208406694 8107 1505

1717338142.1823847 339981928
cloud_controller_tkemenade 7634285930 20084 4926

1717338142.1829147 339981928
cloud0_tkemenade 19208406694 8267 1518

1717338143.1852396 339982313
cloud_controller_tkemenade 7634285930 20268 4938

1717338143.1855953 339982313
cloud0_tkemenade 19208406694 8387 1547

1717338144.18781 339982658
cloud_controller_tkemenade 7634285930 20457 4987

1717338144.188337 339982658
cloud0_tkemenade 19208406694 8470 1563

1717338144.2887895 339982730
cloud_controller_tkemenade 7641913503 20476 4991

1717338144.289199 339982733
cloud0_tkemenade 19213418198 8507 1563

1717338145.2913184 339983376
cloud_controller_tkemenade 7641913503 20629 5046

1717338145.2918966 339983376
cloud0_tkemenade 19213418198 8846 1571

1717338146.2943304 339983943
cloud_controller_tkemenade 7641913503 20798 5114

1717338146.2949064 339983943
cloud0_tkemenade 19213418198 9084 1579

1717338147.297467 339984341
cloud_controller_tkemenade 7641913503 20870 5170

1717338147.2980387 339984341
cloud0_tkemenade 19213418198 9251 1594

1717338148.3004074 339984623
cloud_controller_tkemenade 7641913503 20898 5196

1717338148.3009744 339984623
cloud0_tkemenade 19213418198 9389 1597

1717338149.3036647 339984972
cloud_controller_tkemenade 7641913503 20945 5225

1717338149.304071 339984972
cloud0_tkemenade 19213418198 9550 1639

1717338150.3065674 339985261
cloud_controller_tkemenade 7641913503 20979 5241

1717338150.3071187 339985261
cloud0_tkemenade 19213418198 9682 1652

1717338151.3095572 339985708
cloud_controller_tkemenade 7645856593 21002 5251

1717338151.3100913 339985708
cloud0_tkemenade 19220221865 9781 1662

1717338152.3124237 339986030
cloud_controller_tkemenade 7645856593 21021 5259

1717338152.3129926 339986030
cloud0_tkemenade 19220221865 9940 1675

1717338153.315667 339986205
cloud_controller_tkemenade 7645856593 21045 5283

1717338153.3162217 339986205
cloud0_tkemenade 19220221865 9975 1693

1717338154.3188338 339986364
cloud_controller_tkemenade 7645856593 21052 5308

1717338154.3193834 339986364
cloud0_tkemenade 19220221865 10010 1707

1717338155.321896 339986561
cloud_controller_tkemenade 7645856593 21069 5329

1717338155.322241 339986561
cloud0_tkemenade 19220221865 10032 1724

1717338156.3248684 339986732
cloud_controller_tkemenade 7645856593 21090 5341

1717338156.3254447 339986734
cloud0_tkemenade 19220221865 10034 1725

1717338157.3279982 339986908
cloud_controller_tkemenade 7645856593 21118 5356

1717338157.3285735 339986908
cloud0_tkemenade 19220221865 10044 1730

1717338158.3310142 339987041
cloud_controller_tkemenade 7645856593 21135 5362

1717338158.3315163 339987041
cloud0_tkemenade 19220221865 10050 1733

1717338158.4320273 339987062
cloud_controller_tkemenade 7646889279 21140 5364

1717338158.4325829 339987062
cloud0_tkemenade 19221733113 10051 1734

1717338159.4350224 339987190
cloud_controller_tkemenade 7646889279 21165 5372

1717338159.4355702 339987190
cloud0_tkemenade 19221733113 10065 1737

1717338160.4379778 339987333
cloud_controller_tkemenade 7646889279 21195 5385

1717338160.438336 339987333
cloud0_tkemenade 19221733113 10070 1741

1717338161.4406862 339987656
cloud_controller_tkemenade 7646889279 21226 5399

1717338161.4410238 339987656
cloud0_tkemenade 19221733113 10073 1741

1717338162.4430883 339987813
cloud_controller_tkemenade 7646889279 21249 5417

1717338162.4436297 339987813
cloud0_tkemenade 19221733113 10077 1742

1717338163.4461076 339987935
cloud_controller_tkemenade 7646889279 21275 5433

1717338163.4466267 339987935
cloud0_tkemenade 19221733113 10083 1744

1717338164.4493196 339988076
cloud_controller_tkemenade 7646889279 21304 5442

1717338164.4498715 339988076
cloud0_tkemenade 19221733113 10097 1746

1717338165.452428 339988205
cloud_controller_tkemenade 7648146838 21330 5452

1717338165.4527817 339988205
cloud0_tkemenade 19222018516 10098 1749

1717338166.4550385 339988342
cloud_controller_tkemenade 7648146838 21364 5460

1717338166.4555976 339988342
cloud0_tkemenade 19222018516 10102 1750

1717338167.458097 339988486
cloud_controller_tkemenade 7648146838 21388 5472

1717338167.458653 339988486
cloud0_tkemenade 19222018516 10107 1753

1717338168.461059 339988604
cloud_controller_tkemenade 7648146838 21407 5477

1717338168.4616144 339988604
cloud0_tkemenade 19222018516 10112 1753

1717338169.4642715 339988727
cloud_controller_tkemenade 7648146838 21445 5487

1717338169.4649374 339988727
cloud0_tkemenade 19222018516 10127 1757

1717338170.4673955 339988870
cloud_controller_tkemenade 7648146838 21473 5500

1717338170.467939 339988870
cloud0_tkemenade 19222018516 10131 1760

1717338171.4702668 339989168
cloud_controller_tkemenade 7648146838 21504 5509

1717338171.470795 339989168
cloud0_tkemenade 19222018516 10133 1761

1717338172.4732785 339989335
cloud_controller_tkemenade 7648146838 21525 5516

1717338172.4738321 339989335
cloud0_tkemenade 19222018516 10135 1764

1717338172.6745396 339989373
cloud_controller_tkemenade 7649336560 21533 5519

1717338172.6750896 339989373
cloud0_tkemenade 19222258236 10140 1764

1717338173.677669 339989494
cloud_controller_tkemenade 7649336560 21564 5535

1717338173.6782186 339989494
cloud0_tkemenade 19222258236 10148 1765

1717338174.680714 339989618
cloud_controller_tkemenade 7649336560 21582 5542

1717338174.6813092 339989618
cloud0_tkemenade 19222258236 10158 1769

1717338175.683676 339989732
cloud_controller_tkemenade 7649336560 21606 5552

1717338175.6842191 339989732
cloud0_tkemenade 19222258236 10168 1776

1717338176.686723 339989867
cloud_controller_tkemenade 7649336560 21642 5562

1717338176.6872623 339989867
cloud0_tkemenade 19222258236 10170 1777

1717338177.6895814 339990019
cloud_controller_tkemenade 7649336560 21665 5570

1717338177.6901124 339990019
cloud0_tkemenade 19222258236 10180 1778

1717338178.6926227 339990164
cloud_controller_tkemenade 7649336560 21687 5578

1717338178.6931756 339990168
cloud0_tkemenade 19222258236 10192 1779

1717338179.6955929 339990294
cloud_controller_tkemenade 7649336560 21722 5592

1717338179.6961367 339990294
cloud0_tkemenade 19222258236 10202 1782

1717338179.996986 339990336
cloud_controller_tkemenade 7650497069 21729 5593

1717338179.9973557 339990336
cloud0_tkemenade 19222609777 10202 1782

1717338180.9995618 339990630
cloud_controller_tkemenade 7650497069 21751 5603

1717338181.0001097 339990630
cloud0_tkemenade 19222609777 10208 1785

1717338182.0026166 339990816
cloud_controller_tkemenade 7650497069 21798 5615

1717338182.0031648 339990816
cloud0_tkemenade 19222609777 10213 1785

1717338183.0055308 339990984
cloud_controller_tkemenade 7650497069 21820 5625

1717338183.0061073 339990984
cloud0_tkemenade 19222609777 10222 1786

1717338184.008627 339991128
cloud_controller_tkemenade 7650497069 21853 5632

1717338184.009206 339991128
cloud0_tkemenade 19222609777 10235 1790

1717338185.011647 339991240
cloud_controller_tkemenade 7650497069 21876 5640

1717338185.0121925 339991240
cloud0_tkemenade 19222609777 10238 1790

1717338186.014496 339991353
cloud_controller_tkemenade 7650497069 21899 5645

1717338186.014841 339991353
cloud0_tkemenade 19222609777 10241 1792

1717338187.0171945 339991482
cloud_controller_tkemenade 7651699128 21934 5653

1717338187.017827 339991482
cloud0_tkemenade 19222841116 10243 1793

1717338188.0202808 339991615
cloud_controller_tkemenade 7651699128 21958 5660

1717338188.0208502 339991615
cloud0_tkemenade 19222841116 10250 1796

1717338189.0233512 339991742
cloud_controller_tkemenade 7651699128 21980 5673

1717338189.0238807 339991742
cloud0_tkemenade 19222841116 10264 1797

1717338190.0264013 339991842
cloud_controller_tkemenade 7651699128 22008 5687

1717338190.0267568 339991842
cloud0_tkemenade 19222841116 10269 1798

1717338191.0291915 339992130
cloud_controller_tkemenade 7651699128 22028 5696

1717338191.029748 339992130
cloud0_tkemenade 19222841116 10272 1800

1717338192.0322618 339992294
cloud_controller_tkemenade 7651699128 22062 5706

1717338192.0327969 339992294
cloud0_tkemenade 19222841116 10276 1800

1717338193.0354383 339992475
cloud_controller_tkemenade 7651699128 22086 5716

1717338193.0359921 339992475
cloud0_tkemenade 19222841116 10281 1802

1717338194.0386386 339992612
cloud_controller_tkemenade 7651699128 22122 5731

1717338194.039187 339992612
cloud0_tkemenade 19222841116 10295 1803

1717338194.139635 339992627
cloud_controller_tkemenade 7652875787 22123 5731

1717338194.1401343 339992627
cloud0_tkemenade 19223117718 10295 1803

1717338195.1424847 339992746
cloud_controller_tkemenade 7652875787 22148 5744

1717338195.1428537 339992746
cloud0_tkemenade 19223117718 10297 1804

1717338196.145258 339992853
cloud_controller_tkemenade 7652875787 22170 5753

1717338196.1457934 339992853
cloud0_tkemenade 19223117718 10301 1804

1717338197.148462 339992983
cloud_controller_tkemenade 7652875787 22205 5761

1717338197.1490028 339992983
cloud0_tkemenade 19223117718 10304 1806

1717338198.1516354 339993101
cloud_controller_tkemenade 7652875787 22221 5769

1717338198.1522048 339993101
cloud0_tkemenade 19223117718 10311 1807

1717338199.154722 339993252
cloud_controller_tkemenade 7652875787 22244 5778

1717338199.155233 339993252
cloud0_tkemenade 19223117718 10326 1809

1717338200.1577573 339993374
cloud_controller_tkemenade 7652875787 22274 5791

1717338200.1580932 339993374
cloud0_tkemenade 19223117718 10342 1811

1717338201.1604836 339993680
cloud_controller_tkemenade 7652875787 22297 5798

1717338201.161018 339993680
cloud0_tkemenade 19223117718 10344 1812

1717338201.2614725 339993703
cloud_controller_tkemenade 7653955775 22302 5799

1717338201.262001 339993703
cloud0_tkemenade 19223388826 10346 1813

1717338202.2646143 339993812
cloud_controller_tkemenade 7653955775 22326 5809

1717338202.2651815 339993813
cloud0_tkemenade 19223388826 10348 1814

1717338203.267669 339993984
cloud_controller_tkemenade 7653955775 22351 5819

1717338203.268224 339993984
cloud0_tkemenade 19223388826 10356 1816

1717338204.2708066 339994127
cloud_controller_tkemenade 7653955775 22379 5833

1717338204.2713642 339994127
cloud0_tkemenade 19223388826 10370 1818

1717338205.2739875 339994260
cloud_controller_tkemenade 7653955775 22407 5844

1717338205.2745407 339994260
cloud0_tkemenade 19223388826 10372 1819

1717338206.2771196 339994354
cloud_controller_tkemenade 7653955775 22428 5852

1717338206.2776701 339994354
cloud0_tkemenade 19223388826 10375 1820

1717338207.2802293 339994478
cloud_controller_tkemenade 7653955775 22453 5865

1717338207.280773 339994478
cloud0_tkemenade 19223388826 10378 1821

1717338208.282956 339994597
cloud_controller_tkemenade 7653955775 22475 5877

1717338208.2834466 339994597
cloud0_tkemenade 19223388826 10385 1822

1717338208.3838665 339994630
cloud_controller_tkemenade 7655080886 22476 5879

1717338208.3844254 339994630
cloud0_tkemenade 19223599784 10385 1822

1717338209.3867357 339994769
cloud_controller_tkemenade 7655080886 22504 5890

1717338209.3872786 339994769
cloud0_tkemenade 19223599784 10400 1825

1717338210.3896525 339994898
cloud_controller_tkemenade 7655080886 22537 5899

1717338210.3900077 339994898
cloud0_tkemenade 19223599784 10403 1827

1717338211.3923278 339995231
cloud_controller_tkemenade 7655080886 22564 5908

1717338211.3928814 339995231
cloud0_tkemenade 19223599784 10407 1828

1717338212.3952615 339995328
cloud_controller_tkemenade 7655080886 22590 5915

1717338212.3958318 339995328
cloud0_tkemenade 19223599784 10409 1828

1717338213.3985066 339995481
cloud_controller_tkemenade 7655080886 22608 5926

1717338213.3990753 339995481
cloud0_tkemenade 19223599784 10418 1831

1717338214.4015245 339995667
cloud_controller_tkemenade 7655080886 22637 5940

1717338214.402083 339995667
cloud0_tkemenade 19223599784 10430 1834

1717338215.4044232 339995790
cloud_controller_tkemenade 7655080886 22668 5946

1717338215.4049704 339995790
cloud0_tkemenade 19223599784 10434 1835

1717338215.605539 339995813
cloud_controller_tkemenade 7656258673 22675 5948

1717338215.6060994 339995813
cloud0_tkemenade 19223872257 10434 1835

1717338216.6086009 339995937
cloud_controller_tkemenade 7656258673 22698 5956

1717338216.6091452 339995938
cloud0_tkemenade 19223872257 10437 1836

1717338217.6117182 339996084
cloud_controller_tkemenade 7656258673 22731 5977

1717338217.6120894 339996084
cloud0_tkemenade 19223872257 10444 1837

1717338218.6143303 339996195
cloud_controller_tkemenade 7656258673 22750 5985

1717338218.6148977 339996195
cloud0_tkemenade 19223872257 10451 1839

1717338219.6175058 339996351
cloud_controller_tkemenade 7656258673 22779 5995

1717338219.6180465 339996351
cloud0_tkemenade 19223872257 10466 1842

1717338220.6203017 339996555
cloud_controller_tkemenade 7656258673 22798 6006

1717338220.6208487 339996555
cloud0_tkemenade 19223872257 10470 1844

1717338221.6233296 339996816
cloud_controller_tkemenade 7656258673 22830 6021

1717338221.6238785 339996816
cloud0_tkemenade 19223872257 10473 1845

1717338222.626354 339996933
cloud_controller_tkemenade 7656258673 22857 6028

1717338222.6268613 339996933
cloud0_tkemenade 19223872257 10476 1846

1717338222.727321 339996943
cloud_controller_tkemenade 7657435417 22858 6029

1717338222.7278526 339996943
cloud0_tkemenade 19224107605 10477 1846

1717338223.7302506 339997112
cloud_controller_tkemenade 7657435417 22901 6041

1717338223.7307994 339997112
cloud0_tkemenade 19224107605 10483 1848

1717338224.7334633 339997270
cloud_controller_tkemenade 7657435417 22920 6051

1717338224.734032 339997270
cloud0_tkemenade 19224107605 10498 1849

1717338225.7366776 339997388
cloud_controller_tkemenade 7657435417 22950 6061

1717338225.7372618 339997388
cloud0_tkemenade 19224107605 10502 1849

1717338226.7397466 339997505
cloud_controller_tkemenade 7657435417 22984 6072

1717338226.7402766 339997505
cloud0_tkemenade 19224107605 10504 1851

1717338227.7423887 339997632
cloud_controller_tkemenade 7657435417 23008 6082

1717338227.742721 339997632
cloud0_tkemenade 19224107605 10508 1853

1717338228.7448502 339997766
cloud_controller_tkemenade 7657435417 23026 6089

1717338228.7454045 339997766
cloud0_tkemenade 19224107605 10514 1854

1717338229.7477865 339997921
cloud_controller_tkemenade 7657435417 23057 6102

1717338229.7483342 339997921
cloud0_tkemenade 19224107605 10530 1858

1717338229.848835 339997934
cloud_controller_tkemenade 7658636108 23060 6104

1717338229.8494017 339997934
cloud0_tkemenade 19224394726 10530 1858

