1721164501.5748758 62908107
cloud_controller_tkemenade 11041176071 20235 3406
cloud0_tkemenade 24266109273 14660 2525

1721164502.5779805 62908431
cloud_controller_tkemenade 11041176071 20380 3410

1721164502.5786226 62908433
cloud0_tkemenade 24266109273 14842 2533

1721164503.581425 62908785
cloud_controller_tkemenade 11041176071 20547 3420

1721164503.5819664 62908785
cloud0_tkemenade 24266109273 15025 2539

1721164504.584393 62909090
cloud_controller_tkemenade 11041176071 20683 3438

1721164504.5849333 62909090
cloud0_tkemenade 24266109273 15182 2541

1721164505.5876048 62909390
cloud_controller_tkemenade 11041176071 20854 3449

1721164505.588174 62909390
cloud0_tkemenade 24266109273 15312 2554

1721164506.5909884 62909685
cloud_controller_tkemenade 11041176071 21035 3462

1721164506.591545 62909685
cloud0_tkemenade 24266109273 15425 2558

1721164506.9927318 62909785
cloud_controller_tkemenade 11046355755 21087 3462

1721164506.9932873 62909785
cloud0_tkemenade 24271298436 15468 2558

1721164507.9959 62910018
cloud_controller_tkemenade 11046355755 21224 3466

1721164507.9965034 62910018
cloud0_tkemenade 24271298436 15564 2560

1721164508.9994388 62910249
cloud_controller_tkemenade 11046355755 21353 3479

1721164509.000009 62910249
cloud0_tkemenade 24271298436 15675 2562

1721164510.0027206 62910413
cloud_controller_tkemenade 11046355755 21384 3487

1721164510.0032985 62910413
cloud0_tkemenade 24271298436 15802 2564

1721164511.0058336 62910551
cloud_controller_tkemenade 11046355755 21399 3493

1721164511.0063875 62910551
cloud0_tkemenade 24271298436 15922 2571

1721164512.008998 62910660
cloud_controller_tkemenade 11046355755 21432 3500

1721164512.009456 62910660
cloud0_tkemenade 24271298436 16005 2576

1721164513.0121186 62910797
cloud_controller_tkemenade 11046355755 21459 3506

1721164513.0126913 62910797
cloud0_tkemenade 24271298436 16106 2578

1721164514.0151172 62910927
cloud_controller_tkemenade 11046355755 21489 3519

1721164514.0155463 62910927
cloud0_tkemenade 24271298436 16200 2582

1721164514.1159587 62910939
cloud_controller_tkemenade 11048020253 21490 3520

1721164514.1164293 62910939
cloud0_tkemenade 24274007673 16212 2582

1721164515.118947 62911082
cloud_controller_tkemenade 11048020253 21512 3525

1721164515.1194813 62911082
cloud0_tkemenade 24274007673 16335 2585

1721164516.121998 62911199
cloud_controller_tkemenade 11048020253 21535 3532

1721164516.1225986 62911200
cloud0_tkemenade 24274007673 16433 2588

1721164517.125225 62911318
cloud_controller_tkemenade 11048020253 21565 3537

1721164517.125809 62911318
cloud0_tkemenade 24274007673 16523 2596

1721164518.128394 62911475
cloud_controller_tkemenade 11048020253 21586 3547

1721164518.1289735 62911475
cloud0_tkemenade 24274007673 16661 2597

1721164519.131506 62911633
cloud_controller_tkemenade 11048020253 21605 3551

1721164519.1320474 62911633
cloud0_tkemenade 24274007673 16803 2600

1721164520.1345863 62911795
cloud_controller_tkemenade 11048020253 21625 3558

1721164520.1351106 62911795
cloud0_tkemenade 24274007673 16944 2601

1721164521.1375575 62911957
cloud_controller_tkemenade 11048729233 21641 3566

1721164521.138056 62911957
cloud0_tkemenade 24277223149 17082 2603

1721164522.1403139 62912124
cloud_controller_tkemenade 11048729233 21672 3573

1721164522.1408515 62912124
cloud0_tkemenade 24277223149 17223 2604

1721164523.143349 62912253
cloud_controller_tkemenade 11048729233 21699 3580

1721164523.1438794 62912253
cloud0_tkemenade 24277223149 17325 2611

1721164524.1464 62912371
cloud_controller_tkemenade 11048729233 21721 3586

1721164524.146981 62912371
cloud0_tkemenade 24277223149 17423 2615

1721164525.149608 62912495
cloud_controller_tkemenade 11048729233 21742 3592

1721164525.1501791 62912495
cloud0_tkemenade 24277223149 17523 2620

1721164526.1527288 62912613
cloud_controller_tkemenade 11048729233 21762 3597

1721164526.1532032 62912613
cloud0_tkemenade 24277223149 17622 2627

1721164527.1557455 62912745
cloud_controller_tkemenade 11048729233 21793 3604

1721164527.1562693 62912745
cloud0_tkemenade 24277223149 17727 2633

1721164528.1587107 62912877
cloud_controller_tkemenade 11049579962 21811 3608

1721164528.1592407 62912877
cloud0_tkemenade 24280365228 17831 2639

1721164529.1616473 62913001
cloud_controller_tkemenade 11049579962 21828 3611

1721164529.1621752 62913001
cloud0_tkemenade 24280365228 17942 2641

1721164530.164628 62913151
cloud_controller_tkemenade 11049579962 21855 3617

1721164530.1651998 62913151
cloud0_tkemenade 24280365228 18061 2648

1721164531.1675794 62913279
cloud_controller_tkemenade 11049579962 21873 3621

1721164531.1681085 62913279
cloud0_tkemenade 24280365228 18172 2652

1721164532.170672 62913422
cloud_controller_tkemenade 11049579962 21904 3627

1721164532.1712034 62913422
cloud0_tkemenade 24280365228 18286 2655

1721164533.1737614 62913564
cloud_controller_tkemenade 11049579962 21931 3635

1721164533.174326 62913565
cloud0_tkemenade 24280365228 18404 2662

1721164534.1768584 62913691
cloud_controller_tkemenade 11049579962 21959 3642

1721164534.1774302 62913691
cloud0_tkemenade 24280365228 18501 2678

1721164535.1798031 62913820
cloud_controller_tkemenade 11049579962 21977 3648

1721164535.1803148 62913820
cloud0_tkemenade 24280365228 18608 2681

1721164535.3810425 62913848
cloud_controller_tkemenade 11050369401 21980 3651

1721164535.3815267 62913848
cloud0_tkemenade 24283504278 18628 2681

1721164536.3840415 62913976
cloud_controller_tkemenade 11050369401 22008 3657

1721164536.3846166 62913976
cloud0_tkemenade 24283504278 18737 2686

1721164537.38713 62914104
cloud_controller_tkemenade 11050369401 22039 3666

1721164537.3876848 62914104
cloud0_tkemenade 24283504278 18841 2687

1721164538.390223 62914237
cloud_controller_tkemenade 11050369401 22065 3670

1721164538.390785 62914237
cloud0_tkemenade 24283504278 18952 2691

1721164539.3933039 62914364
cloud_controller_tkemenade 11050369401 22088 3676

1721164539.3938255 62914364
cloud0_tkemenade 24283504278 19063 2697

1721164540.396336 62914496
cloud_controller_tkemenade 11050369401 22108 3681

1721164540.396827 62914496
cloud0_tkemenade 24283504278 19169 2700

1721164541.3993237 62914636
cloud_controller_tkemenade 11050369401 22129 3688

1721164541.3998337 62914636
cloud0_tkemenade 24283504278 19286 2705

1721164542.4024105 62914796
cloud_controller_tkemenade 11050369401 22165 3700

1721164542.4028766 62914796
cloud0_tkemenade 24283504278 19406 2710

1721164542.503357 62914809
cloud_controller_tkemenade 11051242100 22166 3701

1721164542.50382 62914809
cloud0_tkemenade 24286514352 19417 2711

1721164543.5062752 62914960
cloud_controller_tkemenade 11051242100 22195 3708

1721164543.5068126 62914960
cloud0_tkemenade 24286514352 19533 2723

1721164544.5092115 62915086
cloud_controller_tkemenade 11051242100 22212 3714

1721164544.5097249 62915086
cloud0_tkemenade 24286514352 19642 2728

1721164545.5121255 62915207
cloud_controller_tkemenade 11051242100 22230 3722

1721164545.5126448 62915207
cloud0_tkemenade 24286514352 19738 2737

1721164546.5152824 62915333
cloud_controller_tkemenade 11051242100 22258 3732

1721164546.51586 62915333
cloud0_tkemenade 24286514352 19833 2744

1721164547.5184398 62915465
cloud_controller_tkemenade 11051242100 22289 3739

1721164547.5189514 62915465
cloud0_tkemenade 24286514352 19934 2746

1721164548.5214746 62915533
cloud_controller_tkemenade 11051242100 22305 3749

1721164548.5220273 62915533
cloud0_tkemenade 24286514352 19986 2753

1721164549.5244684 62915579
cloud_controller_tkemenade 11052047153 22327 3758

1721164549.5250204 62915579
cloud0_tkemenade 24288936967 20008 2758

1721164550.5275836 62915605
cloud_controller_tkemenade 11052047153 22343 3762

1721164550.5281384 62915605
cloud0_tkemenade 24288936967 20011 2759

1721164551.5307376 62915633
cloud_controller_tkemenade 11052047153 22364 3773

1721164551.5313108 62915633
cloud0_tkemenade 24288936967 20020 2760

1721164552.5339658 62915669
cloud_controller_tkemenade 11052047153 22399 3781

1721164552.5345497 62915670
cloud0_tkemenade 24288936967 20023 2760

1721164553.537192 62915711
cloud_controller_tkemenade 11052047153 22436 3793

1721164553.537772 62915711
cloud0_tkemenade 24288936967 20028 2761

1721164554.540489 62915752
cloud_controller_tkemenade 11052047153 22460 3798

1721164554.5410318 62915752
cloud0_tkemenade 24288936967 20045 2763

1721164555.5436628 62915801
cloud_controller_tkemenade 11052047153 22484 3807

1721164555.544236 62915801
cloud0_tkemenade 24288936967 20048 2765

1721164556.5468478 62915834
cloud_controller_tkemenade 11052766645 22511 3813

1721164556.54736 62915834
cloud0_tkemenade 24289086239 20050 2766

1721164557.549976 62915862
cloud_controller_tkemenade 11052766645 22536 3826

1721164557.5505855 62915862
cloud0_tkemenade 24289086239 20053 2766

1721164558.5531094 62915903
cloud_controller_tkemenade 11052766645 22554 3831

1721164558.5536642 62915903
cloud0_tkemenade 24289086239 20077 2769

1721164559.5562289 62915952
cloud_controller_tkemenade 11052766645 22576 3837

1721164559.556818 62915952
cloud0_tkemenade 24289086239 20105 2775

1721164560.5593176 62915972
cloud_controller_tkemenade 11052766645 22593 3841

1721164560.5598726 62915972
cloud0_tkemenade 24289086239 20107 2777

1721164561.5624785 62915996
cloud_controller_tkemenade 11052766645 22614 3848

1721164561.5630155 62915996
cloud0_tkemenade 24289086239 20110 2778

1721164562.5656202 62916029
cloud_controller_tkemenade 11052766645 22642 3854

1721164562.5661857 62916029
cloud0_tkemenade 24289086239 20118 2778

1721164563.5687497 62916075
cloud_controller_tkemenade 11053409703 22675 3861

1721164563.569298 62916075
cloud0_tkemenade 24289361835 20125 2781

1721164564.5716982 62916118
cloud_controller_tkemenade 11053409703 22695 3865

1721164564.5722365 62916118
cloud0_tkemenade 24289361835 20144 2785

1721164565.5748644 62916154
cloud_controller_tkemenade 11053409703 22713 3875

1721164565.575433 62916154
cloud0_tkemenade 24289361835 20147 2787

1721164566.5779943 62916183
cloud_controller_tkemenade 11053409703 22738 3880

1721164566.5785801 62916183
cloud0_tkemenade 24289361835 20150 2788

1721164567.5811675 62916216
cloud_controller_tkemenade 11053409703 22767 3887

1721164567.5817337 62916216
cloud0_tkemenade 24289361835 20153 2788

1721164568.5842514 62916241
cloud_controller_tkemenade 11053409703 22786 3890

1721164568.5847616 62916241
cloud0_tkemenade 24289361835 20156 2788

1721164569.5872176 62916283
cloud_controller_tkemenade 11053409703 22805 3900

1721164569.58779 62916283
cloud0_tkemenade 24289361835 20176 2791

1721164570.5903466 62916316
cloud_controller_tkemenade 11053985058 22818 3908

1721164570.5908577 62916316
cloud0_tkemenade 24289553619 20178 2793

1721164571.5933485 62916348
cloud_controller_tkemenade 11053985058 22844 3914

1721164571.5939171 62916348
cloud0_tkemenade 24289553619 20181 2794

1721164572.596427 62916380
cloud_controller_tkemenade 11053985058 22877 3921

1721164572.596972 62916380
cloud0_tkemenade 24289553619 20183 2794

1721164573.599424 62916416
cloud_controller_tkemenade 11053985058 22906 3928

1721164573.5999823 62916416
cloud0_tkemenade 24289553619 20186 2795

1721164574.6024184 62916453
cloud_controller_tkemenade 11053985058 22929 3934

1721164574.602924 62916453
cloud0_tkemenade 24289553619 20203 2797

1721164575.6053045 62916494
cloud_controller_tkemenade 11053985058 22948 3942

1721164575.6056635 62916494
cloud0_tkemenade 24289553619 20205 2798

1721164576.6079683 62916528
cloud_controller_tkemenade 11053985058 22978 3953

1721164576.6085267 62916528
cloud0_tkemenade 24289553619 20209 2799

1721164577.6109746 62916568
cloud_controller_tkemenade 11053985058 23014 3961

1721164577.611541 62916568
cloud0_tkemenade 24289553619 20212 2799

1721164577.8122826 62916573
cloud_controller_tkemenade 11054760571 23018 3963

1721164577.8127923 62916573
cloud0_tkemenade 24289678800 20213 2799

1721164578.8152876 62916595
cloud_controller_tkemenade 11054760571 23040 3973

1721164578.8158112 62916595
cloud0_tkemenade 24289678800 20217 2800

1721164579.8183365 62916638
cloud_controller_tkemenade 11054760571 23065 3987

1721164579.8188848 62916638
cloud0_tkemenade 24289678800 20238 2802

1721164580.8214533 62916667
cloud_controller_tkemenade 11054760571 23080 3998

1721164580.8220067 62916667
cloud0_tkemenade 24289678800 20241 2803

1721164581.824459 62916703
cloud_controller_tkemenade 11054760571 23108 4010

1721164581.825021 62916703
cloud0_tkemenade 24289678800 20246 2807

1721164582.8275344 62916743
cloud_controller_tkemenade 11054760571 23142 4031

1721164582.828069 62916743
cloud0_tkemenade 24289678800 20252 2808

1721164583.830592 62916781
cloud_controller_tkemenade 11054760571 23173 4051

1721164583.831139 62916781
cloud0_tkemenade 24289678800 20259 2808

1721164584.83366 62916824
cloud_controller_tkemenade 11055611576 23198 4066

1721164584.8341882 62916824
cloud0_tkemenade 24289906533 20276 2811

1721164585.8367345 62916862
cloud_controller_tkemenade 11055611576 23223 4074

1721164585.8373127 62916862
cloud0_tkemenade 24289906533 20278 2812

1721164586.8397737 62916888
cloud_controller_tkemenade 11055611576 23244 4081

1721164586.8402038 62916888
cloud0_tkemenade 24289906533 20281 2813

1721164587.8426323 62916918
cloud_controller_tkemenade 11055611576 23277 4086

1721164587.8430452 62916918
cloud0_tkemenade 24289906533 20284 2813

1721164588.8454635 62916940
cloud_controller_tkemenade 11055611576 23294 4089

1721164588.8459325 62916940
cloud0_tkemenade 24289906533 20288 2814

1721164589.8484416 62916979
cloud_controller_tkemenade 11055611576 23319 4097

1721164589.8489394 62916979
cloud0_tkemenade 24289906533 20306 2816

1721164590.8514414 62916999
cloud_controller_tkemenade 11055611576 23334 4102

1721164590.8519423 62916999
cloud0_tkemenade 24289906533 20309 2817

1721164591.8544118 62917022
cloud_controller_tkemenade 11055611576 23357 4109

1721164591.8548617 62917022
cloud0_tkemenade 24289906533 20311 2817

1721164591.9553528 62917029
cloud_controller_tkemenade 11056230174 23359 4109

1721164591.95585 62917029
cloud0_tkemenade 24290033270 20312 2817

1721164592.9583766 62917073
cloud_controller_tkemenade 11056230174 23388 4114

1721164592.9589324 62917073
cloud0_tkemenade 24290033270 20315 2817

1721164593.9614823 62917118
cloud_controller_tkemenade 11056230174 23422 4124

1721164593.9620202 62917118
cloud0_tkemenade 24290033270 20325 2818

1721164594.964519 62917149
cloud_controller_tkemenade 11056230174 23438 4131

1721164594.9650507 62917149
cloud0_tkemenade 24290033270 20339 2819

1721164595.9675002 62917187
cloud_controller_tkemenade 11056230174 23464 4137

1721164595.9679687 62917187
cloud0_tkemenade 24290033270 20343 2820

1721164596.97042 62917215
cloud_controller_tkemenade 11056230174 23488 4142

1721164596.9709322 62917215
cloud0_tkemenade 24290033270 20348 2821

1721164597.973422 62917247
cloud_controller_tkemenade 11056230174 23521 4150

1721164597.9739628 62917247
cloud0_tkemenade 24290033270 20350 2822

1721164598.9764683 62917278
cloud_controller_tkemenade 11056913795 23539 4157

1721164598.976988 62917278
cloud0_tkemenade 24290177824 20357 2823

1721164599.9795744 62917349
cloud_controller_tkemenade 11056913795 23586 4167

1721164599.9801393 62917349
cloud0_tkemenade 24290177824 20376 2824

1721164600.9826784 62917367
cloud_controller_tkemenade 11056913795 23606 4173

1721164600.9832032 62917367
cloud0_tkemenade 24290177824 20379 2825

1721164601.9857998 62917399
cloud_controller_tkemenade 11056913795 23635 4188

1721164601.9863741 62917399
cloud0_tkemenade 24290177824 20381 2825

1721164602.988895 62917448
cloud_controller_tkemenade 11056913795 23675 4204

1721164602.9894552 62917448
cloud0_tkemenade 24290177824 20386 2826

1721164603.9920166 62917487
cloud_controller_tkemenade 11056913795 23709 4218

1721164603.992561 62917487
cloud0_tkemenade 24290177824 20391 2826

1721164604.9950905 62917515
cloud_controller_tkemenade 11056913795 23723 4225

1721164604.9956417 62917515
cloud0_tkemenade 24290177824 20405 2828

1721164605.9981465 62917547
cloud_controller_tkemenade 11057766729 23745 4233

1721164605.9987328 62917547
cloud0_tkemenade 24290365348 20410 2830

1721164607.0012403 62917577
cloud_controller_tkemenade 11057766729 23766 4239

1721164607.0018203 62917577
cloud0_tkemenade 24290365348 20413 2831

1721164608.0044022 62917607
cloud_controller_tkemenade 11057766729 23794 4249

1721164608.00505 62917607
cloud0_tkemenade 24290365348 20416 2831

1721164609.0076299 62917633
cloud_controller_tkemenade 11057766729 23813 4254

1721164609.008182 62917633
cloud0_tkemenade 24290365348 20422 2831

1721164610.0107865 62917683
cloud_controller_tkemenade 11057766729 23836 4265

1721164610.0113552 62917683
cloud0_tkemenade 24290365348 20438 2834

1721164611.0139077 62917707
cloud_controller_tkemenade 11057766729 23856 4271

1721164611.0145073 62917707
cloud0_tkemenade 24290365348 20443 2834

1721164612.017066 62917733
cloud_controller_tkemenade 11057766729 23880 4277

1721164612.0176072 62917733
cloud0_tkemenade 24290365348 20445 2834

1721164613.0201585 62917776
cloud_controller_tkemenade 11057766729 23912 4289

1721164613.0207248 62917776
cloud0_tkemenade 24290365348 20448 2836

1721164613.1211913 62917778
cloud_controller_tkemenade 11058433035 23914 4290

1721164613.1216018 62917778
cloud0_tkemenade 24290498609 20449 2836

1721164614.124104 62917819
cloud_controller_tkemenade 11058433035 23950 4298

1721164614.1246812 62917819
cloud0_tkemenade 24290498609 20455 2837

1721164615.1272297 62917853
cloud_controller_tkemenade 11058433035 23970 4307

1721164615.127794 62917853
cloud0_tkemenade 24290498609 20470 2838

1721164616.1303601 62917879
cloud_controller_tkemenade 11058433035 23997 4318

1721164616.13091 62917879
cloud0_tkemenade 24290498609 20471 2841

1721164617.1334796 62917914
cloud_controller_tkemenade 11058433035 24014 4329

1721164617.1340442 62917914
cloud0_tkemenade 24290498609 20473 2841

1721164618.1365986 62917954
cloud_controller_tkemenade 11058433035 24051 4339

1721164618.137168 62917954
cloud0_tkemenade 24290498609 20475 2842

1721164619.1396348 62917986
cloud_controller_tkemenade 11058433035 24067 4342

1721164619.1401994 62917986
cloud0_tkemenade 24290498609 20491 2844

1721164620.0424366 62918021
cloud_controller_tkemenade 11059158210 24090 4352

1721164620.042998 62918021
cloud0_tkemenade 24290710118 20508 2846

1721164621.0455515 62918039
cloud_controller_tkemenade 11059158210 24106 4359

1721164621.0461113 62918039
cloud0_tkemenade 24290710118 20511 2847

1721164622.0488505 62918085
cloud_controller_tkemenade 11059158210 24141 4368

1721164622.049429 62918085
cloud0_tkemenade 24290710118 20524 2848

1721164623.0520937 62918121
cloud_controller_tkemenade 11059158210 24174 4377

1721164623.0526643 62918121
cloud0_tkemenade 24290710118 20530 2849

1721164624.0553923 62918159
cloud_controller_tkemenade 11059158210 24209 4389

1721164624.055973 62918159
cloud0_tkemenade 24290710118 20536 2849

1721164625.0584633 62918188
cloud_controller_tkemenade 11059158210 24225 4395

1721164625.0589736 62918188
cloud0_tkemenade 24290710118 20551 2852

1721164626.0615969 62918218
cloud_controller_tkemenade 11059158210 24250 4403

1721164626.062144 62918218
cloud0_tkemenade 24290710118 20556 2852

1721164627.0647337 62918250
cloud_controller_tkemenade 11059158210 24271 4409

1721164627.065289 62918250
cloud0_tkemenade 24290710118 20560 2852

1721164627.1657772 62918257
cloud_controller_tkemenade 11059923048 24274 4409

1721164627.1663296 62918257
cloud0_tkemenade 24290894953 20560 2852

1721164628.168792 62918293
cloud_controller_tkemenade 11059923048 24308 4416

1721164628.1693199 62918293
cloud0_tkemenade 24290894953 20564 2854

1721164629.171668 62918320
cloud_controller_tkemenade 11059923048 24326 4424

1721164629.1722074 62918320
cloud0_tkemenade 24290894953 20572 2855

1721164630.1748025 62918373
cloud_controller_tkemenade 11059923048 24355 4430

1721164630.1753607 62918373
cloud0_tkemenade 24290894953 20586 2859

1721164631.1778812 62918392
cloud_controller_tkemenade 11059923048 24374 4435

1721164631.1784518 62918392
cloud0_tkemenade 24290894953 20590 2860

1721164632.1809258 62918418
cloud_controller_tkemenade 11059923048 24397 4442

1721164632.181457 62918418
cloud0_tkemenade 24290894953 20591 2861

1721164633.1839085 62918451
cloud_controller_tkemenade 11059923048 24426 4449

1721164633.1844442 62918451
cloud0_tkemenade 24290894953 20595 2862

1721164634.1869092 62918486
cloud_controller_tkemenade 11059923048 24455 4456

1721164634.187456 62918486
cloud0_tkemenade 24290894953 20601 2863

1721164634.2879388 62918492
cloud_controller_tkemenade 11060605716 24456 4456

1721164634.288422 62918492
cloud0_tkemenade 24291049295 20601 2863

1721164635.290893 62918519
cloud_controller_tkemenade 11060605716 24472 4461

1721164635.2913845 62918519
cloud0_tkemenade 24291049295 20613 2865

1721164636.2939277 62918548
cloud_controller_tkemenade 11060605716 24496 4467

1721164636.2945106 62918548
cloud0_tkemenade 24291049295 20616 2865

1721164637.297002 62918594
cloud_controller_tkemenade 11060605716 24517 4471

1721164637.297559 62918594
cloud0_tkemenade 24291049295 20620 2866

1721164638.3000917 62918628
cloud_controller_tkemenade 11060605716 24553 4478

1721164638.3006027 62918628
cloud0_tkemenade 24291049295 20621 2867

1721164639.3030372 62918651
cloud_controller_tkemenade 11060605716 24570 4484

1721164639.3035355 62918651
cloud0_tkemenade 24291049295 20630 2868

1721164640.3060427 62918699
cloud_controller_tkemenade 11060605716 24595 4488

1721164640.3066208 62918699
cloud0_tkemenade 24291049295 20646 2870

1721164641.3091025 62918721
cloud_controller_tkemenade 11061233701 24609 4496

1721164641.3096144 62918721
cloud0_tkemenade 24291232457 20651 2871

1721164642.312184 62918748
cloud_controller_tkemenade 11061233701 24637 4502

1721164642.3127284 62918748
cloud0_tkemenade 24291232457 20654 2871

1721164643.3152862 62918783
cloud_controller_tkemenade 11061233701 24668 4510

1721164643.315833 62918783
cloud0_tkemenade 24291232457 20657 2872

1721164644.3184333 62918814
cloud_controller_tkemenade 11061233701 24699 4518

1721164644.3189971 62918814
cloud0_tkemenade 24291232457 20664 2872

1721164645.321533 62918844
cloud_controller_tkemenade 11061233701 24718 4526

1721164645.3220835 62918844
cloud0_tkemenade 24291232457 20679 2873

1721164646.3246515 62918869
cloud_controller_tkemenade 11061233701 24743 4542

1721164646.3251877 62918869
cloud0_tkemenade 24291232457 20682 2875

1721164647.3278475 62918899
cloud_controller_tkemenade 11061233701 24765 4560

1721164647.3283885 62918899
cloud0_tkemenade 24291232457 20685 2876

1721164648.2308896 62918939
cloud_controller_tkemenade 11062081056 24805 4577

1721164648.2314148 62918939
cloud0_tkemenade 24291363995 20686 2877

1721164649.2340162 62918971
cloud_controller_tkemenade 11062081056 24825 4591

1721164649.2346013 62918971
cloud0_tkemenade 24291363995 20694 2879

1721164650.2373717 62919020
cloud_controller_tkemenade 11062081056 24851 4612

1721164650.237969 62919020
cloud0_tkemenade 24291363995 20716 2881

1721164651.2406952 62919045
cloud_controller_tkemenade 11062081056 24873 4630

1721164651.2412584 62919045
cloud0_tkemenade 24291363995 20720 2882

1721164652.2439187 62919071
cloud_controller_tkemenade 11062081056 24899 4639

1721164652.2444963 62919071
cloud0_tkemenade 24291363995 20723 2883

1721164653.2471337 62919110
cloud_controller_tkemenade 11062081056 24934 4646

1721164653.2476668 62919110
cloud0_tkemenade 24291363995 20726 2884

1721164654.2502615 62919140
cloud_controller_tkemenade 11062081056 24958 4655

1721164654.2508564 62919140
cloud0_tkemenade 24291363995 20736 2885

1721164655.2534204 62919164
cloud_controller_tkemenade 11062081056 24980 4660

1721164655.2539756 62919164
cloud0_tkemenade 24291363995 20744 2887

1721164655.35444 62919173
cloud_controller_tkemenade 11062858517 24981 4661

1721164655.354939 62919173
cloud0_tkemenade 24291582282 20749 2888

1721164656.3575346 62919205
cloud_controller_tkemenade 11062858517 25010 4668

1721164656.3581119 62919205
cloud0_tkemenade 24291582282 20752 2888

1721164657.360703 62919228
cloud_controller_tkemenade 11062858517 25033 4673

1721164657.3612335 62919228
cloud0_tkemenade 24291582282 20756 2890

1721164658.3638783 62919277
cloud_controller_tkemenade 11062858517 25069 4680

1721164658.3644488 62919277
cloud0_tkemenade 24291582282 20759 2891

1721164659.3670146 62919305
cloud_controller_tkemenade 11062858517 25088 4689

1721164659.3675592 62919305
cloud0_tkemenade 24291582282 20766 2892

1721164660.3701506 62919350
cloud_controller_tkemenade 11062858517 25112 4696

1721164660.3707173 62919350
cloud0_tkemenade 24291582282 20782 2895

1721164661.373267 62919367
cloud_controller_tkemenade 11062858517 25126 4702

1721164661.3738084 62919367
cloud0_tkemenade 24291582282 20784 2896

1721164662.3763669 62919413
cloud_controller_tkemenade 11063544392 25162 4709

1721164662.3769162 62919413
cloud0_tkemenade 24291723668 20787 2897

1721164663.3802445 62919447
cloud_controller_tkemenade 11063544392 25191 4716

1721164663.380801 62919447
cloud0_tkemenade 24291723668 20791 2897

1721164664.3833451 62919483
cloud_controller_tkemenade 11063544392 25219 4725

1721164664.383913 62919483
cloud0_tkemenade 24291723668 20798 2897

1721164665.386442 62919511
cloud_controller_tkemenade 11063544392 25239 4731

1721164665.3869958 62919511
cloud0_tkemenade 24291723668 20812 2900

1721164666.389491 62919533
cloud_controller_tkemenade 11063544392 25261 4738

1721164666.3900394 62919533
cloud0_tkemenade 24291723668 20815 2901

1721164667.3925781 62919563
cloud_controller_tkemenade 11063544392 25285 4745

1721164667.3930833 62919563
cloud0_tkemenade 24291723668 20818 2902

1721164668.3955917 62919616
cloud_controller_tkemenade 11063544392 25318 4754

1721164668.396152 62919616
cloud0_tkemenade 24291723668 20824 2904

1721164669.3986764 62919641
cloud_controller_tkemenade 11063544392 25337 4762

1721164669.3992326 62919641
cloud0_tkemenade 24291723668 20831 2905

1721164669.5999603 62919651
cloud_controller_tkemenade 11064224094 25340 4764

1721164669.6004474 62919651
cloud0_tkemenade 24291878278 20836 2906

1721164670.6028156 62919684
cloud_controller_tkemenade 11064224094 25360 4772

1721164670.6032472 62919684
cloud0_tkemenade 24291878278 20849 2907

1721164671.6057272 62919695
cloud_controller_tkemenade 11064224094 25374 4776

1721164671.6062205 62919695
cloud0_tkemenade 24291878278 20850 2908

1721164672.6087677 62919731
cloud_controller_tkemenade 11064224094 25404 4780

1721164672.6093197 62919731
cloud0_tkemenade 24291878278 20854 2908

1721164673.611838 62919769
cloud_controller_tkemenade 11064224094 25437 4789

1721164673.6123884 62919769
cloud0_tkemenade 24291878278 20857 2908

1721164674.614963 62919818
cloud_controller_tkemenade 11064224094 25476 4798

1721164674.6154888 62919818
cloud0_tkemenade 24291878278 20865 2908

1721164675.6180298 62919849
cloud_controller_tkemenade 11064224094 25495 4804

1721164675.6186018 62919850
cloud0_tkemenade 24291878278 20865 2923

1721164676.6212041 62919881
cloud_controller_tkemenade 11064224094 25519 4811

1721164676.6217487 62919881
cloud0_tkemenade 24291878278 20865 2927

1721164676.722238 62919884
cloud_controller_tkemenade 11064896634 25521 4812

1721164676.7227056 62919884
cloud0_tkemenade 24292042742 20865 2927

1721164677.7252383 62919913
cloud_controller_tkemenade 11064896634 25541 4820

1721164677.7257936 62919913
cloud0_tkemenade 24292042742 20867 2929

1721164678.7283683 62920016
cloud_controller_tkemenade 11064896634 25574 4832

1721164678.7289493 62920016
cloud0_tkemenade 24292042742 20880 2932

1721164679.731494 62920079
cloud_controller_tkemenade 11064896634 25596 4836

1721164679.7320669 62920079
cloud0_tkemenade 24292042742 20893 2936

1721164680.7346227 62920129
cloud_controller_tkemenade 11064896634 25603 4862

1721164680.7351892 62920129
cloud0_tkemenade 24292042742 20905 2938

1721164681.7377262 62920176
cloud_controller_tkemenade 11064896634 25622 4870

1721164681.7382631 62920177
cloud0_tkemenade 24292042742 20907 2942

1721164682.7408864 62920243
cloud_controller_tkemenade 11064896634 25651 4881

1721164682.7414505 62920243
cloud0_tkemenade 24292042742 20912 2943

1721164683.6436195 62920317
cloud_controller_tkemenade 11065634558 25691 4893

1721164683.6441793 62920317
cloud0_tkemenade 24292239125 20915 2945

1721164684.64683 62920379
cloud_controller_tkemenade 11065634558 25720 4907

1721164684.6474159 62920379
cloud0_tkemenade 24292239125 20925 2946

1721164685.649966 62920422
cloud_controller_tkemenade 11065634558 25741 4914

1721164685.6505501 62920423
cloud0_tkemenade 24292239125 20936 2948

1721164686.653163 62920457
cloud_controller_tkemenade 11065634558 25768 4924

1721164686.6537364 62920457
cloud0_tkemenade 24292239125 20940 2948

1721164687.6563547 62920481
cloud_controller_tkemenade 11065634558 25790 4931

1721164687.6569188 62920481
cloud0_tkemenade 24292239125 20944 2948

1721164688.6595087 62920532
cloud_controller_tkemenade 11065634558 25822 4938

1721164688.660092 62920532
cloud0_tkemenade 24292239125 20947 2949

1721164689.6625397 62920558
cloud_controller_tkemenade 11065634558 25838 4943

1721164689.6630883 62920558
cloud0_tkemenade 24292239125 20957 2951

1721164690.6656535 62920596
cloud_controller_tkemenade 11065634558 25858 4951

1721164690.6662328 62920596
cloud0_tkemenade 24292239125 20971 2952

1721164690.766737 62920604
cloud_controller_tkemenade 11066317036 25859 4952

1721164690.767242 62920604
cloud0_tkemenade 24292434118 20971 2953

1721164691.7697215 62920622
cloud_controller_tkemenade 11066317036 25876 4957

1721164691.7702231 62920622
cloud0_tkemenade 24292434118 20973 2954

1721164692.7728224 62920656
cloud_controller_tkemenade 11066317036 25906 4963

1721164692.7733808 62920656
cloud0_tkemenade 24292434118 20975 2955

1721164693.775974 62920695
cloud_controller_tkemenade 11066317036 25938 4970

1721164693.776486 62920695
cloud0_tkemenade 24292434118 20978 2956

1721164694.7790055 62920728
cloud_controller_tkemenade 11066317036 25966 4978

1721164694.7795608 62920728
cloud0_tkemenade 24292434118 20986 2957

1721164695.7820935 62920755
cloud_controller_tkemenade 11066317036 25983 4984

1721164695.7826002 62920755
cloud0_tkemenade 24292434118 20998 2959

1721164696.7851362 62920778
cloud_controller_tkemenade 11066317036 26004 4991

1721164696.7856781 62920778
cloud0_tkemenade 24292434118 21001 2960

1721164697.7881987 62920802
cloud_controller_tkemenade 11066957378 26025 4998

1721164697.7887013 62920802
cloud0_tkemenade 24292556800 21004 2961

1721164698.7911155 62920858
cloud_controller_tkemenade 11066957378 26058 5009

1721164698.7916794 62920858
cloud0_tkemenade 24292556800 21007 2962

1721164699.7942154 62920889
cloud_controller_tkemenade 11066957378 26079 5014

1721164699.7947402 62920889
cloud0_tkemenade 24292556800 21018 2964

1721164700.7972605 62920922
cloud_controller_tkemenade 11066957378 26100 5019

1721164700.797817 62920922
cloud0_tkemenade 24292556800 21031 2966

1721164701.8003452 62920939
cloud_controller_tkemenade 11066957378 26120 5023

1721164701.8008432 62920939
cloud0_tkemenade 24292556800 21032 2967

1721164702.803396 62920965
cloud_controller_tkemenade 11066957378 26146 5033

1721164702.8039598 62920965
cloud0_tkemenade 24292556800 21034 2968

1721164703.8064256 62921002
cloud_controller_tkemenade 11066957378 26182 5040

1721164703.8069463 62921002
cloud0_tkemenade 24292556800 21039 2970

1721164704.8092678 62921048
cloud_controller_tkemenade 11067675018 26213 5056

1721164704.8098369 62921048
cloud0_tkemenade 24292715941 21047 2971

1721164705.812136 62921079
cloud_controller_tkemenade 11067675018 26229 5064

1721164705.8126469 62921079
cloud0_tkemenade 24292715941 21060 2973

1721164706.8151238 62921108
cloud_controller_tkemenade 11067675018 26253 5072

1721164706.8156793 62921108
cloud0_tkemenade 24292715941 21068 2974

1721164707.8182013 62921135
cloud_controller_tkemenade 11067675018 26280 5080

1721164707.8187284 62921135
cloud0_tkemenade 24292715941 21072 2975

1721164708.821277 62921187
cloud_controller_tkemenade 11067675018 26312 5091

1721164708.821755 62921187
cloud0_tkemenade 24292715941 21077 2975

1721164709.8241894 62921217
cloud_controller_tkemenade 11067675018 26331 5098

1721164709.8246841 62921217
cloud0_tkemenade 24292715941 21088 2978

1721164710.8271549 62921256
cloud_controller_tkemenade 11067675018 26353 5105

1721164710.8277283 62921256
cloud0_tkemenade 24292715941 21099 2980

1721164711.830258 62921278
cloud_controller_tkemenade 11068351741 26373 5113

1721164711.8309479 62921278
cloud0_tkemenade 24292911032 21101 2981

1721164712.833514 62921303
cloud_controller_tkemenade 11068351741 26399 5121

1721164712.8341708 62921303
cloud0_tkemenade 24292911032 21104 2982

1721164713.8367078 62921353
cloud_controller_tkemenade 11068351741 26435 5127

1721164713.8372288 62921353
cloud0_tkemenade 24292911032 21111 2983

1721164714.8397632 62921396
cloud_controller_tkemenade 11068351741 26468 5136

1721164714.840339 62921396
cloud0_tkemenade 24292911032 21118 2983

1721164715.842856 62921427
cloud_controller_tkemenade 11068351741 26488 5140

1721164715.8433583 62921427
cloud0_tkemenade 24292911032 21131 2985

1721164716.845892 62921449
cloud_controller_tkemenade 11068351741 26508 5150

1721164716.8464622 62921449
cloud0_tkemenade 24292911032 21133 2985

1721164717.8490202 62921477
cloud_controller_tkemenade 11068351741 26538 5156

1721164717.849553 62921477
cloud0_tkemenade 24292911032 21137 2986

1721164718.8520768 62921520
cloud_controller_tkemenade 11069134193 26578 5169

1721164718.8526354 62921520
cloud0_tkemenade 24293046456 21140 2987

1721164719.8553524 62921584
cloud_controller_tkemenade 11069134193 26620 5177

1721164719.855899 62921584
cloud0_tkemenade 24293046456 21151 2988

1721164720.85847 62921610
cloud_controller_tkemenade 11069134193 26637 5183

1721164720.859036 62921610
cloud0_tkemenade 24293046456 21159 2991

1721164721.8616529 62921631
cloud_controller_tkemenade 11069134193 26663 5188

1721164721.862223 62921631
cloud0_tkemenade 24293046456 21165 2991

1721164722.8648088 62921670
cloud_controller_tkemenade 11069134193 26698 5194

1721164722.865382 62921670
cloud0_tkemenade 24293046456 21167 2992

1721164723.8678894 62921697
cloud_controller_tkemenade 11069134193 26726 5204

1721164723.8684025 62921697
cloud0_tkemenade 24293046456 21171 2993

1721164724.8708646 62921729
cloud_controller_tkemenade 11069134193 26746 5211

1721164724.871402 62921729
cloud0_tkemenade 24293046456 21178 2995

1721164725.8738084 62921755
cloud_controller_tkemenade 11069851896 26766 5218

1721164725.8743393 62921756
cloud0_tkemenade 24293209983 21184 2997

1721164726.876828 62921787
cloud_controller_tkemenade 11069851896 26787 5225

1721164726.8773675 62921787
cloud0_tkemenade 24293209983 21195 2998

1721164727.879592 62921814
cloud_controller_tkemenade 11069851896 26811 5232

1721164727.880092 62921814
cloud0_tkemenade 24293209983 21197 2999

1721164728.8824172 62921846
cloud_controller_tkemenade 11069851896 26841 5238

1721164728.882967 62921846
cloud0_tkemenade 24293209983 21200 3001

1721164729.8855138 62921898
cloud_controller_tkemenade 11069851896 26866 5245

1721164729.8860168 62921898
cloud0_tkemenade 24293209983 21212 3003

1721164730.8885348 62921926
cloud_controller_tkemenade 11069851896 26883 5249

1721164730.8890219 62921926
cloud0_tkemenade 24293209983 21218 3006

1721164731.891557 62921957
cloud_controller_tkemenade 11069851896 26906 5254

1721164731.8920553 62921957
cloud0_tkemenade 24293209983 21224 3008

1721164732.8946216 62921993
cloud_controller_tkemenade 11069851896 26935 5264

1721164732.8951893 62921993
cloud0_tkemenade 24293209983 21227 3008

1721164733.0958872 62922003
cloud_controller_tkemenade 11070517673 26943 5266

1721164733.096414 62922003
cloud0_tkemenade 24293371294 21228 3008

1721164734.0989478 62922032
cloud_controller_tkemenade 11070517673 26974 5275

1721164734.0995014 62922032
cloud0_tkemenade 24293371294 21230 3010

1721164735.1020947 62922075
cloud_controller_tkemenade 11070517673 27009 5286

1721164735.1026897 62922075
cloud0_tkemenade 24293371294 21236 3012

1721164736.1051953 62922107
cloud_controller_tkemenade 11070517673 27031 5293

1721164736.1056957 62922107
cloud0_tkemenade 24293371294 21248 3014

1721164737.108242 62922127
cloud_controller_tkemenade 11070517673 27050 5303

1721164737.1088102 62922127
cloud0_tkemenade 24293371294 21250 3015

1721164738.1114376 62922156
cloud_controller_tkemenade 11070517673 27078 5317

1721164738.1119516 62922156
cloud0_tkemenade 24293371294 21253 3017

1721164739.114563 62922199
cloud_controller_tkemenade 11070517673 27111 5333

1721164739.1151242 62922199
cloud0_tkemenade 24293371294 21265 3020

1721164740.1176884 62922259
cloud_controller_tkemenade 11071331150 27135 5341

1721164740.1182156 62922259
cloud0_tkemenade 24293548004 21273 3021

1721164741.1207445 62922290
cloud_controller_tkemenade 11071331150 27156 5354

1721164741.1213102 62922290
cloud0_tkemenade 24293548004 21286 3024

1721164742.1239657 62922319
cloud_controller_tkemenade 11071331150 27176 5366

1721164742.124515 62922319
cloud0_tkemenade 24293548004 21289 3025

1721164743.127009 62922345
cloud_controller_tkemenade 11071331150 27201 5378

1721164743.1275764 62922345
cloud0_tkemenade 24293548004 21291 3027

1721164744.1302059 62922385
cloud_controller_tkemenade 11071331150 27236 5393

1721164744.1308033 62922385
cloud0_tkemenade 24293548004 21294 3030

1721164745.133323 62922421
cloud_controller_tkemenade 11071331150 27269 5407

1721164745.1338875 62922421
cloud0_tkemenade 24293548004 21300 3031

1721164746.1363971 62922453
cloud_controller_tkemenade 11071331150 27290 5413

1721164746.1369429 62922453
cloud0_tkemenade 24293548004 21311 3032

1721164747.1394217 62922477
cloud_controller_tkemenade 11072068712 27308 5417

1721164747.1399715 62922477
cloud0_tkemenade 24293715224 21316 3034

1721164748.1424232 62922510
cloud_controller_tkemenade 11072068712 27335 5425

1721164748.142973 62922510
cloud0_tkemenade 24293715224 21319 3035

1721164749.1453056 62922539
cloud_controller_tkemenade 11072068712 27361 5434

1721164749.1458654 62922539
cloud0_tkemenade 24293715224 21326 3036

1721164750.148472 62922596
cloud_controller_tkemenade 11072068712 27392 5444

1721164750.1490264 62922596
cloud0_tkemenade 24293715224 21336 3038

1721164751.151539 62922623
cloud_controller_tkemenade 11072068712 27408 5449

1721164751.1520438 62922623
cloud0_tkemenade 24293715224 21348 3038

1721164752.1545424 62922655
cloud_controller_tkemenade 11072068712 27432 5458

1721164752.1550498 62922655
cloud0_tkemenade 24293715224 21352 3039

1721164753.1575484 62922687
cloud_controller_tkemenade 11072068712 27455 5463

1721164753.158076 62922687
cloud0_tkemenade 24293715224 21355 3040

1721164754.1605303 62922718
cloud_controller_tkemenade 11072068712 27486 5472

1721164754.1610537 62922718
cloud0_tkemenade 24293715224 21358 3040

1721164754.2615294 62922720
cloud_controller_tkemenade 11072770676 27486 5472

1721164754.2620163 62922720
cloud0_tkemenade 24293863945 21359 3041

1721164755.264451 62922749
cloud_controller_tkemenade 11072770676 27513 5479

1721164755.264976 62922749
cloud0_tkemenade 24293863945 21365 3041

1721164756.2674987 62922779
cloud_controller_tkemenade 11072770676 27532 5486

1721164756.2680116 62922779
cloud0_tkemenade 24293863945 21378 3043

1721164757.27054 62922805
cloud_controller_tkemenade 11072770676 27551 5493

1721164757.271062 62922805
cloud0_tkemenade 24293863945 21381 3045

1721164758.273591 62922836
cloud_controller_tkemenade 11072770676 27579 5499

1721164758.274127 62922836
cloud0_tkemenade 24293863945 21384 3045

1721164759.2767017 62922879
cloud_controller_tkemenade 11072770676 27614 5505

1721164759.277217 62922879
cloud0_tkemenade 24293863945 21390 3047

1721164760.2798023 62922923
cloud_controller_tkemenade 11072770676 27636 5512

1721164760.2803428 62922923
cloud0_tkemenade 24293863945 21398 3049

1721164761.282833 62922955
cloud_controller_tkemenade 11073397776 27654 5518

1721164761.2833598 62922955
cloud0_tkemenade 24294034972 21412 3051

1721164762.2857444 62922979
cloud_controller_tkemenade 11073397776 27674 5523

1721164762.2862854 62922980
cloud0_tkemenade 24294034972 21415 3051

1721164763.289299 62923013
cloud_controller_tkemenade 11073397776 27701 5532

1721164763.2898335 62923013
cloud0_tkemenade 24294034972 21419 3053

1721164764.2923944 62923050
cloud_controller_tkemenade 11073397776 27734 5543

1721164764.2929506 62923050
cloud0_tkemenade 24294034972 21421 3054

1721164765.2954538 62923092
cloud_controller_tkemenade 11073397776 27765 5552

1721164765.2960196 62923092
cloud0_tkemenade 24294034972 21428 3055

1721164766.2986128 62923125
cloud_controller_tkemenade 11073397776 27793 5564

1721164766.2991698 62923125
cloud0_tkemenade 24294034972 21438 3056

1721164767.3018565 62923152
cloud_controller_tkemenade 11073397776 27816 5573

1721164767.3024304 62923152
cloud0_tkemenade 24294034972 21443 3057

1721164768.304738 62923184
cloud_controller_tkemenade 11073397776 27839 5584

1721164768.3052316 62923184
cloud0_tkemenade 24294034972 21446 3058

1721164768.405694 62923189
cloud_controller_tkemenade 11074159375 27842 5584

1721164768.4061387 62923189
cloud0_tkemenade 24294174796 21446 3058

1721164769.4087017 62923234
cloud_controller_tkemenade 11074159375 27877 5598

1721164769.4092658 62923234
cloud0_tkemenade 24294174796 21453 3059

1721164770.4119573 62923287
cloud_controller_tkemenade 11074159375 27896 5608

1721164770.4125113 62923287
cloud0_tkemenade 24294174796 21466 3060

1721164771.415064 62923324
cloud_controller_tkemenade 11074159375 27919 5617

1721164771.415614 62923324
cloud0_tkemenade 24294174796 21480 3063

1721164772.418195 62923350
cloud_controller_tkemenade 11074159375 27944 5627

1721164772.4187796 62923350
cloud0_tkemenade 24294174796 21483 3064

1721164773.4213269 62923385
cloud_controller_tkemenade 11074159375 27967 5638

1721164773.42191 62923385
cloud0_tkemenade 24294174796 21491 3067

1721164774.424517 62923422
cloud_controller_tkemenade 11074159375 27998 5655

1721164774.4250727 62923422
cloud0_tkemenade 24294174796 21494 3067

1721164775.427566 62923460
cloud_controller_tkemenade 11074974230 28024 5673

1721164775.4281328 62923460
cloud0_tkemenade 24294368809 21501 3068

1721164776.4307687 62923490
cloud_controller_tkemenade 11074974230 28045 5686

1721164776.431336 62923490
cloud0_tkemenade 24294368809 21514 3069

1721164777.4339137 62923519
cloud_controller_tkemenade 11074974230 28072 5695

1721164777.4345055 62923520
cloud0_tkemenade 24294368809 21518 3071

1721164778.4371173 62923547
cloud_controller_tkemenade 11074974230 28098 5703

1721164778.4376757 62923547
cloud0_tkemenade 24294368809 21522 3072

1721164779.4402013 62923586
cloud_controller_tkemenade 11074974230 28130 5709

1721164779.4407544 62923586
cloud0_tkemenade 24294368809 21528 3073

1721164780.443303 62923625
cloud_controller_tkemenade 11074974230 28153 5716

1721164780.4436793 62923625
cloud0_tkemenade 24294368809 21538 3074

1721164781.446152 62923671
cloud_controller_tkemenade 11074974230 28176 5720

1721164781.4467313 62923671
cloud0_tkemenade 24294368809 21550 3076

1721164782.449239 62923707
cloud_controller_tkemenade 11075693680 28208 5731

1721164782.4497943 62923707
cloud0_tkemenade 24294548671 21553 3076

1721164783.4523416 62923729
cloud_controller_tkemenade 11075693680 28227 5738

1721164783.4529076 62923729
cloud0_tkemenade 24294548671 21557 3077

1721164784.4554577 62923761
cloud_controller_tkemenade 11075693680 28256 5745

1721164784.456011 62923761
cloud0_tkemenade 24294548671 21561 3077

1721164785.4585772 62923791
cloud_controller_tkemenade 11075693680 28282 5752

1721164785.4591265 62923791
cloud0_tkemenade 24294548671 21568 3078

1721164786.4617286 62923819
cloud_controller_tkemenade 11075693680 28305 5759

1721164786.462279 62923820
cloud0_tkemenade 24294548671 21576 3080

1721164787.4648604 62923851
cloud_controller_tkemenade 11075693680 28329 5765

1721164787.4654121 62923851
cloud0_tkemenade 24294548671 21583 3081

1721164788.4679723 62923872
cloud_controller_tkemenade 11075693680 28351 5771

1721164788.4685123 62923872
cloud0_tkemenade 24294548671 21586 3081

1721164789.471062 62923906
cloud_controller_tkemenade 11075693680 28381 5778

1721164789.4716308 62923906
cloud0_tkemenade 24294548671 21590 3082

1721164789.6723893 62923921
cloud_controller_tkemenade 11076366525 28392 5780

1721164789.672897 62923921
cloud0_tkemenade 24294679179 21591 3083

1721164790.6754107 62923953
cloud_controller_tkemenade 11076366525 28412 5785

1721164790.6759665 62923953
cloud0_tkemenade 24294679179 21601 3084

1721164791.6784637 62923994
cloud_controller_tkemenade 11076366525 28433 5792

1721164791.6790185 62923994
cloud0_tkemenade 24294679179 21613 3085

1721164792.6815414 62924021
cloud_controller_tkemenade 11076366525 28452 5802

1721164792.6820478 62924021
cloud0_tkemenade 24294679179 21616 3087

1721164793.6844928 62924047
cloud_controller_tkemenade 11076366525 28479 5811

1721164793.6850557 62924047
cloud0_tkemenade 24294679179 21620 3088

1721164794.687688 62924079
cloud_controller_tkemenade 11076366525 28511 5827

1721164794.6882055 62924079
cloud0_tkemenade 24294679179 21623 3089

1721164795.6906965 62924110
cloud_controller_tkemenade 11076366525 28539 5845

1721164795.6912544 62924110
cloud0_tkemenade 24294679179 21630 3089

1721164796.693815 62924146
cloud_controller_tkemenade 11077151181 28560 5859

1721164796.6943834 62924147
cloud0_tkemenade 24294877745 21644 3092

1721164797.6969814 62924178
cloud_controller_tkemenade 11077151181 28591 5869

1721164797.6975718 62924178
cloud0_tkemenade 24294877745 21646 3093

1721164798.7001698 62924209
cloud_controller_tkemenade 11077151181 28613 5875

1721164798.700734 62924209
cloud0_tkemenade 24294877745 21655 3094

1721164799.7033772 62924246
cloud_controller_tkemenade 11077151181 28648 5888

1721164799.7039514 62924246
cloud0_tkemenade 24294877745 21660 3096

1721164800.7064538 62924282
cloud_controller_tkemenade 11077151181 28664 5892

1721164800.7069597 62924282
cloud0_tkemenade 24294877745 21671 3096

1721164801.7095404 62924323
cloud_controller_tkemenade 11077151181 28684 5904

1721164801.7100756 62924323
cloud0_tkemenade 24294877745 21683 3098

1721164802.7126865 62924349
cloud_controller_tkemenade 11077151181 28708 5920

1721164802.7132626 62924349
cloud0_tkemenade 24294877745 21686 3099

1721164803.7158957 62924384
cloud_controller_tkemenade 11077925331 28739 5934

1721164803.7164247 62924384
cloud0_tkemenade 24295048058 21692 3100

1721164804.7189012 62924417
cloud_controller_tkemenade 11077925331 28769 5943

1721164804.719438 62924417
cloud0_tkemenade 24295048058 21696 3102

1721164805.7219431 62924450
cloud_controller_tkemenade 11077925331 28797 5954

1721164805.7224438 62924450
cloud0_tkemenade 24295048058 21702 3103

1721164806.7249382 62924493
cloud_controller_tkemenade 11077925331 28826 5960

1721164806.7253964 62924493
cloud0_tkemenade 24295048058 21720 3105

1721164807.7279062 62924517
cloud_controller_tkemenade 11077925331 28850 5966

1721164807.728333 62924517
cloud0_tkemenade 24295048058 21724 3106

1721164808.7307773 62924543
cloud_controller_tkemenade 11077925331 28870 5971

1721164808.731188 62924543
cloud0_tkemenade 24295048058 21727 3108

1721164809.733668 62924583
cloud_controller_tkemenade 11077925331 28912 5976

1721164809.7340975 62924583
cloud0_tkemenade 24295048058 21732 3108

1721164810.7365432 62924616
cloud_controller_tkemenade 11078648437 28929 5979

1721164810.7370224 62924616
cloud0_tkemenade 24295228096 21742 3110

1721164811.7394795 62924663
cloud_controller_tkemenade 11078648437 28948 5987

1721164811.7400155 62924663
cloud0_tkemenade 24295228096 21755 3112

1721164812.7424247 62924696
cloud_controller_tkemenade 11078648437 28974 5991

1721164812.7428489 62924696
cloud0_tkemenade 24295228096 21757 3114

1721164813.7453496 62924725
cloud_controller_tkemenade 11078648437 28996 5999

1721164813.7458205 62924725
cloud0_tkemenade 24295228096 21762 3115

1721164814.7483203 62924758
cloud_controller_tkemenade 11078648437 29027 6006

1721164814.7487388 62924758
cloud0_tkemenade 24295228096 21764 3117

1721164815.7512224 62924793
cloud_controller_tkemenade 11078648437 29054 6011

1721164815.751629 62924793
cloud0_tkemenade 24295228096 21771 3117

1721164816.754056 62924820
cloud_controller_tkemenade 11078648437 29073 6017

1721164816.7544863 62924821
cloud0_tkemenade 24295228096 21783 3120

1721164817.7568405 62924843
cloud_controller_tkemenade 11079307976 29094 6024

1721164817.757289 62924843
cloud0_tkemenade 24295406522 21786 3122

1721164818.759721 62924871
cloud_controller_tkemenade 11079307976 29116 6032

1721164818.7601414 62924871
cloud0_tkemenade 24295406522 21791 3123

1721164819.7626083 62924906
cloud_controller_tkemenade 11079307976 29150 6037

1721164819.7630365 62924906
cloud0_tkemenade 24295406522 21794 3126

1721164820.7655134 62924935
cloud_controller_tkemenade 11079307976 29170 6044

1721164820.7660065 62924935
cloud0_tkemenade 24295406522 21804 3129

1721164821.7685828 62924980
cloud_controller_tkemenade 11079307976 29195 6049

1721164821.7691152 62924980
cloud0_tkemenade 24295406522 21811 3131

1721164822.7713513 62925018
cloud_controller_tkemenade 11079307976 29218 6064

1721164822.7718186 62925018
cloud0_tkemenade 24295406522 21820 3133

1721164823.7741942 62925044
cloud_controller_tkemenade 11079307976 29237 6075

1721164823.7746818 62925044
cloud0_tkemenade 24295406522 21826 3133

1721164824.7771075 62925071
cloud_controller_tkemenade 11079307976 29260 6087

1721164824.7775974 62925071
cloud0_tkemenade 24295406522 21830 3133

1721164824.9782841 62925088
cloud_controller_tkemenade 11080075019 29269 6089

1721164824.9787476 62925088
cloud0_tkemenade 24295596698 21834 3134

1721164825.9811735 62925125
cloud_controller_tkemenade 11080075019 29302 6103

1721164825.9816384 62925125
cloud0_tkemenade 24295596698 21836 3135

1721164826.9840348 62925157
cloud_controller_tkemenade 11080075019 29318 6112

1721164826.9845145 62925157
cloud0_tkemenade 24295596698 21851 3138

1721164827.9868622 62925191
cloud_controller_tkemenade 11080075019 29352 6122

1721164827.9872687 62925191
cloud0_tkemenade 24295596698 21853 3138

1721164828.989704 62925217
cloud_controller_tkemenade 11080075019 29374 6131

1721164828.9901862 62925217
cloud0_tkemenade 24295596698 21860 3139

1721164829.9926536 62925255
cloud_controller_tkemenade 11080075019 29406 6142

1721164829.993115 62925255
cloud0_tkemenade 24295596698 21865 3140

1721164830.9955332 62925280
cloud_controller_tkemenade 11080075019 29421 6148

1721164830.9959981 62925280
cloud0_tkemenade 24295596698 21872 3141

1721164831.998388 62925329
cloud_controller_tkemenade 11080075019 29444 6158

1721164831.9988647 62925329
cloud0_tkemenade 24295596698 21883 3142

1721164832.0993311 62925331
cloud_controller_tkemenade 11080849240 29446 6159

1721164832.099694 62925331
cloud0_tkemenade 24295776822 21883 3143

1721164833.1019788 62925370
cloud_controller_tkemenade 11080849240 29469 6165

1721164833.102408 62925371
cloud0_tkemenade 24295776822 21887 3143

1721164834.1047401 62925396
cloud_controller_tkemenade 11080849240 29495 6174

1721164834.1052682 62925396
cloud0_tkemenade 24295776822 21892 3144

1721164835.1077957 62925427
cloud_controller_tkemenade 11080849240 29522 6180

1721164835.1083379 62925427
cloud0_tkemenade 24295776822 21899 3145

1721164836.110845 62925456
cloud_controller_tkemenade 11080849240 29552 6190

1721164836.1112108 62925456
cloud0_tkemenade 24295776822 21902 3146

1721164837.113689 62925493
cloud_controller_tkemenade 11080849240 29575 6196

1721164837.1142004 62925493
cloud0_tkemenade 24295776822 21916 3148

1721164838.1166282 62925520
cloud_controller_tkemenade 11080849240 29602 6204

1721164838.1170268 62925520
cloud0_tkemenade 24295776822 21919 3148

1721164839.1192667 62925546
cloud_controller_tkemenade 11080849240 29621 6208

1721164839.119774 62925546
cloud0_tkemenade 24295776822 21923 3149

1721164839.2202437 62925548
cloud_controller_tkemenade 11081522134 29623 6208

1721164839.2206807 62925548
cloud0_tkemenade 24295913179 21923 3149

1721164840.223323 62925619
cloud_controller_tkemenade 11081522134 29677 6218

1721164840.2238898 62925619
cloud0_tkemenade 24295913179 21935 3150

1721164841.2263818 62925635
cloud_controller_tkemenade 11081522134 29692 6223

1721164841.226911 62925635
cloud0_tkemenade 24295913179 21939 3151

1721164842.2294753 62925682
cloud_controller_tkemenade 11081522134 29721 6234

1721164842.2300193 62925682
cloud0_tkemenade 24295913179 21950 3152

1721164843.232581 62925707
cloud_controller_tkemenade 11081522134 29743 6245

1721164843.2331278 62925707
cloud0_tkemenade 24295913179 21952 3153

1721164844.235776 62925732
cloud_controller_tkemenade 11081522134 29764 6259

1721164844.2362933 62925732
cloud0_tkemenade 24295913179 21956 3155

1721164845.23888 62925763
cloud_controller_tkemenade 11081522134 29792 6267

1721164845.2394354 62925763
cloud0_tkemenade 24295913179 21962 3156

1721164846.242118 62925800
cloud_controller_tkemenade 11082368511 29827 6283

1721164846.2426398 62925800
cloud0_tkemenade 24296061295 21964 3156

1721164847.2453008 62925829
cloud_controller_tkemenade 11082368511 29843 6301

1721164847.2458656 62925829
cloud0_tkemenade 24296061295 21977 3158

1721164848.2484753 62925857
cloud_controller_tkemenade 11082368511 29871 6310

1721164848.2490246 62925857
cloud0_tkemenade 24296061295 21979 3159

1721164849.2516596 62925884
cloud_controller_tkemenade 11082368511 29892 6317

1721164849.252221 62925884
cloud0_tkemenade 24296061295 21984 3159

1721164850.2548618 62925933
cloud_controller_tkemenade 11082368511 29928 6335

1721164850.2554235 62925933
cloud0_tkemenade 24296061295 21993 3162

1721164851.2580204 62925960
cloud_controller_tkemenade 11082368511 29947 6346

1721164851.258589 62925960
cloud0_tkemenade 24296061295 21997 3162

1721164852.2613645 62926016
cloud_controller_tkemenade 11082368511 29975 6362

1721164852.261732 62926016
cloud0_tkemenade 24296061295 22011 3163

1721164853.2643378 62926051
cloud_controller_tkemenade 11083165614 30002 6373

1721164853.2648578 62926051
cloud0_tkemenade 24296236416 22014 3164

1721164854.267204 62926089
cloud_controller_tkemenade 11083165614 30028 6382

1721164854.2677388 62926089
cloud0_tkemenade 24296236416 22029 3166

1721164855.2700675 62926124
cloud_controller_tkemenade 11083165614 30059 6388

1721164855.2705314 62926125
cloud0_tkemenade 24296236416 22038 3167

1721164856.2730885 62926160
cloud_controller_tkemenade 11083165614 30092 6397

1721164856.273634 62926160
cloud0_tkemenade 24296236416 22040 3167

1721164857.2761698 62926190
cloud_controller_tkemenade 11083165614 30109 6403

1721164857.2767165 62926190
cloud0_tkemenade 24296236416 22056 3170

1721164858.2792645 62926214
cloud_controller_tkemenade 11083165614 30132 6412

1721164858.2797759 62926214
cloud0_tkemenade 24296236416 22058 3171

1721164859.28233 62926246
cloud_controller_tkemenade 11083165614 30150 6418

1721164859.2828696 62926246
cloud0_tkemenade 24296236416 22070 3173

1721164860.2854056 62926307
cloud_controller_tkemenade 11083888124 30188 6428

1721164860.2859254 62926307
cloud0_tkemenade 24296452269 22083 3174

1721164861.2884438 62926327
cloud_controller_tkemenade 11083888124 30202 6431

1721164861.288979 62926327
cloud0_tkemenade 24296452269 22087 3175

1721164862.2914789 62926362
cloud_controller_tkemenade 11083888124 30229 6436

1721164862.2920206 62926362
cloud0_tkemenade 24296452269 22099 3177

1721164863.294586 62926397
cloud_controller_tkemenade 11083888124 30248 6441

1721164863.2951326 62926397
cloud0_tkemenade 24296452269 22102 3179

1721164864.2976618 62926423
cloud_controller_tkemenade 11083888124 30274 6449

1721164864.2982163 62926423
cloud0_tkemenade 24296452269 22106 3181

1721164865.300673 62926461
cloud_controller_tkemenade 11083888124 30305 6456

1721164865.3011844 62926461
cloud0_tkemenade 24296452269 22114 3181

1721164866.3038385 62926499
cloud_controller_tkemenade 11083888124 30339 6464

1721164866.3043983 62926499
cloud0_tkemenade 24296452269 22116 3181

1721164867.306916 62926532
cloud_controller_tkemenade 11083888124 30359 6472

1721164867.3074057 62926532
cloud0_tkemenade 24296452269 22129 3183

1721164867.4078872 62926537
cloud_controller_tkemenade 11084532480 30361 6473

1721164867.4083498 62926537
cloud0_tkemenade 24296636370 22129 3183

1721164868.410884 62926571
cloud_controller_tkemenade 11084532480 30391 6479

1721164868.4114423 62926571
cloud0_tkemenade 24296636370 22131 3184

1721164869.4140184 62926591
cloud_controller_tkemenade 11084532480 30408 6484

1721164869.4146276 62926591
cloud0_tkemenade 24296636370 22136 3185

1721164870.4173324 62926638
cloud_controller_tkemenade 11084532480 30443 6495

1721164870.4178977 62926638
cloud0_tkemenade 24296636370 22146 3188

1721164871.4204266 62926659
cloud_controller_tkemenade 11084532480 30461 6500

1721164871.4209774 62926659
cloud0_tkemenade 24296636370 22150 3189

1721164872.423632 62926688
cloud_controller_tkemenade 11084532480 30484 6513

1721164872.4241476 62926688
cloud0_tkemenade 24296636370 22161 3191

1721164873.426891 62926731
cloud_controller_tkemenade 11084532480 30508 6524

1721164873.4274514 62926731
cloud0_tkemenade 24296636370 22166 3192

1721164874.3298655 62926757
cloud_controller_tkemenade 11085220027 30527 6532

1721164874.3304179 62926757
cloud0_tkemenade 24296787147 22168 3194

1721164875.332916 62926783
cloud_controller_tkemenade 11085220027 30551 6540

1721164875.333463 62926783
cloud0_tkemenade 24296787147 22173 3195

1721164876.336041 62926815
cloud_controller_tkemenade 11085220027 30585 6554

1721164876.3366432 62926815
cloud0_tkemenade 24296787147 22176 3195

1721164877.3393383 62926848
cloud_controller_tkemenade 11085220027 30611 6565

1721164877.3399072 62926848
cloud0_tkemenade 24296787147 22188 3197

1721164878.3424594 62926880
cloud_controller_tkemenade 11085220027 30642 6577

1721164878.343054 62926880
cloud0_tkemenade 24296787147 22190 3198

1721164879.345688 62926903
cloud_controller_tkemenade 11085220027 30663 6586

1721164879.3462021 62926903
cloud0_tkemenade 24296787147 22194 3198

1721164880.3487782 62926951
cloud_controller_tkemenade 11085220027 30695 6592

1721164880.3493118 62926951
cloud0_tkemenade 24296787147 22203 3201

1721164881.351725 62926978
cloud_controller_tkemenade 11085220027 30720 6600

1721164881.352265 62926978
cloud0_tkemenade 24296787147 22206 3202

1721164881.6531641 62926995
cloud_controller_tkemenade 11085998062 30729 6601

1721164881.6536705 62926995
cloud0_tkemenade 24296923086 22207 3202

1721164882.655778 62927031
cloud_controller_tkemenade 11085998062 30755 6609

1721164882.6563087 62927031
cloud0_tkemenade 24296923086 22219 3205

1721164883.6587946 62927070
cloud_controller_tkemenade 11085998062 30782 6616

1721164883.6593387 62927070
cloud0_tkemenade 24296923086 22221 3207

1721164884.6618268 62927096
cloud_controller_tkemenade 11085998062 30802 6622

1721164884.6623662 62927096
cloud0_tkemenade 24296923086 22226 3208

1721164885.6647995 62927127
cloud_controller_tkemenade 11085998062 30831 6629

1721164885.6653109 62927127
cloud0_tkemenade 24296923086 22232 3209

1721164886.667822 62927157
cloud_controller_tkemenade 11085998062 30861 6637

1721164886.6682994 62927157
cloud0_tkemenade 24296923086 22235 3210

1721164887.670795 62927187
cloud_controller_tkemenade 11085998062 30878 6644

1721164887.6713033 62927187
cloud0_tkemenade 24296923086 22246 3212

1721164888.6738548 62927228
cloud_controller_tkemenade 11086775250 30903 6651

1721164888.674504 62927228
cloud0_tkemenade 24297103504 22249 3212

1721164889.6770446 62927250
cloud_controller_tkemenade 11086775250 30922 6657

1721164889.6775756 62927250
cloud0_tkemenade 24297103504 22252 3213

1721164890.6801445 62927295
cloud_controller_tkemenade 11086775250 30953 6665

1721164890.680693 62927295
cloud0_tkemenade 24297103504 22264 3216

1721164891.6831665 62927316
cloud_controller_tkemenade 11086775250 30969 6671

1721164891.68371 62927316
cloud0_tkemenade 24297103504 22268 3217

1721164892.686268 62927349
cloud_controller_tkemenade 11086775250 30990 6682

1721164892.6868234 62927349
cloud0_tkemenade 24297103504 22279 3220

1721164893.6894145 62927389
cloud_controller_tkemenade 11086775250 31015 6688

1721164893.689912 62927389
cloud0_tkemenade 24297103504 22283 3222

1721164894.692377 62927414
cloud_controller_tkemenade 11086775250 31039 6693

1721164894.6929193 62927414
cloud0_tkemenade 24297103504 22286 3222

1721164895.6952798 62927453
cloud_controller_tkemenade 11087411223 31067 6700

1721164895.6957955 62927453
cloud0_tkemenade 24297268497 22292 3224

1721164896.6983378 62927481
cloud_controller_tkemenade 11087411223 31094 6708

1721164896.6988914 62927481
cloud0_tkemenade 24297268497 22295 3225

1721164897.701335 62927512
cloud_controller_tkemenade 11087411223 31112 6715

1721164897.7018664 62927512
cloud0_tkemenade 24297268497 22308 3228

1721164898.704426 62927543
cloud_controller_tkemenade 11087411223 31137 6725

1721164898.7049735 62927543
cloud0_tkemenade 24297268497 22312 3228

1721164899.7074575 62927577
cloud_controller_tkemenade 11087411223 31156 6731

1721164899.7080126 62927577
cloud0_tkemenade 24297268497 22315 3230

1721164900.7106113 62927650
cloud_controller_tkemenade 11087411223 31192 6739

1721164900.711162 62927650
cloud0_tkemenade 24297268497 22325 3231

1721164901.7137458 62927697
cloud_controller_tkemenade 11087411223 31216 6746

1721164901.7143264 62927697
cloud0_tkemenade 24297268497 22328 3232

1721164902.7169936 62927780
cloud_controller_tkemenade 11087411223 31247 6758

1721164902.717504 62927780
cloud0_tkemenade 24297268497 22343 3233

1721164902.817981 62927783
cloud_controller_tkemenade 11088121192 31249 6759

1721164902.8184853 62927785
cloud0_tkemenade 24297445252 22343 3233

1721164903.821152 62927857
cloud_controller_tkemenade 11088121192 31266 6790

1721164903.821703 62927857
cloud0_tkemenade 24297445252 22347 3233

1721164904.8243208 62927895
cloud_controller_tkemenade 11088121192 31287 6808

1721164904.8249402 62927895
cloud0_tkemenade 24297445252 22349 3235

1721164905.8276246 62927953
cloud_controller_tkemenade 11088121192 31320 6815

1721164905.828185 62927953
cloud0_tkemenade 24297445252 22354 3236

1721164906.830806 62927992
cloud_controller_tkemenade 11088121192 31349 6826

1721164906.831356 62927992
cloud0_tkemenade 24297445252 22356 3237

1721164907.8339608 62928036
cloud_controller_tkemenade 11088121192 31371 6836

1721164907.8345094 62928036
cloud0_tkemenade 24297445252 22367 3240

1721164908.8371766 62928084
cloud_controller_tkemenade 11088121192 31401 6847

1721164908.8377357 62928084
cloud0_tkemenade 24297445252 22374 3241

1721164909.8404143 62928125
cloud_controller_tkemenade 11088927886 31422 6859

1721164909.8409402 62928125
cloud0_tkemenade 24297572313 22376 3243

1721164910.8437333 62928181
cloud_controller_tkemenade 11088927886 31450 6873

1721164910.8443189 62928181
cloud0_tkemenade 24297572313 22384 3247

1721164911.8468397 62928208
cloud_controller_tkemenade 11088927886 31469 6881

1721164911.8474014 62928208
cloud0_tkemenade 24297572313 22384 3251

1721164912.8499303 62928247
cloud_controller_tkemenade 11088927886 31493 6889

1721164912.8505197 62928247
cloud0_tkemenade 24297572313 22393 3259

1721164913.8532288 62928306
cloud_controller_tkemenade 11088927886 31524 6900

1721164913.8537436 62928306
cloud0_tkemenade 24297572313 22398 3260

1721164914.856292 62928331
cloud_controller_tkemenade 11088927886 31548 6909

1721164914.85681 62928331
cloud0_tkemenade 24297572313 22401 3261

1721164915.85933 62928365
cloud_controller_tkemenade 11088927886 31577 6916

1721164915.859868 62928365
cloud0_tkemenade 24297572313 22406 3263

1721164916.8624475 62928401
cloud_controller_tkemenade 11089680253 31604 6925

1721164916.8629725 62928401
cloud0_tkemenade 24297734824 22409 3264

1721164917.865444 62928431
cloud_controller_tkemenade 11089680253 31624 6932

1721164917.8659756 62928431
cloud0_tkemenade 24297734824 22422 3265

1721164918.8683743 62928461
cloud_controller_tkemenade 11089680253 31651 6938

1721164918.8689084 62928461
cloud0_tkemenade 24297734824 22431 3267

1721164919.8713112 62928478
cloud_controller_tkemenade 11089680253 31672 6945

1721164919.8718476 62928478
cloud0_tkemenade 24297734824 22433 3269

1721164920.874361 62928522
cloud_controller_tkemenade 11089680253 31702 6953

1721164920.8749096 62928522
cloud0_tkemenade 24297734824 22445 3269

1721164921.8773432 62928553
cloud_controller_tkemenade 11089680253 31728 6959

1721164921.877872 62928553
cloud0_tkemenade 24297734824 22448 3271

1721164922.8803647 62928586
cloud_controller_tkemenade 11089680253 31748 6968

1721164922.8809063 62928586
cloud0_tkemenade 24297734824 22463 3272

1721164923.8833125 62928619
cloud_controller_tkemenade 11089680253 31776 6975

1721164923.8838305 62928619
cloud0_tkemenade 24297734824 22465 3273

1721164923.984299 62928638
cloud_controller_tkemenade 11090345355 31778 6976

1721164923.9848607 62928638
cloud0_tkemenade 24297927822 22466 3273

1721164924.9871595 62928663
cloud_controller_tkemenade 11090345355 31801 6978

1721164924.98767 62928663
cloud0_tkemenade 24297927822 22467 3275

1721164925.9901304 62928696
cloud_controller_tkemenade 11090345355 31832 6984

1721164925.9907749 62928696
cloud0_tkemenade 24297927822 22474 3276

1721164926.9932935 62928727
cloud_controller_tkemenade 11090345355 31859 6993

1721164926.9938304 62928727
cloud0_tkemenade 24297927822 22478 3276

1721164927.9963439 62928761
cloud_controller_tkemenade 11090345355 31875 7003

1721164927.9968429 62928761
cloud0_tkemenade 24297927822 22492 3280

1721164928.9992478 62928790
cloud_controller_tkemenade 11090345355 31903 7010

1721164928.9997737 62928790
cloud0_tkemenade 24297927822 22496 3280

1721164930.0023284 62928811
cloud_controller_tkemenade 11090345355 31923 7017

1721164930.0028386 62928811
cloud0_tkemenade 24297927822 22498 3280

1721164931.0053744 62928860
cloud_controller_tkemenade 11091025704 31956 7027

1721164931.005918 62928860
cloud0_tkemenade 24298089519 22509 3282

1721164932.0084534 62928884
cloud_controller_tkemenade 11091025704 31981 7037

1721164932.0089698 62928884
cloud0_tkemenade 24298089519 22511 3284

1721164933.0115905 62928926
cloud_controller_tkemenade 11091025704 32010 7046

1721164933.012157 62928926
cloud0_tkemenade 24298089519 22525 3286

1721164934.014723 62928955
cloud_controller_tkemenade 11091025704 32038 7056

1721164934.0152328 62928955
cloud0_tkemenade 24298089519 22528 3287

1721164935.0179086 62928995
cloud_controller_tkemenade 11091025704 32063 7064

1721164935.0184941 62928995
cloud0_tkemenade 24298089519 22531 3287

1721164936.0211172 62929026
cloud_controller_tkemenade 11091025704 32094 7078

1721164936.021639 62929026
cloud0_tkemenade 24298089519 22537 3288

1721164937.024273 62929058
cloud_controller_tkemenade 11091025704 32124 7087

1721164937.0248318 62929058
cloud0_tkemenade 24298089519 22540 3288

1721164938.0273151 62929096
cloud_controller_tkemenade 11091829342 32144 7102

1721164938.0278523 62929096
cloud0_tkemenade 24298240578 22553 3288

1721164939.0305 62929124
cloud_controller_tkemenade 11091829342 32170 7119

1721164939.0310857 62929124
cloud0_tkemenade 24298240578 22557 3288

1721164940.0337174 62929148
cloud_controller_tkemenade 11091829342 32191 7126

1721164940.0342374 62929148
cloud0_tkemenade 24298240578 22559 3289

1721164941.0367715 62929183
cloud_controller_tkemenade 11091829342 32219 7131

1721164941.0372674 62929183
cloud0_tkemenade 24298240578 22569 3291

1721164942.0397422 62929211
cloud_controller_tkemenade 11091829342 32248 7138

1721164942.0402238 62929211
cloud0_tkemenade 24298240578 22571 3292

1721164943.0426311 62929243
cloud_controller_tkemenade 11091829342 32272 7142

1721164943.043147 62929243
cloud0_tkemenade 24298240578 22584 3294

1721164944.0456977 62929278
cloud_controller_tkemenade 11091829342 32303 7147

1721164944.046207 62929278
cloud0_tkemenade 24298240578 22587 3295

1721164945.048711 62929315
cloud_controller_tkemenade 11092536715 32324 7157

1721164945.0492344 62929315
cloud0_tkemenade 24298368380 22589 3295

1721164946.0516348 62929344
cloud_controller_tkemenade 11092536715 32348 7164

1721164946.052127 62929344
cloud0_tkemenade 24298368380 22595 3296

1721164947.054681 62929378
cloud_controller_tkemenade 11092536715 32379 7174

1721164947.0552337 62929378
cloud0_tkemenade 24298368380 22598 3297

1721164948.0577407 62929404
cloud_controller_tkemenade 11092536715 32395 7180

1721164948.0582354 62929404
cloud0_tkemenade 24298368380 22610 3298

1721164949.0608094 62929428
cloud_controller_tkemenade 11092536715 32418 7186

1721164949.0613434 62929428
cloud0_tkemenade 24298368380 22614 3299

1721164950.0638494 62929461
cloud_controller_tkemenade 11092536715 32447 7192

1721164950.0643535 62929461
cloud0_tkemenade 24298368380 22617 3300

1721164951.066759 62929495
cloud_controller_tkemenade 11092536715 32470 7200

1721164951.0673 62929495
cloud0_tkemenade 24298368380 22630 3301

1721164952.0697057 62929520
cloud_controller_tkemenade 11093187672 32491 7206

1721164952.070231 62929520
cloud0_tkemenade 24298518370 22632 3302

1721164953.0725324 62929553
cloud_controller_tkemenade 11093187672 32514 7212

1721164953.0730698 62929553
cloud0_tkemenade 24298518370 22646 3304

1721164954.075548 62929600
cloud_controller_tkemenade 11093187672 32543 7222

1721164954.0760612 62929600
cloud0_tkemenade 24298518370 22652 3305

1721164955.0784492 62929629
cloud_controller_tkemenade 11093187672 32562 7229

1721164955.078998 62929629
cloud0_tkemenade 24298518370 22655 3305

1721164956.0814826 62929663
cloud_controller_tkemenade 11093187672 32590 7237

1721164956.0819776 62929663
cloud0_tkemenade 24298518370 22662 3307

1721164957.0845602 62929697
cloud_controller_tkemenade 11093187672 32623 7242

1721164957.085109 62929697
cloud0_tkemenade 24298518370 22668 3308

1721164958.0874586 62929727
cloud_controller_tkemenade 11093187672 32643 7251

1721164958.087945 62929727
cloud0_tkemenade 24298518370 22681 3309

1721164959.0902848 62929751
cloud_controller_tkemenade 11093187672 32667 7259

1721164959.0908556 62929751
cloud0_tkemenade 24298518370 22685 3310

1721164959.2915714 62929757
cloud_controller_tkemenade 11093874175 32671 7260

1721164959.292066 62929757
cloud0_tkemenade 24298698098 22685 3310

1721164960.2946367 62929806
cloud_controller_tkemenade 11093874175 32717 7268

1721164960.2951941 62929806
cloud0_tkemenade 24298698098 22686 3313

1721164961.2977805 62929851
cloud_controller_tkemenade 11093874175 32756 7277

1721164961.2983756 62929851
cloud0_tkemenade 24298698098 22695 3315

1721164962.3010561 62929883
cloud_controller_tkemenade 11093874175 32786 7291

1721164962.3016317 62929883
cloud0_tkemenade 24298698098 22698 3316

1721164963.304279 62929925
cloud_controller_tkemenade 11093874175 32814 7304

1721164963.3048468 62929925
cloud0_tkemenade 24298698098 22711 3317

1721164964.3073661 62929951
cloud_controller_tkemenade 11093874175 32838 7317

1721164964.307873 62929951
cloud0_tkemenade 24298698098 22715 3318

1721164965.3105063 62929985
cloud_controller_tkemenade 11093874175 32857 7329

1721164965.3110566 62929985
cloud0_tkemenade 24298698098 22718 3319

1721164966.313626 62930025
cloud_controller_tkemenade 11093874175 32888 7338

1721164966.3141403 62930025
cloud0_tkemenade 24298698098 22724 3320

1721164966.4146347 62930029
cloud_controller_tkemenade 11094769278 32891 7338

1721164966.4151325 62930029
cloud0_tkemenade 24298846776 22724 3320

1721164967.417718 62930061
cloud_controller_tkemenade 11094769278 32923 7353

1721164967.4182727 62930061
cloud0_tkemenade 24298846776 22728 3321

1721164968.4208076 62930097
cloud_controller_tkemenade 11094769278 32949 7361

1721164968.4213614 62930097
cloud0_tkemenade 24298846776 22741 3325

1721164969.4239368 62930125
cloud_controller_tkemenade 11094769278 32975 7369

1721164969.4244852 62930125
cloud0_tkemenade 24298846776 22745 3328

1721164970.4269874 62930149
cloud_controller_tkemenade 11094769278 32995 7375

1721164970.4274943 62930149
cloud0_tkemenade 24298846776 22746 3330

1721164971.4300838 62930187
cloud_controller_tkemenade 11094769278 33024 7386

1721164971.43062 62930187
cloud0_tkemenade 24298846776 22755 3332

1721164972.4331455 62930209
cloud_controller_tkemenade 11094769278 33040 7392

1721164972.4336371 62930209
cloud0_tkemenade 24298846776 22757 3334

1721164973.3359926 62930255
cloud_controller_tkemenade 11095491785 33064 7401

1721164973.3365173 62930255
cloud0_tkemenade 24299034204 22772 3335

1721164974.3390183 62930278
cloud_controller_tkemenade 11095491785 33088 7413

1721164974.3395565 62930278
cloud0_tkemenade 24299034204 22775 3336

1721164975.3421469 62930318
cloud_controller_tkemenade 11095491785 33108 7421

1721164975.3427262 62930318
cloud0_tkemenade 24299034204 22780 3337

1721164976.3452632 62930348
cloud_controller_tkemenade 11095491785 33132 7425

1721164976.3457968 62930348
cloud0_tkemenade 24299034204 22786 3339

1721164977.3484097 62930382
cloud_controller_tkemenade 11095491785 33165 7429

1721164977.3489754 62930382
cloud0_tkemenade 24299034204 22788 3339

1721164978.3515441 62930417
cloud_controller_tkemenade 11095491785 33189 7434

1721164978.352061 62930417
cloud0_tkemenade 24299034204 22799 3343

1721164979.3546 62930447
cloud_controller_tkemenade 11095491785 33210 7440

1721164979.3551583 62930447
cloud0_tkemenade 24299034204 22812 3344

1721164980.3577693 62930479
cloud_controller_tkemenade 11095491785 33234 7444

1721164980.3583517 62930479
cloud0_tkemenade 24299034204 22814 3345

1721164980.5589774 62930491
cloud_controller_tkemenade 11096130181 33236 7445

1721164980.5594406 62930491
cloud0_tkemenade 24299190125 22817 3345

1721164981.5619614 62930528
cloud_controller_tkemenade 11096130181 33266 7450

1721164981.5625236 62930529
cloud0_tkemenade 24299190125 22823 3346

1721164982.5647962 62930555
cloud_controller_tkemenade 11096130181 33287 7456

1721164982.5653038 62930555
cloud0_tkemenade 24299190125 22826 3348

1721164983.5676808 62930602
cloud_controller_tkemenade 11096130181 33312 7466

1721164983.568234 62930602
cloud0_tkemenade 24299190125 22842 3350

1721164984.570643 62930629
cloud_controller_tkemenade 11096130181 33335 7471

1721164984.5711486 62930629
cloud0_tkemenade 24299190125 22847 3350

1721164985.5737164 62930663
cloud_controller_tkemenade 11096130181 33359 7477

1721164985.5742373 62930663
cloud0_tkemenade 24299190125 22853 3352

1721164986.5768213 62930699
cloud_controller_tkemenade 11096130181 33394 7485

1721164986.5773447 62930699
cloud0_tkemenade 24299190125 22855 3353

1721164987.5799055 62930741
cloud_controller_tkemenade 11096852371 33423 7498

1721164987.5804253 62930741
cloud0_tkemenade 24299347914 22858 3354

1721164988.5828705 62930776
cloud_controller_tkemenade 11096852371 33447 7503

1721164988.583422 62930776
cloud0_tkemenade 24299347914 22872 3356

1721164989.5859952 62930800
cloud_controller_tkemenade 11096852371 33471 7513

1721164989.5865686 62930800
cloud0_tkemenade 24299347914 22874 3357

1721164990.5890973 62930831
cloud_controller_tkemenade 11096852371 33495 7530

1721164990.5896542 62930831
cloud0_tkemenade 24299347914 22880 3359

1721164991.5920944 62930863
cloud_controller_tkemenade 11096852371 33521 7541

1721164991.5926178 62930863
cloud0_tkemenade 24299347914 22886 3361

1721164992.5950818 62930884
cloud_controller_tkemenade 11096852371 33542 7548

1721164992.59558 62930884
cloud0_tkemenade 24299347914 22890 3361

1721164993.598162 62930923
cloud_controller_tkemenade 11096852371 33569 7560

1721164993.5987346 62930923
cloud0_tkemenade 24299347914 22903 3362

1721164994.6009665 62930952
cloud_controller_tkemenade 11097551709 33588 7565

1721164994.6014786 62930952
cloud0_tkemenade 24299537820 22911 3364

1721164995.6041067 62930978
cloud_controller_tkemenade 11097551709 33611 7583

1721164995.604664 62930978
cloud0_tkemenade 24299537820 22917 3364

1721164996.6072147 62931022
cloud_controller_tkemenade 11097551709 33638 7598

1721164996.6077652 62931022
cloud0_tkemenade 24299537820 22919 3365

1721164997.6103928 62931055
cloud_controller_tkemenade 11097551709 33671 7611

1721164997.6109586 62931055
cloud0_tkemenade 24299537820 22922 3366

1721164998.613528 62931099
cloud_controller_tkemenade 11097551709 33700 7621

1721164998.6140847 62931099
cloud0_tkemenade 24299537820 22938 3368

1721164999.6166403 62931126
cloud_controller_tkemenade 11097551709 33726 7628

1721164999.6171718 62931126
cloud0_tkemenade 24299537820 22942 3369

1721165000.6196144 62931164
cloud_controller_tkemenade 11097551709 33746 7633

1721165000.6201427 62931164
cloud0_tkemenade 24299537820 22950 3370

1721165001.622577 62931197
cloud_controller_tkemenade 11097551709 33768 7639

1721165001.623085 62931197
cloud0_tkemenade 24299537820 22956 3371

1721165001.723553 62931203
cloud_controller_tkemenade 11098313532 33774 7640

1721165001.72401 62931203
cloud0_tkemenade 24299696159 22957 3371

1721165002.7264736 62931227
cloud_controller_tkemenade 11098313532 33797 7644

1721165002.7269616 62931227
cloud0_tkemenade 24299696159 22960 3371

1721165003.7294915 62931265
cloud_controller_tkemenade 11098313532 33825 7654

1721165003.730028 62931265
cloud0_tkemenade 24299696159 22973 3372

1721165004.7324903 62931288
cloud_controller_tkemenade 11098313532 33844 7659

1721165004.7330182 62931288
cloud0_tkemenade 24299696159 22977 3374

1721165005.7354915 62931320
cloud_controller_tkemenade 11098313532 33869 7665

1721165005.7360384 62931320
cloud0_tkemenade 24299696159 22983 3374

1721165006.7385886 62931361
cloud_controller_tkemenade 11098313532 33896 7671

1721165006.7390945 62931361
cloud0_tkemenade 24299696159 22987 3374

1721165007.7416003 62931387
cloud_controller_tkemenade 11098313532 33925 7679

1721165007.7421448 62931387
cloud0_tkemenade 24299696159 22988 3376

1721165008.6443477 62931423
cloud_controller_tkemenade 11098988695 33945 7685

1721165008.6448681 62931423
cloud0_tkemenade 24299853596 23001 3378

1721165009.6473534 62931452
cloud_controller_tkemenade 11098988695 33967 7690

1721165009.6478963 62931452
cloud0_tkemenade 24299853596 23004 3379

1721165010.650436 62931488
cloud_controller_tkemenade 11098988695 33986 7695

1721165010.650968 62931488
cloud0_tkemenade 24299853596 23012 3379

1721165011.6534772 62931517
cloud_controller_tkemenade 11098988695 34009 7699

1721165011.6540043 62931517
cloud0_tkemenade 24299853596 23017 3381

1721165012.6563892 62931541
cloud_controller_tkemenade 11098988695 34028 7705

1721165012.6569138 62931541
cloud0_tkemenade 24299853596 23020 3381

1721165013.6594334 62931582
cloud_controller_tkemenade 11098988695 34057 7712

1721165013.6599545 62931582
cloud0_tkemenade 24299853596 23034 3384

1721165014.6624143 62931603
cloud_controller_tkemenade 11098988695 34075 7717

1721165014.662923 62931603
cloud0_tkemenade 24299853596 23038 3385

1721165015.6654434 62931627
cloud_controller_tkemenade 11099559483 34096 7724

1721165015.6659539 62931627
cloud0_tkemenade 24299995538 23043 3387

1721165016.6684082 62931664
cloud_controller_tkemenade 11099559483 34121 7731

1721165016.6689565 62931664
cloud0_tkemenade 24299995538 23047 3387

1721165017.6714246 62931702
cloud_controller_tkemenade 11099559483 34155 7738

1721165017.6719298 62931702
cloud0_tkemenade 24299995538 23051 3388

1721165018.6743872 62931731
cloud_controller_tkemenade 11099559483 34175 7750

1721165018.6748943 62931731
cloud0_tkemenade 24299995538 23064 3390

1721165019.6773362 62931750
cloud_controller_tkemenade 11099559483 34190 7756

1721165019.677841 62931750
cloud0_tkemenade 24299995538 23069 3391

1721165020.680297 62931778
cloud_controller_tkemenade 11099559483 34210 7765

1721165020.6807632 62931778
cloud0_tkemenade 24299995538 23077 3391

1721165021.6831858 62931799
cloud_controller_tkemenade 11099559483 34230 7776

1721165021.6837099 62931799
cloud0_tkemenade 24299995538 23082 3392

1721165022.6862767 62931838
cloud_controller_tkemenade 11099559483 34269 7792

1721165022.6868505 62931838
cloud0_tkemenade 24299995538 23085 3392

1721165022.8875654 62931847
cloud_controller_tkemenade 11100421192 34273 7793

1721165022.8880591 62931847
cloud0_tkemenade 24300187416 23088 3393

1721165023.8906186 62931888
cloud_controller_tkemenade 11100421192 34303 7813

1721165023.891184 62931888
cloud0_tkemenade 24300187416 23101 3395

1721165024.8936615 62931906
cloud_controller_tkemenade 11100421192 34318 7817

1721165024.8941822 62931906
cloud0_tkemenade 24300187416 23105 3396

1721165025.896707 62931941
cloud_controller_tkemenade 11100421192 34346 7826

1721165025.8972702 62931941
cloud0_tkemenade 24300187416 23111 3398

1721165026.899881 62931976
cloud_controller_tkemenade 11100421192 34372 7837

1721165026.9004307 62931976
cloud0_tkemenade 24300187416 23114 3398

1721165027.903106 62932009
cloud_controller_tkemenade 11100421192 34406 7855

1721165027.903607 62932009
cloud0_tkemenade 24300187416 23117 3398

1721165028.9061956 62932051
cloud_controller_tkemenade 11100421192 34435 7869

1721165028.9067385 62932051
cloud0_tkemenade 24300187416 23130 3401

1721165029.9091911 62932083
cloud_controller_tkemenade 11101317625 34462 7877

1721165029.9097128 62932083
cloud0_tkemenade 24300364695 23133 3401

1721165030.9122531 62932116
cloud_controller_tkemenade 11101317625 34479 7884

1721165030.9128015 62932116
cloud0_tkemenade 24300364695 23143 3403

1721165031.9153256 62932150
cloud_controller_tkemenade 11101317625 34511 7890

1721165031.9158454 62932150
cloud0_tkemenade 24300364695 23145 3403

1721165032.9183722 62932172
cloud_controller_tkemenade 11101317625 34531 7895

1721165032.918964 62932172
cloud0_tkemenade 24300364695 23149 3405

1721165033.92153 62932213
cloud_controller_tkemenade 11101317625 34564 7905

1721165033.9220517 62932213
cloud0_tkemenade 24300364695 23161 3407

1721165034.924639 62932242
cloud_controller_tkemenade 11101317625 34586 7913

1721165034.925142 62932242
cloud0_tkemenade 24300364695 23165 3407

1721165035.927639 62932270
cloud_controller_tkemenade 11101317625 34612 7922

1721165035.9281898 62932270
cloud0_tkemenade 24300364695 23172 3409

1721165036.9306726 62932301
cloud_controller_tkemenade 11102006943 34633 7929

1721165036.9312027 62932301
cloud0_tkemenade 24300515201 23174 3410

1721165037.9336505 62932339
cloud_controller_tkemenade 11102006943 34668 7935

1721165037.9340925 62932339
cloud0_tkemenade 24300515201 23176 3410

1721165038.9366012 62932386
cloud_controller_tkemenade 11102006943 34691 7941

1721165038.9370024 62932386
cloud0_tkemenade 24300515201 23202 3413

1721165039.9394264 62932407
cloud_controller_tkemenade 11102006943 34712 7950

1721165039.9398491 62932407
cloud0_tkemenade 24300515201 23205 3415

1721165040.9423609 62932433
cloud_controller_tkemenade 11102006943 34729 7955

1721165040.9428036 62932433
cloud0_tkemenade 24300515201 23214 3416

1721165041.945314 62932463
cloud_controller_tkemenade 11102006943 34757 7961

1721165041.9458013 62932463
cloud0_tkemenade 24300515201 23216 3418

1721165042.9482665 62932488
cloud_controller_tkemenade 11102006943 34779 7967

1721165042.9487221 62932488
cloud0_tkemenade 24300515201 23219 3418

1721165043.9511814 62932533
cloud_controller_tkemenade 11102684648 34813 7978

1721165043.9516516 62932533
cloud0_tkemenade 24300723958 23234 3419

1721165044.95414 62932563
cloud_controller_tkemenade 11102684648 34833 7984

1721165044.9546201 62932563
cloud0_tkemenade 24300723958 23238 3420

1721165045.9570546 62932590
cloud_controller_tkemenade 11102684648 34853 7992

1721165045.9574587 62932590
cloud0_tkemenade 24300723958 23244 3420

1721165046.9599957 62932625
cloud_controller_tkemenade 11102684648 34878 8000

1721165046.9604685 62932625
cloud0_tkemenade 24300723958 23249 3421

1721165047.9630368 62932667
cloud_controller_tkemenade 11102684648 34915 8009

1721165047.963572 62932667
cloud0_tkemenade 24300723958 23251 3423

1721165048.9660313 62932696
cloud_controller_tkemenade 11102684648 34934 8017

1721165048.9664898 62932697
cloud0_tkemenade 24300723958 23263 3425

1721165049.968989 62932723
cloud_controller_tkemenade 11102684648 34956 8024

1721165049.9694178 62932723
cloud0_tkemenade 24300723958 23266 3425

1721165050.971695 62932761
cloud_controller_tkemenade 11103358411 34975 8035

1721165050.9721847 62932761
cloud0_tkemenade 24300872004 23276 3427

1721165051.9746366 62932791
cloud_controller_tkemenade 11103358411 35000 8043

1721165051.9750626 62932791
cloud0_tkemenade 24300872004 23278 3428

1721165052.9775636 62932819
cloud_controller_tkemenade 11103358411 35026 8053

1721165052.9779701 62932819
cloud0_tkemenade 24300872004 23279 3430

1721165053.9803696 62932862
cloud_controller_tkemenade 11103358411 35059 8059

1721165053.9807787 62932862
cloud0_tkemenade 24300872004 23293 3431

1721165054.9832969 62932884
cloud_controller_tkemenade 11103358411 35078 8067

1721165054.9837835 62932884
cloud0_tkemenade 24300872004 23298 3432

1721165055.9863174 62932908
cloud_controller_tkemenade 11103358411 35099 8076

1721165055.9867322 62932908
cloud0_tkemenade 24300872004 23304 3433

1721165056.9892316 62932940
cloud_controller_tkemenade 11103358411 35127 8085

1721165056.9896574 62932940
cloud0_tkemenade 24300872004 23306 3435

1721165057.9919515 62932982
cloud_controller_tkemenade 11103358411 35156 8097

1721165057.9924529 62932982
cloud0_tkemenade 24300872004 23309 3435

1721165058.092941 62932995
cloud_controller_tkemenade 11104087069 35157 8098

1721165058.093415 62932995
cloud0_tkemenade 24300996916 23309 3435

1721165059.095952 62933031
cloud_controller_tkemenade 11104087069 35183 8106

1721165059.0963912 62933031
cloud0_tkemenade 24300996916 23323 3437

1721165060.098929 62933059
cloud_controller_tkemenade 11104087069 35204 8111

1721165060.0993748 62933059
cloud0_tkemenade 24300996916 23325 3438

1721165061.1019034 62933091
cloud_controller_tkemenade 11104087069 35224 8118

1721165061.1023588 62933091
cloud0_tkemenade 24300996916 23334 3441

1721165062.1048124 62933116
cloud_controller_tkemenade 11104087069 35246 8128

1721165062.105221 62933116
cloud0_tkemenade 24300996916 23336 3441

1721165063.1077096 62933148
cloud_controller_tkemenade 11104087069 35272 8135

1721165063.1081111 62933148
cloud0_tkemenade 24300996916 23341 3442

1721165064.1106062 62933187
cloud_controller_tkemenade 11104087069 35302 8142

1721165064.1110327 62933187
cloud0_tkemenade 24300996916 23354 3444

1721165065.1135116 62933217
cloud_controller_tkemenade 11104752688 35327 8150

1721165065.1140187 62933217
cloud0_tkemenade 24301177627 23357 3447

1721165066.11639 62933243
cloud_controller_tkemenade 11104752688 35350 8156

1721165066.1168745 62933243
cloud0_tkemenade 24301177627 23363 3449

1721165067.1193118 62933274
cloud_controller_tkemenade 11104752688 35380 8163

1721165067.119863 62933274
cloud0_tkemenade 24301177627 23366 3449

1721165068.1223657 62933321
cloud_controller_tkemenade 11104752688 35412 8168

1721165068.1228797 62933321
cloud0_tkemenade 24301177627 23369 3449

1721165069.1254015 62933358
cloud_controller_tkemenade 11104752688 35436 8172

1721165069.1259513 62933358
cloud0_tkemenade 24301177627 23382 3453

1721165070.128419 62933384
cloud_controller_tkemenade 11104752688 35462 8176

1721165070.1289227 62933384
cloud0_tkemenade 24301177627 23385 3456

1721165071.1313355 62933415
cloud_controller_tkemenade 11104752688 35483 8181

1721165071.1318843 62933415
cloud0_tkemenade 24301177627 23394 3458

1721165072.0341837 62933442
cloud_controller_tkemenade 11105396059 35502 8186

1721165072.0349045 62933442
cloud0_tkemenade 24301328653 23396 3458

1721165073.0373135 62933475
cloud_controller_tkemenade 11105396059 35528 8196

1721165073.0378473 62933475
cloud0_tkemenade 24301328653 23399 3459

1721165074.0403953 62933535
cloud_controller_tkemenade 11105396059 35562 8206

1721165074.0409606 62933535
cloud0_tkemenade 24301328653 23410 3462

1721165075.0434282 62933561
cloud_controller_tkemenade 11105396059 35583 8212

1721165075.0439627 62933561
cloud0_tkemenade 24301328653 23418 3463

1721165076.0464842 62933589
cloud_controller_tkemenade 11105396059 35603 8222

1721165076.0470512 62933589
cloud0_tkemenade 24301328653 23425 3464

1721165077.0496778 62933625
cloud_controller_tkemenade 11105396059 35632 8228

1721165077.0502045 62933625
cloud0_tkemenade 24301328653 23429 3465

1721165078.0528424 62933671
cloud_controller_tkemenade 11105396059 35666 8236

1721165078.0534036 62933671
cloud0_tkemenade 24301328653 23432 3466

1721165079.055945 62933699
cloud_controller_tkemenade 11105396059 35688 8246

1721165079.0564978 62933699
cloud0_tkemenade 24301328653 23441 3467

1721165079.156981 62933703
cloud_controller_tkemenade 11106137361 35689 8247

1721165079.15743 62933703
cloud0_tkemenade 24301490065 23441 3467

1721165080.1599615 62933732
cloud_controller_tkemenade 11106137361 35713 8252

1721165080.1604865 62933732
cloud0_tkemenade 24301490065 23447 3469

1721165081.162785 62933786
cloud_controller_tkemenade 11106137361 35757 8261

1721165081.163358 62933786
cloud0_tkemenade 24301490065 23458 3470

1721165082.1659675 62933822
cloud_controller_tkemenade 11106137361 35793 8274

1721165082.1665418 62933823
cloud0_tkemenade 24301490065 23460 3471

1721165083.169112 62933855
cloud_controller_tkemenade 11106137361 35820 8288

1721165083.169699 62933855
cloud0_tkemenade 24301490065 23465 3471

1721165084.172252 62933887
cloud_controller_tkemenade 11106137361 35846 8295

1721165084.1727586 62933887
cloud0_tkemenade 24301490065 23474 3472

1721165085.175259 62933915
cloud_controller_tkemenade 11106137361 35865 8305

1721165085.1757815 62933915
cloud0_tkemenade 24301490065 23481 3474

1721165086.1783655 62933937
cloud_controller_tkemenade 11106929705 35885 8313

1721165086.1788611 62933937
cloud0_tkemenade 24301656396 23487 3477

1721165087.1814513 62933968
cloud_controller_tkemenade 11106929705 35913 8321

1721165087.1820066 62933968
cloud0_tkemenade 24301656396 23493 3478

1721165088.1847978 62934017
cloud_controller_tkemenade 11106929705 35942 8338

1721165088.1853514 62934017
cloud0_tkemenade 24301656396 23496 3480

1721165089.1878448 62934055
cloud_controller_tkemenade 11106929705 35971 8351

1721165089.1883526 62934055
cloud0_tkemenade 24301656396 23505 3481

1721165090.1908522 62934093
cloud_controller_tkemenade 11106929705 35994 8369

1721165090.1913528 62934093
cloud0_tkemenade 24301656396 23512 3482

1721165091.1938589 62934122
cloud_controller_tkemenade 11106929705 36012 8378

1721165091.1942894 62934122
cloud0_tkemenade 24301656396 23522 3485

1721165092.1968105 62934151
cloud_controller_tkemenade 11106929705 36037 8389

1721165092.1972165 62934151
cloud0_tkemenade 24301656396 23525 3486

1721165093.2008412 62934185
cloud_controller_tkemenade 11107745298 36065 8395

1721165093.2013247 62934185
cloud0_tkemenade 24301816995 23530 3486

1721165094.2036836 62934219
cloud_controller_tkemenade 11107745298 36089 8398

1721165094.2040994 62934219
cloud0_tkemenade 24301816995 23537 3488

1721165095.2065349 62934253
cloud_controller_tkemenade 11107745298 36113 8405

1721165095.2069886 62934253
cloud0_tkemenade 24301816995 23546 3489

1721165096.2094777 62934280
cloud_controller_tkemenade 11107745298 36136 8408

1721165096.2098997 62934280
cloud0_tkemenade 24301816995 23552 3490

1721165097.2122555 62934316
cloud_controller_tkemenade 11107745298 36167 8415

1721165097.2126608 62934316
cloud0_tkemenade 24301816995 23556 3490

1721165098.2150528 62934357
cloud_controller_tkemenade 11107745298 36192 8424

1721165098.2153902 62934357
cloud0_tkemenade 24301816995 23559 3490

1721165099.217813 62934398
cloud_controller_tkemenade 11107745298 36216 8433

1721165099.2183506 62934399
cloud0_tkemenade 24301816995 23574 3492

1721165100.2208378 62934427
cloud_controller_tkemenade 11107745298 36233 8438

1721165100.2213602 62934427
cloud0_tkemenade 24301816995 23584 3495

1721165100.4220223 62934431
cloud_controller_tkemenade 11108380678 36234 8439

1721165100.422536 62934431
cloud0_tkemenade 24302008197 23584 3495

1721165101.4249976 62934465
cloud_controller_tkemenade 11108380678 36256 8443

1721165101.4254143 62934465
cloud0_tkemenade 24302008197 23594 3496

