1720984703.2400117 54836198
cloud0_tkemenade 21940373150 9586 1129

1720984704.2423918 54836346
cloud0_tkemenade 21940373150 9681 1131

1720984705.245027 54836509
cloud0_tkemenade 21940373150 9770 1134

1720984706.147244 54836645
cloud0_tkemenade 21943215569 9860 1139

1720984707.149667 54836796
cloud0_tkemenade 21943215569 9945 1162

1720984708.1521585 54836954
cloud0_tkemenade 21943215569 10047 1164

1720984709.1548834 54837105
cloud0_tkemenade 21943215569 10139 1166

1720984710.157719 54837277
cloud0_tkemenade 21943215569 10239 1167

1720984711.1604774 54837421
cloud0_tkemenade 21943215569 10339 1168

1720984712.1632657 54837525
cloud0_tkemenade 21943215569 10377 1179

1720984713.1659286 54837661
cloud0_tkemenade 21943215569 10448 1187

1720984713.266732 54837678
cloud0_tkemenade 21945709579 10458 1187

1720984714.2693324 54837809
cloud0_tkemenade 21945709579 10536 1190

1720984715.2718546 54838003
cloud0_tkemenade 21945709579 10636 1190

1720984716.274529 54838152
cloud0_tkemenade 21945709579 10732 1190

1720984717.2771032 54838286
cloud0_tkemenade 21945709579 10809 1192

1720984718.2797332 54838381
cloud0_tkemenade 21945709579 10849 1197

1720984719.2823744 54838553
cloud0_tkemenade 21945709579 10948 1197

1720984720.2848387 54838713
cloud0_tkemenade 21947831976 11014 1200

1720984721.2888474 54838823
cloud0_tkemenade 21947831976 11084 1200

1720984722.2915206 54838983
cloud0_tkemenade 21947831976 11176 1207

1720984723.294168 54839093
cloud0_tkemenade 21947831976 11231 1211

1720984724.2969344 54839245
cloud0_tkemenade 21947831976 11332 1212

1720984725.299511 54839428
cloud0_tkemenade 21947831976 11428 1212

1720984726.3022785 54839578
cloud0_tkemenade 21947831976 11527 1212

1720984727.304827 54839750
cloud0_tkemenade 21950234369 11625 1212

1720984728.3070235 54839904
cloud0_tkemenade 21950234369 11724 1212

1720984729.3097115 54840059
cloud0_tkemenade 21950234369 11823 1213

1720984730.3124995 54840212
cloud0_tkemenade 21950234369 11902 1215

1720984731.3149629 54840335
cloud0_tkemenade 21950234369 11981 1217

1720984732.3177958 54840489
cloud0_tkemenade 21950234369 12070 1221

1720984733.3202379 54840625
cloud0_tkemenade 21950234369 12164 1221

1720984734.3228524 54840769
cloud0_tkemenade 21950234369 12255 1226

1720984734.5238378 54840802
cloud0_tkemenade 21952791052 12274 1227

1720984735.5262113 54840959
cloud0_tkemenade 21952791052 12367 1230

1720984736.5289938 54841098
cloud0_tkemenade 21952791052 12459 1233

1720984737.5314252 54841248
cloud0_tkemenade 21952791052 12558 1233

1720984738.5338292 54841386
cloud0_tkemenade 21952791052 12658 1233

1720984739.536471 54841550
cloud0_tkemenade 21952791052 12758 1233

1720984740.5389426 54841701
cloud0_tkemenade 21952791052 12852 1234

1720984741.5416574 54841829
cloud0_tkemenade 21955490013 12914 1244

1720984742.5441027 54841972
cloud0_tkemenade 21955490013 13013 1244

1720984743.5468533 54842113
cloud0_tkemenade 21955490013 13112 1244

1720984744.5495746 54842261
cloud0_tkemenade 21955490013 13212 1244

1720984745.552355 54842421
cloud0_tkemenade 21955490013 13312 1244

1720984746.5550902 54842567
cloud0_tkemenade 21955490013 13409 1245

1720984747.5578394 54842718
cloud0_tkemenade 21955490013 13508 1245

1720984748.5602539 54842883
cloud0_tkemenade 21955490013 13608 1245

1720984748.7611673 54842911
cloud0_tkemenade 21958321527 13627 1245

1720984749.7634952 54843075
cloud0_tkemenade 21958321527 13725 1247

1720984750.7662568 54843215
cloud0_tkemenade 21958321527 13805 1248

1720984751.7690675 54843347
cloud0_tkemenade 21958321527 13887 1252

1720984752.7718637 54843496
cloud0_tkemenade 21958321527 13978 1253

1720984753.77441 54843637
cloud0_tkemenade 21958321527 14078 1253

1720984754.777114 54843698
cloud0_tkemenade 21958321527 14087 1253

1720984755.7798305 54843775
cloud0_tkemenade 21960096689 14087 1254

1720984756.7824302 54843817
cloud0_tkemenade 21960096689 14087 1254

1720984757.7851377 54843867
cloud0_tkemenade 21960096689 14091 1254

1720984758.7878711 54843906
cloud0_tkemenade 21960096689 14091 1254

1720984759.790642 54843973
cloud0_tkemenade 21960096689 14091 1255

1720984760.7932198 54844033
cloud0_tkemenade 21960096689 14091 1255

1720984761.7959476 54844081
cloud0_tkemenade 21960096689 14091 1255

1720984762.798563 54844131
cloud0_tkemenade 21960112167 14091 1255

1720984763.8012726 54844175
cloud0_tkemenade 21960112167 14092 1255

1720984764.8039737 54844237
cloud0_tkemenade 21960112167 14109 1255

1720984765.806927 54844307
cloud0_tkemenade 21960112167 14109 1256

1720984766.8097048 54844350
cloud0_tkemenade 21960112167 14109 1256

1720984767.8122478 54844418
cloud0_tkemenade 21960112167 14113 1257

1720984768.8147836 54844458
cloud0_tkemenade 21960112167 14113 1257

1720984769.817326 54844519
cloud0_tkemenade 21960112167 14114 1257

1720984769.9178889 54844524
cloud0_tkemenade 21960188323 14114 1257

1720984770.92057 54844604
cloud0_tkemenade 21960188323 14114 1257

1720984771.9233923 54844655
cloud0_tkemenade 21960188323 14114 1257

1720984772.9261742 54844712
cloud0_tkemenade 21960188323 14114 1257

1720984773.9289608 54844764
cloud0_tkemenade 21960188323 14114 1257

1720984774.931691 54844814
cloud0_tkemenade 21960188323 14114 1257

1720984775.934422 54844896
cloud0_tkemenade 21960188323 14114 1258

1720984776.9369817 54844945
cloud0_tkemenade 21960194404 14115 1258

1720984777.939526 54844995
cloud0_tkemenade 21960194404 14115 1258

1720984778.9421813 54845043
cloud0_tkemenade 21960194404 14115 1258

1720984779.9446943 54845084
cloud0_tkemenade 21960194404 14116 1258

1720984780.9473426 54845175
cloud0_tkemenade 21960194404 14116 1259

1720984781.9500487 54845233
cloud0_tkemenade 21960194404 14116 1259

1720984782.9527485 54845289
cloud0_tkemenade 21960194404 14120 1260

1720984783.9552643 54845343
cloud0_tkemenade 21960216002 14120 1260

1720984784.9578168 54845393
cloud0_tkemenade 21960216002 14121 1260

1720984785.9604461 54845461
cloud0_tkemenade 21960216002 14121 1261

1720984786.963114 54845498
cloud0_tkemenade 21960216002 14121 1261

1720984787.9658322 54845550
cloud0_tkemenade 21960216002 14121 1261

1720984788.968567 54845597
cloud0_tkemenade 21960216002 14122 1261

1720984789.9711883 54845640
cloud0_tkemenade 21960216002 14122 1261

1720984790.9737272 54845711
cloud0_tkemenade 21960216002 14122 1261

1720984791.0745134 54845721
cloud0_tkemenade 21960225146 14122 1261

1720984792.0772195 54845771
cloud0_tkemenade 21960225146 14122 1261

1720984793.0798776 54845819
cloud0_tkemenade 21960225146 14122 1261

1720984794.082668 54845863
cloud0_tkemenade 21960225146 14122 1261

1720984795.0854554 54845911
cloud0_tkemenade 21960225146 14122 1262

1720984796.088237 54845978
cloud0_tkemenade 21960225146 14122 1262

1720984797.0907564 54846018
cloud0_tkemenade 21960225146 14122 1262

1720984798.0931642 54846076
cloud0_tkemenade 21960231309 14123 1262

1720984799.0955415 54846117
cloud0_tkemenade 21960231309 14123 1262

1720984800.0981808 54846168
cloud0_tkemenade 21960231309 14123 1262

1720984801.1008136 54846240
cloud0_tkemenade 21960231309 14124 1262

1720984802.1033323 54846286
cloud0_tkemenade 21960231309 14124 1262

1720984803.1058216 54846333
cloud0_tkemenade 21960231309 14124 1262

1720984804.108568 54846377
cloud0_tkemenade 21960231309 14124 1262

1720984805.1115246 54846419
cloud0_tkemenade 21960237467 14125 1262

1720984806.1141448 54846482
cloud0_tkemenade 21960237467 14125 1262

1720984807.1168475 54846533
cloud0_tkemenade 21960237467 14125 1262

1720984808.1194484 54846605
cloud0_tkemenade 21960237467 14125 1262

1720984809.1223223 54846645
cloud0_tkemenade 21960237467 14126 1263

1720984810.1251025 54846699
cloud0_tkemenade 21960237467 14126 1263

1720984811.1278358 54846770
cloud0_tkemenade 21960237467 14126 1263

1720984812.1305737 54846830
cloud0_tkemenade 21960237467 14127 1263

1720984812.231322 54846833
cloud0_tkemenade 21960246616 14127 1263

1720984813.233987 54846881
cloud0_tkemenade 21960246616 14127 1263

1720984814.236743 54846926
cloud0_tkemenade 21960246616 14127 1263

1720984815.2394552 54846978
cloud0_tkemenade 21960246616 14127 1263

1720984816.2424312 54847051
cloud0_tkemenade 21960246616 14127 1263

1720984817.2451787 54847088
cloud0_tkemenade 21960246616 14128 1263

1720984818.24789 54847139
cloud0_tkemenade 21960246616 14128 1263

1720984819.1503725 54847174
cloud0_tkemenade 21960249694 14128 1263

1720984820.152953 54847218
cloud0_tkemenade 21960249694 14128 1263

1720984821.1557293 54847276
cloud0_tkemenade 21960249694 14128 1263

1720984822.1585715 54847335
cloud0_tkemenade 21960249694 14128 1263

1720984823.1612687 54847377
cloud0_tkemenade 21960249694 14128 1263

1720984824.1638308 54847418
cloud0_tkemenade 21960249694 14128 1263

1720984825.166597 54847460
cloud0_tkemenade 21960249694 14129 1263

1720984826.1694033 54847519
cloud0_tkemenade 21960249694 14129 1264

1720984826.3703747 54847531
cloud0_tkemenade 21960255691 14129 1264

1720984827.372914 54847581
cloud0_tkemenade 21960255691 14129 1264

1720984828.3757627 54847640
cloud0_tkemenade 21960255691 14130 1264

1720984829.3784237 54847687
cloud0_tkemenade 21960255691 14130 1264

1720984830.381065 54847729
cloud0_tkemenade 21960255691 14130 1264

1720984831.3836234 54847784
cloud0_tkemenade 21960255691 14130 1264

1720984832.3863628 54847844
cloud0_tkemenade 21960255691 14130 1264

1720984833.3890457 54847904
cloud0_tkemenade 21960258776 14130 1264

1720984834.3915694 54847939
cloud0_tkemenade 21960258776 14131 1264

1720984835.3942006 54847999
cloud0_tkemenade 21960258776 14131 1264

1720984836.3968742 54848067
cloud0_tkemenade 21960258776 14131 1264

1720984837.3993406 54848117
cloud0_tkemenade 21960258776 14131 1264

1720984838.40206 54848179
cloud0_tkemenade 21960258776 14131 1264

1720984839.404708 54848218
cloud0_tkemenade 21960258776 14131 1264

1720984840.4072256 54848283
cloud0_tkemenade 21960264920 14131 1265

1720984841.409947 54848340
cloud0_tkemenade 21960264920 14132 1265

1720984842.4126532 54848402
cloud0_tkemenade 21960264920 14132 1265

1720984843.4151962 54848446
cloud0_tkemenade 21960264920 14132 1265

1720984844.417815 54848485
cloud0_tkemenade 21960264920 14132 1265

1720984845.4205387 54848535
cloud0_tkemenade 21960264920 14133 1265

1720984846.4232128 54848590
cloud0_tkemenade 21960264920 14133 1265

1720984847.425883 54848636
cloud0_tkemenade 21960264920 14133 1265

1720984847.5266073 54848639
cloud0_tkemenade 21960270997 14133 1265

1720984848.5290263 54848695
cloud0_tkemenade 21960270997 14133 1265

1720984849.5317152 54848730
cloud0_tkemenade 21960270997 14133 1265

1720984850.5344803 54848798
cloud0_tkemenade 21960270997 14134 1265

1720984851.5372157 54848839
cloud0_tkemenade 21960270997 14134 1265

1720984852.5399404 54848888
cloud0_tkemenade 21960270997 14134 1265

1720984853.5424979 54848933
cloud0_tkemenade 21960270997 14134 1265

1720984854.4450204 54848968
cloud0_tkemenade 21960274083 14134 1265

1720984855.4477034 54849019
cloud0_tkemenade 21960274083 14134 1265

1720984856.4505095 54849084
cloud0_tkemenade 21960274083 14135 1266

1720984857.453352 54849128
cloud0_tkemenade 21960274083 14135 1266

1720984858.4561636 54849182
cloud0_tkemenade 21960274083 14135 1266

1720984859.4588993 54849232
cloud0_tkemenade 21960274083 14135 1266

1720984860.4616108 54849287
cloud0_tkemenade 21960274083 14136 1266

1720984861.4642634 54849369
cloud0_tkemenade 21960274083 14136 1266

1720984861.5650134 54849379
cloud0_tkemenade 21960283240 14136 1266

1720984862.5674531 54849433
cloud0_tkemenade 21960283240 14136 1266

1720984863.5702322 54849485
cloud0_tkemenade 21960283240 14136 1266

1720984864.572982 54849530
cloud0_tkemenade 21960283240 14137 1266

1720984865.5758164 54849575
cloud0_tkemenade 21960283240 14137 1266

1720984866.5786352 54849642
cloud0_tkemenade 21960283240 14137 1266

1720984867.5812972 54849693
cloud0_tkemenade 21960283240 14137 1266

1720984868.5837278 54849768
cloud0_tkemenade 21960283240 14137 1267

1720984868.6844704 54849777
cloud0_tkemenade 21960289334 14137 1267

1720984869.6869464 54849817
cloud0_tkemenade 21960289334 14137 1267

1720984870.689549 54849870
cloud0_tkemenade 21960289334 14137 1267

1720984871.692186 54849929
cloud0_tkemenade 21960289334 14137 1267

1720984872.6949008 54849992
cloud0_tkemenade 21960289334 14137 1267

1720984873.697665 54850036
cloud0_tkemenade 21960289334 14137 1267

1720984874.700188 54850078
cloud0_tkemenade 21960289334 14137 1267

1720984875.7027583 54850130
cloud0_tkemenade 21960289334 14137 1267

1720984875.8034625 54850143
cloud0_tkemenade 21960289334 14137 1268

1720984876.806093 54850214
cloud0_tkemenade 21960289334 14138 1268

1720984877.8086867 54850252
cloud0_tkemenade 21960289334 14138 1268

1720984878.811433 54850303
cloud0_tkemenade 21960289334 14138 1268

1720984879.8142586 54850350
cloud0_tkemenade 21960289334 14138 1268

1720984880.8170922 54850392
cloud0_tkemenade 21960289334 14138 1268

1720984881.8196974 54850447
cloud0_tkemenade 21960289334 14139 1268

1720984882.822369 54850500
cloud0_tkemenade 21960298578 14139 1268

1720984883.8248694 54850537
cloud0_tkemenade 21960298578 14139 1268

1720984884.8274286 54850582
cloud0_tkemenade 21960298578 14139 1268

1720984885.830213 54850635
cloud0_tkemenade 21960298578 14139 1268

1720984886.8328156 54850695
cloud0_tkemenade 21960298578 14139 1269

1720984887.8354692 54850739
cloud0_tkemenade 21960298578 14139 1269

1720984888.8383362 54850789
cloud0_tkemenade 21960298578 14139 1269

1720984889.8410044 54850831
cloud0_tkemenade 21960301666 14139 1269

1720984890.8436487 54850884
cloud0_tkemenade 21960301666 14139 1269

1720984891.846408 54850938
cloud0_tkemenade 21960301666 14140 1269

1720984892.849076 54850986
cloud0_tkemenade 21960301666 14140 1269

1720984893.8515742 54851047
cloud0_tkemenade 21960301666 14140 1269

1720984894.8541682 54851093
cloud0_tkemenade 21960301666 14140 1269

1720984895.8566825 54851142
cloud0_tkemenade 21960301666 14140 1270

1720984896.8594992 54851210
cloud0_tkemenade 21960307811 14140 1270

1720984897.8622558 54851259
cloud0_tkemenade 21960307811 14140 1270

1720984898.865141 54851316
cloud0_tkemenade 21960307811 14141 1270

1720984899.8678071 54851363
cloud0_tkemenade 21960307811 14141 1270

1720984900.8705685 54851409
cloud0_tkemenade 21960307811 14141 1270

1720984901.8731937 54851471
cloud0_tkemenade 21960307811 14141 1270

1720984902.8758235 54851514
cloud0_tkemenade 21960307811 14141 1270

1720984903.8784235 54851571
cloud0_tkemenade 21960307811 14141 1270

1720984904.079358 54851582
cloud0_tkemenade 21960310815 14141 1270

1720984905.0820172 54851621
cloud0_tkemenade 21960310815 14142 1270

1720984906.084788 54851668
cloud0_tkemenade 21960310815 14142 1270

1720984907.0876193 54851739
cloud0_tkemenade 21960310815 14142 1270

1720984908.0904493 54851772
cloud0_tkemenade 21960310815 14142 1270

1720984909.0933301 54851830
cloud0_tkemenade 21960310815 14143 1270

1720984910.096085 54851880
cloud0_tkemenade 21960310815 14143 1270

1720984911.0989895 54851937
cloud0_tkemenade 21960310815 14143 1270

1720984911.1997087 54851944
cloud0_tkemenade 21960316902 14143 1270

1720984912.2023847 54852049
cloud0_tkemenade 21960316902 14143 1270

1720984913.2050316 54852088
cloud0_tkemenade 21960316902 14144 1270

1720984914.2076511 54852148
cloud0_tkemenade 21960316902 14144 1270

1720984915.2104635 54852183
cloud0_tkemenade 21960316902 14144 1270

1720984916.2130196 54852241
cloud0_tkemenade 21960316902 14144 1270

1720984917.2157865 54852301
cloud0_tkemenade 21960316902 14144 1270

1720984918.2183862 54852347
cloud0_tkemenade 21960316902 14145 1270

1720984918.3190491 54852353
cloud0_tkemenade 21960323016 14145 1270

1720984919.3215303 54852403
cloud0_tkemenade 21960323016 14145 1270

1720984920.3240817 54852451
cloud0_tkemenade 21960323016 14146 1270

1720984921.3267162 54852494
cloud0_tkemenade 21960323016 14146 1270

1720984922.3294234 54852553
cloud0_tkemenade 21960323016 14146 1270

1720984923.3320608 54852602
cloud0_tkemenade 21960323016 14146 1270

1720984924.3347487 54852653
cloud0_tkemenade 21960323016 14146 1271

1720984925.3374088 54852701
cloud0_tkemenade 21960323016 14146 1271

1720984925.4381514 54852711
cloud0_tkemenade 21960329098 14146 1271

1720984926.4408224 54852755
cloud0_tkemenade 21960329098 14147 1271

1720984927.4434392 54852821
cloud0_tkemenade 21960329098 14147 1271

1720984928.4461787 54852896
cloud0_tkemenade 21960329098 14147 1271

1720984929.4487598 54852945
cloud0_tkemenade 21960329098 14147 1271

1720984930.4515553 54852994
cloud0_tkemenade 21960329098 14148 1271

1720984931.4543743 54853044
cloud0_tkemenade 21960329098 14148 1271

1720984932.3567464 54853099
cloud0_tkemenade 21960335262 14148 1271

1720984933.359221 54853138
cloud0_tkemenade 21960335262 14148 1271

1720984934.3618543 54853197
cloud0_tkemenade 21960335262 14148 1271

1720984935.3645782 54853238
cloud0_tkemenade 21960335262 14149 1271

1720984936.367174 54853295
cloud0_tkemenade 21960335262 14149 1271

1720984937.3698545 54853351
cloud0_tkemenade 21960335262 14149 1271

1720984938.3726337 54853392
cloud0_tkemenade 21960335262 14149 1271

1720984939.3753576 54853447
cloud0_tkemenade 21960338337 14149 1271

1720984940.3780477 54853497
cloud0_tkemenade 21960338337 14149 1271

1720984941.3806832 54853551
cloud0_tkemenade 21960338337 14149 1271

1720984942.3831666 54853607
cloud0_tkemenade 21960338337 14149 1271

1720984943.385727 54853640
cloud0_tkemenade 21960338337 14149 1272

1720984944.3884716 54853695
cloud0_tkemenade 21960338337 14150 1272

1720984945.391086 54853729
cloud0_tkemenade 21960338337 14150 1272

1720984946.393418 54853781
cloud0_tkemenade 21960338337 14150 1272

1720984946.4940886 54853787
cloud0_tkemenade 21960344406 14150 1272

1720984947.4967122 54853852
cloud0_tkemenade 21960344406 14150 1272

1720984948.4995103 54853897
cloud0_tkemenade 21960344406 14151 1272

1720984949.5023906 54853964
cloud0_tkemenade 21960344406 14151 1272

1720984950.5052083 54854021
cloud0_tkemenade 21960344406 14151 1272

1720984951.507802 54854077
cloud0_tkemenade 21960344406 14151 1272

1720984952.510394 54854137
cloud0_tkemenade 21960344406 14151 1272

1720984953.512901 54854182
cloud0_tkemenade 21960347481 14151 1272

1720984954.5153131 54854234
cloud0_tkemenade 21960347481 14151 1273

1720984955.5182018 54854287
cloud0_tkemenade 21960347481 14151 1273

1720984956.5210643 54854345
cloud0_tkemenade 21960347481 14152 1273

1720984957.523845 54854411
cloud0_tkemenade 21960347481 14152 1273

1720984958.5263736 54854455
cloud0_tkemenade 21960347481 14152 1273

1720984959.5288594 54854527
cloud0_tkemenade 21960347481 14152 1273

1720984960.5315118 54854582
cloud0_tkemenade 21960347481 14152 1273

1720984960.6322534 54854585
cloud0_tkemenade 21960353552 14152 1273

1720984961.6346052 54854638
cloud0_tkemenade 21960353552 14153 1273

1720984962.6373827 54854687
cloud0_tkemenade 21960353552 14153 1273

1720984963.6401982 54854726
cloud0_tkemenade 21960353552 14153 1273

1720984964.642735 54854773
cloud0_tkemenade 21960353552 14153 1273

1720984965.6455464 54854845
cloud0_tkemenade 21960353552 14153 1273

1720984966.648198 54854887
cloud0_tkemenade 21960353552 14154 1273

1720984967.6508558 54854944
cloud0_tkemenade 21960353552 14154 1273

1720984967.7516294 54854948
cloud0_tkemenade 21960359527 14154 1273

1720984968.754193 54854987
cloud0_tkemenade 21960359527 14154 1273

1720984969.7570434 54855046
cloud0_tkemenade 21960359527 14154 1273

1720984970.7596552 54855089
cloud0_tkemenade 21960359527 14154 1273

1720984971.7623706 54855143
cloud0_tkemenade 21960359527 14155 1273

1720984972.7649465 54855194
cloud0_tkemenade 21960359527 14155 1273

1720984973.7674115 54855236
cloud0_tkemenade 21960359527 14155 1273

1720984974.7696493 54855284
cloud0_tkemenade 21960359527 14155 1273

1720984974.870447 54855291
cloud0_tkemenade 21960362576 14155 1273

1720984975.8731737 54855356
cloud0_tkemenade 21960362576 14156 1273

1720984976.8758528 54855389
cloud0_tkemenade 21960362576 14156 1273

1720984977.8785725 54855448
cloud0_tkemenade 21960362576 14156 1273

1720984978.8812008 54855485
cloud0_tkemenade 21960362576 14156 1273

1720984979.883929 54855549
cloud0_tkemenade 21960362576 14157 1273

1720984980.8863847 54855587
cloud0_tkemenade 21960362576 14157 1273

1720984981.889087 54855665
cloud0_tkemenade 21960362576 14157 1273

1720984981.9898608 54855674
cloud0_tkemenade 21960368662 14157 1273

1720984982.992521 54855727
cloud0_tkemenade 21960368662 14157 1273

1720984983.995183 54855782
cloud0_tkemenade 21960368662 14157 1274

1720984984.9979782 54855826
cloud0_tkemenade 21960368662 14157 1274

1720984986.0007744 54855889
cloud0_tkemenade 21960368662 14157 1274

1720984987.003335 54855929
cloud0_tkemenade 21960368662 14157 1274

1720984988.0062416 54856025
cloud0_tkemenade 21960368662 14157 1274

1720984989.0089257 54856082
cloud0_tkemenade 21960371741 14157 1274

1720984990.011279 54856136
cloud0_tkemenade 21960371741 14158 1274

1720984991.0138817 54856187
cloud0_tkemenade 21960371741 14158 1274

1720984992.016572 54856240
cloud0_tkemenade 21960371741 14158 1274

1720984993.01908 54856295
cloud0_tkemenade 21960371741 14158 1274

1720984994.021643 54856340
cloud0_tkemenade 21960371741 14158 1274

1720984995.0243778 54856389
cloud0_tkemenade 21960371741 14158 1274

1720984996.0270624 54856460
cloud0_tkemenade 21960377934 14159 1274

1720984997.029599 54856489
cloud0_tkemenade 21960377934 14159 1274

1720984998.0322893 54856555
cloud0_tkemenade 21960377934 14159 1274

1720984999.034902 54856604
cloud0_tkemenade 21960377934 14159 1274

1720985000.0376496 54856671
cloud0_tkemenade 21960377934 14159 1274

1720985001.0403194 54856714
cloud0_tkemenade 21960377934 14160 1274

1720985002.042787 54856763
cloud0_tkemenade 21960377934 14160 1274

1720985003.04548 54856821
cloud0_tkemenade 21960380957 14160 1274

1720985004.0479698 54856863
cloud0_tkemenade 21960380957 14161 1274

1720985005.050689 54856905
cloud0_tkemenade 21960380957 14161 1274

1720985006.0535166 54856965
cloud0_tkemenade 21960380957 14161 1274

1720985007.0561333 54856995
cloud0_tkemenade 21960380957 14161 1275

1720985008.058912 54857060
cloud0_tkemenade 21960380957 14161 1275

1720985009.0616956 54857099
cloud0_tkemenade 21960380957 14161 1275

1720985010.0642593 54857159
cloud0_tkemenade 21960380957 14161 1275

1720985010.1649582 54857164
cloud0_tkemenade 21960387036 14161 1275

1720985011.1672664 54857213
cloud0_tkemenade 21960387036 14161 1275

1720985012.169942 54857259
cloud0_tkemenade 21960387036 14162 1275

1720985013.1725078 54857317
cloud0_tkemenade 21960387036 14162 1275

1720985014.1751187 54857357
cloud0_tkemenade 21960387036 14165 1277

1720985015.1777985 54857402
cloud0_tkemenade 21960387036 14165 1277

1720985016.180531 54857459
cloud0_tkemenade 21960387036 14166 1277

1720985017.1828957 54857499
cloud0_tkemenade 21960387036 14166 1277

1720985017.383807 54857508
cloud0_tkemenade 21960407986 14166 1277

1720985018.3865192 54857577
cloud0_tkemenade 21960407986 14166 1277

1720985019.3891282 54857620
cloud0_tkemenade 21960407986 14166 1277

1720985020.3918703 54857689
cloud0_tkemenade 21960407986 14167 1277

1720985021.3947384 54857739
cloud0_tkemenade 21960407986 14167 1277

1720985022.3975344 54857786
cloud0_tkemenade 21960407986 14167 1277

1720985023.400159 54857845
cloud0_tkemenade 21960407986 14167 1277

1720985024.402757 54857879
cloud0_tkemenade 21960407986 14167 1277

1720985024.5034623 54857887
cloud0_tkemenade 21960411017 14167 1277

1720985025.5061793 54857937
cloud0_tkemenade 21960411017 14168 1277

1720985026.5090554 54857998
cloud0_tkemenade 21960411017 14168 1277

1720985027.5116332 54858036
cloud0_tkemenade 21960411017 14168 1277

1720985028.5143514 54858098
cloud0_tkemenade 21960411017 14168 1277

1720985029.5169258 54858141
cloud0_tkemenade 21960411017 14169 1277

1720985030.5197508 54858216
cloud0_tkemenade 21960411017 14169 1277

1720985031.5224755 54858260
cloud0_tkemenade 21960417173 14169 1277

1720985032.5252824 54858311
cloud0_tkemenade 21960417173 14169 1277

1720985033.5277445 54858375
cloud0_tkemenade 21960417173 14169 1277

1720985034.5305572 54858417
cloud0_tkemenade 21960417173 14170 1277

1720985035.533189 54858461
cloud0_tkemenade 21960417173 14170 1277

1720985036.535783 54858530
cloud0_tkemenade 21960417173 14170 1277

1720985037.5383475 54858570
cloud0_tkemenade 21960417173 14170 1277

1720985038.4407237 54858635
cloud0_tkemenade 21960423358 14171 1277

1720985039.4429111 54858669
cloud0_tkemenade 21960423358 14171 1277

1720985040.445665 54858735
cloud0_tkemenade 21960423358 14171 1277

1720985041.4484153 54858771
cloud0_tkemenade 21960423358 14171 1277

1720985042.4508922 54858815
cloud0_tkemenade 21960423358 14172 1277

1720985043.4535773 54858869
cloud0_tkemenade 21960423358 14172 1277

1720985044.4563215 54858916
cloud0_tkemenade 21960423358 14172 1277

1720985045.4588604 54858959
cloud0_tkemenade 21960423358 14172 1277

1720985045.559649 54858964
cloud0_tkemenade 21960426386 14172 1277

1720985046.5623353 54859015
cloud0_tkemenade 21960426386 14173 1277

1720985047.565066 54859095
cloud0_tkemenade 21960426386 14173 1277

1720985048.567797 54859165
cloud0_tkemenade 21960426386 14173 1277

1720985049.5705388 54859212
cloud0_tkemenade 21960426386 14173 1277

1720985050.5732698 54859279
cloud0_tkemenade 21960426386 14173 1277

1720985051.5758512 54859327
cloud0_tkemenade 21960426386 14173 1277

1720985052.5787117 54859373
cloud0_tkemenade 21960426386 14174 1277

1720985052.679428 54859386
cloud0_tkemenade 21960432458 14174 1277

1720985053.6820211 54859439
cloud0_tkemenade 21960432458 14174 1277

1720985054.6847548 54859478
cloud0_tkemenade 21960432458 14174 1277

1720985055.6875544 54859540
cloud0_tkemenade 21960432458 14184 1278

1720985056.6903102 54859599
cloud0_tkemenade 21960432458 14184 1278

1720985057.6930625 54859647
cloud0_tkemenade 21960432458 14184 1278

1720985058.6956656 54859703
cloud0_tkemenade 21960432458 14184 1278

1720985059.6983585 54859762
cloud0_tkemenade 21960432458 14187 1279

1720985059.799042 54859773
cloud0_tkemenade 21960477877 14187 1279

1720985060.801721 54859829
cloud0_tkemenade 21960477877 14188 1279

1720985061.8043303 54859878
cloud0_tkemenade 21960477877 14188 1279

1720985062.8069484 54859921
cloud0_tkemenade 21960477877 14188 1279

1720985063.8097591 54859981
cloud0_tkemenade 21960477877 14188 1279

1720985064.8123155 54860026
cloud0_tkemenade 21960477877 14188 1279

1720985065.8147843 54860073
cloud0_tkemenade 21960477877 14189 1279

1720985066.8175426 54860134
cloud0_tkemenade 21960483989 14189 1279

1720985067.819975 54860185
cloud0_tkemenade 21960483989 14189 1279

1720985068.8226864 54860243
cloud0_tkemenade 21960483989 14189 1279

1720985069.825331 54860290
cloud0_tkemenade 21960483989 14189 1279

1720985070.82822 54860362
cloud0_tkemenade 21960483989 14190 1279

1720985071.830874 54860416
cloud0_tkemenade 21960483989 14190 1279

1720985072.833661 54860461
cloud0_tkemenade 21960483989 14190 1279

1720985073.836312 54860519
cloud0_tkemenade 21960487054 14190 1279

1720985074.8389544 54860572
cloud0_tkemenade 21960487054 14190 1279

1720985075.8416245 54860620
cloud0_tkemenade 21960487054 14190 1279

1720985076.8442068 54860668
cloud0_tkemenade 21960487054 14191 1279

1720985077.8467932 54860717
cloud0_tkemenade 21960487054 14191 1279

1720985078.849611 54860776
cloud0_tkemenade 21960487054 14191 1279

1720985079.8523774 54860819
cloud0_tkemenade 21960487054 14192 1279

1720985080.8551877 54860878
cloud0_tkemenade 21960493117 14192 1279

1720985081.8579931 54860942
cloud0_tkemenade 21960493117 14192 1279

1720985082.8608704 54860982
cloud0_tkemenade 21960493117 14192 1279

1720985083.8637094 54861037
cloud0_tkemenade 21960493117 14192 1280

1720985084.8664353 54861081
cloud0_tkemenade 21960493117 14192 1280

1720985085.8691764 54861133
cloud0_tkemenade 21960493117 14193 1280

1720985086.871716 54861188
cloud0_tkemenade 21960493117 14193 1280

1720985087.8744833 54861247
cloud0_tkemenade 21960499270 14193 1280

1720985088.8772645 54861300
cloud0_tkemenade 21960499270 14193 1280

1720985089.8800259 54861346
cloud0_tkemenade 21960499270 14193 1280

1720985090.8829408 54861428
cloud0_tkemenade 21960499270 14194 1280

1720985091.885741 54861471
cloud0_tkemenade 21960499270 14194 1280

1720985092.8883984 54861518
cloud0_tkemenade 21960499270 14194 1280

1720985093.8909457 54861577
cloud0_tkemenade 21960499270 14194 1280

1720985094.8937123 54861628
cloud0_tkemenade 21960505391 14195 1280

1720985095.8963263 54861673
cloud0_tkemenade 21960505391 14195 1280

1720985096.8991623 54861717
cloud0_tkemenade 21960505391 14195 1281

1720985097.901872 54861754
cloud0_tkemenade 21960505391 14195 1281

1720985098.904626 54861825
cloud0_tkemenade 21960505391 14196 1281

1720985099.9074585 54861857
cloud0_tkemenade 21960505391 14196 1281

1720985100.909984 54861915
cloud0_tkemenade 21960505391 14196 1281

1720985101.9127798 54861989
cloud0_tkemenade 21960505391 14196 1281

1720985102.1137156 54861999
cloud0_tkemenade 21960511385 14196 1281

1720985103.116439 54862043
cloud0_tkemenade 21960511385 14197 1281

1720985104.1192496 54862098
cloud0_tkemenade 21960511385 14197 1281

1720985105.1220293 54862145
cloud0_tkemenade 21960511385 14197 1281

1720985106.12455 54862187
cloud0_tkemenade 21960511385 14197 1281

1720985107.1274166 54862241
cloud0_tkemenade 21960511385 14197 1281

1720985108.1298804 54862299
cloud0_tkemenade 21960511385 14197 1281

1720985109.1326652 54862386
cloud0_tkemenade 21960514457 14197 1281

1720985110.1352448 54862437
cloud0_tkemenade 21960514457 14198 1281

1720985111.1380794 54862487
cloud0_tkemenade 21960514457 14198 1281

1720985112.1408284 54862559
cloud0_tkemenade 21960514457 14198 1281

1720985113.1432757 54862606
cloud0_tkemenade 21960514457 14198 1282

1720985114.1460822 54862660
cloud0_tkemenade 21960514457 14198 1282

1720985115.1488712 54862705
cloud0_tkemenade 21960514457 14198 1282

1720985116.0512931 54862763
cloud0_tkemenade 21960520597 14198 1282

1720985117.053869 54862808
cloud0_tkemenade 21960520597 14199 1282

1720985118.056486 54862853
cloud0_tkemenade 21960520597 14199 1282

1720985119.0592585 54862917
cloud0_tkemenade 21960520597 14199 1282

1720985120.061977 54862966
cloud0_tkemenade 21960520597 14199 1282

1720985121.0647259 54863021
cloud0_tkemenade 21960520597 14199 1282

1720985122.0675821 54863076
cloud0_tkemenade 21960520597 14200 1282

1720985123.0702684 54863113
cloud0_tkemenade 21960520597 14200 1282

1720985123.1710348 54863119
cloud0_tkemenade 21960526640 14200 1282

1720985124.173546 54863179
cloud0_tkemenade 21960526640 14200 1282

1720985125.1760094 54863221
cloud0_tkemenade 21960526640 14200 1282

1720985126.1785026 54863264
cloud0_tkemenade 21960526640 14200 1282

1720985127.1812043 54863315
cloud0_tkemenade 21960526640 14201 1282

1720985128.1839795 54863358
cloud0_tkemenade 21960526640 14201 1282

1720985129.1867337 54863433
cloud0_tkemenade 21960526640 14201 1282

1720985130.189233 54863483
cloud0_tkemenade 21960529694 14201 1282

1720985131.1914592 54863552
cloud0_tkemenade 21960529694 14202 1282

1720985132.1941388 54863599
cloud0_tkemenade 21960529694 14202 1282

1720985133.1966493 54863649
cloud0_tkemenade 21960529694 14202 1282

1720985134.1991358 54863714
cloud0_tkemenade 21960529694 14202 1282

1720985135.201928 54863762
cloud0_tkemenade 21960529694 14202 1282

1720985136.2046416 54863806
cloud0_tkemenade 21960529694 14203 1282

1720985137.2074091 54863860
cloud0_tkemenade 21960529694 14203 1282

1720985137.308089 54863873
cloud0_tkemenade 21960535699 14203 1282

1720985138.310478 54863917
cloud0_tkemenade 21960535699 14203 1282

1720985139.3130043 54863995
cloud0_tkemenade 21960535699 14203 1282

1720985140.3155441 54864040
cloud0_tkemenade 21960535699 14203 1282

1720985141.318375 54864100
cloud0_tkemenade 21960535699 14203 1282

1720985142.3211997 54864149
cloud0_tkemenade 21960535699 14204 1282

1720985143.3240438 54864189
cloud0_tkemenade 21960535699 14204 1282

1720985144.326919 54864244
cloud0_tkemenade 21960535699 14204 1282

1720985144.5279076 54864262
cloud0_tkemenade 21960538663 14204 1282

1720985145.5306196 54864314
cloud0_tkemenade 21960538663 14204 1282

1720985146.5334065 54864367
cloud0_tkemenade 21960538663 14205 1282

1720985147.5361621 54864415
cloud0_tkemenade 21960538663 14205 1282

1720985148.53881 54864455
cloud0_tkemenade 21960538663 14205 1282

1720985149.5416164 54864531
cloud0_tkemenade 21960538663 14205 1282

1720985150.5442665 54864587
cloud0_tkemenade 21960538663 14205 1282

1720985151.547106 54864652
cloud0_tkemenade 21960541676 14205 1282

1720985152.5497694 54864698
cloud0_tkemenade 21960541676 14205 1282

1720985153.5526433 54864736
cloud0_tkemenade 21960541676 14205 1282

1720985154.555596 54864794
cloud0_tkemenade 21960541676 14206 1283

1720985155.558453 54864849
cloud0_tkemenade 21960541676 14206 1283

1720985156.561196 54864906
cloud0_tkemenade 21960541676 14206 1283

1720985157.564059 54864957
cloud0_tkemenade 21960541676 14206 1283

1720985158.5668359 54865003
cloud0_tkemenade 21960541676 14206 1283

1720985158.767825 54865009
cloud0_tkemenade 21960547596 14206 1283

1720985159.7706053 54865084
cloud0_tkemenade 21960547596 14207 1283

1720985160.7734022 54865133
cloud0_tkemenade 21960547596 14207 1283

1720985161.7763178 54865205
cloud0_tkemenade 21960547596 14207 1283

1720985162.7791007 54865238
cloud0_tkemenade 21960547596 14207 1283

1720985163.7818122 54865281
cloud0_tkemenade 21960547596 14207 1283

1720985164.78455 54865350
cloud0_tkemenade 21960547596 14207 1283

1720985165.787298 54865398
cloud0_tkemenade 21960553727 14208 1283

1720985166.7900019 54865449
cloud0_tkemenade 21960553727 14208 1283

1720985167.7927842 54865531
cloud0_tkemenade 21960553727 14208 1283

1720985168.795472 54865573
cloud0_tkemenade 21960553727 14208 1283

1720985169.7981343 54865651
cloud0_tkemenade 21960553727 14208 1284

1720985170.8008523 54865700
cloud0_tkemenade 21960553727 14208 1284

1720985171.8034046 54865778
cloud0_tkemenade 21960553727 14208 1284

1720985172.80606 54865833
cloud0_tkemenade 21960556816 14208 1284

1720985173.8088071 54865882
cloud0_tkemenade 21960556816 14209 1284

1720985174.8113759 54865948
cloud0_tkemenade 21960556816 14209 1284

1720985175.813983 54866001
cloud0_tkemenade 21960556816 14209 1284

1720985176.8166316 54866047
cloud0_tkemenade 21960556816 14209 1284

1720985177.8193622 54866121
cloud0_tkemenade 21960556816 14209 1284

1720985178.8220687 54866163
cloud0_tkemenade 21960556816 14210 1284

1720985179.8244107 54866237
cloud0_tkemenade 21960556816 14210 1284

1720985179.9251523 54866241
cloud0_tkemenade 21960562873 14210 1284

1720985180.9276469 54866288
cloud0_tkemenade 21960562873 14210 1284

1720985181.9304595 54866357
cloud0_tkemenade 21960562873 14210 1284

1720985182.9332492 54866395
cloud0_tkemenade 21960562873 14210 1284

1720985183.9359543 54866438
cloud0_tkemenade 21960562873 14210 1284

1720985184.9387448 54866500
cloud0_tkemenade 21960562873 14211 1284

1720985185.9414458 54866543
cloud0_tkemenade 21960562873 14211 1284

1720985186.843818 54866593
cloud0_tkemenade 21960565952 14211 1284

1720985187.846441 54866661
cloud0_tkemenade 21960565952 14211 1284

1720985188.8490992 54866701
cloud0_tkemenade 21960565952 14212 1284

1720985189.851793 54866757
cloud0_tkemenade 21960565952 14212 1284

1720985190.8545938 54866814
cloud0_tkemenade 21960565952 14212 1284

1720985191.8574014 54866874
cloud0_tkemenade 21960565952 14212 1284

1720985192.8601975 54866915
cloud0_tkemenade 21960565952 14212 1284

1720985193.863011 54866965
cloud0_tkemenade 21960569022 14212 1284

1720985194.8658423 54867021
cloud0_tkemenade 21960569022 14213 1284

1720985195.8687603 54867085
cloud0_tkemenade 21960569022 14213 1284

1720985196.8713386 54867138
cloud0_tkemenade 21960569022 14213 1285

1720985197.8740396 54867198
cloud0_tkemenade 21960569022 14213 1285

1720985198.8766909 54867231
cloud0_tkemenade 21960569022 14213 1285

1720985199.8792677 54867300
cloud0_tkemenade 21960569022 14214 1285

1720985200.8818736 54867349
cloud0_tkemenade 21960569022 14214 1285

1720985200.9826496 54867355
cloud0_tkemenade 21960578097 14214 1285

1720985201.9854617 54867432
cloud0_tkemenade 21960578097 14214 1285

1720985202.988006 54867473
cloud0_tkemenade 21960578097 14214 1285

1720985203.9905663 54867519
cloud0_tkemenade 21960578097 14215 1285

1720985204.993481 54867591
cloud0_tkemenade 21960578097 14215 1285

1720985205.9962726 54867653
cloud0_tkemenade 21960578097 14215 1285

1720985206.999042 54867703
cloud0_tkemenade 21960578097 14215 1285

1720985208.0017557 54867766
cloud0_tkemenade 21960578097 14216 1285

1720985208.102397 54867774
cloud0_tkemenade 21960584134 14216 1285

1720985209.1048236 54867812
cloud0_tkemenade 21960584134 14216 1285

1720985210.1074932 54867889
cloud0_tkemenade 21960584134 14216 1285

1720985211.1103928 54867942
cloud0_tkemenade 21960584134 14216 1285

1720985212.1132445 54868006
cloud0_tkemenade 21960584134 14217 1285

1720985213.1159708 54868033
cloud0_tkemenade 21960584134 14217 1285

1720985214.1199267 54868082
cloud0_tkemenade 21960584134 14218 1285

1720985215.1228168 54868144
cloud0_tkemenade 21960584134 14218 1285

1720985215.2235515 54868148
cloud0_tkemenade 21960590169 14218 1285

1720985216.2262704 54868193
cloud0_tkemenade 21960590169 14218 1285

1720985217.2288592 54868261
cloud0_tkemenade 21960590169 14218 1285

1720985218.231357 54868299
cloud0_tkemenade 21960590169 14218 1285

1720985219.2338388 54868341
cloud0_tkemenade 21960590169 14219 1285

1720985220.2365634 54868407
cloud0_tkemenade 21960590169 14219 1285

1720985221.2393048 54868469
cloud0_tkemenade 21960590169 14219 1285

1720985222.1418116 54868552
cloud0_tkemenade 21960593243 14219 1285

1720985223.1442614 54868587
cloud0_tkemenade 21960593243 14219 1285

1720985224.1470559 54868631
cloud0_tkemenade 21960593243 14219 1285

1720985225.1499069 54868693
cloud0_tkemenade 21960593243 14220 1285

1720985226.1527998 54868739
cloud0_tkemenade 21960593243 14220 1285

1720985227.1556847 54868796
cloud0_tkemenade 21960593243 14220 1285

1720985228.1584213 54868867
cloud0_tkemenade 21960593243 14220 1285

1720985229.1610758 54868909
cloud0_tkemenade 21960599355 14220 1286

1720985230.1637733 54868982
cloud0_tkemenade 21960599355 14220 1286

1720985231.1665208 54869037
cloud0_tkemenade 21960599355 14220 1286

1720985232.1691613 54869126
cloud0_tkemenade 21960599355 14220 1286

1720985233.1719065 54869170
cloud0_tkemenade 21960599355 14221 1286

1720985234.1747231 54869225
cloud0_tkemenade 21960599355 14221 1286

1720985235.1774704 54869313
cloud0_tkemenade 21960599355 14221 1286

1720985236.180175 54869378
cloud0_tkemenade 21960599355 14221 1286

1720985236.2809258 54869383
cloud0_tkemenade 21960602373 14221 1286

1720985237.2832515 54869449
cloud0_tkemenade 21960602373 14221 1286

1720985238.2860117 54869509
cloud0_tkemenade 21960602373 14222 1286

1720985239.2883494 54869554
cloud0_tkemenade 21960602373 14222 1286

1720985240.2910273 54869644
cloud0_tkemenade 21960602373 14222 1286

1720985241.2937062 54869698
cloud0_tkemenade 21960602373 14222 1286

1720985242.2963758 54869788
cloud0_tkemenade 21960602373 14222 1286

1720985243.2986963 54869820
cloud0_tkemenade 21960602373 14222 1286

1720985243.399353 54869829
cloud0_tkemenade 21960605387 14222 1286

1720985244.402021 54869880
cloud0_tkemenade 21960605387 14223 1286

1720985245.404735 54869953
cloud0_tkemenade 21960605387 14223 1286

1720985246.4071908 54870009
cloud0_tkemenade 21960605387 14223 1286

1720985247.4096835 54870079
cloud0_tkemenade 21960605387 14223 1286

1720985248.4123223 54870143
cloud0_tkemenade 21960605387 14223 1286

1720985249.4147613 54870185
cloud0_tkemenade 21960605387 14224 1286

1720985250.417455 54870265
cloud0_tkemenade 21960611520 14224 1286

1720985251.4200268 54870321
cloud0_tkemenade 21960611520 14224 1286

1720985252.4229553 54870413
cloud0_tkemenade 21960611520 14224 1286

1720985253.4255662 54870453
cloud0_tkemenade 21960611520 14224 1286

1720985254.42844 54870523
cloud0_tkemenade 21960611520 14224 1287

1720985255.4310691 54870599
cloud0_tkemenade 21960611520 14224 1287

1720985256.433912 54870655
cloud0_tkemenade 21960611520 14224 1287

1720985257.4366214 54870718
cloud0_tkemenade 21960611520 14225 1287

1720985257.53736 54870723
cloud0_tkemenade 21960617557 14225 1287

1720985258.5396218 54870774
cloud0_tkemenade 21960617557 14225 1287

1720985259.542052 54870817
cloud0_tkemenade 21960617557 14225 1287

1720985260.5447514 54870902
cloud0_tkemenade 21960617557 14225 1287

1720985261.547455 54870964
cloud0_tkemenade 21960617557 14225 1287

1720985262.5503402 54871054
cloud0_tkemenade 21960617557 14226 1287

1720985263.552954 54871097
cloud0_tkemenade 21960617557 14226 1287

1720985264.455186 54871157
cloud0_tkemenade 21960620615 14226 1287

1720985265.457839 54871231
cloud0_tkemenade 21960620615 14226 1287

1720985266.460803 54871303
cloud0_tkemenade 21960620615 14226 1287

1720985267.463551 54871374
cloud0_tkemenade 21960620615 14226 1287

1720985268.4663215 54871422
cloud0_tkemenade 21960620615 14227 1287

1720985269.4691083 54871473
cloud0_tkemenade 21960620615 14227 1287

1720985270.4718435 54871547
cloud0_tkemenade 21960620615 14227 1287

1720985271.4743783 54871599
cloud0_tkemenade 21960620615 14227 1287

1720985271.5751343 54871617
cloud0_tkemenade 21960623630 14227 1287

1720985272.5779347 54871672
cloud0_tkemenade 21960623630 14228 1287

1720985273.5806363 54871709
cloud0_tkemenade 21960623630 14228 1287

1720985274.5831752 54871760
cloud0_tkemenade 21960623630 14228 1287

1720985275.5857446 54871818
cloud0_tkemenade 21960623630 14228 1287

1720985276.5880432 54871877
cloud0_tkemenade 21960623630 14229 1287

1720985277.5903842 54871949
cloud0_tkemenade 21960623630 14229 1288

1720985278.5930967 54872003
cloud0_tkemenade 21960623630 14229 1288

1720985278.6938558 54872009
cloud0_tkemenade 21960632704 14229 1288

1720985279.6965625 54872054
cloud0_tkemenade 21960632704 14230 1288

1720985280.6992161 54872137
cloud0_tkemenade 21960632704 14230 1288

1720985281.7019715 54872201
cloud0_tkemenade 21960632704 14230 1288

1720985282.7045326 54872281
cloud0_tkemenade 21960632704 14230 1288

1720985283.7071218 54872322
cloud0_tkemenade 21960632704 14231 1288

1720985284.7098746 54872369
cloud0_tkemenade 21960632704 14231 1288

1720985285.7126148 54872465
cloud0_tkemenade 21960638821 14231 1288

1720985286.7151875 54872525
cloud0_tkemenade 21960638821 14231 1288

1720985287.7178967 54872623
cloud0_tkemenade 21960638821 14231 1288

1720985288.720458 54872700
cloud0_tkemenade 21960638821 14231 1289

1720985289.7230513 54872742
cloud0_tkemenade 21960638821 14232 1289

1720985290.7257497 54872824
cloud0_tkemenade 21960638821 14232 1289

1720985291.7281249 54872898
cloud0_tkemenade 21960638821 14232 1289

1720985292.7309144 54872992
cloud0_tkemenade 21960644855 14232 1289

1720985293.7334726 54873045
cloud0_tkemenade 21960644855 14233 1289

1720985294.7363153 54873105
cloud0_tkemenade 21960644855 14233 1289

1720985295.7391121 54873187
cloud0_tkemenade 21960644855 14233 1289

1720985296.741881 54873243
cloud0_tkemenade 21960644855 14234 1289

1720985297.744577 54873312
cloud0_tkemenade 21960644855 14234 1289

1720985298.7472494 54873371
cloud0_tkemenade 21960644855 14234 1289

1720985299.7498336 54873436
cloud0_tkemenade 21960650976 14234 1289

1720985300.752389 54873511
cloud0_tkemenade 21960650976 14235 1289

1720985301.755129 54873573
cloud0_tkemenade 21960650976 14235 1289

1720985302.757962 54873638
cloud0_tkemenade 21960650976 14235 1289

