1717274234.9642997 332290048
cloud0_tkemenade 19066237018 3185 507
cloud1_tkemenade 13703618423 3141 472

1717274235.9670637 332290196
cloud0_tkemenade 19066237018 3196 512

1717274235.9675457 332290196
cloud1_tkemenade 13703618423 3189 480

1717274236.9699025 332290326
cloud0_tkemenade 19066237018 3234 518

1717274236.9704523 332290326
cloud1_tkemenade 13703618423 3207 490

1717274237.9732125 332290511
cloud0_tkemenade 19066237018 3336 525

1717274237.973776 332290511
cloud1_tkemenade 13703618423 3214 496

1717274238.9762201 332290683
cloud0_tkemenade 19066237018 3402 539

1717274238.9767954 332290683
cloud1_tkemenade 13703618423 3227 498

1717274239.979192 332291014
cloud0_tkemenade 19066237018 3571 546

1717274239.9795527 332291014
cloud1_tkemenade 13703618423 3284 504

1717274240.9817054 332291545
cloud0_tkemenade 19066237018 3765 554

1717274240.9822752 332291545
cloud1_tkemenade 13703618423 3378 512

1717274241.9848666 332291831
cloud0_tkemenade 19066237018 3870 567

1717274241.9854834 332291833
cloud1_tkemenade 13703618423 3451 528

1717274242.988161 332292212
cloud0_tkemenade 19066237018 3987 580

1717274242.988757 332292212
cloud1_tkemenade 13703618423 3661 535

1717274243.9912062 332292550
cloud0_tkemenade 19066237018 4069 601

1717274243.9917612 332292550
cloud1_tkemenade 13703618423 3800 546

1717274244.9939566 332292841
cloud0_tkemenade 19066237018 4146 608

1717274244.9945154 332292841
cloud1_tkemenade 13703618423 3910 556

1717274245.9973142 332293178
cloud0_tkemenade 19066237018 4292 616

1717274245.997914 332293178
cloud1_tkemenade 13703618423 4022 571

1717274247.0006216 332293400
cloud0_tkemenade 19066237018 4355 629

1717274247.0011866 332293402
cloud1_tkemenade 13703618423 4105 607

1717274248.0036104 332293604
cloud0_tkemenade 19066237018 4380 637

1717274248.0041683 332293604
cloud1_tkemenade 13703618423 4187 614

1717274249.0066793 332293837
cloud0_tkemenade 19066237018 4401 647

1717274249.0072682 332293837
cloud1_tkemenade 13703618423 4294 625

1717274250.009892 332294065
cloud0_tkemenade 19066237018 4402 647

1717274250.0102248 332294065
cloud1_tkemenade 13703618423 4415 640

1717274251.0123727 332294336
cloud0_tkemenade 19066237018 4405 648

1717274251.0129228 332294336
cloud1_tkemenade 13703618423 4437 650

1717274252.0154438 332294456
cloud0_tkemenade 19066237018 4405 648

1717274252.015998 332294456
cloud1_tkemenade 13703618423 4453 658

1717274253.0186539 332294521
cloud0_tkemenade 19066237018 4405 648

1717274253.0191767 332294521
cloud1_tkemenade 13703618423 4453 658

1717274254.0219042 332294660
cloud0_tkemenade 19066237018 4405 649

1717274254.0224557 332294660
cloud1_tkemenade 13703618423 4456 660

1717274255.0252683 332294777
cloud0_tkemenade 19066237018 4405 649

1717274255.0258238 332294777
cloud1_tkemenade 13703618423 4456 660

1717274256.0282772 332294862
cloud0_tkemenade 19066237018 4405 650

1717274256.0288315 332294862
cloud1_tkemenade 13703618423 4456 660

1717274257.0313723 332294945
cloud0_tkemenade 19066237018 4405 650

1717274257.0319226 332294945
cloud1_tkemenade 13703618423 4457 660

1717274258.0342686 332295019
cloud0_tkemenade 19066237018 4405 651

1717274258.034816 332295019
cloud1_tkemenade 13703618423 4457 660

1717274258.4360015 332295070
cloud0_tkemenade 19066249952 4405 651

1717274258.4365575 332295070
cloud1_tkemenade 13703721901 4457 661

1717274259.4391353 332295183
cloud0_tkemenade 19066249952 4405 652

1717274259.4396482 332295183
cloud1_tkemenade 13703721901 4458 661

1717274260.4420552 332295307
cloud0_tkemenade 19066249952 4405 652

1717274260.4425342 332295307
cloud1_tkemenade 13703721901 4458 661

1717274261.445066 332295561
cloud0_tkemenade 19066249952 4406 652

1717274261.445671 332295561
cloud1_tkemenade 13703721901 4459 661

1717274262.448446 332295630
cloud0_tkemenade 19066249952 4406 652

1717274262.4489517 332295630
cloud1_tkemenade 13703721901 4459 661

1717274263.451374 332295687
cloud0_tkemenade 19066249952 4406 652

1717274263.4518845 332295687
cloud1_tkemenade 13703721901 4459 661

1717274264.454558 332295852
cloud0_tkemenade 19066249952 4406 652

1717274264.45501 332295852
cloud1_tkemenade 13703721901 4459 661

1717274265.4572568 332295956
cloud0_tkemenade 19066249952 4406 653

1717274265.4577558 332295956
cloud1_tkemenade 13703721901 4460 661

1717274265.5582244 332295965
cloud0_tkemenade 19066263193 4406 653

1717274265.5587296 332295965
cloud1_tkemenade 13703735142 4460 661

1717274266.5612586 332296050
cloud0_tkemenade 19066263193 4407 653

1717274266.5617588 332296050
cloud1_tkemenade 13703735142 4460 662

1717274267.56433 332296123
cloud0_tkemenade 19066263193 4407 653

1717274267.564843 332296123
cloud1_tkemenade 13703735142 4460 662

1717274268.5672553 332296219
cloud0_tkemenade 19066263193 4407 653

1717274268.567814 332296219
cloud1_tkemenade 13703735142 4460 662

1717274269.5703056 332296328
cloud0_tkemenade 19066263193 4407 653

1717274269.5708125 332296328
cloud1_tkemenade 13703735142 4460 662

1717274270.5732343 332296513
cloud0_tkemenade 19066263193 4416 654

1717274270.5737548 332296513
cloud1_tkemenade 13703735142 4460 662

1717274271.5761156 332296719
cloud0_tkemenade 19066263193 4416 654

1717274271.576618 332296719
cloud1_tkemenade 13703735142 4461 662

1717274272.5789297 332296799
cloud0_tkemenade 19066321771 4417 655

1717274272.579418 332296799
cloud1_tkemenade 13703744154 4461 662

1717274273.5818655 332296887
cloud0_tkemenade 19066321771 4417 655

1717274273.58241 332296887
cloud1_tkemenade 13703744154 4471 664

1717274274.585021 332297046
cloud0_tkemenade 19066321771 4419 655

1717274274.5855534 332297046
cloud1_tkemenade 13703744154 4471 665

1717274275.5881925 332297142
cloud0_tkemenade 19066321771 4420 655

1717274275.5887425 332297142
cloud1_tkemenade 13703744154 4471 665

1717274276.5913754 332297233
cloud0_tkemenade 19066321771 4421 655

1717274276.5918822 332297233
cloud1_tkemenade 13703744154 4472 665

1717274277.5944917 332297315
cloud0_tkemenade 19066321771 4421 656

1717274277.5948062 332297315
cloud1_tkemenade 13703744154 4476 665

1717274278.597403 332297422
cloud0_tkemenade 19066321771 4422 656

1717274278.5979176 332297422
cloud1_tkemenade 13703744154 4476 666

1717274279.6004553 332297511
cloud0_tkemenade 19066321771 4422 656

1717274279.6009805 332297511
cloud1_tkemenade 13703744154 4477 666

1717274279.8015885 332297529
cloud0_tkemenade 19066347017 4422 656

1717274279.8020885 332297529
cloud1_tkemenade 13703828309 4477 666

1717274280.8044925 332297759
cloud0_tkemenade 19066347017 4422 656

1717274280.805012 332297759
cloud1_tkemenade 13703828309 4477 666

1717274281.807493 332297909
cloud0_tkemenade 19066347017 4423 656

1717274281.807997 332297909
cloud1_tkemenade 13703828309 4478 666

1717274282.8105958 332297988
cloud0_tkemenade 19066347017 4423 656

1717274282.8111017 332297988
cloud1_tkemenade 13703828309 4478 666

1717274283.8136692 332298080
cloud0_tkemenade 19066347017 4423 656

1717274283.8141909 332298080
cloud1_tkemenade 13703828309 4479 666

1717274284.8168454 332298221
cloud0_tkemenade 19066347017 4424 656

1717274284.8173501 332298221
cloud1_tkemenade 13703828309 4479 666

1717274285.8198876 332298334
cloud0_tkemenade 19066347017 4424 656

1717274285.820391 332298334
cloud1_tkemenade 13703828309 4479 666

1717274286.8228674 332298414
cloud0_tkemenade 19066347017 4424 656

1717274286.8233664 332298414
cloud1_tkemenade 13703828309 4480 667

1717274286.9238427 332298434
cloud0_tkemenade 19066355869 4424 656

1717274286.924167 332298434
cloud1_tkemenade 13703846013 4480 667

1717274287.9264681 332298505
cloud0_tkemenade 19066355869 4425 656

1717274287.9269896 332298505
cloud1_tkemenade 13703846013 4480 667

1717274288.92958 332298604
cloud0_tkemenade 19066355869 4425 657

1717274288.9301019 332298604
cloud1_tkemenade 13703846013 4480 667

1717274289.9332545 332298693
cloud0_tkemenade 19066355869 4425 657

1717274289.933743 332298693
cloud1_tkemenade 13703846013 4481 667

1717274290.9360337 332298962
cloud0_tkemenade 19066355869 4425 657

1717274290.9365568 332298962
cloud1_tkemenade 13703846013 4481 667

1717274291.9390595 332299078
cloud0_tkemenade 19066355869 4426 657

1717274291.9395587 332299078
cloud1_tkemenade 13703846013 4482 667

1717274292.9421954 332299149
cloud0_tkemenade 19066355869 4426 657

1717274292.9427059 332299149
cloud1_tkemenade 13703846013 4482 667

1717274293.9451354 332299220
cloud0_tkemenade 19066355869 4426 657

1717274293.9456718 332299220
cloud1_tkemenade 13703846013 4482 667

1717274294.1463878 332299248
cloud0_tkemenade 19066368876 4426 657

1717274294.146912 332299248
cloud1_tkemenade 13703854684 4482 667

1717274295.149512 332299386
cloud0_tkemenade 19066368876 4426 657

1717274295.1500175 332299386
cloud1_tkemenade 13703854684 4482 668

1717274296.1525319 332299489
cloud0_tkemenade 19066368876 4427 658

1717274296.1530693 332299489
cloud1_tkemenade 13703854684 4482 668

1717274297.1557415 332299558
cloud0_tkemenade 19066368876 4427 658

1717274297.1562574 332299558
cloud1_tkemenade 13703854684 4482 668

1717274298.1587965 332299645
cloud0_tkemenade 19066368876 4427 658

1717274298.1592953 332299645
cloud1_tkemenade 13703854684 4483 668

1717274299.1629672 332299753
cloud0_tkemenade 19066368876 4427 658

1717274299.163512 332299753
cloud1_tkemenade 13703854684 4483 668

1717274300.165973 332299826
cloud0_tkemenade 19066368876 4428 658

1717274300.1663008 332299826
cloud1_tkemenade 13703854684 4483 668

1717274301.1686234 332300146
cloud0_tkemenade 19066368876 4428 658

1717274301.1691394 332300148
cloud1_tkemenade 13703854684 4483 668

1717274301.2695785 332300156
cloud0_tkemenade 19066382274 4428 658

1717274301.2699108 332300156
cloud1_tkemenade 13703863616 4483 668

1717274302.2724075 332300242
cloud0_tkemenade 19066382274 4428 658

1717274302.2729492 332300242
cloud1_tkemenade 13703863616 4484 668

1717274303.2755835 332300314
cloud0_tkemenade 19066382274 4428 658

1717274303.2761204 332300314
cloud1_tkemenade 13703863616 4484 669

1717274304.2787852 332300397
cloud0_tkemenade 19066382274 4428 659

1717274304.279334 332300397
cloud1_tkemenade 13703863616 4484 669

1717274305.2820098 332300541
cloud0_tkemenade 19066382274 4428 659

1717274305.2825716 332300541
cloud1_tkemenade 13703863616 4484 669

1717274306.2853436 332300650
cloud0_tkemenade 19066382274 4429 659

1717274306.2859087 332300650
cloud1_tkemenade 13703863616 4484 669

1717274307.2887528 332300720
cloud0_tkemenade 19066382274 4429 659

1717274307.289284 332300721
cloud1_tkemenade 13703863616 4484 669

1717274308.291916 332300803
cloud0_tkemenade 19066382274 4429 659

1717274308.292452 332300803
cloud1_tkemenade 13703863616 4485 669

1717274308.3929691 332300821
cloud0_tkemenade 19066390478 4429 659

1717274308.3935099 332300821
cloud1_tkemenade 13703875922 4485 669

1717274309.3961647 332300922
cloud0_tkemenade 19066390478 4429 659

1717274309.3967102 332300922
cloud1_tkemenade 13703875922 4485 669

1717274310.3991048 332301022
cloud0_tkemenade 19066390478 4430 659

1717274310.3996546 332301022
cloud1_tkemenade 13703875922 4485 669

1717274311.402265 332301338
cloud0_tkemenade 19066390478 4430 659

1717274311.40283 332301338
cloud1_tkemenade 13703875922 4485 670

1717274312.405439 332301412
cloud0_tkemenade 19066390478 4430 659

1717274312.4059813 332301412
cloud1_tkemenade 13703875922 4485 670

1717274313.4086823 332301484
cloud0_tkemenade 19066390478 4430 659

1717274313.4091954 332301485
cloud1_tkemenade 13703875922 4486 670

1717274314.411889 332301585
cloud0_tkemenade 19066390478 4430 659

1717274314.4124148 332301585
cloud1_tkemenade 13703875922 4486 670

1717274315.4147449 332301727
cloud0_tkemenade 19066390478 4430 660

1717274315.415261 332301727
cloud1_tkemenade 13703875922 4486 670

1717274315.616024 332301749
cloud0_tkemenade 19066399292 4430 660

1717274315.6165543 332301749
cloud1_tkemenade 13703884736 4486 670

1717274316.618993 332301848
cloud0_tkemenade 19066399292 4430 660

1717274316.6195443 332301848
cloud1_tkemenade 13703884736 4486 670

1717274317.6216779 332301922
cloud0_tkemenade 19066399292 4431 660

1717274317.6221797 332301922
cloud1_tkemenade 13703884736 4486 671

1717274318.6247346 332302010
cloud0_tkemenade 19066399292 4431 661

1717274318.6252635 332302012
cloud1_tkemenade 13703884736 4487 671

1717274319.6276386 332302118
cloud0_tkemenade 19066399292 4431 661

1717274319.627955 332302118
cloud1_tkemenade 13703884736 4487 671

1717274320.6299589 332302306
cloud0_tkemenade 19066399292 4431 661

1717274320.6303172 332302306
cloud1_tkemenade 13703884736 4487 671

1717274321.6328735 332302524
cloud0_tkemenade 19066399292 4431 661

1717274321.6334186 332302526
cloud1_tkemenade 13703884736 4488 671

1717274322.636073 332302602
cloud0_tkemenade 19066399292 4432 661

1717274322.6365356 332302602
cloud1_tkemenade 13703884736 4488 672

1717274322.7370048 332302609
cloud0_tkemenade 19066412365 4432 661

1717274322.7375007 332302609
cloud1_tkemenade 13703902167 4488 672

1717274323.7400079 332302684
cloud0_tkemenade 19066412365 4432 661

1717274323.7405238 332302684
cloud1_tkemenade 13703902167 4488 672

1717274324.7428787 332302800
cloud0_tkemenade 19066412365 4432 661

1717274324.7433703 332302800
cloud1_tkemenade 13703902167 4488 672

1717274325.7458136 332302947
cloud0_tkemenade 19066412365 4432 661

1717274325.7463157 332302947
cloud1_tkemenade 13703902167 4488 672

1717274326.7487335 332303054
cloud0_tkemenade 19066412365 4432 662

1717274326.749072 332303054
cloud1_tkemenade 13703902167 4489 672

1717274327.7513304 332303138
cloud0_tkemenade 19066412365 4432 662

1717274327.7518249 332303138
cloud1_tkemenade 13703902167 4489 672

1717274328.7542028 332303226
cloud0_tkemenade 19066412365 4432 662

1717274328.754695 332303226
cloud1_tkemenade 13703902167 4490 672

1717274329.7567682 332303334
cloud0_tkemenade 19066412365 4433 662

1717274329.7570617 332303334
cloud1_tkemenade 13703902167 4490 672

1717274329.8573794 332303346
cloud0_tkemenade 19066420972 4433 662

1717274329.8576875 332303346
cloud1_tkemenade 13703910774 4490 672

1717274330.8596518 332303611
cloud0_tkemenade 19066420972 4433 662

1717274330.8601625 332303611
cloud1_tkemenade 13703910774 4490 672

1717274331.8623722 332303768
cloud0_tkemenade 19066420972 4433 662

1717274331.8626997 332303768
cloud1_tkemenade 13703910774 4491 672

1717274332.865046 332303858
cloud0_tkemenade 19066420972 4434 662

1717274332.8655577 332303858
cloud1_tkemenade 13703910774 4491 672

1717274333.8679187 332303938
cloud0_tkemenade 19066420972 4434 662

1717274333.8684282 332303938
cloud1_tkemenade 13703910774 4491 672

1717274334.870861 332304052
cloud0_tkemenade 19066420972 4435 662

1717274334.8713646 332304052
cloud1_tkemenade 13703910774 4491 672

1717274335.8738947 332304196
cloud0_tkemenade 19066420972 4435 662

1717274335.8744128 332304196
cloud1_tkemenade 13703910774 4492 672

1717274336.8766298 332304285
cloud0_tkemenade 19066420972 4435 663

1717274336.8771372 332304285
cloud1_tkemenade 13703910774 4492 673

1717274336.977631 332304304
cloud0_tkemenade 19066434248 4435 663

1717274336.978141 332304304
cloud1_tkemenade 13703924050 4492 673

1717274337.9804976 332304394
cloud0_tkemenade 19066434248 4435 663

1717274337.9810035 332304394
cloud1_tkemenade 13703924050 4492 673

1717274338.983362 332304494
cloud0_tkemenade 19066434248 4435 663

1717274338.9838743 332304494
cloud1_tkemenade 13703924050 4492 673

1717274339.9861147 332304601
cloud0_tkemenade 19066434248 4436 663

1717274339.9866173 332304601
cloud1_tkemenade 13703924050 4492 674

1717274340.989002 332304866
cloud0_tkemenade 19066434248 4436 664

1717274340.989545 332304866
cloud1_tkemenade 13703924050 4492 674

1717274341.992043 332304986
cloud0_tkemenade 19066434248 4436 664

1717274341.992546 332304986
cloud1_tkemenade 13703924050 4492 675

1717274342.994871 332305070
cloud0_tkemenade 19066434248 4436 664

1717274342.9953794 332305070
cloud1_tkemenade 13703924050 4492 675

1717274343.9976559 332305151
cloud0_tkemenade 19066434248 4436 665

1717274343.9981647 332305151
cloud1_tkemenade 13703924050 4492 675

1717274344.0986779 332305163
cloud0_tkemenade 19066447668 4436 665

1717274344.099192 332305163
cloud1_tkemenade 13703932997 4492 675

1717274345.1012857 332305260
cloud0_tkemenade 19066447668 4436 665

1717274345.1017954 332305260
cloud1_tkemenade 13703932997 4492 676

1717274346.1043193 332305395
cloud0_tkemenade 19066447668 4436 665

1717274346.1048377 332305395
cloud1_tkemenade 13703932997 4492 676

1717274347.1070366 332305498
cloud0_tkemenade 19066447668 4437 665

1717274347.1075473 332305498
cloud1_tkemenade 13703932997 4492 676

1717274348.1096427 332305599
cloud0_tkemenade 19066447668 4437 665

1717274348.1101472 332305599
cloud1_tkemenade 13703932997 4492 676

1717274349.1126688 332305688
cloud0_tkemenade 19066447668 4437 665

1717274349.1132238 332305688
cloud1_tkemenade 13703932997 4492 677

1717274350.11548 332305800
cloud0_tkemenade 19066447668 4437 665

1717274350.115802 332305800
cloud1_tkemenade 13703932997 4492 677

1717274351.117871 332306074
cloud0_tkemenade 19066447668 4437 665

1717274351.1183891 332306074
cloud1_tkemenade 13703932997 4492 677

1717274351.419291 332306114
cloud0_tkemenade 19066452080 4437 665

1717274351.4198008 332306114
cloud1_tkemenade 13703941822 4492 677

1717274352.4221861 332306219
cloud0_tkemenade 19066452080 4437 665

1717274352.4227045 332306219
cloud1_tkemenade 13703941822 4492 677

1717274353.4250162 332306286
cloud0_tkemenade 19066452080 4438 665

1717274353.4255755 332306286
cloud1_tkemenade 13703941822 4492 677

1717274354.4279196 332306382
cloud0_tkemenade 19066452080 4438 665

1717274354.4282322 332306382
cloud1_tkemenade 13703941822 4492 678

1717274355.4303935 332306477
cloud0_tkemenade 19066452080 4438 666

1717274355.4308982 332306477
cloud1_tkemenade 13703941822 4492 678

1717274356.4334955 332306609
cloud0_tkemenade 19066452080 4438 666

1717274356.4340014 332306609
cloud1_tkemenade 13703941822 4493 678

1717274357.4365783 332306682
cloud0_tkemenade 19066452080 4438 666

1717274357.4370837 332306682
cloud1_tkemenade 13703941822 4493 678

1717274358.4394236 332306775
cloud0_tkemenade 19066452080 4438 666

1717274358.4398983 332306775
cloud1_tkemenade 13703941822 4493 678

1717274358.5402915 332306789
cloud0_tkemenade 19066460487 4438 666

1717274358.5407982 332306789
cloud1_tkemenade 13703950229 4493 678

1717274359.5429606 332306877
cloud0_tkemenade 19066460487 4438 666

1717274359.5434642 332306877
cloud1_tkemenade 13703950229 4493 679

1717274360.5456567 332307048
cloud0_tkemenade 19066460487 4438 667

1717274360.5461593 332307048
cloud1_tkemenade 13703950229 4493 679

1717274361.5487432 332307257
cloud0_tkemenade 19066460487 4438 667

1717274361.5493093 332307257
cloud1_tkemenade 13703950229 4493 679

1717274362.5518103 332307335
cloud0_tkemenade 19066460487 4438 667

1717274362.5523145 332307335
cloud1_tkemenade 13703950229 4493 679

1717274363.5543337 332307417
cloud0_tkemenade 19066460487 4439 667

1717274363.554885 332307417
cloud1_tkemenade 13703950229 4493 680

1717274364.5572817 332307523
cloud0_tkemenade 19066460487 4439 667

1717274364.5577905 332307523
cloud1_tkemenade 13703950229 4494 680

1717274365.5603151 332307610
cloud0_tkemenade 19066460487 4439 667

1717274365.5608244 332307610
cloud1_tkemenade 13703950229 4494 680

1717274365.7617533 332307632
cloud0_tkemenade 19066469214 4439 667

1717274365.7622688 332307632
cloud1_tkemenade 13703963320 4494 680

1717274366.7649956 332307773
cloud0_tkemenade 19066469214 4439 668

1717274366.7655408 332307773
cloud1_tkemenade 13703963320 4494 680

1717274367.7680311 332307842
cloud0_tkemenade 19066469214 4439 668

1717274367.7685366 332307842
cloud1_tkemenade 13703963320 4495 680

1717274368.771074 332307938
cloud0_tkemenade 19066469214 4439 668

1717274368.7715573 332307938
cloud1_tkemenade 13703963320 4495 680

1717274369.7742062 332308043
cloud0_tkemenade 19066469214 4440 668

1717274369.774705 332308043
cloud1_tkemenade 13703963320 4496 680

1717274370.777045 332308273
cloud0_tkemenade 19066469214 4440 668

1717274370.7775447 332308273
cloud1_tkemenade 13703963320 4496 680

1717274371.7799952 332308408
cloud0_tkemenade 19066469214 4440 668

1717274371.7804973 332308408
cloud1_tkemenade 13703963320 4496 680

1717274372.782937 332308464
cloud0_tkemenade 19066469214 4440 668

1717274372.7834046 332308464
cloud1_tkemenade 13703963320 4496 680

1717274372.883845 332308475
cloud0_tkemenade 19066478004 4440 668

1717274372.8843482 332308475
cloud1_tkemenade 13703972110 4496 680

1717274373.8870127 332308581
cloud0_tkemenade 19066478004 4440 669

1717274373.8875344 332308581
cloud1_tkemenade 13703972110 4496 680

1717274374.8899963 332308688
cloud0_tkemenade 19066478004 4440 669

1717274374.8905053 332308688
cloud1_tkemenade 13703972110 4496 681

1717274375.8929539 332308777
cloud0_tkemenade 19066478004 4440 670

1717274375.8934815 332308778
cloud1_tkemenade 13703972110 4497 681

1717274376.896157 332308910
cloud0_tkemenade 19066478004 4440 670

1717274376.8966646 332308910
cloud1_tkemenade 13703972110 4497 681

1717274377.8999667 332308979
cloud0_tkemenade 19066478004 4440 670

1717274377.9004433 332308979
cloud1_tkemenade 13703972110 4497 681

1717274378.9029799 332309092
cloud0_tkemenade 19066478004 4440 671

1717274378.903488 332309092
cloud1_tkemenade 13703972110 4498 682

1717274379.905895 332309184
cloud0_tkemenade 19066478004 4440 671

1717274379.9063778 332309184
cloud1_tkemenade 13703972110 4498 682

1717274380.0067909 332309202
cloud0_tkemenade 19066491028 4440 671

1717274380.007105 332309202
cloud1_tkemenade 13703989476 4498 682

1717274381.0093043 332309469
cloud0_tkemenade 19066491028 4440 672

1717274381.0098279 332309469
cloud1_tkemenade 13703989476 4499 682

1717274382.0122838 332309563
cloud0_tkemenade 19066491028 4440 672

1717274382.0127954 332309563
cloud1_tkemenade 13703989476 4499 682

1717274383.015362 332309634
cloud0_tkemenade 19066491028 4440 672

1717274383.0158367 332309634
cloud1_tkemenade 13703989476 4499 682

1717274384.0184765 332309748
cloud0_tkemenade 19066491028 4440 672

1717274384.0189915 332309748
cloud1_tkemenade 13703989476 4499 682

1717274385.021628 332309844
cloud0_tkemenade 19066491028 4440 673

1717274385.0221343 332309844
cloud1_tkemenade 13703989476 4500 682

1717274386.0248158 332309932
cloud0_tkemenade 19066491028 4440 673

1717274386.0253465 332309933
cloud1_tkemenade 13703989476 4500 682

1717274387.027938 332310088
cloud0_tkemenade 19066500143 4440 673

1717274387.0284605 332310088
cloud1_tkemenade 13703998591 4500 682

1717274388.0307283 332310164
cloud0_tkemenade 19066500143 4440 673

1717274388.0310628 332310164
cloud1_tkemenade 13703998591 4500 682

1717274389.0335145 332310262
cloud0_tkemenade 19066500143 4440 674

1717274389.034025 332310262
cloud1_tkemenade 13703998591 4500 682

1717274390.0364645 332310346
cloud0_tkemenade 19066500143 4440 674

1717274390.036796 332310346
cloud1_tkemenade 13703998591 4500 683

1717274391.0389342 332310622
cloud0_tkemenade 19066500143 4440 675

1717274391.0394733 332310622
cloud1_tkemenade 13703998591 4500 683

1717274392.0420845 332310744
cloud0_tkemenade 19066500143 4440 676

1717274392.0425744 332310744
cloud1_tkemenade 13703998591 4500 683

1717274393.0451708 332310807
cloud0_tkemenade 19066500143 4440 676

1717274393.045675 332310807
cloud1_tkemenade 13703998591 4500 683

1717274394.0481498 332310906
cloud0_tkemenade 19066500143 4440 676

1717274394.04863 332310906
cloud1_tkemenade 13703998591 4501 684

1717274394.249298 332310926
cloud0_tkemenade 19066513106 4440 676

1717274394.249796 332310926
cloud1_tkemenade 13704011554 4501 684

1717274395.2524958 332311030
cloud0_tkemenade 19066513106 4440 677

1717274395.2530072 332311030
cloud1_tkemenade 13704011554 4501 684

1717274396.2556355 332311114
cloud0_tkemenade 19066513106 4440 677

1717274396.2560945 332311114
cloud1_tkemenade 13704011554 4501 684

1717274397.2586648 332311248
cloud0_tkemenade 19066513106 4440 677

1717274397.2591763 332311248
cloud1_tkemenade 13704011554 4501 684

1717274398.2617075 332311326
cloud0_tkemenade 19066513106 4440 678

1717274398.2621744 332311326
cloud1_tkemenade 13704011554 4502 684

1717274399.2647324 332311453
cloud0_tkemenade 19066513106 4440 678

1717274399.2652903 332311453
cloud1_tkemenade 13704011554 4502 684

1717274400.2676098 332311545
cloud0_tkemenade 19066513106 4440 678

1717274400.2678943 332311545
cloud1_tkemenade 13704011554 4503 684

1717274401.2699203 332311856
cloud0_tkemenade 19066526429 4440 679

1717274401.2704895 332311856
cloud1_tkemenade 13704020436 4503 684

1717274402.2726178 332311942
cloud0_tkemenade 19066526429 4440 679

1717274402.2731009 332311942
cloud1_tkemenade 13704020436 4503 684

1717274403.2757616 332312017
cloud0_tkemenade 19066526429 4440 679

1717274403.2762756 332312017
cloud1_tkemenade 13704020436 4503 684

1717274404.278618 332312129
cloud0_tkemenade 19066526429 4440 679

1717274404.2791123 332312129
cloud1_tkemenade 13704020436 4503 684

1717274405.281612 332312240
cloud0_tkemenade 19066526429 4440 680

1717274405.2821262 332312240
cloud1_tkemenade 13704020436 4504 684

1717274406.284631 332312329
cloud0_tkemenade 19066526429 4440 680

1717274406.2851102 332312329
cloud1_tkemenade 13704020436 4504 684

1717274407.2876377 332312453
cloud0_tkemenade 19066526429 4440 680

1717274407.2881508 332312453
cloud1_tkemenade 13704020436 4504 684

1717274408.2903073 332312522
cloud0_tkemenade 19066526429 4440 680

1717274408.2907746 332312522
cloud1_tkemenade 13704020436 4504 684

1717274408.3912215 332312536
cloud0_tkemenade 19066530685 4440 680

1717274408.3915281 332312536
cloud1_tkemenade 13704024692 4504 684

1717274409.3938756 332312642
cloud0_tkemenade 19066530685 4440 680

1717274409.3944275 332312642
cloud1_tkemenade 13704024692 4505 684

1717274410.3969867 332312745
cloud0_tkemenade 19066530685 4441 681

1717274410.3975136 332312746
cloud1_tkemenade 13704024692 4505 684

1717274411.4000018 332313060
cloud0_tkemenade 19066530685 4441 681

1717274411.4005022 332313060
cloud1_tkemenade 13704024692 4505 684

1717274412.4029467 332313146
cloud0_tkemenade 19066530685 4441 681

1717274412.4034493 332313146
cloud1_tkemenade 13704024692 4505 685

1717274413.406145 332313217
cloud0_tkemenade 19066530685 4441 681

1717274413.4066386 332313217
cloud1_tkemenade 13704024692 4506 685

1717274414.409216 332313332
cloud0_tkemenade 19066530685 4441 681

1717274414.409729 332313332
cloud1_tkemenade 13704024692 4506 685

1717274415.4122045 332313425
cloud0_tkemenade 19066530685 4441 681

1717274415.412694 332313425
cloud1_tkemenade 13704024692 4506 685

1717274415.5131388 332313440
cloud0_tkemenade 19066539569 4441 681

1717274415.513674 332313440
cloud1_tkemenade 13704038019 4506 685

1717274416.5162554 332313534
cloud0_tkemenade 19066539569 4441 682

1717274416.5168 332313534
cloud1_tkemenade 13704038019 4506 685

1717274417.51931 332313666
cloud0_tkemenade 19066539569 4442 682

1717274417.5198224 332313666
cloud1_tkemenade 13704038019 4506 685

1717274418.5221212 332313759
cloud0_tkemenade 19066539569 4442 682

1717274418.522632 332313759
cloud1_tkemenade 13704038019 4506 686

1717274419.525295 332313877
cloud0_tkemenade 19066539569 4442 682

1717274419.5258262 332313877
cloud1_tkemenade 13704038019 4506 686

1717274420.5284345 332314036
cloud0_tkemenade 19066539569 4443 682

1717274420.528761 332314036
cloud1_tkemenade 13704038019 4506 686

1717274421.5309331 332314292
cloud0_tkemenade 19066539569 4443 682

1717274421.531442 332314292
cloud1_tkemenade 13704038019 4506 686

1717274422.5340366 332314383
cloud0_tkemenade 19066539569 4443 682

1717274422.5345564 332314383
cloud1_tkemenade 13704038019 4506 687

1717274422.735189 332314413
cloud0_tkemenade 19066552423 4443 682

1717274422.7357078 332314413
cloud1_tkemenade 13704046588 4506 687

1717274423.7381916 332314507
cloud0_tkemenade 19066552423 4443 682

1717274423.7387025 332314507
cloud1_tkemenade 13704046588 4506 687

1717274424.7412813 332314626
cloud0_tkemenade 19066552423 4443 683

1717274424.7415743 332314626
cloud1_tkemenade 13704046588 4507 687

1717274425.7439759 332314714
cloud0_tkemenade 19066552423 4444 683

1717274425.744347 332314714
cloud1_tkemenade 13704046588 4507 687

1717274426.7467694 332314813
cloud0_tkemenade 19066552423 4444 683

1717274426.7472665 332314813
cloud1_tkemenade 13704046588 4507 687

1717274427.7497091 332314928
cloud0_tkemenade 19066552423 4444 683

1717274427.750012 332314928
cloud1_tkemenade 13704046588 4507 687

1717274428.7525887 332315018
cloud0_tkemenade 19066552423 4444 683

1717274428.753094 332315018
cloud1_tkemenade 13704046588 4508 688

1717274429.7554448 332315128
cloud0_tkemenade 19066552423 4445 683

1717274429.7559817 332315128
cloud1_tkemenade 13704046588 4508 688

1717274429.9566815 332315161
cloud0_tkemenade 19066564983 4445 683

1717274429.9569826 332315161
cloud1_tkemenade 13704059148 4508 688

1717274430.9591515 332315428
cloud0_tkemenade 19066564983 4445 683

1717274430.9596376 332315428
cloud1_tkemenade 13704059148 4508 688

1717274431.9622564 332315563
cloud0_tkemenade 19066564983 4445 683

1717274431.96273 332315563
cloud1_tkemenade 13704059148 4508 688

1717274432.9653237 332315635
cloud0_tkemenade 19066564983 4445 683

1717274432.9658222 332315635
cloud1_tkemenade 13704059148 4509 688

1717274433.968322 332315721
cloud0_tkemenade 19066564983 4446 683

1717274433.9688108 332315721
cloud1_tkemenade 13704059148 4509 688

1717274434.9712012 332315842
cloud0_tkemenade 19066564983 4446 683

1717274434.9716957 332315842
cloud1_tkemenade 13704059148 4509 688

1717274435.9741285 332315962
cloud0_tkemenade 19066564983 4446 683

1717274435.9746065 332315962
cloud1_tkemenade 13704059148 4509 688

1717274436.9770162 332316048
cloud0_tkemenade 19066569328 4446 683

1717274436.9775693 332316048
cloud1_tkemenade 13704067839 4510 688

1717274437.980183 332316171
cloud0_tkemenade 19066569328 4447 683

1717274437.980701 332316171
cloud1_tkemenade 13704067839 4510 688

1717274438.9832156 332316276
cloud0_tkemenade 19066569328 4447 683

1717274438.983732 332316276
cloud1_tkemenade 13704067839 4510 688

1717274439.9863293 332316400
cloud0_tkemenade 19066569328 4447 683

1717274439.986627 332316400
cloud1_tkemenade 13704067839 4510 688

1717274440.9889545 332316681
cloud0_tkemenade 19066569328 4447 683

1717274440.9894924 332316682
cloud1_tkemenade 13704067839 4511 688

1717274441.9920745 332316807
cloud0_tkemenade 19066569328 4448 683

1717274441.9925575 332316807
cloud1_tkemenade 13704067839 4511 688

1717274442.9948843 332316908
cloud0_tkemenade 19066569328 4448 683

1717274442.9953668 332316908
cloud1_tkemenade 13704067839 4511 688

1717274443.9976475 332317019
cloud0_tkemenade 19066578220 4448 683

1717274443.9980037 332317019
cloud1_tkemenade 13704072285 4511 688

1717274445.0003076 332317129
cloud0_tkemenade 19066578220 4448 683

1717274445.0008047 332317129
cloud1_tkemenade 13704072285 4511 688

1717274446.003171 332317248
cloud0_tkemenade 19066578220 4448 684

1717274446.0036726 332317248
cloud1_tkemenade 13704072285 4511 688

1717274447.0061388 332317358
cloud0_tkemenade 19066578220 4448 684

1717274447.006642 332317358
cloud1_tkemenade 13704072285 4512 689

1717274448.0092182 332317451
cloud0_tkemenade 19066578220 4448 684

1717274448.0097075 332317451
cloud1_tkemenade 13704072285 4512 689

1717274449.0122232 332317593
cloud0_tkemenade 19066578220 4448 685

1717274449.0127244 332317593
cloud1_tkemenade 13704072285 4512 689

1717274450.0152402 332317698
cloud0_tkemenade 19066578220 4449 685

1717274450.0155556 332317698
cloud1_tkemenade 13704072285 4513 689

1717274451.0177438 332317982
cloud0_tkemenade 19066578220 4449 685

1717274451.0182436 332317982
cloud1_tkemenade 13704072285 4513 689

1717274451.2189429 332318022
cloud0_tkemenade 19066591197 4449 685

1717274451.2194428 332318022
cloud1_tkemenade 13704085262 4513 689

1717274452.2218232 332318125
cloud0_tkemenade 19066591197 4449 685

1717274452.222341 332318125
cloud1_tkemenade 13704085262 4513 689

1717274453.2246706 332318228
cloud0_tkemenade 19066591197 4450 685

1717274453.225149 332318229
cloud1_tkemenade 13704085262 4514 689

1717274454.2278962 332318330
cloud0_tkemenade 19066591197 4450 685

1717274454.2283833 332318330
cloud1_tkemenade 13704085262 4514 689

1717274455.2308483 332318455
cloud0_tkemenade 19066591197 4450 685

1717274455.2313323 332318455
cloud1_tkemenade 13704085262 4514 689

1717274456.233888 332318579
cloud0_tkemenade 19066591197 4451 685

1717274456.2344024 332318579
cloud1_tkemenade 13704085262 4515 689

1717274457.2370446 332318678
cloud0_tkemenade 19066591197 4451 685

1717274457.2376475 332318678
cloud1_tkemenade 13704085262 4515 689

1717274458.240111 332318786
cloud0_tkemenade 19066600023 4451 685

1717274458.2406158 332318786
cloud1_tkemenade 13704098501 4516 689

1717274459.2429872 332318927
cloud0_tkemenade 19066600023 4452 685

1717274459.2434924 332318927
cloud1_tkemenade 13704098501 4516 689

1717274460.2458158 332319018
cloud0_tkemenade 19066600023 4452 685

1717274460.246125 332319018
cloud1_tkemenade 13704098501 4516 689

1717274461.2484777 332319328
cloud0_tkemenade 19066600023 4452 685

1717274461.249002 332319328
cloud1_tkemenade 13704098501 4517 689

1717274462.2516956 332319424
cloud0_tkemenade 19066600023 4453 685

1717274462.2522395 332319424
cloud1_tkemenade 13704098501 4517 689

1717274463.2545176 332319507
cloud0_tkemenade 19066600023 4453 685

1717274463.255026 332319507
cloud1_tkemenade 13704098501 4517 689

1717274464.2576885 332319619
cloud0_tkemenade 19066600023 4453 685

1717274464.2581844 332319619
cloud1_tkemenade 13704098501 4518 689

1717274465.260605 332319727
cloud0_tkemenade 19066600023 4453 685

1717274465.2610953 332319727
cloud1_tkemenade 13704098501 4518 690

1717274465.4617543 332319755
cloud0_tkemenade 19066608794 4454 685

1717274465.462257 332319755
cloud1_tkemenade 13704111657 4518 690

1717274466.464781 332319882
cloud0_tkemenade 19066608794 4454 685

1717274466.465316 332319883
cloud1_tkemenade 13704111657 4518 690

1717274467.467964 332320002
cloud0_tkemenade 19066608794 4454 686

1717274467.4684632 332320002
cloud1_tkemenade 13704111657 4518 690

1717274468.4709666 332320092
cloud0_tkemenade 19066608794 4454 686

1717274468.471457 332320092
cloud1_tkemenade 13704111657 4518 690

1717274469.4738495 332320243
cloud0_tkemenade 19066608794 4454 686

1717274469.4743326 332320243
cloud1_tkemenade 13704111657 4519 690

1717274470.4766593 332320369
cloud0_tkemenade 19066608794 4455 686

1717274470.4772058 332320372
cloud1_tkemenade 13704111657 4519 690

1717274471.4796643 332320669
cloud0_tkemenade 19066608794 4455 686

1717274471.4799576 332320669
cloud1_tkemenade 13704111657 4519 691

1717274472.4821272 332320785
cloud0_tkemenade 19066621980 4455 686

1717274472.4826047 332320785
cloud1_tkemenade 13704120448 4519 691

1717274473.484974 332320894
cloud0_tkemenade 19066621980 4455 686

1717274473.4854863 332320894
cloud1_tkemenade 13704120448 4519 691

1717274474.4881809 332321001
cloud0_tkemenade 19066621980 4456 686

1717274474.4887009 332321001
cloud1_tkemenade 13704120448 4519 691

1717274475.4913685 332321097
cloud0_tkemenade 19066621980 4456 686

1717274475.491873 332321097
cloud1_tkemenade 13704120448 4520 691

1717274476.494393 332321241
cloud0_tkemenade 19066621980 4456 686

1717274476.4948907 332321241
cloud1_tkemenade 13704120448 4520 691

1717274477.497614 332321345
cloud0_tkemenade 19066621980 4456 686

1717274477.4981546 332321345
cloud1_tkemenade 13704120448 4520 691

1717274478.5006206 332321442
cloud0_tkemenade 19066621980 4456 686

1717274478.501114 332321442
cloud1_tkemenade 13704120448 4520 691

1717274479.5034773 332321581
cloud0_tkemenade 19066621980 4456 686

1717274479.5039485 332321581
cloud1_tkemenade 13704120448 4521 691

1717274479.6044075 332321596
cloud0_tkemenade 19066626250 4456 686

1717274479.6049182 332321596
cloud1_tkemenade 13704128989 4521 691

1717274480.6074572 332321804
cloud0_tkemenade 19066626250 4457 686

1717274480.6080055 332321804
cloud1_tkemenade 13704128989 4521 691

1717274481.6106415 332322044
cloud0_tkemenade 19066626250 4457 687

1717274481.6112008 332322044
cloud1_tkemenade 13704128989 4521 691

1717274482.6138825 332322160
cloud0_tkemenade 19066626250 4457 687

1717274482.6143596 332322160
cloud1_tkemenade 13704128989 4522 691

1717274483.616801 332322284
cloud0_tkemenade 19066626250 4457 687

1717274483.6173203 332322286
cloud1_tkemenade 13704128989 4522 691

1717274484.6200414 332322423
cloud0_tkemenade 19066626250 4459 687

1717274484.620775 332322423
cloud1_tkemenade 13704128989 4522 691

1717274485.6231606 332322498
cloud0_tkemenade 19066626250 4459 687

1717274485.6236727 332322498
cloud1_tkemenade 13704128989 4522 691

1717274486.6257946 332322621
cloud0_tkemenade 19066626250 4459 688

1717274486.626293 332322621
cloud1_tkemenade 13704128989 4522 691

1717274486.8269124 332322655
cloud0_tkemenade 19066647876 4459 688

1717274486.8274157 332322655
cloud1_tkemenade 13704133314 4522 691

1717274487.8296626 332322747
cloud0_tkemenade 19066647876 4459 688

1717274487.8301651 332322747
cloud1_tkemenade 13704133314 4523 691

1717274488.8326159 332322854
cloud0_tkemenade 19066647876 4459 688

1717274488.8331327 332322854
cloud1_tkemenade 13704133314 4523 691

1717274489.8354495 332323011
cloud0_tkemenade 19066647876 4460 688

1717274489.835946 332323011
cloud1_tkemenade 13704133314 4523 691

1717274490.8381808 332323263
cloud0_tkemenade 19066647876 4460 688

1717274490.838563 332323263
cloud1_tkemenade 13704133314 4523 692

1717274491.8412418 332323448
cloud0_tkemenade 19066647876 4460 688

1717274491.841755 332323448
cloud1_tkemenade 13704133314 4524 692

1717274492.8441713 332323556
cloud0_tkemenade 19066647876 4460 688

1717274492.844679 332323556
cloud1_tkemenade 13704133314 4524 692

1717274493.8467827 332323673
cloud0_tkemenade 19066647876 4460 688

1717274493.847325 332323673
cloud1_tkemenade 13704133314 4524 692

1717274493.9478145 332323683
cloud0_tkemenade 19066652313 4460 688

1717274493.9483173 332323683
cloud1_tkemenade 13704146626 4524 692

1717274494.9503918 332323798
cloud0_tkemenade 19066652313 4460 688

1717274494.9508967 332323798
cloud1_tkemenade 13704146626 4524 692

1717274495.9532504 332323912
cloud0_tkemenade 19066652313 4461 688

1717274495.953753 332323912
cloud1_tkemenade 13704146626 4525 692

1717274496.9561944 332324055
cloud0_tkemenade 19066652313 4461 688

1717274496.9567366 332324055
cloud1_tkemenade 13704146626 4525 692

1717274497.9591339 332324164
cloud0_tkemenade 19066652313 4461 688

1717274497.9596395 332324164
cloud1_tkemenade 13704146626 4525 692

1717274498.9618156 332324264
cloud0_tkemenade 19066652313 4461 688

1717274498.9622955 332324264
cloud1_tkemenade 13704146626 4526 692

1717274499.9647012 332324419
cloud0_tkemenade 19066652313 4462 689

1717274499.9650218 332324419
cloud1_tkemenade 13704146626 4526 692

1717274500.9670022 332324672
cloud0_tkemenade 19066665350 4462 689

1717274500.967455 332324672
cloud1_tkemenade 13704155317 4526 692

1717274501.9696858 332324829
cloud0_tkemenade 19066665350 4463 689

1717274501.9702349 332324829
cloud1_tkemenade 13704155317 4527 692

1717274502.9728155 332324945
cloud0_tkemenade 19066665350 4463 689

1717274502.9733639 332324946
cloud1_tkemenade 13704155317 4527 692

1717274503.975596 332325072
cloud0_tkemenade 19066665350 4463 689

1717274503.976099 332325072
cloud1_tkemenade 13704155317 4527 692

1717274504.9786336 332325213
cloud0_tkemenade 19066665350 4463 689

1717274504.9791508 332325213
cloud1_tkemenade 13704155317 4527 692

1717274505.9816468 332325311
cloud0_tkemenade 19066665350 4464 689

1717274505.9821305 332325311
cloud1_tkemenade 13704155317 4528 692

1717274506.984486 332325463
cloud0_tkemenade 19066665350 4464 689

1717274506.9850025 332325463
cloud1_tkemenade 13704155317 4528 692

1717274507.9874473 332325576
cloud0_tkemenade 19066665350 4464 689

1717274507.987961 332325576
cloud1_tkemenade 13704155317 4528 692

1717274508.0884507 332325597
cloud0_tkemenade 19066673930 4464 689

1717274508.0889356 332325597
cloud1_tkemenade 13704163897 4528 692

1717274509.0910676 332325708
cloud0_tkemenade 19066673930 4464 689

1717274509.091571 332325708
cloud1_tkemenade 13704163897 4529 692

1717274510.0939996 332325852
cloud0_tkemenade 19066673930 4465 689

1717274510.0943198 332325852
cloud1_tkemenade 13704163897 4529 692

1717274511.0964596 332326160
cloud0_tkemenade 19066673930 4465 689

1717274511.0969746 332326160
cloud1_tkemenade 13704163897 4529 692

1717274512.0993235 332326287
cloud0_tkemenade 19066673930 4465 689

1717274512.099853 332326287
cloud1_tkemenade 13704163897 4530 692

1717274513.1022656 332326404
cloud0_tkemenade 19066673930 4466 690

1717274513.1027448 332326404
cloud1_tkemenade 13704163897 4530 692

1717274514.1057062 332326516
cloud0_tkemenade 19066673930 4466 690

1717274514.106227 332326516
cloud1_tkemenade 13704163897 4530 692

1717274515.10876 332326640
cloud0_tkemenade 19066673930 4466 690

1717274515.1092522 332326641
cloud1_tkemenade 13704163897 4531 692

1717274515.2096953 332326658
cloud0_tkemenade 19066687163 4466 690

1717274515.2101617 332326658
cloud1_tkemenade 13704177130 4531 692

1717274516.2125034 332326757
cloud0_tkemenade 19066687163 4467 691

1717274516.2130196 332326757
cloud1_tkemenade 13704177130 4531 692

1717274517.2154803 332326883
cloud0_tkemenade 19066687163 4467 691

1717274517.2160413 332326883
cloud1_tkemenade 13704177130 4531 693

1717274518.2183633 332327010
cloud0_tkemenade 19066687163 4467 691

1717274518.2188644 332327010
cloud1_tkemenade 13704177130 4531 693

1717274519.22127 332327120
cloud0_tkemenade 19066687163 4467 691

1717274519.2217805 332327120
cloud1_tkemenade 13704177130 4532 693

1717274520.224025 332327271
cloud0_tkemenade 19066687163 4467 691

1717274520.224324 332327271
cloud1_tkemenade 13704177130 4533 693

1717274521.2265418 332327597
cloud0_tkemenade 19066687163 4467 692

1717274521.2270467 332327597
cloud1_tkemenade 13704177130 4533 693

1717274522.2294245 332327701
cloud0_tkemenade 19066687163 4468 692

1717274522.229942 332327701
cloud1_tkemenade 13704177130 4533 693

1717274522.4305527 332327734
cloud0_tkemenade 19066704451 4468 692

1717274522.4310684 332327734
cloud1_tkemenade 13704190096 4533 693

1717274523.433434 332327858
cloud0_tkemenade 19066704451 4468 692

1717274523.4339392 332327858
cloud1_tkemenade 13704190096 4533 693

1717274524.4365156 332327997
cloud0_tkemenade 19066704451 4468 692

1717274524.437056 332327997
cloud1_tkemenade 13704190096 4534 693

1717274525.439661 332328112
cloud0_tkemenade 19066704451 4468 692

1717274525.4401739 332328112
cloud1_tkemenade 13704190096 4534 693

1717274526.4425545 332328221
cloud0_tkemenade 19066704451 4469 692

1717274526.4430592 332328221
cloud1_tkemenade 13704190096 4534 693

1717274527.4454741 332328366
cloud0_tkemenade 19066704451 4469 692

1717274527.4459913 332328366
cloud1_tkemenade 13704190096 4535 693

1717274528.4485338 332328480
cloud0_tkemenade 19066704451 4469 692

1717274528.4490504 332328480
cloud1_tkemenade 13704190096 4535 693

1717274529.451272 332328583
cloud0_tkemenade 19066704451 4469 692

1717274529.4518168 332328583
cloud1_tkemenade 13704190096 4535 693

1717274529.6524873 332328618
cloud0_tkemenade 19066708498 4469 692

1717274529.6528919 332328618
cloud1_tkemenade 13704198190 4535 693

1717274530.6549153 332328840
cloud0_tkemenade 19066708498 4470 692

1717274530.6552482 332328840
cloud1_tkemenade 13704198190 4536 693

1717274531.6573772 332329049
cloud0_tkemenade 19066708498 4470 692

1717274531.6578822 332329049
cloud1_tkemenade 13704198190 4536 693

1717274532.660356 332329194
cloud0_tkemenade 19066708498 4470 692

1717274532.6608667 332329194
cloud1_tkemenade 13704198190 4536 693

1717274533.6632614 332329314
cloud0_tkemenade 19066708498 4470 693

1717274533.6638143 332329314
cloud1_tkemenade 13704198190 4537 693

1717274534.6662998 332329444
cloud0_tkemenade 19066708498 4470 693

1717274534.6667986 332329444
cloud1_tkemenade 13704198190 4537 693

