1721162939.1088119 62792538
cloud0_tkemenade 23928869728 9374 1234

1721162940.1116288 62792634
cloud0_tkemenade 23928869728 9465 1236

1721162941.1146286 62792735
cloud0_tkemenade 23928869728 9562 1238

1721162942.117374 62792830
cloud0_tkemenade 23928869728 9657 1238

1721162943.1198153 62792919
cloud0_tkemenade 23928869728 9740 1244

1721162943.7214794 62792982
cloud0_tkemenade 23931708746 9799 1245

1721162944.723463 62793075
cloud0_tkemenade 23931708746 9892 1247

1721162945.7260685 62793177
cloud0_tkemenade 23931708746 9988 1247

1721162946.7285466 62793279
cloud0_tkemenade 23931708746 10082 1249

1721162947.7310224 62793356
cloud0_tkemenade 23931708746 10160 1254

1721162948.7333486 62793442
cloud0_tkemenade 23931708746 10245 1258

1721162949.7357597 62793540
cloud0_tkemenade 23931708746 10343 1259

1721162950.738033 62793618
cloud0_tkemenade 23934343370 10420 1263

1721162951.7405896 62793721
cloud0_tkemenade 23934343370 10521 1264

1721162952.7430553 62793820
cloud0_tkemenade 23934343370 10620 1264

1721162953.7455757 62793919
cloud0_tkemenade 23934343370 10717 1266

1721162954.7481186 62794019
cloud0_tkemenade 23934343370 10818 1266

1721162955.7506177 62794123
cloud0_tkemenade 23934343370 10918 1266

1721162956.753144 62794228
cloud0_tkemenade 23934343370 11017 1266

1721162957.7556982 62794313
cloud0_tkemenade 23934343370 11103 1270

1721162957.856437 62794325
cloud0_tkemenade 23937156749 11111 1270

1721162958.8591928 62794411
cloud0_tkemenade 23937156749 11200 1275

1721162959.861878 62794503
cloud0_tkemenade 23937156749 11294 1276

1721162960.8646047 62794607
cloud0_tkemenade 23937156749 11391 1277

1721162961.867131 62794696
cloud0_tkemenade 23937156749 11481 1283

1721162962.8696384 62794793
cloud0_tkemenade 23937156749 11577 1286

1721162963.8721628 62794893
cloud0_tkemenade 23937156749 11677 1286

1721162964.8746645 62794993
cloud0_tkemenade 23937156749 11776 1287

1721162965.0754893 62795016
cloud0_tkemenade 23940006755 11796 1287

1721162966.0780292 62795115
cloud0_tkemenade 23940006755 11895 1289

1721162967.080576 62795209
cloud0_tkemenade 23940006755 11985 1296

1721162968.0831485 62795313
cloud0_tkemenade 23940006755 12085 1297

1721162969.0856655 62795413
cloud0_tkemenade 23940006755 12185 1297

1721162970.0882368 62795515
cloud0_tkemenade 23940006755 12285 1297

1721162971.0907507 62795617
cloud0_tkemenade 23940006755 12384 1297

1721162972.0932455 62795721
cloud0_tkemenade 23942821161 12484 1297

1721162973.0958226 62795822
cloud0_tkemenade 23942821161 12585 1297

1721162974.098356 62795924
cloud0_tkemenade 23942821161 12685 1298

1721162975.1008341 62796024
cloud0_tkemenade 23942821161 12784 1298

1721162976.1032028 62796098
cloud0_tkemenade 23942821161 12864 1305

1721162977.1057842 62796200
cloud0_tkemenade 23942821161 12955 1307

1721162978.1083357 62796283
cloud0_tkemenade 23942821161 13039 1308

1721162979.1108122 62796287
cloud0_tkemenade 23942821161 13040 1308

1721162979.211496 62796288
cloud0_tkemenade 23945140719 13040 1308

1721162980.2140782 62796297
cloud0_tkemenade 23945140719 13040 1308

1721162981.2167087 62796301
cloud0_tkemenade 23945140719 13040 1308

1721162982.219332 62796309
cloud0_tkemenade 23945140719 13043 1309

1721162983.221952 62796312
cloud0_tkemenade 23945140719 13043 1310

1721162984.22456 62796316
cloud0_tkemenade 23945140719 13043 1310

1721162985.2270706 62796319
cloud0_tkemenade 23945140719 13043 1310

1721162986.1294007 62796325
cloud0_tkemenade 23945155224 13043 1310

1721162987.1320288 62796338
cloud0_tkemenade 23945155224 13043 1311

1721162988.1347096 62796340
cloud0_tkemenade 23945155224 13043 1313

1721162989.1372938 62796355
cloud0_tkemenade 23945155224 13055 1315

1721162990.1398811 62796358
cloud0_tkemenade 23945155224 13055 1315

1721162991.1424892 62796359
cloud0_tkemenade 23945155224 13055 1316

1721162992.145016 62796362
cloud0_tkemenade 23945155224 13058 1316

1721162993.1475654 62796365
cloud0_tkemenade 23945219181 13059 1316

1721162994.1501095 62796366
cloud0_tkemenade 23945219181 13059 1316

1721162995.152684 62796367
cloud0_tkemenade 23945219181 13059 1316

1721162996.1552126 62796367
cloud0_tkemenade 23945219181 13059 1316

1721162997.1577966 62796375
cloud0_tkemenade 23945219181 13059 1316

1721162998.1605015 62796377
cloud0_tkemenade 23945219181 13059 1317

1721162999.1630766 62796377
cloud0_tkemenade 23945219181 13059 1317

1721163000.1656063 62796383
cloud0_tkemenade 23945219181 13059 1317

1721163000.2662692 62796388
cloud0_tkemenade 23945222181 13059 1317

1721163001.2688892 62796389
cloud0_tkemenade 23945222181 13059 1317

1721163002.271508 62796389
cloud0_tkemenade 23945222181 13059 1317

1721163003.2740912 62796390
cloud0_tkemenade 23945222181 13059 1317

1721163004.276704 62796391
cloud0_tkemenade 23945222181 13059 1317

1721163005.2793043 62796391
cloud0_tkemenade 23945222181 13060 1317

1721163006.2818384 62796393
cloud0_tkemenade 23945222181 13060 1317

1721163007.2842326 62796404
cloud0_tkemenade 23945222181 13063 1320

1721163007.3848734 62796408
cloud0_tkemenade 23945242175 13063 1320

1721163008.3874588 62796409
cloud0_tkemenade 23945242175 13063 1321

1721163009.3900297 62796419
cloud0_tkemenade 23945242175 13063 1321

1721163010.3926282 62796421
cloud0_tkemenade 23945242175 13063 1321

1721163011.395277 62796421
cloud0_tkemenade 23945242175 13063 1321

1721163012.3978605 62796421
cloud0_tkemenade 23945242175 13063 1321

1721163013.4004219 62796423
cloud0_tkemenade 23945242175 13063 1321

1721163014.403127 62796427
cloud0_tkemenade 23945247922 13063 1322

1721163015.4056563 62796427
cloud0_tkemenade 23945247922 13063 1322

1721163016.4081638 62796429
cloud0_tkemenade 23945247922 13063 1322

1721163017.4107745 62796431
cloud0_tkemenade 23945247922 13063 1322

1721163018.4133635 62796437
cloud0_tkemenade 23945247922 13063 1322

1721163019.416067 62796439
cloud0_tkemenade 23945247922 13064 1322

1721163020.4185607 62796441
cloud0_tkemenade 23945247922 13064 1322

1721163021.4210837 62796444
cloud0_tkemenade 23945247922 13064 1322

1721163021.521709 62796445
cloud0_tkemenade 23945251100 13064 1322

1721163022.5241904 62796446
cloud0_tkemenade 23945251100 13064 1324

1721163023.5267365 62796446
cloud0_tkemenade 23945251100 13064 1324

1721163024.5293264 62796447
cloud0_tkemenade 23945251100 13064 1324

1721163025.5318935 62796447
cloud0_tkemenade 23945251100 13064 1324

1721163026.5343673 62796447
cloud0_tkemenade 23945251100 13065 1324

1721163027.5369124 62796448
cloud0_tkemenade 23945251100 13065 1324

1721163028.4392035 62796465
cloud0_tkemenade 23945259811 13065 1324

1721163029.441831 62796465
cloud0_tkemenade 23945259811 13065 1325

1721163030.4443505 62796467
cloud0_tkemenade 23945259811 13065 1325

1721163031.4469986 62796480
cloud0_tkemenade 23945259811 13065 1325

1721163032.4496374 62796480
cloud0_tkemenade 23945259811 13065 1326

1721163033.4521015 62796481
cloud0_tkemenade 23945259811 13065 1326

1721163034.4545765 62796482
cloud0_tkemenade 23945259811 13065 1326

1721163035.4570112 62796486
cloud0_tkemenade 23945265645 13065 1326

1721163036.4595253 62796487
cloud0_tkemenade 23945265645 13065 1327

1721163037.4620857 62796487
cloud0_tkemenade 23945265645 13065 1327

1721163038.464702 62796499
cloud0_tkemenade 23945265645 13065 1327

1721163039.4672296 62796507
cloud0_tkemenade 23945265645 13065 1327

1721163040.4697638 62796509
cloud0_tkemenade 23945265645 13065 1327

1721163041.4722059 62796511
cloud0_tkemenade 23945265645 13065 1328

1721163042.4746401 62796511
cloud0_tkemenade 23945265645 13065 1328

1721163042.7755914 62796515
cloud0_tkemenade 23945272040 13065 1328

1721163043.7779233 62796516
cloud0_tkemenade 23945272040 13065 1328

1721163044.7803354 62796518
cloud0_tkemenade 23945272040 13066 1328

1721163045.7827444 62796519
cloud0_tkemenade 23945272040 13066 1328

1721163046.7853036 62796520
cloud0_tkemenade 23945272040 13066 1328

1721163047.7878952 62796520
cloud0_tkemenade 23945272040 13066 1328

1721163048.7903519 62796531
cloud0_tkemenade 23945272040 13066 1328

1721163049.7929273 62796540
cloud0_tkemenade 23945274974 13066 1328

1721163050.7954714 62796546
cloud0_tkemenade 23945274974 13067 1328

1721163051.7980351 62796547
cloud0_tkemenade 23945274974 13067 1328

1721163052.8007312 62796548
cloud0_tkemenade 23945274974 13067 1328

1721163053.8033104 62796555
cloud0_tkemenade 23945274974 13067 1328

1721163054.8059595 62796555
cloud0_tkemenade 23945274974 13067 1328

1721163055.8085465 62796556
cloud0_tkemenade 23945274974 13068 1328

1721163056.8110237 62796562
cloud0_tkemenade 23945274974 13068 1328

1721163056.911664 62796562
cloud0_tkemenade 23945280804 13068 1328

1721163057.9141827 62796562
cloud0_tkemenade 23945280804 13068 1328

1721163058.9167693 62796569
cloud0_tkemenade 23945280804 13068 1328

1721163059.9194238 62796570
cloud0_tkemenade 23945280804 13068 1328

1721163060.9220042 62796572
cloud0_tkemenade 23945280804 13069 1329

1721163061.9246182 62796573
cloud0_tkemenade 23945280804 13069 1329

1721163062.9272053 62796573
cloud0_tkemenade 23945280804 13069 1329

1721163063.829501 62796577
cloud0_tkemenade 23945286585 13069 1329

1721163064.832062 62796578
cloud0_tkemenade 23945286585 13069 1329

1721163065.8346283 62796579
cloud0_tkemenade 23945286585 13070 1329

1721163066.8371215 62796580
cloud0_tkemenade 23945286585 13070 1329

1721163067.8396785 62796580
cloud0_tkemenade 23945286585 13070 1329

1721163068.842218 62796605
cloud0_tkemenade 23945286585 13070 1329

1721163069.8448997 62796611
cloud0_tkemenade 23945286585 13071 1329

1721163070.8474982 62796616
cloud0_tkemenade 23945292338 13071 1329

1721163071.8500872 62796617
cloud0_tkemenade 23945292338 13071 1329

1721163072.852705 62796619
cloud0_tkemenade 23945292338 13071 1329

1721163073.85527 62796620
cloud0_tkemenade 23945292338 13071 1329

1721163074.8578193 62796621
cloud0_tkemenade 23945292338 13072 1329

1721163075.8603332 62796621
cloud0_tkemenade 23945292338 13072 1329

1721163076.8627942 62796623
cloud0_tkemenade 23945292338 13072 1329

1721163077.8653164 62796624
cloud0_tkemenade 23945292338 13072 1329

1721163078.066098 62796629
cloud0_tkemenade 23945295135 13072 1329

1721163079.0687032 62796652
cloud0_tkemenade 23945295135 13072 1329

1721163080.0713193 62796660
cloud0_tkemenade 23945295135 13072 1329

1721163081.0740058 62796661
cloud0_tkemenade 23945295135 13073 1329

1721163082.0765314 62796661
cloud0_tkemenade 23945295135 13073 1329

1721163083.0791042 62796662
cloud0_tkemenade 23945295135 13074 1329

1721163084.0816803 62796662
cloud0_tkemenade 23945295135 13074 1329

1721163085.0842667 62796667
cloud0_tkemenade 23945300878 13074 1329

1721163086.086833 62796669
cloud0_tkemenade 23945300878 13074 1329

1721163087.089402 62796669
cloud0_tkemenade 23945300878 13074 1329

1721163088.0919466 62796677
cloud0_tkemenade 23945300878 13074 1329

1721163089.0946171 62796677
cloud0_tkemenade 23945300878 13075 1329

1721163090.097237 62796696
cloud0_tkemenade 23945300878 13075 1329

1721163091.099857 62796696
cloud0_tkemenade 23945300878 13075 1329

1721163092.1023781 62796700
cloud0_tkemenade 23945300878 13075 1329

1721163092.2029743 62796700
cloud0_tkemenade 23945303771 13075 1329

1721163093.2052438 62796700
cloud0_tkemenade 23945303771 13075 1329

1721163094.2074914 62796702
cloud0_tkemenade 23945303771 13076 1329

1721163095.210041 62796702
cloud0_tkemenade 23945303771 13076 1329

1721163096.2126315 62796703
cloud0_tkemenade 23945303771 13076 1329

1721163097.2151947 62796703
cloud0_tkemenade 23945303771 13076 1330

1721163098.2177253 62796703
cloud0_tkemenade 23945303771 13076 1330

1721163099.2202492 62796709
cloud0_tkemenade 23945309440 13076 1330

1721163100.2228472 62796733
cloud0_tkemenade 23945309440 13077 1330

1721163101.2255087 62796733
cloud0_tkemenade 23945309440 13077 1330

1721163102.228011 62796733
cloud0_tkemenade 23945309440 13077 1330

1721163103.2305217 62796736
cloud0_tkemenade 23945309440 13077 1330

1721163104.2330875 62796739
cloud0_tkemenade 23945309440 13077 1330

1721163105.2355258 62796740
cloud0_tkemenade 23945309440 13078 1330

1721163106.2380557 62796744
cloud0_tkemenade 23945315730 13078 1330

1721163107.240628 62796746
cloud0_tkemenade 23945315730 13078 1330

1721163108.2431998 62796747
cloud0_tkemenade 23945315730 13078 1330

1721163109.2457902 62796747
cloud0_tkemenade 23945315730 13078 1330

1721163110.2484038 62796765
cloud0_tkemenade 23945315730 13079 1330

1721163111.2510319 62796766
cloud0_tkemenade 23945315730 13079 1330

1721163112.2535443 62796767
cloud0_tkemenade 23945315730 13079 1330

1721163113.2560182 62796767
cloud0_tkemenade 23945315730 13079 1330

1721163113.3565333 62796778
cloud0_tkemenade 23945318595 13079 1330

1721163114.359026 62796778
cloud0_tkemenade 23945318595 13079 1330

1721163115.3615885 62796779
cloud0_tkemenade 23945318595 13079 1330

1721163116.364096 62796780
cloud0_tkemenade 23945318595 13080 1330

1721163117.3665724 62796780
cloud0_tkemenade 23945318595 13080 1330

1721163118.369133 62796780
cloud0_tkemenade 23945318595 13080 1330

1721163119.3717148 62796781
cloud0_tkemenade 23945318595 13080 1330

1721163120.3742106 62796791
cloud0_tkemenade 23945318595 13080 1330

1721163120.4749281 62796799
cloud0_tkemenade 23945321444 13080 1330

1721163121.4774308 62796799
cloud0_tkemenade 23945321444 13080 1330

1721163122.4799557 62796799
cloud0_tkemenade 23945321444 13081 1330

1721163123.482416 62796799
cloud0_tkemenade 23945321444 13081 1330

1721163124.4849267 62796799
cloud0_tkemenade 23945321444 13081 1330

1721163125.487468 62796801
cloud0_tkemenade 23945321444 13081 1330

1721163126.490015 62796801
cloud0_tkemenade 23945321444 13081 1330

1721163127.4925253 62796807
cloud0_tkemenade 23945327231 13082 1330

1721163128.4950526 62796808
cloud0_tkemenade 23945327231 13082 1330

1721163129.497601 62796817
cloud0_tkemenade 23945327231 13082 1330

1721163130.500173 62796831
cloud0_tkemenade 23945327231 13082 1330

1721163131.5028267 62796831
cloud0_tkemenade 23945327231 13083 1330

1721163132.505394 62796833
cloud0_tkemenade 23945327231 13083 1330

1721163133.5079296 62796835
cloud0_tkemenade 23945327231 13083 1330

1721163134.510415 62796839
cloud0_tkemenade 23945327231 13083 1331

1721163134.6110737 62796839
cloud0_tkemenade 23945333007 13083 1331

1721163135.6136136 62796841
cloud0_tkemenade 23945333007 13083 1331

1721163136.6161506 62796843
cloud0_tkemenade 23945333007 13083 1331

1721163137.6186807 62796846
cloud0_tkemenade 23945333007 13084 1331

1721163138.621297 62796846
cloud0_tkemenade 23945333007 13084 1331

1721163139.6238632 62796847
cloud0_tkemenade 23945333007 13084 1331

1721163140.6264083 62796865
cloud0_tkemenade 23945333007 13084 1331

1721163141.5287883 62796869
cloud0_tkemenade 23945335920 13084 1331

1721163142.5313923 62796870
cloud0_tkemenade 23945335920 13085 1331

1721163143.5339854 62796871
cloud0_tkemenade 23945335920 13085 1331

1721163144.5365384 62796873
cloud0_tkemenade 23945335920 13085 1331

1721163145.5390406 62796873
cloud0_tkemenade 23945335920 13085 1331

1721163146.541557 62796874
cloud0_tkemenade 23945335920 13085 1331

1721163147.5440998 62796875
cloud0_tkemenade 23945335920 13085 1331

1721163148.546592 62796875
cloud0_tkemenade 23945335920 13085 1331

1721163148.647145 62796880
cloud0_tkemenade 23945338772 13085 1331

1721163149.6497016 62796880
cloud0_tkemenade 23945338772 13086 1331

1721163150.6523035 62796882
cloud0_tkemenade 23945338772 13086 1331

1721163151.6548388 62796913
cloud0_tkemenade 23945338772 13086 1331

1721163152.6573975 62796914
cloud0_tkemenade 23945338772 13086 1331

1721163153.659824 62796914
cloud0_tkemenade 23945338772 13086 1331

1721163154.662294 62796915
cloud0_tkemenade 23945338772 13086 1332

1721163155.6647441 62796915
cloud0_tkemenade 23945338772 13087 1332

1721163155.8655324 62796921
cloud0_tkemenade 23945348939 13087 1332

1721163156.8680499 62796921
cloud0_tkemenade 23945348939 13087 1332

1721163157.870579 62796922
cloud0_tkemenade 23945348939 13087 1332

1721163158.8731205 62796922
cloud0_tkemenade 23945348939 13087 1332

1721163159.87567 62796931
cloud0_tkemenade 23945348939 13087 1332

1721163160.878263 62796933
cloud0_tkemenade 23945348939 13088 1332

1721163161.8810153 62796943
cloud0_tkemenade 23945348939 13088 1332

1721163162.883596 62796950
cloud0_tkemenade 23945351837 13088 1332

1721163163.8862123 62796951
cloud0_tkemenade 23945351837 13088 1332

1721163164.8889182 62796951
cloud0_tkemenade 23945351837 13089 1332

1721163165.891391 62796955
cloud0_tkemenade 23945351837 13089 1332

1721163166.8939464 62796956
cloud0_tkemenade 23945351837 13089 1332

1721163167.896411 62796959
cloud0_tkemenade 23945351837 13089 1332

1721163168.8989089 62796959
cloud0_tkemenade 23945351837 13089 1332

1721163169.9014378 62796964
cloud0_tkemenade 23945355318 13089 1332

1721163170.903972 62796965
cloud0_tkemenade 23945355318 13089 1332

1721163171.9062343 62796975
cloud0_tkemenade 23945355318 13090 1332

1721163172.9088397 62796975
cloud0_tkemenade 23945355318 13090 1332

1721163173.911216 62796976
cloud0_tkemenade 23945355318 13090 1332

1721163174.913757 62796977
cloud0_tkemenade 23945355318 13090 1332

1721163175.9162793 62796977
cloud0_tkemenade 23945355318 13090 1332

1721163176.9184856 62796982
cloud0_tkemenade 23945355318 13090 1332

1721163177.019077 62796982
cloud0_tkemenade 23945358315 13090 1332

1721163178.021572 62796983
cloud0_tkemenade 23945358315 13090 1332

1721163179.0240932 62796983
cloud0_tkemenade 23945358315 13090 1332

1721163180.0266373 62796984
cloud0_tkemenade 23945358315 13091 1332

1721163181.0292225 62796985
cloud0_tkemenade 23945358315 13091 1332

1721163182.031654 62796995
cloud0_tkemenade 23945358315 13091 1332

1721163183.0342786 62796997
cloud0_tkemenade 23945358315 13091 1333

1721163183.9365728 62797003
cloud0_tkemenade 23945364205 13091 1333

1721163184.9391336 62797005
cloud0_tkemenade 23945364205 13091 1333

1721163185.941698 62797007
cloud0_tkemenade 23945364205 13091 1333

1721163186.9440372 62797007
cloud0_tkemenade 23945364205 13091 1333

1721163187.9464903 62797008
cloud0_tkemenade 23945364205 13091 1334

1721163188.9489543 62797009
cloud0_tkemenade 23945364205 13091 1334

1721163189.9514616 62797016
cloud0_tkemenade 23945364205 13091 1334

1721163190.9539385 62797018
cloud0_tkemenade 23945364205 13091 1334

1721163191.054424 62797021
cloud0_tkemenade 23945367638 13091 1334

1721163192.056869 62797042
cloud0_tkemenade 23945367638 13091 1335

1721163193.0594513 62797044
cloud0_tkemenade 23945367638 13091 1335

1721163194.0620246 62797044
cloud0_tkemenade 23945367638 13091 1335

1721163195.0645936 62797045
cloud0_tkemenade 23945367638 13091 1335

1721163196.0671458 62797045
cloud0_tkemenade 23945367638 13091 1336

1721163197.0697045 62797045
cloud0_tkemenade 23945367638 13091 1336

1721163198.0722592 62797052
cloud0_tkemenade 23945367638 13091 1336

1721163198.1729186 62797055
cloud0_tkemenade 23945373485 13091 1336

1721163199.1754143 62797056
cloud0_tkemenade 23945373485 13091 1336

1721163200.177979 62797065
cloud0_tkemenade 23945373485 13091 1336

1721163201.1805902 62797066
cloud0_tkemenade 23945373485 13091 1337

1721163202.1831157 62797076
cloud0_tkemenade 23945373485 13091 1337

1721163203.185788 62797076
cloud0_tkemenade 23945373485 13091 1337

1721163204.1883578 62797076
cloud0_tkemenade 23945373485 13091 1337

1721163205.1908486 62797081
cloud0_tkemenade 23945379527 13091 1338

1721163206.1934326 62797082
cloud0_tkemenade 23945379527 13091 1338

1721163207.1960056 62797083
cloud0_tkemenade 23945379527 13091 1338

1721163208.1985643 62797089
cloud0_tkemenade 23945379527 13091 1339

1721163209.2011404 62797089
cloud0_tkemenade 23945379527 13091 1339

1721163210.2037306 62797092
cloud0_tkemenade 23945379527 13091 1339

1721163211.2062364 62797093
cloud0_tkemenade 23945379527 13091 1339

1721163212.2087157 62797098
cloud0_tkemenade 23945379527 13091 1339

1721163212.4096198 62797109
cloud0_tkemenade 23945382364 13091 1339

1721163213.4121346 62797109
cloud0_tkemenade 23945382364 13091 1339

1721163214.4146945 62797111
cloud0_tkemenade 23945382364 13091 1339

1721163215.4172597 62797111
cloud0_tkemenade 23945382364 13092 1339

1721163216.419794 62797112
cloud0_tkemenade 23945382364 13092 1339

1721163217.4224236 62797113
cloud0_tkemenade 23945382364 13092 1340

1721163218.4249585 62797114
cloud0_tkemenade 23945382364 13092 1340

1721163219.32725 62797118
cloud0_tkemenade 23945388145 13092 1340

1721163220.3296142 62797126
cloud0_tkemenade 23945388145 13092 1340

1721163221.3322284 62797127
cloud0_tkemenade 23945388145 13092 1340

1721163222.3347645 62797127
cloud0_tkemenade 23945388145 13092 1340

1721163223.3373804 62797139
cloud0_tkemenade 23945388145 13092 1340

1721163224.3400126 62797141
cloud0_tkemenade 23945388145 13093 1340

1721163225.342527 62797141
cloud0_tkemenade 23945388145 13093 1340

1721163226.3449593 62797145
cloud0_tkemenade 23945394003 13093 1341

1721163227.3475113 62797145
cloud0_tkemenade 23945394003 13093 1341

1721163228.3500693 62797150
cloud0_tkemenade 23945394003 13093 1341

1721163229.3527522 62797151
cloud0_tkemenade 23945394003 13093 1341

1721163230.3552217 62797161
cloud0_tkemenade 23945394003 13094 1341

1721163231.3578706 62797161
cloud0_tkemenade 23945394003 13094 1341

1721163232.360155 62797165
cloud0_tkemenade 23945394003 13094 1341

1721163233.36269 62797189
cloud0_tkemenade 23945394003 13095 1341

1721163233.463404 62797191
cloud0_tkemenade 23945399751 13095 1341

1721163234.465943 62797192
cloud0_tkemenade 23945399751 13095 1341

1721163235.46863 62797192
cloud0_tkemenade 23945399751 13095 1341

1721163236.4712164 62797193
cloud0_tkemenade 23945399751 13096 1341

1721163237.4737859 62797194
cloud0_tkemenade 23945399751 13096 1341

1721163238.4762814 62797195
cloud0_tkemenade 23945399751 13096 1341

1721163239.4787877 62797196
cloud0_tkemenade 23945399751 13096 1341

1721163240.4813523 62797205
cloud0_tkemenade 23945402631 13096 1341

1721163241.4839947 62797211
cloud0_tkemenade 23945402631 13096 1341

1721163242.4866424 62797211
cloud0_tkemenade 23945402631 13097 1341

1721163243.4892304 62797225
cloud0_tkemenade 23945402631 13097 1341

1721163244.4918687 62797226
cloud0_tkemenade 23945402631 13097 1341

1721163245.4944756 62797227
cloud0_tkemenade 23945402631 13097 1341

1721163246.4970088 62797227
cloud0_tkemenade 23945402631 13097 1341

1721163247.4994192 62797237
cloud0_tkemenade 23945405520 13097 1341

1721163248.5019953 62797238
cloud0_tkemenade 23945405520 13097 1341

1721163249.5059345 62797239
cloud0_tkemenade 23945405520 13097 1341

1721163250.5084732 62797241
cloud0_tkemenade 23945405520 13098 1341

1721163251.5110145 62797241
cloud0_tkemenade 23945405520 13098 1341

1721163252.5135703 62797241
cloud0_tkemenade 23945405520 13098 1341

1721163253.5162146 62797261
cloud0_tkemenade 23945405520 13098 1341

1721163254.5187976 62797262
cloud0_tkemenade 23945405520 13098 1341

1721163254.719686 62797267
cloud0_tkemenade 23945408326 13098 1341

1721163255.7223256 62797271
cloud0_tkemenade 23945408326 13099 1341

1721163256.7249484 62797271
cloud0_tkemenade 23945408326 13099 1341

1721163257.7275321 62797273
cloud0_tkemenade 23945408326 13099 1341

1721163258.7301257 62797276
cloud0_tkemenade 23945408326 13099 1341

1721163259.7327669 62797277
cloud0_tkemenade 23945408326 13099 1341

1721163260.735347 62797280
cloud0_tkemenade 23945408326 13099 1341

1721163261.637589 62797285
cloud0_tkemenade 23945411209 13100 1341

1721163262.6399293 62797286
cloud0_tkemenade 23945411209 13100 1342

1721163263.6425385 62797298
cloud0_tkemenade 23945411209 13100 1342

1721163264.6452336 62797299
cloud0_tkemenade 23945411209 13100 1342

1721163265.6479042 62797301
cloud0_tkemenade 23945411209 13100 1342

1721163266.6504655 62797301
cloud0_tkemenade 23945411209 13100 1342

1721163267.6530483 62797301
cloud0_tkemenade 23945411209 13100 1342

1721163268.6555846 62797304
cloud0_tkemenade 23945419859 13101 1342

1721163269.6582465 62797306
cloud0_tkemenade 23945419859 13101 1342

1721163270.6609256 62797308
cloud0_tkemenade 23945419859 13101 1342

1721163271.663529 62797321
cloud0_tkemenade 23945419859 13101 1342

1721163272.6662114 62797321
cloud0_tkemenade 23945419859 13101 1342

1721163273.6688287 62797323
cloud0_tkemenade 23945419859 13101 1342

1721163274.6715207 62797333
cloud0_tkemenade 23945419859 13102 1342

1721163275.674168 62797333
cloud0_tkemenade 23945419859 13102 1342

1721163275.8750231 62797338
cloud0_tkemenade 23945422668 13102 1342

1721163276.8775828 62797339
cloud0_tkemenade 23945422668 13102 1342

1721163277.8802114 62797339
cloud0_tkemenade 23945422668 13102 1342

1721163278.8828468 62797345
cloud0_tkemenade 23945422668 13102 1342

1721163279.8855014 62797345
cloud0_tkemenade 23945422668 13103 1342

1721163280.888053 62797348
cloud0_tkemenade 23945422668 13103 1342

1721163281.8905675 62797349
cloud0_tkemenade 23945422668 13103 1342

1721163282.8930845 62797356
cloud0_tkemenade 23945425904 13103 1342

1721163283.8956592 62797358
cloud0_tkemenade 23945425904 13103 1342

1721163284.8983648 62797385
cloud0_tkemenade 23945425904 13112 1343

1721163285.9009955 62797385
cloud0_tkemenade 23945425904 13112 1343

1721163286.9035065 62797385
cloud0_tkemenade 23945425904 13113 1343

1721163287.906051 62797390
cloud0_tkemenade 23945425904 13117 1343

1721163288.9085839 62797392
cloud0_tkemenade 23945425904 13117 1343

1721163289.9110806 62797392
cloud0_tkemenade 23945425904 13117 1343

1721163290.111919 62797397
cloud0_tkemenade 23945468216 13117 1343

1721163291.114407 62797397
cloud0_tkemenade 23945468216 13117 1343

1721163292.1168978 62797397
cloud0_tkemenade 23945468216 13118 1343

1721163293.1193643 62797398
cloud0_tkemenade 23945468216 13118 1343

1721163294.1218245 62797398
cloud0_tkemenade 23945468216 13118 1343

1721163295.124298 62797409
cloud0_tkemenade 23945468216 13118 1343

1721163296.1269166 62797409
cloud0_tkemenade 23945468216 13118 1343

1721163297.029218 62797410
cloud0_tkemenade 23945471680 13118 1343

1721163298.0317612 62797410
cloud0_tkemenade 23945471680 13118 1343

1721163299.034389 62797413
cloud0_tkemenade 23945471680 13119 1343

1721163300.037011 62797422
cloud0_tkemenade 23945471680 13119 1343

1721163301.039719 62797422
cloud0_tkemenade 23945471680 13119 1343

1721163302.0423524 62797423
cloud0_tkemenade 23945471680 13119 1343

1721163303.0449495 62797424
cloud0_tkemenade 23945471680 13119 1343

1721163304.0474298 62797434
cloud0_tkemenade 23945477462 13120 1343

1721163305.0500522 62797456
cloud0_tkemenade 23945477462 13120 1343

1721163306.052682 62797457
cloud0_tkemenade 23945477462 13120 1343

1721163307.0552285 62797458
cloud0_tkemenade 23945477462 13120 1343

1721163308.0577543 62797459
cloud0_tkemenade 23945477462 13120 1343

1721163309.060297 62797462
cloud0_tkemenade 23945477462 13121 1343

1721163310.0628762 62797471
cloud0_tkemenade 23945477462 13121 1343

1721163311.0654018 62797471
cloud0_tkemenade 23945477462 13121 1343

1721163311.166017 62797475
cloud0_tkemenade 23945480341 13121 1343

1721163312.1686006 62797488
cloud0_tkemenade 23945480341 13121 1343

1721163313.1710587 62797490
cloud0_tkemenade 23945480341 13121 1343

1721163314.173592 62797492
cloud0_tkemenade 23945480341 13121 1343

1721163315.1761403 62797498
cloud0_tkemenade 23945480341 13122 1344

1721163316.1787612 62797500
cloud0_tkemenade 23945480341 13122 1344

1721163317.1812375 62797500
cloud0_tkemenade 23945480341 13122 1344

1721163318.1837633 62797501
cloud0_tkemenade 23945480341 13122 1344

1721163318.2843752 62797503
cloud0_tkemenade 23945486114 13122 1344

1721163319.2869866 62797510
cloud0_tkemenade 23945486114 13122 1344

1721163320.2895584 62797511
cloud0_tkemenade 23945486114 13122 1344

1721163321.2921188 62797513
cloud0_tkemenade 23945486114 13123 1344

1721163322.2947187 62797513
cloud0_tkemenade 23945486114 13123 1344

1721163323.2972772 62797514
cloud0_tkemenade 23945486114 13123 1344

1721163324.2997456 62797514
cloud0_tkemenade 23945486114 13123 1344

1721163325.3020651 62797531
cloud0_tkemenade 23945489271 13123 1344

1721163326.3046768 62797531
cloud0_tkemenade 23945489271 13123 1344

1721163327.3072214 62797531
cloud0_tkemenade 23945489271 13123 1344

1721163328.3097272 62797537
cloud0_tkemenade 23945489271 13124 1344

1721163329.3122475 62797537
cloud0_tkemenade 23945489271 13124 1344

1721163330.3148353 62797546
cloud0_tkemenade 23945489271 13124 1344

1721163331.3174016 62797547
cloud0_tkemenade 23945489271 13124 1345

1721163332.3199136 62797549
cloud0_tkemenade 23945489271 13125 1345

1721163332.4205678 62797549
cloud0_tkemenade 23945497824 13125 1345

1721163333.423085 62797551
cloud0_tkemenade 23945497824 13125 1345

1721163334.4255586 62797551
cloud0_tkemenade 23945497824 13125 1345

1721163335.4280448 62797567
cloud0_tkemenade 23945497824 13125 1345

1721163336.4306633 62797568
cloud0_tkemenade 23945497824 13125 1345

1721163337.4332285 62797568
cloud0_tkemenade 23945497824 13125 1345

1721163338.435723 62797569
cloud0_tkemenade 23945497824 13126 1345

1721163339.3380282 62797572
cloud0_tkemenade 23945500720 13126 1345

1721163340.340569 62797580
cloud0_tkemenade 23945500720 13126 1345

1721163341.3431146 62797581
cloud0_tkemenade 23945500720 13126 1345

1721163342.3456109 62797583
cloud0_tkemenade 23945500720 13126 1345

1721163343.3481462 62797585
cloud0_tkemenade 23945500720 13127 1345

1721163344.350662 62797585
cloud0_tkemenade 23945500720 13127 1345

1721163345.353146 62797587
cloud0_tkemenade 23945500720 13127 1345

1721163346.3555815 62797603
cloud0_tkemenade 23945500720 13128 1345

1721163346.5565143 62797612
cloud0_tkemenade 23945506373 13128 1345

1721163347.5590894 62797612
cloud0_tkemenade 23945506373 13128 1345

1721163348.5616112 62797615
cloud0_tkemenade 23945506373 13128 1345

1721163349.5641332 62797617
cloud0_tkemenade 23945506373 13128 1345

1721163350.5666375 62797619
cloud0_tkemenade 23945506373 13128 1345

1721163351.5691748 62797620
cloud0_tkemenade 23945506373 13128 1345

1721163352.5717013 62797620
cloud0_tkemenade 23945506373 13129 1345

1721163353.574202 62797621
cloud0_tkemenade 23945506373 13129 1345

1721163353.7749636 62797623
cloud0_tkemenade 23945509197 13129 1345

1721163354.7775826 62797625
cloud0_tkemenade 23945509197 13129 1345

1721163355.7802057 62797635
cloud0_tkemenade 23945509197 13129 1345

1721163356.7827885 62797635
cloud0_tkemenade 23945509197 13129 1345

1721163357.7854607 62797636
cloud0_tkemenade 23945509197 13129 1345

1721163358.7880697 62797637
cloud0_tkemenade 23945509197 13130 1345

1721163359.7906542 62797638
cloud0_tkemenade 23945509197 13130 1345

1721163360.7932115 62797643
cloud0_tkemenade 23945509197 13130 1345

1721163360.893884 62797646
cloud0_tkemenade 23945512064 13130 1345

1721163361.8964672 62797648
cloud0_tkemenade 23945512064 13130 1345

1721163362.8989978 62797652
cloud0_tkemenade 23945512064 13131 1345

1721163363.9015381 62797653
cloud0_tkemenade 23945512064 13131 1345

1721163364.9040883 62797654
cloud0_tkemenade 23945512064 13131 1345

1721163365.9065018 62797655
cloud0_tkemenade 23945512064 13131 1345

1721163366.9089403 62797661
cloud0_tkemenade 23945512064 13131 1345

1721163367.9113588 62797661
cloud0_tkemenade 23945512064 13132 1345

1721163368.1121655 62797664
cloud0_tkemenade 23945518815 13132 1345

1721163369.1146255 62797665
cloud0_tkemenade 23945518815 13132 1345

1721163370.1171434 62797673
cloud0_tkemenade 23945518815 13132 1345

1721163371.1194677 62797673
cloud0_tkemenade 23945518815 13132 1345

1721163372.122069 62797673
cloud0_tkemenade 23945518815 13132 1345

1721163373.124587 62797677
cloud0_tkemenade 23945518815 13132 1345

1721163374.1269937 62797678
cloud0_tkemenade 23945518815 13132 1346

1721163375.029328 62797681
cloud0_tkemenade 23945521852 13132 1346

1721163376.0318918 62797681
cloud0_tkemenade 23945521852 13132 1346

1721163377.0345407 62797695
cloud0_tkemenade 23945521852 13132 1346

1721163378.0371556 62797695
cloud0_tkemenade 23945521852 13132 1346

1721163379.0396318 62797699
cloud0_tkemenade 23945521852 13132 1346

1721163380.0421631 62797701
cloud0_tkemenade 23945521852 13133 1346

1721163381.044753 62797702
cloud0_tkemenade 23945521852 13133 1346

1721163382.0472648 62797708
cloud0_tkemenade 23945527657 13133 1347

1721163383.0495815 62797708
cloud0_tkemenade 23945527657 13133 1347

1721163384.0520484 62797709
cloud0_tkemenade 23945527657 13133 1347

1721163385.0545602 62797711
cloud0_tkemenade 23945527657 13133 1347

1721163386.0571454 62797712
cloud0_tkemenade 23945527657 13133 1347

1721163387.0596848 62797722
cloud0_tkemenade 23945527657 13133 1347

1721163388.0622752 62797723
cloud0_tkemenade 23945527657 13133 1347

1721163389.064739 62797724
cloud0_tkemenade 23945527657 13134 1347

1721163389.1654806 62797729
cloud0_tkemenade 23945530622 13134 1347

1721163390.1679115 62797741
cloud0_tkemenade 23945530622 13134 1347

1721163391.1705627 62797744
cloud0_tkemenade 23945530622 13134 1347

1721163392.1732075 62797757
cloud0_tkemenade 23945530622 13134 1347

1721163393.175826 62797758
cloud0_tkemenade 23945530622 13134 1347

1721163394.1783931 62797758
cloud0_tkemenade 23945530622 13135 1347

1721163395.180854 62797758
cloud0_tkemenade 23945530622 13135 1347

1721163396.1832287 62797759
cloud0_tkemenade 23945530622 13135 1348

1721163396.2838378 62797764
cloud0_tkemenade 23945536361 13135 1348

1721163397.2863824 62797774
cloud0_tkemenade 23945536361 13135 1348

1721163398.288967 62797774
cloud0_tkemenade 23945536361 13135 1348

1721163399.2915545 62797776
cloud0_tkemenade 23945536361 13135 1348

1721163400.2941206 62797780
cloud0_tkemenade 23945536361 13135 1348

1721163401.2967422 62797782
cloud0_tkemenade 23945536361 13135 1348

1721163402.2993088 62797784
cloud0_tkemenade 23945536361 13135 1348

1721163403.3017712 62797791
cloud0_tkemenade 23945536361 13136 1348

1721163403.4023902 62797794
cloud0_tkemenade 23945539243 13136 1348

1721163404.4048984 62797798
cloud0_tkemenade 23945539243 13136 1349

1721163405.4074812 62797799
cloud0_tkemenade 23945539243 13136 1349

1721163406.4100356 62797800
cloud0_tkemenade 23945539243 13136 1349

1721163407.412641 62797815
cloud0_tkemenade 23945539243 13136 1349

1721163408.4153008 62797815
cloud0_tkemenade 23945539243 13136 1350

1721163409.417772 62797817
cloud0_tkemenade 23945539243 13136 1350

1721163410.4199398 62797825
cloud0_tkemenade 23945545093 13136 1350

1721163411.4225214 62797826
cloud0_tkemenade 23945545093 13136 1350

1721163412.4250906 62797827
cloud0_tkemenade 23945545093 13136 1350

1721163413.4276226 62797827
cloud0_tkemenade 23945545093 13136 1350

1721163414.4301584 62797828
cloud0_tkemenade 23945545093 13136 1350

1721163415.4326968 62797828
cloud0_tkemenade 23945545093 13136 1350

1721163416.4352524 62797829
cloud0_tkemenade 23945545093 13136 1350

1721163417.3376272 62797839
cloud0_tkemenade 23945545093 13136 1350

1721163418.3401482 62797839
cloud0_tkemenade 23945545093 13137 1350

1721163419.3427517 62797840
cloud0_tkemenade 23945545093 13137 1350

1721163420.3453574 62797842
cloud0_tkemenade 23945545093 13137 1350

1721163421.3479145 62797842
cloud0_tkemenade 23945545093 13137 1350

1721163422.3505034 62797843
cloud0_tkemenade 23945545093 13137 1350

1721163423.3530946 62797843
cloud0_tkemenade 23945545093 13137 1350

1721163424.355614 62797844
cloud0_tkemenade 23945545093 13138 1350

1721163424.4562204 62797849
cloud0_tkemenade 23945550779 13138 1350

1721163425.458685 62797849
cloud0_tkemenade 23945550779 13138 1350

1721163426.461258 62797850
cloud0_tkemenade 23945550779 13138 1350

1721163427.4638183 62797857
cloud0_tkemenade 23945550779 13138 1350

1721163428.4663382 62797860
cloud0_tkemenade 23945550779 13138 1350

1721163429.4689856 62797860
cloud0_tkemenade 23945550779 13138 1350

1721163430.4714513 62797862
cloud0_tkemenade 23945550779 13139 1350

1721163431.4738448 62797865
cloud0_tkemenade 23945553672 13139 1350

1721163432.4764419 62797867
cloud0_tkemenade 23945553672 13139 1350

1721163433.47896 62797870
cloud0_tkemenade 23945553672 13139 1350

1721163434.481508 62797870
cloud0_tkemenade 23945553672 13139 1350

1721163435.4840987 62797871
cloud0_tkemenade 23945553672 13139 1350

1721163436.486639 62797871
cloud0_tkemenade 23945553672 13140 1351

1721163437.489201 62797871
cloud0_tkemenade 23945553672 13140 1351

1721163438.4918077 62797893
cloud0_tkemenade 23945559443 13140 1351

1721163439.494425 62797895
cloud0_tkemenade 23945559443 13140 1351

1721163440.4970863 62797897
cloud0_tkemenade 23945559443 13140 1351

1721163441.4996693 62797898
cloud0_tkemenade 23945559443 13140 1351

1721163442.5022244 62797899
cloud0_tkemenade 23945559443 13141 1351

1721163443.5047367 62797901
cloud0_tkemenade 23945559443 13141 1351

1721163444.507156 62797903
cloud0_tkemenade 23945559443 13141 1351

1721163445.5096507 62797909
cloud0_tkemenade 23945559443 13141 1351

1721163445.6102915 62797910
cloud0_tkemenade 23945562288 13141 1351

1721163446.6127675 62797911
cloud0_tkemenade 23945562288 13141 1351

1721163447.6151369 62797911
cloud0_tkemenade 23945562288 13142 1351

1721163448.6177213 62797927
cloud0_tkemenade 23945562288 13142 1351

1721163449.6203256 62797935
cloud0_tkemenade 23945562288 13142 1351

1721163450.622843 62797937
cloud0_tkemenade 23945562288 13142 1351

1721163451.6254034 62797937
cloud0_tkemenade 23945562288 13143 1351

1721163452.6278045 62797943
cloud0_tkemenade 23945568006 13143 1351

1721163453.6299372 62797943
cloud0_tkemenade 23945568006 13143 1351

1721163454.6323988 62797944
cloud0_tkemenade 23945568006 13143 1351

1721163455.6348944 62797944
cloud0_tkemenade 23945568006 13143 1351

1721163456.6373813 62797944
cloud0_tkemenade 23945568006 13143 1351

1721163457.639839 62797945
cloud0_tkemenade 23945568006 13143 1351

1721163458.6423597 62797954
cloud0_tkemenade 23945568006 13144 1351

1721163459.6448529 62797956
cloud0_tkemenade 23945568006 13144 1351

1721163459.7455006 62797961
cloud0_tkemenade 23945570863 13144 1351

1721163460.748153 62797963
cloud0_tkemenade 23945570863 13144 1351

1721163461.7505789 62797963
cloud0_tkemenade 23945570863 13144 1351

1721163462.7531993 62797965
cloud0_tkemenade 23945570863 13144 1351

1721163463.7557383 62797965
cloud0_tkemenade 23945570863 13144 1352

1721163464.758284 62797965
cloud0_tkemenade 23945570863 13144 1352

1721163465.7607582 62797966
cloud0_tkemenade 23945570863 13144 1352

1721163466.7632551 62797966
cloud0_tkemenade 23945570863 13144 1352

1721163466.8638663 62797969
cloud0_tkemenade 23945573691 13144 1352

1721163467.8664324 62797969
cloud0_tkemenade 23945573691 13144 1352

1721163468.869001 62797981
cloud0_tkemenade 23945573691 13144 1352

1721163469.8716083 62797983
cloud0_tkemenade 23945573691 13144 1352

1721163470.8742466 62797987
cloud0_tkemenade 23945573691 13144 1353

1721163471.8768394 62797987
cloud0_tkemenade 23945573691 13144 1353

1721163472.8794198 62797988
cloud0_tkemenade 23945573691 13144 1353

1721163473.8819141 62797992
cloud0_tkemenade 23945576675 13144 1353

1721163474.8844514 62797994
cloud0_tkemenade 23945576675 13145 1353

1721163475.887011 62797994
cloud0_tkemenade 23945576675 13145 1353

1721163476.8895724 62797995
cloud0_tkemenade 23945576675 13145 1353

1721163477.8921292 62797996
cloud0_tkemenade 23945576675 13145 1353

1721163478.8946443 62798009
cloud0_tkemenade 23945576675 13145 1353

1721163479.8973248 62798017
cloud0_tkemenade 23945576675 13145 1353

1721163480.8998375 62798023
cloud0_tkemenade 23945576675 13145 1354

1721163481.0004385 62798023
cloud0_tkemenade 23945582502 13145 1354

1721163482.0029678 62798023
cloud0_tkemenade 23945582502 13146 1354

1721163483.005571 62798027
cloud0_tkemenade 23945582502 13146 1354

1721163484.0081534 62798032
cloud0_tkemenade 23945582502 13146 1354

1721163485.0108144 62798032
cloud0_tkemenade 23945582502 13146 1354

1721163486.0133631 62798032
cloud0_tkemenade 23945582502 13146 1354

1721163487.0158825 62798033
cloud0_tkemenade 23945582502 13146 1354

1721163488.0183818 62798039
cloud0_tkemenade 23945582502 13146 1354

1721163488.1190484 62798039
cloud0_tkemenade 23945585355 13146 1354

1721163489.1215878 62798052
cloud0_tkemenade 23945585355 13147 1354

1721163490.1241589 62798054
cloud0_tkemenade 23945585355 13147 1354

1721163491.126814 62798055
cloud0_tkemenade 23945585355 13147 1354

1721163492.1293852 62798055
cloud0_tkemenade 23945585355 13147 1354

1721163493.1319559 62798058
cloud0_tkemenade 23945585355 13147 1354

1721163494.1345026 62798059
cloud0_tkemenade 23945585355 13147 1354

1721163495.1370494 62798066
cloud0_tkemenade 23945591098 13148 1354

1721163496.1396196 62798066
cloud0_tkemenade 23945591098 13148 1354

1721163497.142211 62798067
cloud0_tkemenade 23945591098 13148 1354

1721163498.1448095 62798067
cloud0_tkemenade 23945591098 13148 1354

1721163499.1473346 62798068
cloud0_tkemenade 23945591098 13148 1354

1721163500.1499438 62798089
cloud0_tkemenade 23945591098 13148 1354

1721163501.1526794 62798090
cloud0_tkemenade 23945591098 13148 1354

1721163502.1552362 62798095
cloud0_tkemenade 23945591098 13149 1354

1721163502.255939 62798097
cloud0_tkemenade 23945593970 13149 1354

1721163503.258556 62798097
cloud0_tkemenade 23945593970 13150 1354

1721163504.2611725 62798097
cloud0_tkemenade 23945593970 13150 1354

1721163505.2637334 62798098
cloud0_tkemenade 23945593970 13150 1355

1721163506.2662888 62798099
cloud0_tkemenade 23945593970 13150 1355

1721163507.268818 62798099
cloud0_tkemenade 23945593970 13150 1355

1721163508.2713337 62798100
cloud0_tkemenade 23945593970 13150 1355

1721163509.273789 62798103
cloud0_tkemenade 23945602561 13151 1355

1721163510.276189 62798124
cloud0_tkemenade 23945602561 13151 1355

1721163511.2787423 62798125
cloud0_tkemenade 23945602561 13151 1355

1721163512.281222 62798137
cloud0_tkemenade 23945602561 13151 1355

1721163513.2837455 62798137
cloud0_tkemenade 23945602561 13151 1355

1721163514.2862282 62798139
cloud0_tkemenade 23945602561 13151 1355

1721163515.288705 62798139
cloud0_tkemenade 23945602561 13152 1355

1721163516.2911553 62798148
cloud0_tkemenade 23945606130 13152 1355

1721163517.2937012 62798149
cloud0_tkemenade 23945606130 13152 1355

1721163518.2961752 62798149
cloud0_tkemenade 23945606130 13152 1355

1721163519.2986352 62798149
cloud0_tkemenade 23945606130 13152 1355

1721163520.3012285 62798166
cloud0_tkemenade 23945606130 13152 1355

1721163521.3039086 62798167
cloud0_tkemenade 23945606130 13153 1355

1721163522.3065715 62798168
cloud0_tkemenade 23945606130 13153 1355

1721163523.309069 62798171
cloud0_tkemenade 23945606130 13153 1355

1721163523.5098777 62798173
cloud0_tkemenade 23945609378 13153 1355

1721163524.5123441 62798173
cloud0_tkemenade 23945609378 13153 1355

1721163525.514882 62798173
cloud0_tkemenade 23945609378 13154 1355

1721163526.5174725 62798173
cloud0_tkemenade 23945609378 13154 1355

1721163527.5199478 62798173
cloud0_tkemenade 23945609378 13154 1355

1721163528.5224862 62798174
cloud0_tkemenade 23945609378 13154 1355

1721163529.5250256 62798174
cloud0_tkemenade 23945609378 13154 1355

1721163530.5275044 62798190
cloud0_tkemenade 23945612244 13155 1355

1721163531.5301075 62798191
cloud0_tkemenade 23945612244 13155 1355

1721163532.5327764 62798195
cloud0_tkemenade 23945612244 13156 1355

1721163533.5354354 62798195
cloud0_tkemenade 23945612244 13156 1355

1721163534.5379972 62798195
cloud0_tkemenade 23945612244 13157 1355

1721163535.5405335 62798196
cloud0_tkemenade 23945612244 13157 1355

1721163536.543057 62798197
cloud0_tkemenade 23945612244 13157 1355

1721163537.5455303 62798197
cloud0_tkemenade 23945612244 13157 1355

1721163537.6461253 62798199
cloud0_tkemenade 23945620785 13157 1355

1721163538.6488442 62798200
cloud0_tkemenade 23945620785 13158 1355

