1723799694.040333 198924856
cloud_controller_tkemenade 45615696841 18118 2919
cloud0_tkemenade 61483623961 14636 2098

1723799695.0430725 198925279
cloud_controller_tkemenade 45615696841 18132 2927

1723799695.0434396 198925279
cloud0_tkemenade 61483623961 14678 2106

1723799695.645063 198925535
cloud_controller_tkemenade 45616824833 18137 2930

1723799695.6456091 198925535
cloud0_tkemenade 61486312259 14706 2111

1723799696.6480405 198925988
cloud_controller_tkemenade 45616824833 18173 2942

1723799696.6486368 198925988
cloud0_tkemenade 61486312259 14730 2118

1723799697.6514509 198926483
cloud_controller_tkemenade 45616824833 18196 2954

1723799697.6520581 198926483
cloud0_tkemenade 61486312259 14770 2122

1723799698.6548371 198926981
cloud_controller_tkemenade 45616824833 18230 2962

1723799698.6554387 198926981
cloud0_tkemenade 61486312259 14780 2125

1723799699.6579664 198927403
cloud_controller_tkemenade 45616824833 18254 2972

1723799699.6583378 198927403
cloud0_tkemenade 61486312259 14796 2131

1723799700.660933 198927872
cloud_controller_tkemenade 45616824833 18284 2988

1723799700.6615086 198927872
cloud0_tkemenade 61486312259 14826 2137

1723799701.6641994 198928400
cloud_controller_tkemenade 45616824833 18307 2995

1723799701.6647432 198928400
cloud0_tkemenade 61486312259 14843 2141

1723799702.6671844 198928841
cloud_controller_tkemenade 45616824833 18338 3004

1723799702.6675584 198928841
cloud0_tkemenade 61486312259 14861 2142

1723799702.767939 198928899
cloud_controller_tkemenade 45618057319 18341 3007

1723799702.7685223 198928899
cloud0_tkemenade 61487181206 14863 2142

1723799703.7710776 198929375
cloud_controller_tkemenade 45618057319 18358 3018

1723799703.7716336 198929375
cloud0_tkemenade 61487181206 14904 2144

1723799704.77417 198929850
cloud_controller_tkemenade 45618057319 18379 3029

1723799704.7745316 198929850
cloud0_tkemenade 61487181206 14933 2152

1723799705.7772124 198930315
cloud_controller_tkemenade 45618057319 18399 3034

1723799705.7778344 198930315
cloud0_tkemenade 61487181206 14965 2159

1723799706.7805676 198930851
cloud_controller_tkemenade 45618057319 18424 3041

1723799706.781163 198930853
cloud0_tkemenade 61487181206 14981 2163

1723799707.7836683 198931314
cloud_controller_tkemenade 45618057319 18446 3047

1723799707.7842112 198931314
cloud0_tkemenade 61487181206 15011 2169

1723799708.7867963 198931783
cloud_controller_tkemenade 45618057319 18480 3056

1723799708.7873712 198931783
cloud0_tkemenade 61487181206 15017 2172

1723799709.789943 198932210
cloud_controller_tkemenade 45618057319 18500 3062

1723799709.7904544 198932210
cloud0_tkemenade 61487181206 15030 2174

1723799709.8909657 198932246
cloud_controller_tkemenade 45619056676 18502 3063

1723799709.8915133 198932246
cloud0_tkemenade 61488102631 15031 2174

1723799710.894013 198932686
cloud_controller_tkemenade 45619056676 18521 3070

1723799710.894579 198932686
cloud0_tkemenade 61488102631 15050 2179

1723799711.8972445 198933199
cloud_controller_tkemenade 45619056676 18537 3076

1723799711.8977926 198933199
cloud0_tkemenade 61488102631 15075 2181

1723799712.9004786 198933603
cloud_controller_tkemenade 45619056676 18558 3091

1723799712.9010627 198933603
cloud0_tkemenade 61488102631 15088 2183

1723799713.903662 198934050
cloud_controller_tkemenade 45619056676 18575 3100

1723799713.9040296 198934050
cloud0_tkemenade 61488102631 15127 2186

1723799714.906353 198934528
cloud_controller_tkemenade 45619056676 18596 3106

1723799714.9066813 198934528
cloud0_tkemenade 61488102631 15160 2193

1723799715.90933 198934964
cloud_controller_tkemenade 45619056676 18618 3115

1723799715.909877 198934964
cloud0_tkemenade 61488102631 15196 2197

1723799716.9124796 198935427
cloud_controller_tkemenade 45619056676 18640 3122

1723799716.912844 198935427
cloud0_tkemenade 61488102631 15205 2200

1723799717.1134288 198935538
cloud_controller_tkemenade 45619966493 18643 3124

1723799717.1140027 198935538
cloud0_tkemenade 61489016930 15210 2201

1723799718.116556 198936088
cloud_controller_tkemenade 45619966493 18683 3135

1723799718.1170518 198936089
cloud0_tkemenade 61489016930 15273 2209

1723799719.1196253 198936505
cloud_controller_tkemenade 45619966493 18712 3145

1723799719.120162 198936505
cloud0_tkemenade 61489016930 15288 2214

1723799720.1223354 198936889
cloud_controller_tkemenade 45619966493 18738 3154

1723799720.1228836 198936889
cloud0_tkemenade 61489016930 15312 2217

1723799721.1254408 198937403
cloud_controller_tkemenade 45619966493 18765 3162

1723799721.1260278 198937403
cloud0_tkemenade 61489016930 15335 2221

1723799722.1288095 198937856
cloud_controller_tkemenade 45619966493 18795 3167

1723799722.1293862 198937859
cloud0_tkemenade 61489016930 15359 2224

1723799723.1321342 198938299
cloud_controller_tkemenade 45619966493 18816 3174

1723799723.1326976 198938299
cloud0_tkemenade 61489016930 15419 2229

1723799724.1352665 198938787
cloud_controller_tkemenade 45619966493 18839 3183

1723799724.1356316 198938787
cloud0_tkemenade 61489016930 15487 2232

1723799724.2360117 198938819
cloud_controller_tkemenade 45621220831 18840 3183

1723799724.2365534 198938819
cloud0_tkemenade 61490534825 15487 2232

1723799725.2392113 198939267
cloud_controller_tkemenade 45621220831 18854 3190

1723799725.2398388 198939267
cloud0_tkemenade 61490534825 15512 2235

1723799726.242432 198939769
cloud_controller_tkemenade 45621220831 18885 3197

1723799726.243016 198939769
cloud0_tkemenade 61490534825 15550 2243

1723799727.2457366 198940229
cloud_controller_tkemenade 45621220831 18914 3205

1723799727.2463346 198940229
cloud0_tkemenade 61490534825 15599 2253

1723799728.2487323 198940743
cloud_controller_tkemenade 45621220831 18938 3212

1723799728.2493289 198940747
cloud0_tkemenade 61490534825 15611 2255

1723799729.2519658 198941219
cloud_controller_tkemenade 45621220831 18965 3223

1723799729.2525191 198941219
cloud0_tkemenade 61490534825 15624 2257

1723799730.2550716 198941624
cloud_controller_tkemenade 45621220831 19010 3231

1723799730.2556157 198941624
cloud0_tkemenade 61490534825 15657 2261

1723799731.258131 198942140
cloud_controller_tkemenade 45621220831 19043 3241

1723799731.2584586 198942140
cloud0_tkemenade 61490534825 15677 2265

1723799731.3587432 198942199
cloud_controller_tkemenade 45622437799 19062 3242

1723799731.3590877 198942199
cloud0_tkemenade 61491543687 15677 2265

1723799732.3615427 198942647
cloud_controller_tkemenade 45622437799 19105 3252

1723799732.3621168 198942647
cloud0_tkemenade 61491543687 15695 2268

1723799733.3646748 198943005
cloud_controller_tkemenade 45622437799 19142 3258

1723799733.3652442 198943006
cloud0_tkemenade 61491543687 15704 2271

1723799734.3677688 198943510
cloud_controller_tkemenade 45622437799 19165 3265

1723799734.3683317 198943510
cloud0_tkemenade 61491543687 15742 2275

1723799735.3708863 198943934
cloud_controller_tkemenade 45622437799 19183 3270

1723799735.3713996 198943934
cloud0_tkemenade 61491543687 15774 2282

1723799736.3740354 198944405
cloud_controller_tkemenade 45622437799 19204 3277

1723799736.3746047 198944405
cloud0_tkemenade 61491543687 15797 2288

1723799737.3773417 198944879
cloud_controller_tkemenade 45622437799 19229 3283

1723799737.377927 198944879
cloud0_tkemenade 61491543687 15835 2291

1723799738.3802624 198945395
cloud_controller_tkemenade 45622437799 19257 3289

1723799738.3806307 198945395
cloud0_tkemenade 61491543687 15847 2294

1723799738.5811782 198945481
cloud_controller_tkemenade 45623612680 19260 3290

1723799738.581727 198945481
cloud0_tkemenade 61492454447 15847 2295

1723799739.5841115 198945896
cloud_controller_tkemenade 45623612680 19276 3296

1723799739.5846658 198945896
cloud0_tkemenade 61492454447 15861 2298

1723799740.5872674 198946369
cloud_controller_tkemenade 45623612680 19303 3300

1723799740.5878227 198946369
cloud0_tkemenade 61492454447 15880 2301

1723799741.5903761 198946892
cloud_controller_tkemenade 45623612680 19321 3305

1723799741.5908594 198946892
cloud0_tkemenade 61492454447 15893 2304

1723799742.593551 198947287
cloud_controller_tkemenade 45623612680 19340 3312

1723799742.5941463 198947287
cloud0_tkemenade 61492454447 15902 2309

1723799743.5968463 198947701
cloud_controller_tkemenade 45623612680 19426 3320

1723799743.597405 198947703
cloud0_tkemenade 61492454447 15920 2310

1723799744.6016865 198948107
cloud_controller_tkemenade 45623612680 19440 3327

1723799744.60225 198948107
cloud0_tkemenade 61492454447 15968 2317

1723799745.6049087 198948505
cloud_controller_tkemenade 45623612680 19459 3331

1723799745.6052637 198948506
cloud0_tkemenade 61492454447 16016 2324

1723799745.705597 198948536
cloud_controller_tkemenade 45624753107 19462 3331

1723799745.7061486 198948536
cloud0_tkemenade 61493391395 16016 2325

1723799746.708798 198948994
cloud_controller_tkemenade 45624753107 19484 3339

1723799746.7093666 198948997
cloud0_tkemenade 61493391395 16026 2331

1723799747.712069 198949404
cloud_controller_tkemenade 45624753107 19503 3346

1723799747.7126236 198949404
cloud0_tkemenade 61493391395 16042 2333

1723799748.7151473 198949933
cloud_controller_tkemenade 45624753107 19539 3353

1723799748.7157035 198949933
cloud0_tkemenade 61493391395 16056 2339

1723799749.7182546 198950424
cloud_controller_tkemenade 45624753107 19565 3359

1723799749.718678 198950424
cloud0_tkemenade 61493391395 16072 2343

1723799750.7211375 198950890
cloud_controller_tkemenade 45624753107 19587 3366

1723799750.7217321 198950890
cloud0_tkemenade 61493391395 16093 2350

1723799751.7243736 198951402
cloud_controller_tkemenade 45624753107 19616 3375

1723799751.7249253 198951402
cloud0_tkemenade 61493391395 16108 2352

1723799752.7282984 198951775
cloud_controller_tkemenade 45624753107 19642 3379

1723799752.7288945 198951775
cloud0_tkemenade 61493391395 16131 2357

1723799752.8293684 198951843
cloud_controller_tkemenade 45625837897 19644 3381

1723799752.8299427 198951843
cloud0_tkemenade 61494082137 16133 2357

1723799753.8323827 198952219
cloud_controller_tkemenade 45625837897 19670 3388

1723799753.8329499 198952219
cloud0_tkemenade 61494082137 16155 2362

1723799754.8355618 198952710
cloud_controller_tkemenade 45625837897 19691 3391

1723799754.836152 198952710
cloud0_tkemenade 61494082137 16172 2369

1723799755.8386152 198953269
cloud_controller_tkemenade 45625837897 19716 3398

1723799755.8391628 198953269
cloud0_tkemenade 61494082137 16285 2377

1723799756.8416967 198953725
cloud_controller_tkemenade 45625837897 19748 3406

1723799756.8422532 198953725
cloud0_tkemenade 61494082137 16334 2384

1723799757.844905 198954137
cloud_controller_tkemenade 45625837897 19767 3413

1723799757.8454986 198954139
cloud0_tkemenade 61494082137 16353 2387

1723799758.8479965 198954647
cloud_controller_tkemenade 45625837897 19798 3422

1723799758.8483481 198954647
cloud0_tkemenade 61494082137 16364 2392

1723799759.8505466 198955092
cloud_controller_tkemenade 45625837897 19832 3430

1723799759.8511055 198955092
cloud0_tkemenade 61494082137 16391 2396

1723799760.051779 198955188
cloud_controller_tkemenade 45626948953 19835 3431

1723799760.0523326 198955188
cloud0_tkemenade 61495468662 16395 2396

1723799761.054563 198955804
cloud_controller_tkemenade 45626948953 19869 3438

1723799761.0551028 198955804
cloud0_tkemenade 61495468662 16417 2402

1723799762.0574677 198956289
cloud_controller_tkemenade 45626948953 19886 3447

1723799762.058033 198956289
cloud0_tkemenade 61495468662 16436 2407

1723799763.060729 198956678
cloud_controller_tkemenade 45626948953 19912 3454

1723799763.061353 198956682
cloud0_tkemenade 61495468662 16448 2411

1723799764.0639195 198957183
cloud_controller_tkemenade 45626948953 19934 3461

1723799764.0644813 198957183
cloud0_tkemenade 61495468662 16484 2415

1723799765.0670185 198957629
cloud_controller_tkemenade 45626948953 19957 3467

1723799765.067564 198957629
cloud0_tkemenade 61495468662 16511 2421

1723799766.0700607 198958019
cloud_controller_tkemenade 45626948953 19984 3471

1723799766.0706203 198958019
cloud0_tkemenade 61495468662 16550 2426

1723799767.0729475 198958433
cloud_controller_tkemenade 45626948953 20011 3476

1723799767.0734375 198958433
cloud0_tkemenade 61495468662 16570 2431

1723799767.1739116 198958472
cloud_controller_tkemenade 45627994139 20013 3476

1723799767.1744418 198958472
cloud0_tkemenade 61496480743 16580 2431

1723799768.1770735 198958921
cloud_controller_tkemenade 45627994139 20036 3486

1723799768.1776567 198958921
cloud0_tkemenade 61496480743 16602 2435

1723799769.180223 198959461
cloud_controller_tkemenade 45627994139 20068 3495

1723799769.1807334 198959461
cloud0_tkemenade 61496480743 16611 2437

1723799770.1833162 198959891
cloud_controller_tkemenade 45627994139 20093 3502

1723799770.1838815 198959891
cloud0_tkemenade 61496480743 16621 2443

1723799771.186494 198960385
cloud_controller_tkemenade 45627994139 20112 3507

1723799771.1869984 198960385
cloud0_tkemenade 61496480743 16634 2447

1723799772.1895826 198960827
cloud_controller_tkemenade 45627994139 20128 3513

1723799772.1900203 198960827
cloud0_tkemenade 61496480743 16645 2450

1723799773.1927922 198961224
cloud_controller_tkemenade 45627994139 20154 3522

1723799773.1934056 198961227
cloud0_tkemenade 61496480743 16659 2454

1723799774.1960628 198961684
cloud_controller_tkemenade 45627994139 20173 3531

1723799774.196617 198961684
cloud0_tkemenade 61496480743 16736 2459

1723799774.3972516 198961783
cloud_controller_tkemenade 45629044074 20175 3532

1723799774.3978074 198961783
cloud0_tkemenade 61497434354 16745 2460

1723799775.4004438 198962197
cloud_controller_tkemenade 45629044074 20190 3546

1723799775.4010105 198962197
cloud0_tkemenade 61497434354 16793 2465

1723799776.4036522 198962676
cloud_controller_tkemenade 45629044074 20212 3553

1723799776.4041936 198962676
cloud0_tkemenade 61497434354 16818 2472

1723799777.4067373 198963092
cloud_controller_tkemenade 45629044074 20235 3560

1723799777.4072945 198963092
cloud0_tkemenade 61497434354 16838 2476

1723799778.4099016 198963558
cloud_controller_tkemenade 45629044074 20280 3568

1723799778.4104671 198963558
cloud0_tkemenade 61497434354 16860 2478

1723799779.4130738 198964003
cloud_controller_tkemenade 45629044074 20313 3581

1723799779.4137027 198964003
cloud0_tkemenade 61497434354 16875 2483

1723799780.416229 198964485
cloud_controller_tkemenade 45629044074 20343 3589

1723799780.4166484 198964485
cloud0_tkemenade 61497434354 16902 2490

1723799781.418816 198965034
cloud_controller_tkemenade 45630282237 20365 3600

1723799781.4191198 198965034
cloud0_tkemenade 61498448695 16923 2493

1723799782.4213855 198965450
cloud_controller_tkemenade 45630282237 20395 3608

1723799782.4219291 198965450
cloud0_tkemenade 61498448695 16941 2499

1723799783.4245698 198965947
cloud_controller_tkemenade 45630282237 20421 3614

1723799783.4249518 198965947
cloud0_tkemenade 61498448695 17030 2500

1723799784.427416 198966399
cloud_controller_tkemenade 45630282237 20444 3622

1723799784.4279563 198966399
cloud0_tkemenade 61498448695 17058 2504

1723799785.4306207 198966880
cloud_controller_tkemenade 45630282237 20461 3628

1723799785.4311824 198966880
cloud0_tkemenade 61498448695 17076 2509

1723799786.433559 198967301
cloud_controller_tkemenade 45630282237 20492 3634

1723799786.4340787 198967301
cloud0_tkemenade 61498448695 17121 2515

1723799787.436758 198967742
cloud_controller_tkemenade 45630282237 20521 3641

1723799787.4373727 198967743
cloud0_tkemenade 61498448695 17167 2522

1723799788.4398406 198968129
cloud_controller_tkemenade 45630282237 20569 3647

1723799788.440393 198968129
cloud0_tkemenade 61498448695 17180 2525

1723799788.7414503 198968263
cloud_controller_tkemenade 45631472932 20579 3652

1723799788.7420108 198968263
cloud0_tkemenade 61499796914 17182 2525

1723799789.7446558 198968672
cloud_controller_tkemenade 45631472932 20606 3659

1723799789.7449996 198968672
cloud0_tkemenade 61499796914 17200 2529

1723799790.747231 198969227
cloud_controller_tkemenade 45631472932 20641 3665

1723799790.747591 198969227
cloud0_tkemenade 61499796914 17229 2533

1723799791.7497559 198969763
cloud_controller_tkemenade 45631472932 20720 3670

1723799791.750291 198969763
cloud0_tkemenade 61499796914 17251 2537

1723799792.7528453 198970184
cloud_controller_tkemenade 45631472932 20750 3676

1723799792.7535357 198970187
cloud0_tkemenade 61499796914 17268 2539

1723799793.756116 198970630
cloud_controller_tkemenade 45631472932 20775 3685

1723799793.7566786 198970630
cloud0_tkemenade 61499796914 17297 2543

1723799794.7591832 198971104
cloud_controller_tkemenade 45631472932 20808 3693

1723799794.7596102 198971104
cloud0_tkemenade 61499796914 17321 2547

1723799795.7621386 198971542
cloud_controller_tkemenade 45632906692 20828 3699

1723799795.7626183 198971542
cloud0_tkemenade 61500669433 17342 2551

1723799796.7653031 198971957
cloud_controller_tkemenade 45632906692 20855 3708

1723799796.7658489 198971957
cloud0_tkemenade 61500669433 17376 2558

1723799797.7684577 198972391
cloud_controller_tkemenade 45632906692 20878 3720

1723799797.7690237 198972391
cloud0_tkemenade 61500669433 17411 2560

1723799798.7716727 198972859
cloud_controller_tkemenade 45632906692 20903 3727

1723799798.7721705 198972859
cloud0_tkemenade 61500669433 17427 2562

1723799799.774606 198973371
cloud_controller_tkemenade 45632906692 20929 3734

1723799799.7752018 198973371
cloud0_tkemenade 61500669433 17445 2568

1723799800.7777357 198973904
cloud_controller_tkemenade 45632906692 20955 3743

1723799800.778307 198973904
cloud0_tkemenade 61500669433 17455 2570

1723799801.7806716 198974489
cloud_controller_tkemenade 45632906692 20970 3749

1723799801.7810123 198974489
cloud0_tkemenade 61500669433 17471 2573

1723799802.783123 198974842
cloud_controller_tkemenade 45632906692 20993 3757

1723799802.7836678 198974842
cloud0_tkemenade 61500669433 17480 2576

1723799802.984257 198974941
cloud_controller_tkemenade 45633954199 21021 3759

1723799802.9845457 198974941
cloud0_tkemenade 61501395645 17481 2577

1723799803.9867496 198975355
cloud_controller_tkemenade 45633954199 21080 3765

1723799803.9873145 198975355
cloud0_tkemenade 61501395645 17524 2582

1723799804.9897404 198975793
cloud_controller_tkemenade 45633954199 21103 3771

1723799804.9902346 198975793
cloud0_tkemenade 61501395645 17570 2588

1723799805.9928834 198976293
cloud_controller_tkemenade 45633954199 21127 3779

1723799805.9934776 198976296
cloud0_tkemenade 61501395645 17589 2593

1723799806.9962053 198976773
cloud_controller_tkemenade 45633954199 21149 3785

1723799806.9966729 198976773
cloud0_tkemenade 61501395645 17622 2598

1723799807.9992201 198977234
cloud_controller_tkemenade 45633954199 21197 3796

1723799807.9997706 198977234
cloud0_tkemenade 61501395645 17645 2602

1723799809.0022984 198977654
cloud_controller_tkemenade 45633954199 21225 3804

1723799809.002698 198977654
cloud0_tkemenade 61501395645 17662 2606

1723799810.0052307 198978129
cloud_controller_tkemenade 45633954199 21244 3814

1723799810.005804 198978129
cloud0_tkemenade 61501395645 17681 2611

1723799810.206496 198978203
cloud_controller_tkemenade 45635298696 21253 3816

1723799810.207111 198978203
cloud0_tkemenade 61502460593 17689 2612

1723799811.209548 198978740
cloud_controller_tkemenade 45635298696 21280 3822

1723799811.2100036 198978740
cloud0_tkemenade 61502460593 17704 2616

1723799812.212421 198979280
cloud_controller_tkemenade 45635298696 21313 3831

1723799812.2129457 198979280
cloud0_tkemenade 61502460593 17725 2619

1723799813.2155862 198979720
cloud_controller_tkemenade 45635298696 21336 3840

1723799813.2159767 198979720
cloud0_tkemenade 61502460593 17741 2625

1723799814.2186682 198980191
cloud_controller_tkemenade 45635298696 21367 3847

1723799814.21926 198980191
cloud0_tkemenade 61502460593 17773 2627

1723799815.2219489 198980627
cloud_controller_tkemenade 45635298696 21383 3854

1723799815.2225058 198980627
cloud0_tkemenade 61502460593 17813 2637

1723799816.2252905 198981080
cloud_controller_tkemenade 45635298696 21408 3863

1723799816.2258315 198981080
cloud0_tkemenade 61502460593 17900 2642

1723799817.2285428 198981474
cloud_controller_tkemenade 45635298696 21434 3868

1723799817.229107 198981476
cloud0_tkemenade 61502460593 17941 2647

1723799817.329619 198981522
cloud_controller_tkemenade 45636399191 21436 3869

1723799817.3301926 198981522
cloud0_tkemenade 61503829157 17942 2647

1723799818.3330996 198981915
cloud_controller_tkemenade 45636399191 21454 3875

1723799818.3335881 198981915
cloud0_tkemenade 61503829157 17956 2650

1723799819.3364122 198982365
cloud_controller_tkemenade 45636399191 21475 3882

1723799819.3369899 198982365
cloud0_tkemenade 61503829157 17967 2653

1723799820.339727 198982798
cloud_controller_tkemenade 45636399191 21527 3890

1723799820.3402944 198982798
cloud0_tkemenade 61503829157 17995 2658

1723799821.3428907 198983268
cloud_controller_tkemenade 45636399191 21548 3899

1723799821.3432322 198983268
cloud0_tkemenade 61503829157 18015 2665

1723799822.3455975 198983782
cloud_controller_tkemenade 45636399191 21566 3907

1723799822.3459775 198983782
cloud0_tkemenade 61503829157 18052 2668

1723799823.3484776 198984135
cloud_controller_tkemenade 45636399191 21591 3916

1723799823.349025 198984135
cloud0_tkemenade 61503829157 18064 2672

1723799824.3517804 198984609
cloud_controller_tkemenade 45637716884 21656 3928

1723799824.3523629 198984609
cloud0_tkemenade 61504746662 18102 2678

1723799825.3549736 198985003
cloud_controller_tkemenade 45637716884 21685 3933

1723799825.3555095 198985003
cloud0_tkemenade 61504746662 18123 2684

1723799826.3582408 198985401
cloud_controller_tkemenade 45637716884 21709 3943

1723799826.3588386 198985401
cloud0_tkemenade 61504746662 18151 2690

1723799827.3614771 198985858
cloud_controller_tkemenade 45637716884 21736 3950

1723799827.36207 198985858
cloud0_tkemenade 61504746662 18178 2695

1723799828.3648589 198986345
cloud_controller_tkemenade 45637716884 21775 3959

1723799828.3653214 198986347
cloud0_tkemenade 61504746662 18190 2698

1723799829.3679311 198986773
cloud_controller_tkemenade 45637716884 21801 3966

1723799829.36849 198986773
cloud0_tkemenade 61504746662 18204 2700

1723799830.371025 198987230
cloud_controller_tkemenade 45637716884 21838 3974

1723799830.3715973 198987230
cloud0_tkemenade 61504746662 18222 2706

1723799831.3740435 198987708
cloud_controller_tkemenade 45637716884 21858 3981

1723799831.3743958 198987708
cloud0_tkemenade 61504746662 18239 2709

1723799831.6752148 198987834
cloud_controller_tkemenade 45638934621 21863 3984

1723799831.6755595 198987834
cloud0_tkemenade 61505528858 18243 2710

1723799832.6780057 198988305
cloud_controller_tkemenade 45638934621 21878 3988

1723799832.6785772 198988305
cloud0_tkemenade 61505528858 18251 2713

1723799833.681152 198988677
cloud_controller_tkemenade 45638934621 21894 3996

1723799833.6817012 198988677
cloud0_tkemenade 61505528858 18274 2717

1723799834.6844323 198989083
cloud_controller_tkemenade 45638934621 21916 4002

1723799834.6849856 198989083
cloud0_tkemenade 61505528858 18315 2723

1723799835.6876276 198989485
cloud_controller_tkemenade 45638934621 21936 4008

1723799835.68798 198989485
cloud0_tkemenade 61505528858 18357 2727

1723799836.6905437 198989954
cloud_controller_tkemenade 45638934621 21959 4013

1723799836.6911123 198989954
cloud0_tkemenade 61505528858 18381 2733

1723799837.6939104 198990342
cloud_controller_tkemenade 45638934621 21984 4022

1723799837.6942997 198990342
cloud0_tkemenade 61505528858 18399 2737

1723799838.6969388 198990745
cloud_controller_tkemenade 45638934621 22015 4029

1723799838.6974943 198990745
cloud0_tkemenade 61505528858 18414 2743

1723799838.7979658 198990777
cloud_controller_tkemenade 45639864574 22018 4030

1723799838.7985384 198990777
cloud0_tkemenade 61506496576 18416 2744

1723799839.8011699 198991172
cloud_controller_tkemenade 45639864574 22043 4037

1723799839.8017313 198991172
cloud0_tkemenade 61506496576 18428 2751

1723799840.8043895 198991595
cloud_controller_tkemenade 45639864574 22070 4051

1723799840.804942 198991595
cloud0_tkemenade 61506496576 18445 2757

1723799841.8076088 198992123
cloud_controller_tkemenade 45639864574 22109 4060

1723799841.8081586 198992123
cloud0_tkemenade 61506496576 18466 2762

1723799842.8107939 198992516
cloud_controller_tkemenade 45639864574 22132 4063

1723799842.8111389 198992516
cloud0_tkemenade 61506496576 18487 2766

1723799843.8136127 198993015
cloud_controller_tkemenade 45639864574 22155 4070

1723799843.8141716 198993015
cloud0_tkemenade 61506496576 18586 2773

1723799844.816881 198993474
cloud_controller_tkemenade 45639864574 22180 4076

1723799844.817322 198993478
cloud0_tkemenade 61506496576 18613 2776

1723799845.8199284 198993889
cloud_controller_tkemenade 45639864574 22211 4082

1723799845.8204808 198993889
cloud0_tkemenade 61506496576 18650 2782

1723799846.0212238 198993971
cloud_controller_tkemenade 45641106403 22214 4084

1723799846.0218 198993971
cloud0_tkemenade 61507846390 18651 2783

1723799847.0246112 198994368
cloud_controller_tkemenade 45641106403 22240 4091

1723799847.0251937 198994369
cloud0_tkemenade 61507846390 18709 2790

1723799848.0279033 198994734
cloud_controller_tkemenade 45641106403 22260 4095

1723799848.028463 198994734
cloud0_tkemenade 61507846390 18724 2793

1723799849.0311193 198995084
cloud_controller_tkemenade 45641106403 22287 4100

1723799849.0316508 198995084
cloud0_tkemenade 61507846390 18734 2797

1723799850.034216 198995566
cloud_controller_tkemenade 45641106403 22325 4107

1723799850.0345888 198995566
cloud0_tkemenade 61507846390 18762 2803

1723799851.0372305 198996040
cloud_controller_tkemenade 45641106403 22362 4113

1723799851.0377736 198996040
cloud0_tkemenade 61507846390 18779 2805

1723799852.0403283 198996559
cloud_controller_tkemenade 45641106403 22446 4120

1723799852.0408971 198996559
cloud0_tkemenade 61507846390 18808 2809

1723799853.0432553 198996935
cloud_controller_tkemenade 45642587003 22471 4126

1723799853.0435953 198996935
cloud0_tkemenade 61508828521 18818 2813

1723799854.046039 198997411
cloud_controller_tkemenade 45642587003 22485 4136

1723799854.0466073 198997411
cloud0_tkemenade 61508828521 18849 2817

1723799855.0490837 198997776
cloud_controller_tkemenade 45642587003 22507 4143

1723799855.0495129 198997776
cloud0_tkemenade 61508828521 18875 2820

1723799856.0519097 198998197
cloud_controller_tkemenade 45642587003 22534 4149

1723799856.052497 198998197
cloud0_tkemenade 61508828521 18891 2826

1723799857.0552225 198998650
cloud_controller_tkemenade 45642587003 22561 4156

1723799857.05581 198998650
cloud0_tkemenade 61508828521 18927 2832

1723799858.058566 198999055
cloud_controller_tkemenade 45642587003 22588 4164

1723799858.0591598 198999055
cloud0_tkemenade 61508828521 18951 2835

1723799859.0618515 198999543
cloud_controller_tkemenade 45642587003 22611 4171

1723799859.062407 198999543
cloud0_tkemenade 61508828521 18959 2838

1723799860.0650935 198999985
cloud_controller_tkemenade 45642587003 22634 4178

1723799860.0656307 198999985
cloud0_tkemenade 61508828521 18970 2842

1723799860.266383 199000036
cloud_controller_tkemenade 45643568802 22637 4178

1723799860.2669692 199000036
cloud0_tkemenade 61509636274 18971 2842

1723799861.2696674 199000572
cloud_controller_tkemenade 45643568802 22663 4187

1723799861.270027 199000572
cloud0_tkemenade 61509636274 18979 2845

1723799862.2723994 199000985
cloud_controller_tkemenade 45643568802 22680 4193

1723799862.2729454 199000985
cloud0_tkemenade 61509636274 18994 2851

1723799863.275445 199001441
cloud_controller_tkemenade 45643568802 22761 4197

1723799863.2758608 199001441
cloud0_tkemenade 61509636274 19008 2854

1723799864.2782574 199001852
cloud_controller_tkemenade 45643568802 22775 4203

1723799864.2786365 199001852
cloud0_tkemenade 61509636274 19037 2857

1723799865.2810943 199002310
cloud_controller_tkemenade 45643568802 22800 4211

1723799865.28145 199002310
cloud0_tkemenade 61509636274 19084 2862

1723799866.2838247 199002665
cloud_controller_tkemenade 45643568802 22823 4221

1723799866.284374 199002665
cloud0_tkemenade 61509636274 19097 2869

1723799867.2869885 199003053
cloud_controller_tkemenade 45643568802 22848 4231

1723799867.2875435 199003053
cloud0_tkemenade 61509636274 19123 2875

1723799867.4882503 199003147
cloud_controller_tkemenade 45644870686 22850 4232

1723799867.4888275 199003147
cloud0_tkemenade 61510564787 19126 2875

1723799868.4914823 199003526
cloud_controller_tkemenade 45644870686 22881 4241

1723799868.492033 199003526
cloud0_tkemenade 61510564787 19140 2878

1723799869.4947274 199003927
cloud_controller_tkemenade 45644870686 22901 4249

1723799869.4952846 199003927
cloud0_tkemenade 61510564787 19154 2883

1723799870.497951 199004385
cloud_controller_tkemenade 45644870686 22923 4258

1723799870.4985 199004385
cloud0_tkemenade 61510564787 19171 2887

1723799871.501194 199004913
cloud_controller_tkemenade 45644870686 22954 4266

1723799871.5017405 199004913
cloud0_tkemenade 61510564787 19187 2892

1723799872.5044444 199005346
cloud_controller_tkemenade 45644870686 22991 4275

1723799872.504965 199005346
cloud0_tkemenade 61510564787 19216 2897

1723799873.5076888 199005746
cloud_controller_tkemenade 45644870686 23015 4282

1723799873.508113 199005746
cloud0_tkemenade 61510564787 19232 2900

1723799874.510732 199006215
cloud_controller_tkemenade 45644870686 23029 4291

1723799874.5110705 199006215
cloud0_tkemenade 61510564787 19253 2907

1723799874.6113672 199006259
cloud_controller_tkemenade 45646039708 23031 4293

1723799874.6117182 199006259
cloud0_tkemenade 61511339264 19255 2907

1723799875.6141133 199006709
cloud_controller_tkemenade 45646039708 23044 4300

1723799875.6146722 199006709
cloud0_tkemenade 61511339264 19346 2912

1723799876.6172383 199007111
cloud_controller_tkemenade 45646039708 23082 4312

1723799876.617821 199007111
cloud0_tkemenade 61511339264 19379 2917

1723799877.6206756 199007582
cloud_controller_tkemenade 45646039708 23104 4322

1723799877.6212993 199007585
cloud0_tkemenade 61511339264 19417 2925

1723799878.6240902 199008084
cloud_controller_tkemenade 45646039708 23137 4327

1723799878.6247077 199008084
cloud0_tkemenade 61511339264 19430 2928

1723799879.6274927 199008493
cloud_controller_tkemenade 45646039708 23169 4333

1723799879.6280732 199008493
cloud0_tkemenade 61511339264 19447 2933

1723799880.6308637 199008984
cloud_controller_tkemenade 45646039708 23205 4344

1723799880.63141 199008984
cloud0_tkemenade 61511339264 19477 2939

1723799881.633989 199009597
cloud_controller_tkemenade 45646039708 23221 4350

1723799881.6345277 199009597
cloud0_tkemenade 61511339264 19494 2942

1723799881.735021 199009625
cloud_controller_tkemenade 45647193486 23222 4351

1723799881.7355194 199009625
cloud0_tkemenade 61512597930 19494 2942

1723799882.7380393 199010032
cloud_controller_tkemenade 45647193486 23252 4358

1723799882.738584 199010032
cloud0_tkemenade 61512597930 19514 2946

1723799883.7413442 199010474
cloud_controller_tkemenade 45647193486 23273 4363

1723799883.741834 199010474
cloud0_tkemenade 61512597930 19536 2948

1723799884.7445421 199010879
cloud_controller_tkemenade 45647193486 23299 4373

1723799884.745135 199010881
cloud0_tkemenade 61512597930 19557 2957

1723799885.7477922 199011350
cloud_controller_tkemenade 45647193486 23324 4381

1723799885.7481475 199011350
cloud0_tkemenade 61512597930 19581 2960

1723799886.750692 199011755
cloud_controller_tkemenade 45647193486 23349 4391

1723799886.7512658 199011755
cloud0_tkemenade 61512597930 19598 2964

1723799887.7538824 199012152
cloud_controller_tkemenade 45647193486 23367 4397

1723799887.754466 199012152
cloud0_tkemenade 61512597930 19629 2970

1723799888.7571404 199012595
cloud_controller_tkemenade 45647193486 23397 4403

1723799888.7576842 199012595
cloud0_tkemenade 61512597930 19641 2972

1723799888.9583182 199012648
cloud_controller_tkemenade 45648248461 23401 4404

1723799888.9588547 199012648
cloud0_tkemenade 61513407350 19642 2973

1723799889.9615614 199013057
cloud_controller_tkemenade 45648248461 23425 4409

1723799889.9621205 199013057
cloud0_tkemenade 61513407350 19656 2974

1723799890.9647117 199013513
cloud_controller_tkemenade 45648248461 23448 4420

1723799890.965278 199013516
cloud0_tkemenade 61513407350 19669 2977

1723799891.9677596 199014043
cloud_controller_tkemenade 45648248461 23470 4431

1723799891.9683006 199014043
cloud0_tkemenade 61513407350 19684 2985

1723799892.9709394 199014403
cloud_controller_tkemenade 45648248461 23489 4440

1723799892.9713333 199014403
cloud0_tkemenade 61513407350 19695 2988

1723799893.9740045 199014829
cloud_controller_tkemenade 45648248461 23510 4447

1723799893.974537 199014829
cloud0_tkemenade 61513407350 19733 2993

1723799894.976949 199015221
cloud_controller_tkemenade 45648248461 23529 4453

1723799894.9774969 199015221
cloud0_tkemenade 61513407350 19769 2996

1723799895.9799495 199015723
cloud_controller_tkemenade 45648248461 23548 4462

1723799895.9804945 199015723
cloud0_tkemenade 61513407350 19801 2999

1723799896.0809894 199015760
cloud_controller_tkemenade 45649258201 23554 4462

1723799896.0815518 199015760
cloud0_tkemenade 61514314652 19805 2999

1723799897.0841706 199016185
cloud_controller_tkemenade 45649258201 23580 4468

1723799897.0847576 199016185
cloud0_tkemenade 61514314652 19836 3007

1723799898.0874667 199016621
cloud_controller_tkemenade 45649258201 23611 4480

1723799898.0879593 199016621
cloud0_tkemenade 61514314652 19858 3011

1723799899.0905807 199016991
cloud_controller_tkemenade 45649258201 23632 4489

1723799899.0911624 199016991
cloud0_tkemenade 61514314652 19870 3013

1723799900.0939476 199017467
cloud_controller_tkemenade 45649258201 23663 4502

1723799900.0945446 199017467
cloud0_tkemenade 61514314652 19893 3020

1723799901.097325 199017939
cloud_controller_tkemenade 45649258201 23686 4511

1723799901.0977387 199017939
cloud0_tkemenade 61514314652 19911 3023

1723799902.100236 199018369
cloud_controller_tkemenade 45649258201 23724 4524

1723799902.1008089 199018369
cloud0_tkemenade 61514314652 19934 3028

1723799903.1033425 199018799
cloud_controller_tkemenade 45649258201 23744 4534

1723799903.103747 199018799
cloud0_tkemenade 61514314652 19993 3033

1723799903.3043218 199018880
cloud_controller_tkemenade 45650476662 23746 4535

1723799903.3047802 199018880
cloud0_tkemenade 61515428543 20016 3033

1723799904.3072894 199019382
cloud_controller_tkemenade 45650476662 23764 4542

1723799904.307624 199019382
cloud0_tkemenade 61515428543 20051 3039

1723799905.3101099 199019753
cloud_controller_tkemenade 45650476662 23781 4548

1723799905.3106766 199019753
cloud0_tkemenade 61515428543 20075 3044

1723799906.3132598 199020242
cloud_controller_tkemenade 45650476662 23812 4556

1723799906.3136585 199020242
cloud0_tkemenade 61515428543 20106 3047

1723799907.3163087 199020633
cloud_controller_tkemenade 45650476662 23856 4563

1723799907.3168647 199020633
cloud0_tkemenade 61515428543 20155 3057

1723799908.3195462 199021093
cloud_controller_tkemenade 45650476662 23886 4571

1723799908.320125 199021093
cloud0_tkemenade 61515428543 20168 3061

1723799909.3226438 199021499
cloud_controller_tkemenade 45650476662 23913 4579

1723799909.3229978 199021499
cloud0_tkemenade 61515428543 20185 3064

1723799910.3253565 199021930
cloud_controller_tkemenade 45650476662 23959 4588

1723799910.3256648 199021930
cloud0_tkemenade 61515428543 20214 3069

1723799910.4260283 199021962
cloud_controller_tkemenade 45651711031 23959 4589

1723799910.4266248 199021962
cloud0_tkemenade 61516524219 20215 3069

1723799911.4291043 199022559
cloud_controller_tkemenade 45651711031 24019 4602

1723799911.4296014 199022559
cloud0_tkemenade 61516524219 20240 3071

1723799912.4319646 199022994
cloud_controller_tkemenade 45651711031 24065 4610

1723799912.4325166 199022994
cloud0_tkemenade 61516524219 20262 3076

1723799913.4351704 199023412
cloud_controller_tkemenade 45651711031 24080 4628

1723799913.4357107 199023412
cloud0_tkemenade 61516524219 20276 3079

1723799914.438387 199023829
cloud_controller_tkemenade 45651711031 24096 4643

1723799914.4389412 199023829
cloud0_tkemenade 61516524219 20307 3085

1723799915.441659 199024224
cloud_controller_tkemenade 45651711031 24116 4647

1723799915.4422386 199024224
cloud0_tkemenade 61516524219 20329 3089

1723799916.4448893 199024612
cloud_controller_tkemenade 45651711031 24146 4652

1723799916.4454412 199024614
cloud0_tkemenade 61516524219 20340 3091

1723799917.4478185 199025121
cloud_controller_tkemenade 45653101782 24174 4660

1723799917.4483912 199025121
cloud0_tkemenade 61517448144 20376 3097

1723799918.4509673 199025488
cloud_controller_tkemenade 45653101782 24201 4667

1723799918.4515197 199025488
cloud0_tkemenade 61517448144 20382 3099

1723799919.454115 199025897
cloud_controller_tkemenade 45653101782 24217 4674

1723799919.454694 199025897
cloud0_tkemenade 61517448144 20394 3102

1723799920.4573903 199026415
cloud_controller_tkemenade 45653101782 24243 4682

1723799920.457756 199026415
cloud0_tkemenade 61517448144 20412 3105

1723799921.4601781 199026909
cloud_controller_tkemenade 45653101782 24264 4691

1723799921.4607253 199026909
cloud0_tkemenade 61517448144 20421 3106

1723799922.4634333 199027350
cloud_controller_tkemenade 45653101782 24295 4697

1723799922.4639835 199027350
cloud0_tkemenade 61517448144 20437 3112

1723799923.4666522 199027783
cloud_controller_tkemenade 45653101782 24383 4702

1723799923.4671957 199027783
cloud0_tkemenade 61517448144 20467 3116

1723799924.46981 199028167
cloud_controller_tkemenade 45653101782 24404 4708

1723799924.4703708 199028167
cloud0_tkemenade 61517448144 20507 3118

1723799924.6710103 199028235
cloud_controller_tkemenade 45654376376 24410 4710

1723799924.6713521 199028235
cloud0_tkemenade 61518157758 20513 3120

1723799925.673669 199028683
cloud_controller_tkemenade 45654376376 24427 4715

1723799925.674224 199028683
cloud0_tkemenade 61518157758 20542 3124

1723799926.676815 199029171
cloud_controller_tkemenade 45654376376 24448 4719

1723799926.677366 199029172
cloud0_tkemenade 61518157758 20553 3126

1723799927.6799648 199029640
cloud_controller_tkemenade 45654376376 24471 4725

1723799927.6805344 199029640
cloud0_tkemenade 61518157758 20582 3131

1723799928.683043 199030049
cloud_controller_tkemenade 45654376376 24503 4733

1723799928.6835268 199030049
cloud0_tkemenade 61518157758 20602 3135

1723799929.6860523 199030441
cloud_controller_tkemenade 45654376376 24524 4737

1723799929.6865609 199030441
cloud0_tkemenade 61518157758 20618 3139

1723799930.689253 199030893
cloud_controller_tkemenade 45654376376 24556 4745

1723799930.689805 199030893
cloud0_tkemenade 61518157758 20636 3145

1723799931.6925597 199031383
cloud_controller_tkemenade 45654376376 24578 4751

1723799931.6928737 199031383
cloud0_tkemenade 61518157758 20650 3147

1723799931.793233 199031447
cloud_controller_tkemenade 45655416110 24583 4753

1723799931.7938006 199031447
cloud0_tkemenade 61518973998 20652 3148

1723799932.7964318 199031831
cloud_controller_tkemenade 45655416110 24602 4763

1723799932.7969964 199031831
cloud0_tkemenade 61518973998 20682 3153

1723799933.7997043 199032189
cloud_controller_tkemenade 45655416110 24622 4769

1723799933.8002453 199032189
cloud0_tkemenade 61518973998 20713 3157

1723799934.802849 199032646
cloud_controller_tkemenade 45655416110 24651 4776

1723799934.8033977 199032646
cloud0_tkemenade 61518973998 20742 3159

1723799935.805855 199033097
cloud_controller_tkemenade 45655416110 24674 4785

1723799935.8063977 199033097
cloud0_tkemenade 61518973998 20840 3164

1723799936.8088763 199033493
cloud_controller_tkemenade 45655416110 24711 4796

1723799936.8093429 199033496
cloud0_tkemenade 61518973998 20884 3169

1723799937.8118858 199034026
cloud_controller_tkemenade 45655416110 24732 4806

1723799937.8124459 199034026
cloud0_tkemenade 61518973998 20926 3173

1723799938.8151429 199034401
cloud_controller_tkemenade 45655416110 24760 4812

1723799938.8156712 199034401
cloud0_tkemenade 61518973998 20936 3176

1723799939.0163608 199034491
cloud_controller_tkemenade 45656574685 24764 4814

1723799939.0167565 199034491
cloud0_tkemenade 61520448971 20938 3176

1723799940.019133 199034881
cloud_controller_tkemenade 45656574685 24803 4820

1723799940.0197358 199034881
cloud0_tkemenade 61520448971 20966 3180

1723799941.022472 199035321
cloud_controller_tkemenade 45656574685 24842 4828

1723799941.023044 199035321
cloud0_tkemenade 61520448971 20987 3184

1723799942.025732 199035833
cloud_controller_tkemenade 45656574685 24859 4836

1723799942.0262766 199035833
cloud0_tkemenade 61520448971 21005 3189

1723799943.0291479 199036245
cloud_controller_tkemenade 45656574685 24894 4844

1723799943.0298078 199036245
cloud0_tkemenade 61520448971 21027 3192

1723799944.032718 199036648
cloud_controller_tkemenade 45656574685 24922 4850

1723799944.0332654 199036650
cloud0_tkemenade 61520448971 21059 3196

1723799945.0359817 199037108
cloud_controller_tkemenade 45656574685 24980 4857

1723799945.0365312 199037108
cloud0_tkemenade 61520448971 21085 3202

1723799946.0390599 199037493
cloud_controller_tkemenade 45656574685 25008 4867

1723799946.0396183 199037493
cloud0_tkemenade 61520448971 21100 3207

1723799946.240296 199037577
cloud_controller_tkemenade 45657997943 25014 4867

1723799946.2408507 199037577
cloud0_tkemenade 61521369344 21102 3207

1723799947.2434895 199038030
cloud_controller_tkemenade 45657997943 25044 4873

1723799947.2440734 199038030
cloud0_tkemenade 61521369344 21145 3215

1723799948.2466033 199038454
cloud_controller_tkemenade 45657997943 25076 4880

1723799948.2471826 199038454
cloud0_tkemenade 61521369344 21158 3217

1723799949.2499616 199038873
cloud_controller_tkemenade 45657997943 25101 4889

1723799949.2505198 199038873
cloud0_tkemenade 61521369344 21167 3219

1723799950.2531993 199039288
cloud_controller_tkemenade 45657997943 25131 4897

1723799950.2537675 199039288
cloud0_tkemenade 61521369344 21185 3221

1723799951.2565088 199039815
cloud_controller_tkemenade 45657997943 25158 4903

1723799951.2570617 199039817
cloud0_tkemenade 61521369344 21199 3223

1723799952.2596428 199040245
cloud_controller_tkemenade 45657997943 25179 4910

1723799952.260207 199040245
cloud0_tkemenade 61521369344 21220 3227

1723799953.2625473 199040619
cloud_controller_tkemenade 45659185761 25206 4920

1723799953.263087 199040619
cloud0_tkemenade 61522109927 21234 3230

1723799954.265692 199041045
cloud_controller_tkemenade 45659185761 25233 4927

1723799954.2662795 199041045
cloud0_tkemenade 61522109927 21271 3232

1723799955.2690597 199041476
cloud_controller_tkemenade 45659185761 25258 4931

1723799955.2695978 199041476
cloud0_tkemenade 61522109927 21315 3238

1723799956.2720726 199041894
cloud_controller_tkemenade 45659185761 25283 4936

1723799956.2726085 199041894
cloud0_tkemenade 61522109927 21331 3241

1723799957.2749484 199042347
cloud_controller_tkemenade 45659185761 25307 4943

1723799957.275442 199042347
cloud0_tkemenade 61522109927 21349 3246

1723799958.2778497 199042776
cloud_controller_tkemenade 45659185761 25349 4951

1723799958.278381 199042776
cloud0_tkemenade 61522109927 21379 3251

1723799959.2808433 199043271
cloud_controller_tkemenade 45659185761 25371 4959

1723799959.281184 199043273
cloud0_tkemenade 61522109927 21392 3255

1723799960.2835183 199043677
cloud_controller_tkemenade 45659185761 25404 4968

1723799960.2840734 199043677
cloud0_tkemenade 61522109927 21416 3260

1723799960.4848135 199043741
cloud_controller_tkemenade 45660322742 25406 4969

1723799960.4853752 199043742
cloud0_tkemenade 61523105356 21419 3262

1723799961.48781 199044277
cloud_controller_tkemenade 45660322742 25431 4978

1723799961.4883544 199044277
cloud0_tkemenade 61523105356 21435 3266

1723799962.490848 199044754
cloud_controller_tkemenade 45660322742 25461 4984

1723799962.4913938 199044754
cloud0_tkemenade 61523105356 21463 3268

1723799963.4940345 199045221
cloud_controller_tkemenade 45660322742 25487 4996

1723799963.4945915 199045221
cloud0_tkemenade 61523105356 21561 3273

1723799964.4971728 199045649
cloud_controller_tkemenade 45660322742 25502 5004

1723799964.497709 199045649
cloud0_tkemenade 61523105356 21582 3276

1723799965.5003223 199046003
cloud_controller_tkemenade 45660322742 25520 5010

1723799965.5008595 199046003
cloud0_tkemenade 61523105356 21610 3283

1723799966.5034306 199046413
cloud_controller_tkemenade 45660322742 25557 5021

1723799966.5039806 199046413
cloud0_tkemenade 61523105356 21642 3286

1723799967.506481 199046844
cloud_controller_tkemenade 45660322742 25577 5028

1723799967.5070043 199046844
cloud0_tkemenade 61523105356 21703 3291

1723799967.607476 199046872
cloud_controller_tkemenade 45661470346 25577 5029

1723799967.6079278 199046872
cloud0_tkemenade 61524665303 21705 3291

1723799968.6105502 199047306
cloud_controller_tkemenade 45661470346 25606 5039

1723799968.6111217 199047306
cloud0_tkemenade 61524665303 21721 3294

1723799969.613774 199047762
cloud_controller_tkemenade 45661470346 25633 5046

1723799969.6143708 199047762
cloud0_tkemenade 61524665303 21733 3300

1723799970.616996 199048218
cloud_controller_tkemenade 45661470346 25685 5057

1723799970.617579 199048218
cloud0_tkemenade 61524665303 21762 3307

1723799971.6201272 199048759
cloud_controller_tkemenade 45661470346 25773 5065

1723799971.6206672 199048759
cloud0_tkemenade 61524665303 21777 3310

1723799972.623229 199049171
cloud_controller_tkemenade 45661470346 25789 5071

1723799972.6237972 199049171
cloud0_tkemenade 61524665303 21797 3314

1723799973.6264174 199049632
cloud_controller_tkemenade 45661470346 25816 5081

1723799973.6269128 199049632
cloud0_tkemenade 61524665303 21838 3318

1723799974.6296344 199050007
cloud_controller_tkemenade 45662972069 25834 5088

1723799974.630195 199050007
cloud0_tkemenade 61525547267 21861 3321

1723799975.6326127 199050395
cloud_controller_tkemenade 45662972069 25860 5092

1723799975.633191 199050399
cloud0_tkemenade 61525547267 21889 3327

1723799976.6357663 199050797
cloud_controller_tkemenade 45662972069 25883 5100

1723799976.6363533 199050797
cloud0_tkemenade 61525547267 21899 3330

1723799977.6389365 199051216
cloud_controller_tkemenade 45662972069 25905 5106

1723799977.6395018 199051216
cloud0_tkemenade 61525547267 21935 3335

1723799978.6420746 199051676
cloud_controller_tkemenade 45662972069 25933 5118

1723799978.6425025 199051676
cloud0_tkemenade 61525547267 21946 3338

1723799979.6452403 199052095
cloud_controller_tkemenade 45662972069 25953 5121

1723799979.6457586 199052095
cloud0_tkemenade 61525547267 21965 3341

1723799980.648439 199052605
cloud_controller_tkemenade 45662972069 25978 5129

1723799980.6490042 199052605
cloud0_tkemenade 61525547267 21979 3345

1723799981.65166 199053115
cloud_controller_tkemenade 45662972069 26001 5139

1723799981.6521451 199053115
cloud0_tkemenade 61525547267 21991 3351

1723799981.9530733 199053275
cloud_controller_tkemenade 45663999693 26007 5141

1723799981.9536686 199053275
cloud0_tkemenade 61526297523 21994 3351

1723799982.9562001 199053657
cloud_controller_tkemenade 45663999693 26054 5146

1723799982.956754 199053657
cloud0_tkemenade 61526297523 22013 3356

1723799983.9593453 199054092
cloud_controller_tkemenade 45663999693 26114 5150

1723799983.9596894 199054092
cloud0_tkemenade 61526297523 22049 3363

1723799984.962226 199054529
cloud_controller_tkemenade 45663999693 26139 5155

1723799984.9625926 199054529
cloud0_tkemenade 61526297523 22090 3368

1723799985.9652402 199054996
cloud_controller_tkemenade 45663999693 26169 5162

1723799985.965809 199054996
cloud0_tkemenade 61526297523 22116 3371

1723799986.968429 199055364
cloud_controller_tkemenade 45663999693 26192 5170

1723799986.9690013 199055364
cloud0_tkemenade 61526297523 22128 3374

1723799987.9717178 199055779
cloud_controller_tkemenade 45663999693 26233 5178

1723799987.9723282 199055779
cloud0_tkemenade 61526297523 22155 3383

1723799988.9748285 199056180
cloud_controller_tkemenade 45663999693 26267 5188

1723799988.975154 199056180
cloud0_tkemenade 61526297523 22173 3388

1723799989.0753684 199056219
cloud_controller_tkemenade 45665417086 26271 5188

1723799989.0759263 199056219
cloud0_tkemenade 61527295623 22178 3388

1723799990.0782602 199056629
cloud_controller_tkemenade 45665417086 26289 5196

1723799990.0788312 199056629
cloud0_tkemenade 61527295623 22198 3391

1723799991.081407 199057160
cloud_controller_tkemenade 45665417086 26321 5205

1723799991.0819356 199057160
cloud0_tkemenade 61527295623 22215 3394

1723799992.0844808 199057633
cloud_controller_tkemenade 45665417086 26347 5213

1723799992.0849023 199057633
cloud0_tkemenade 61527295623 22232 3399

1723799993.0874612 199057998
cloud_controller_tkemenade 45665417086 26368 5220

1723799993.0879877 199057998
cloud0_tkemenade 61527295623 22257 3402

1723799994.0905273 199058447
cloud_controller_tkemenade 45665417086 26386 5227

1723799994.0910847 199058447
cloud0_tkemenade 61527295623 22281 3405

1723799995.0938137 199058867
cloud_controller_tkemenade 45665417086 26421 5235

1723799995.0943642 199058867
cloud0_tkemenade 61527295623 22316 3408

1723799996.0971088 199059285
cloud_controller_tkemenade 45665417086 26449 5241

1723799996.0976617 199059285
cloud0_tkemenade 61527295623 22401 3413

1723799996.3984716 199059386
cloud_controller_tkemenade 45666537385 26454 5243

1723799996.3990402 199059386
cloud0_tkemenade 61528495944 22406 3413

1723799997.401404 199059777
cloud_controller_tkemenade 45666537385 26483 5247

1723799997.4019427 199059777
cloud0_tkemenade 61528495944 22443 3417

1723799998.4045272 199060215
cloud_controller_tkemenade 45666537385 26509 5254

1723799998.4049718 199060215
cloud0_tkemenade 61528495944 22478 3419

1723799999.4077592 199060593
cloud_controller_tkemenade 45666537385 26532 5264

1723799999.4083192 199060593
cloud0_tkemenade 61528495944 22490 3422

1723800000.410902 199061024
cloud_controller_tkemenade 45666537385 26577 5272

1723800000.4114952 199061024
cloud0_tkemenade 61528495944 22522 3427

1723800001.4139695 199061593
cloud_controller_tkemenade 45666537385 26608 5281

1723800001.414515 199061593
cloud0_tkemenade 61528495944 22541 3430

1723800002.4171536 199062222
cloud_controller_tkemenade 45666537385 26623 5290

1723800002.417704 199062222
cloud0_tkemenade 61528495944 22556 3432

1723800003.4202874 199062578
cloud_controller_tkemenade 45666537385 26646 5301

1723800003.4208183 199062578
cloud0_tkemenade 61528495944 22579 3440

1723800003.521228 199062639
cloud_controller_tkemenade 45667787455 26648 5302

1723800003.5217936 199062639
cloud0_tkemenade 61529487035 22586 3440

1723800004.524619 199063008
cloud_controller_tkemenade 45667787455 26671 5309

1723800004.5252125 199063010
cloud0_tkemenade 61529487035 22611 3444

1723800005.5279036 199063410
cloud_controller_tkemenade 45667787455 26691 5317

1723800005.528462 199063410
cloud0_tkemenade 61529487035 22642 3450

1723800006.5308135 199063799
cloud_controller_tkemenade 45667787455 26720 5324

1723800006.531169 199063799
cloud0_tkemenade 61529487035 22656 3453

1723800007.5336165 199064241
cloud_controller_tkemenade 45667787455 26740 5332

1723800007.5341926 199064241
cloud0_tkemenade 61529487035 22682 3455

1723800008.5367665 199064667
cloud_controller_tkemenade 45667787455 26768 5337

1723800008.537343 199064669
cloud0_tkemenade 61529487035 22706 3459

1723800009.5399847 199065087
cloud_controller_tkemenade 45667787455 26789 5346

1723800009.540532 199065087
cloud0_tkemenade 61529487035 22721 3461

1723800010.5429645 199065503
cloud_controller_tkemenade 45668831969 26807 5354

1723800010.5432928 199065503
cloud0_tkemenade 61530408953 22740 3465

1723800011.5455883 199066043
cloud_controller_tkemenade 45668831969 26830 5368

1723800011.545944 199066043
cloud0_tkemenade 61530408953 22751 3468

1723800012.5485473 199066453
cloud_controller_tkemenade 45668831969 26847 5375

1723800012.5491283 199066454
cloud0_tkemenade 61530408953 22765 3473

1723800013.551834 199066817
cloud_controller_tkemenade 45668831969 26869 5384

1723800013.5523849 199066817
cloud0_tkemenade 61530408953 22786 3474

1723800014.5549996 199067277
cloud_controller_tkemenade 45668831969 26896 5393

1723800014.555589 199067277
cloud0_tkemenade 61530408953 22838 3477

1723800015.5581126 199067731
cloud_controller_tkemenade 45668831969 26913 5401

1723800015.5586312 199067731
cloud0_tkemenade 61530408953 22874 3484

1723800016.5613892 199068105
cloud_controller_tkemenade 45668831969 26936 5413

1723800016.56195 199068105
cloud0_tkemenade 61530408953 22885 3486

1723800017.5644503 199068502
cloud_controller_tkemenade 45668831969 26954 5421

1723800017.5649962 199068502
cloud0_tkemenade 61530408953 22902 3490

1723800017.7657404 199068568
cloud_controller_tkemenade 45669877560 26961 5422

1723800017.766275 199068568
cloud0_tkemenade 61531294408 22904 3490

1723800018.768843 199069015
cloud_controller_tkemenade 45669877560 26993 5434

1723800018.7694242 199069016
cloud0_tkemenade 61531294408 22932 3494

1723800019.7720158 199069383
cloud_controller_tkemenade 45669877560 27013 5441

1723800019.7725534 199069383
cloud0_tkemenade 61531294408 22950 3498

1723800020.7751367 199069861
cloud_controller_tkemenade 45669877560 27038 5451

1723800020.7755866 199069861
cloud0_tkemenade 61531294408 22970 3504

1723800021.778104 199070322
cloud_controller_tkemenade 45669877560 27074 5461

1723800021.7786753 199070322
cloud0_tkemenade 61531294408 22983 3507

1723800022.781219 199070765
cloud_controller_tkemenade 45669877560 27097 5467

1723800022.7817655 199070765
cloud0_tkemenade 61531294408 23016 3512

1723800023.7844303 199071216
cloud_controller_tkemenade 45669877560 27116 5472

1723800023.7849708 199071216
cloud0_tkemenade 61531294408 23123 3517

1723800024.7873409 199071666
cloud_controller_tkemenade 45669877560 27134 5481

1723800024.7878873 199071666
cloud0_tkemenade 61531294408 23140 3522

1723800024.9885745 199071727
cloud_controller_tkemenade 45671053977 27136 5482

1723800024.9891162 199071729
cloud0_tkemenade 61532654485 23145 3523

1723800025.9915223 199072130
cloud_controller_tkemenade 45671053977 27172 5488

1723800025.9918761 199072130
cloud0_tkemenade 61532654485 23180 3527

1723800026.994342 199072545
cloud_controller_tkemenade 45671053977 27206 5495

1723800026.994913 199072545
cloud0_tkemenade 61532654485 23223 3532

1723800027.9975975 199072989
cloud_controller_tkemenade 45671053977 27229 5501

1723800027.9981568 199072989
cloud0_tkemenade 61532654485 23257 3540

1723800029.0009823 199073441
cloud_controller_tkemenade 45671053977 27254 5509

1723800029.001579 199073441
cloud0_tkemenade 61532654485 23266 3543

1723800030.0043292 199073881
cloud_controller_tkemenade 45671053977 27291 5517

1723800030.0048904 199073881
cloud0_tkemenade 61532654485 23293 3551

1723800031.0074396 199074348
cloud_controller_tkemenade 45671053977 27335 5523

1723800031.00798 199074348
cloud0_tkemenade 61532654485 23315 3555

1723800032.010498 199074830
cloud_controller_tkemenade 45671053977 27416 5532

1723800032.011059 199074830
cloud0_tkemenade 61532654485 23334 3560

1723800032.2118223 199074927
cloud_controller_tkemenade 45672588400 27419 5532

1723800032.2123928 199074927
cloud0_tkemenade 61533708246 23335 3561

1723800033.214776 199075385
cloud_controller_tkemenade 45672588400 27441 5541

1723800033.215335 199075385
cloud0_tkemenade 61533708246 23350 3565

1723800034.2179155 199075787
cloud_controller_tkemenade 45672588400 27467 5549

1723800034.2184978 199075787
cloud0_tkemenade 61533708246 23383 3568

1723800035.221208 199076235
cloud_controller_tkemenade 45672588400 27494 5556

1723800035.2217667 199076235
cloud0_tkemenade 61533708246 23412 3573

1723800036.224222 199076667
cloud_controller_tkemenade 45672588400 27522 5561

1723800036.2245884 199076667
cloud0_tkemenade 61533708246 23430 3578

1723800037.2272208 199077116
cloud_controller_tkemenade 45672588400 27548 5568

1723800037.2278047 199077116
cloud0_tkemenade 61533708246 23461 3582

1723800038.2302976 199077558
cloud_controller_tkemenade 45672588400 27562 5576

1723800038.230858 199077558
cloud0_tkemenade 61533708246 23489 3584

1723800039.2335167 199077986
cloud_controller_tkemenade 45672588400 27588 5584

1723800039.2340233 199077986
cloud0_tkemenade 61533708246 23500 3587

1723800039.3344262 199078023
cloud_controller_tkemenade 45673567253 27589 5584

1723800039.3350136 199078023
cloud0_tkemenade 61534558068 23501 3587

1723800040.3374476 199078478
cloud_controller_tkemenade 45673567253 27611 5591

1723800040.3379996 199078478
cloud0_tkemenade 61534558068 23519 3591

1723800041.3406367 199078966
cloud_controller_tkemenade 45673567253 27638 5599

1723800041.3411963 199078968
cloud0_tkemenade 61534558068 23531 3594

1723800042.3437753 199079386
cloud_controller_tkemenade 45673567253 27663 5603

1723800042.344316 199079386
cloud0_tkemenade 61534558068 23545 3598

1723800043.3469906 199079924
cloud_controller_tkemenade 45673567253 27748 5612

1723800043.347566 199079924
cloud0_tkemenade 61534558068 23561 3602

1723800044.3503814 199080308
cloud_controller_tkemenade 45673567253 27769 5616

1723800044.350955 199080308
cloud0_tkemenade 61534558068 23601 3606

1723800045.353666 199080745
cloud_controller_tkemenade 45673567253 27789 5627

1723800045.354223 199080745
cloud0_tkemenade 61534558068 23643 3616

1723800046.3568933 199081111
cloud_controller_tkemenade 45674896923 27812 5631

1723800046.3574805 199081113
cloud0_tkemenade 61534558068 23663 3619

1723800046.4579751 199081159
cloud0_tkemenade 61535502962 23663 3619

1723800047.360641 199081624
cloud_controller_tkemenade 45674896923 27832 5640

1723800047.4614227 199081658
cloud0_tkemenade 61535502962 23697 3622

1723800048.3640318 199082049
cloud_controller_tkemenade 45674896923 27866 5645

1723800048.4648552 199082083
cloud0_tkemenade 61535502962 23726 3626

1723800049.3674521 199082449
cloud_controller_tkemenade 45674896923 27890 5653

1723800049.4682572 199082483
cloud0_tkemenade 61535502962 23743 3628

1723800050.3708668 199082843
cloud_controller_tkemenade 45674896923 27910 5659

1723800050.471716 199082882
cloud0_tkemenade 61535502962 23770 3632

1723800051.3742912 199083331
cloud_controller_tkemenade 45674896923 27946 5670

1723800051.4750338 199083377
cloud0_tkemenade 61535502962 23793 3636

1723800052.377569 199083823
cloud_controller_tkemenade 45674896923 27975 5678

1723800052.4780986 199083850
cloud0_tkemenade 61535502962 23816 3640

1723800053.3804226 199084228
cloud_controller_tkemenade 45674896923 27998 5685

1723800053.481017 199084288
cloud0_tkemenade 61535502962 23841 3643

1723800053.5817513 199084408
cloud_controller_tkemenade 45676072538 28003 5687

1723800053.5823152 199084408
cloud0_tkemenade 61536481841 23845 3644

1723800054.5847316 199084792
cloud_controller_tkemenade 45676072538 28022 5692

1723800054.5853262 199084793
cloud0_tkemenade 61536481841 23863 3647

1723800055.5879717 199085255
cloud_controller_tkemenade 45676072538 28045 5699

1723800055.5885308 199085255
cloud0_tkemenade 61536481841 23955 3652

1723800056.5911188 199085722
cloud_controller_tkemenade 45676072538 28103 5707

1723800056.5917208 199085722
cloud0_tkemenade 61536481841 23995 3658

1723800057.5944738 199086127
cloud_controller_tkemenade 45676072538 28123 5715

1723800057.5950139 199086127
cloud0_tkemenade 61536481841 24030 3663

1723800058.5976748 199086576
cloud_controller_tkemenade 45676072538 28147 5723

1723800058.598225 199086576
cloud0_tkemenade 61536481841 24050 3667

1723800059.6008768 199086981
cloud_controller_tkemenade 45676072538 28179 5731

1723800059.6014633 199086983
cloud0_tkemenade 61536481841 24064 3670

1723800060.604091 199087417
cloud_controller_tkemenade 45676072538 28222 5741

1723800060.6046093 199087417
cloud0_tkemenade 61536481841 24098 3675

1723800060.7050433 199087481
cloud_controller_tkemenade 45677309975 28228 5742

1723800060.705514 199087481
cloud0_tkemenade 61537782275 24105 3676

1723800061.707894 199087951
cloud_controller_tkemenade 45677309975 28260 5753

1723800061.7084289 199087951
cloud0_tkemenade 61537782275 24119 3680

1723800062.7110748 199088374
cloud_controller_tkemenade 45677309975 28285 5760

1723800062.7116091 199088374
cloud0_tkemenade 61537782275 24134 3682

1723800063.7142572 199088832
cloud_controller_tkemenade 45677309975 28315 5769

1723800063.7146933 199088832
cloud0_tkemenade 61537782275 24161 3686

1723800064.717193 199089258
cloud_controller_tkemenade 45677309975 28353 5777

1723800064.7177958 199089258
cloud0_tkemenade 61537782275 24182 3689

1723800065.7205188 199089651
cloud_controller_tkemenade 45677309975 28399 5783

1723800065.721072 199089653
cloud0_tkemenade 61537782275 24208 3697

1723800066.7236524 199090068
cloud_controller_tkemenade 45677309975 28431 5789

1723800066.7241817 199090068
cloud0_tkemenade 61537782275 24217 3702

1723800067.7267177 199090508
cloud_controller_tkemenade 45678702063 28456 5795

1723800067.7270515 199090508
cloud0_tkemenade 61537782275 24248 3704

1723800067.827436 199090530
cloud0_tkemenade 61538653547 24249 3704

1723800068.7300115 199090883
cloud_controller_tkemenade 45678702063 28490 5801

1723800068.8306737 199090932
cloud0_tkemenade 61538653547 24272 3711

1723800069.7331405 199091351
cloud_controller_tkemenade 45678702063 28514 5806

1723800069.8337727 199091381
cloud0_tkemenade 61538653547 24289 3713

1723800070.7366385 199091788
cloud_controller_tkemenade 45678702063 28535 5813

1723800070.837305 199091849
cloud0_tkemenade 61538653547 24301 3717

1723800071.7398138 199092277
cloud_controller_tkemenade 45678702063 28563 5822

1723800071.840627 199092304
cloud0_tkemenade 61538653547 24315 3718

1723800072.7431319 199092642
cloud_controller_tkemenade 45678702063 28583 5827

1723800072.8439543 199092691
cloud0_tkemenade 61538653547 24327 3724

1723800073.746742 199093046
cloud_controller_tkemenade 45678702063 28602 5836

1723800073.8476129 199093097
cloud0_tkemenade 61538653547 24367 3727

1723800074.750222 199093528
cloud_controller_tkemenade 45678702063 28620 5842

1723800074.8510346 199093579
cloud0_tkemenade 61538653547 24410 3731

1723800074.9517562 199093621
cloud_controller_tkemenade 45679722955 28624 5845

1723800074.9522974 199093621
cloud0_tkemenade 61539557364 24416 3731

1723800075.9549217 199093975
cloud_controller_tkemenade 45679722955 28644 5854

1723800075.9554632 199093975
cloud0_tkemenade 61539557364 24435 3734

1723800076.9581227 199094333
cloud_controller_tkemenade 45679722955 28675 5861

1723800076.958675 199094333
cloud0_tkemenade 61539557364 24445 3737

1723800077.9613118 199094709
cloud_controller_tkemenade 45679722955 28710 5871

1723800077.9618647 199094709
cloud0_tkemenade 61539557364 24462 3743

1723800078.964503 199095134
cloud_controller_tkemenade 45679722955 28739 5878

1723800078.9650736 199095135
cloud0_tkemenade 61539557364 24493 3749

1723800079.967616 199095554
cloud_controller_tkemenade 45679722955 28759 5889

1723800079.968178 199095554
cloud0_tkemenade 61539557364 24508 3752

1723800080.9709868 199096011
cloud_controller_tkemenade 45679722955 28791 5898

1723800080.971555 199096011
cloud0_tkemenade 61539557364 24531 3756

1723800081.974302 199096449
cloud_controller_tkemenade 45679722955 28828 5908

1723800081.9748585 199096449
cloud0_tkemenade 61539557364 24546 3761

1723800082.1755888 199096548
cloud_controller_tkemenade 45681013929 28831 5910

1723800082.1759555 199096548
cloud0_tkemenade 61540335745 24553 3761

1723800083.1783113 199096973
cloud_controller_tkemenade 45681013929 28850 5916

1723800083.1788735 199096973
cloud0_tkemenade 61540335745 24628 3763

1723800084.181595 199097495
cloud_controller_tkemenade 45681013929 28873 5923

1723800084.1821463 199097495
cloud0_tkemenade 61540335745 24680 3769

1723800085.1848779 199097893
cloud_controller_tkemenade 45681013929 28890 5931

1723800085.1854715 199097894
cloud0_tkemenade 61540335745 24711 3773

1723800086.1881647 199098291
cloud_controller_tkemenade 45681013929 28923 5940

1723800086.1887174 199098291
cloud0_tkemenade 61540335745 24752 3777

1723800087.191384 199098725
cloud_controller_tkemenade 45681013929 28952 5947

1723800087.191864 199098725
cloud0_tkemenade 61540335745 24791 3785

1723800088.194585 199099089
cloud_controller_tkemenade 45681013929 28971 5952

1723800088.1951194 199099089
cloud0_tkemenade 61540335745 24801 3789

1723800089.1977818 199099507
cloud_controller_tkemenade 45681013929 28991 5958

1723800089.19832 199099507
cloud0_tkemenade 61540335745 24823 3792

1723800089.3990238 199099591
cloud_controller_tkemenade 45682036609 28995 5959

1723800089.3995879 199099591
cloud0_tkemenade 61541814550 24825 3793

1723800090.4022264 199099964
cloud_controller_tkemenade 45682036609 29024 5970

1723800090.4025736 199099964
cloud0_tkemenade 61541814550 24858 3796

1723800091.4051173 199100496
cloud_controller_tkemenade 45682036609 29094 5977

1723800091.4056678 199100496
cloud0_tkemenade 61541814550 24880 3800

1723800092.4080439 199100945
cloud_controller_tkemenade 45682036609 29123 5985

1723800092.4086275 199100945
cloud0_tkemenade 61541814550 24899 3802

1723800093.4113567 199101356
cloud_controller_tkemenade 45682036609 29145 5993

1723800093.4119167 199101356
cloud0_tkemenade 61541814550 24914 3805

1723800094.4147115 199101787
cloud_controller_tkemenade 45682036609 29163 6003

1723800094.4152763 199101787
cloud0_tkemenade 61541814550 24935 3810

1723800095.417811 199102170
cloud_controller_tkemenade 45682036609 29180 6011

1723800095.4181857 199102170
cloud0_tkemenade 61541814550 24960 3816

1723800096.4205897 199102584
cloud_controller_tkemenade 45682036609 29203 6019

1723800096.4214487 199102588
cloud0_tkemenade 61541814550 24976 3820

1723800096.5219216 199102629
cloud_controller_tkemenade 45683323993 29208 6021

1723800096.5224993 199102629
cloud0_tkemenade 61542666425 24978 3821

1723800097.5250504 199103019
cloud_controller_tkemenade 45683323993 29230 6027

1723800097.5256722 199103019
cloud0_tkemenade 61542666425 25003 3823

1723800098.5284657 199103461
cloud_controller_tkemenade 45683323993 29248 6033

1723800098.5290182 199103461
cloud0_tkemenade 61542666425 25028 3826

1723800099.531641 199103854
cloud_controller_tkemenade 45683323993 29266 6041

1723800099.5321858 199103854
cloud0_tkemenade 61542666425 25041 3829

1723800100.5347486 199104314
cloud_controller_tkemenade 45683323993 29286 6049

1723800100.5353367 199104314
cloud0_tkemenade 61542666425 25056 3831

1723800101.5381963 199104839
cloud_controller_tkemenade 45683323993 29310 6056

1723800101.5387535 199104839
cloud0_tkemenade 61542666425 25071 3834

1723800102.5414433 199105216
cloud_controller_tkemenade 45683323993 29332 6062

1723800102.5419924 199105216
cloud0_tkemenade 61542666425 25084 3837

1723800103.5446525 199105651
cloud_controller_tkemenade 45684540064 29407 6068

1723800103.5450535 199105654
cloud0_tkemenade 61543411448 25112 3842

1723800104.547237 199106087
cloud_controller_tkemenade 45684540064 29427 6077

1723800104.5475743 199106087
cloud0_tkemenade 61543411448 25152 3845

1723800105.5499504 199106483
cloud_controller_tkemenade 45684540064 29450 6086

1723800105.5503721 199106483
cloud0_tkemenade 61543411448 25205 3852

1723800106.5529864 199106951
cloud_controller_tkemenade 45684540064 29480 6094

1723800106.5535648 199106951
cloud0_tkemenade 61543411448 25220 3854

1723800107.5563219 199107347
cloud_controller_tkemenade 45684540064 29501 6099

1723800107.5568924 199107347
cloud0_tkemenade 61543411448 25250 3858

1723800108.559444 199107760
cloud_controller_tkemenade 45684540064 29537 6108

1723800108.559953 199107760
cloud0_tkemenade 61543411448 25273 3861

1723800109.5625448 199108229
cloud_controller_tkemenade 45684540064 29583 6115

1723800109.5631087 199108229
cloud0_tkemenade 61543411448 25299 3869

1723800110.5658333 199108637
cloud_controller_tkemenade 45684540064 29607 6123

1723800110.5663824 199108637
cloud0_tkemenade 61543411448 25322 3873

1723800110.8673167 199108774
cloud_controller_tkemenade 45685803904 29615 6126

1723800110.8678882 199108774
cloud0_tkemenade 61544589443 25328 3874

1723800111.8701575 199109252
cloud_controller_tkemenade 45685803904 29663 6137

1723800111.870715 199109252
cloud0_tkemenade 61544589443 25347 3880

1723800112.8733327 199109673
cloud_controller_tkemenade 45685803904 29684 6142

1723800112.87388 199109673
cloud0_tkemenade 61544589443 25372 3883

1723800113.8763945 199110037
cloud_controller_tkemenade 45685803904 29706 6151

1723800113.876946 199110037
cloud0_tkemenade 61544589443 25411 3886

1723800114.8796558 199110520
cloud_controller_tkemenade 45685803904 29725 6157

1723800114.8802028 199110520
cloud0_tkemenade 61544589443 25433 3891

1723800115.8829498 199110990
cloud_controller_tkemenade 45685803904 29759 6164

1723800115.8834999 199110990
cloud0_tkemenade 61544589443 25542 3897

1723800116.8858645 199111494
cloud_controller_tkemenade 45685803904 29794 6176

1723800116.886434 199111494
cloud0_tkemenade 61544589443 25593 3904

1723800117.8891118 199111861
cloud_controller_tkemenade 45685803904 29813 6182

1723800117.8894196 199111861
cloud0_tkemenade 61544589443 25611 3907

1723800117.9897287 199111892
cloud_controller_tkemenade 45687061775 29815 6182

1723800117.9902835 199111892
cloud0_tkemenade 61546166696 25613 3907

1723800118.9929173 199112307
cloud_controller_tkemenade 45687061775 29834 6189

1723800118.9935262 199112307
cloud0_tkemenade 61546166696 25642 3911

1723800119.9960363 199112703
cloud_controller_tkemenade 45687061775 29868 6199

1723800119.996539 199112703
cloud0_tkemenade 61546166696 25675 3915

1723800120.9992363 199113138
cloud_controller_tkemenade 45687061775 29900 6205

1723800120.999798 199113138
cloud0_tkemenade 61546166696 25701 3919

1723800122.0024915 199113654
cloud_controller_tkemenade 45687061775 29943 6212

1723800122.0028641 199113654
cloud0_tkemenade 61546166696 25722 3923

1723800123.0053885 199114181
cloud_controller_tkemenade 45687061775 29963 6220

1723800123.0057435 199114181
cloud0_tkemenade 61546166696 25736 3927

1723800124.0082395 199114634
cloud_controller_tkemenade 45687061775 29983 6229

1723800124.0085895 199114634
cloud0_tkemenade 61546166696 25777 3929

1723800125.0107212 199115059
cloud_controller_tkemenade 45687061775 30065 6234

1723800125.0111313 199115059
cloud0_tkemenade 61546166696 25798 3935

1723800125.111546 199115104
cloud_controller_tkemenade 45688555177 30068 6234

1723800125.1121206 199115104
cloud0_tkemenade 61547217973 25803 3935

1723800126.1144981 199115501
cloud_controller_tkemenade 45688555177 30098 6240

1723800126.114878 199115501
cloud0_tkemenade 61547217973 25828 3942

1723800127.1173575 199115937
cloud_controller_tkemenade 45688555177 30129 6249

1723800127.117776 199115937
cloud0_tkemenade 61547217973 25852 3946

1723800128.1204517 199116353
cloud_controller_tkemenade 45688555177 30160 6257

1723800128.1210017 199116353
cloud0_tkemenade 61547217973 25871 3948

1723800129.123687 199116806
cloud_controller_tkemenade 45688555177 30187 6268

1723800129.1240373 199116806
cloud0_tkemenade 61547217973 25896 3951

1723800130.1266172 199117222
cloud_controller_tkemenade 45688555177 30217 6274

1723800130.127181 199117222
cloud0_tkemenade 61547217973 25916 3956

1723800131.1296558 199117703
cloud_controller_tkemenade 45688555177 30234 6280

1723800131.1302054 199117703
cloud0_tkemenade 61547217973 25930 3958

1723800132.1328895 199118175
cloud_controller_tkemenade 45688555177 30267 6294

1723800132.1334653 199118175
cloud0_tkemenade 61547217973 25947 3964

1723800132.233964 199118236
cloud_controller_tkemenade 45689782259 30268 6294

1723800132.3347957 199118268
cloud0_tkemenade 61548056323 25947 3966

1723800133.2372875 199118606
cloud_controller_tkemenade 45689782259 30291 6300

1723800133.3380764 199118649
cloud0_tkemenade 61548056323 25960 3969

1723800134.2407603 199119120
cloud_controller_tkemenade 45689782259 30312 6314

1723800134.3416417 199119181
cloud0_tkemenade 61548056323 26006 3971

1723800135.2443466 199119565
cloud_controller_tkemenade 45689782259 30334 6321

1723800135.345165 199119593
cloud0_tkemenade 61548056323 26053 3976

1723800136.247486 199119975
cloud_controller_tkemenade 45689782259 30364 6331

1723800136.3480625 199120070
cloud0_tkemenade 61548056323 26087 3980

1723800137.2503705 199120427
cloud_controller_tkemenade 45689782259 30395 6341

1723800137.3511524 199120473
cloud0_tkemenade 61548056323 26110 3989

1723800138.2535923 199120883
cloud_controller_tkemenade 45689782259 30437 6348

1723800138.3543437 199120930
cloud0_tkemenade 61548056323 26130 3993

1723800139.2564516 199121278
cloud_controller_tkemenade 45689782259 30458 6356

1723800139.357055 199121314
cloud_controller_tkemenade 45690976400 30461 6357

1723800139.3575263 199121314
cloud0_tkemenade 61549203265 26158 3996

1723800140.3597007 199121703
cloud_controller_tkemenade 45690976400 30492 6365

1723800140.3602495 199121703
cloud0_tkemenade 61549203265 26185 4000

1723800141.3624163 199122249
cloud_controller_tkemenade 45690976400 30517 6371

1723800141.3629642 199122249
cloud0_tkemenade 61549203265 26200 4004

1723800142.3654628 199122717
cloud_controller_tkemenade 45690976400 30570 6383

1723800142.3660586 199122717
cloud0_tkemenade 61549203265 26228 4009

1723800143.3686705 199123191
cloud_controller_tkemenade 45690976400 30593 6390

1723800143.3692448 199123193
cloud0_tkemenade 61549203265 26321 4012

1723800144.371752 199123649
cloud_controller_tkemenade 45690976400 30620 6399

1723800144.372094 199123649
cloud0_tkemenade 61549203265 26360 4017

1723800145.3744912 199124091
cloud_controller_tkemenade 45690976400 30640 6406

1723800145.375056 199124091
cloud0_tkemenade 61549203265 26387 4020

1723800146.3773775 199124489
cloud_controller_tkemenade 45690976400 30667 6418

1723800146.377923 199124489
cloud0_tkemenade 61549203265 26429 4026

1723800146.6787064 199124631
cloud_controller_tkemenade 45692275633 30682 6421

1723800146.6790607 199124631
cloud0_tkemenade 61550620199 26439 4029

1723800147.6813517 199125014
cloud_controller_tkemenade 45692275633 30712 6431

1723800147.681759 199125014
cloud0_tkemenade 61550620199 26478 4034

1723800148.68416 199125513
cloud_controller_tkemenade 45692275633 30738 6438

1723800148.6847253 199125513
cloud0_tkemenade 61550620199 26490 4037

1723800149.6872733 199125913
cloud_controller_tkemenade 45692275633 30765 6452

1723800149.687678 199125913
cloud0_tkemenade 61550620199 26521 4040

1723800150.6899517 199126360
cloud_controller_tkemenade 45692275633 30811 6464

1723800150.6904979 199126360
cloud0_tkemenade 61550620199 26563 4046

1723800151.692708 199126944
cloud_controller_tkemenade 45692275633 30895 6472

1723800151.6930544 199126945
cloud0_tkemenade 61550620199 26584 4050

1723800152.6952736 199127317
cloud_controller_tkemenade 45692275633 30937 6482

1723800152.6957593 199127317
cloud0_tkemenade 61550620199 26600 4053

1723800153.6980124 199127735
cloud_controller_tkemenade 45692275633 30959 6489

1723800153.6985252 199127735
cloud0_tkemenade 61550620199 26623 4057

1723800153.7989588 199127779
cloud_controller_tkemenade 45693976424 30965 6489

1723800153.7993135 199127779
cloud0_tkemenade 61551664200 26632 4057

1723800154.8015654 199128207
cloud_controller_tkemenade 45693976424 30990 6496

1723800154.8019617 199128207
cloud0_tkemenade 61551664200 26659 4062

1723800155.8043208 199128598
cloud_controller_tkemenade 45693976424 31015 6503

1723800155.8047035 199128598
cloud0_tkemenade 61551664200 26688 4066

1723800156.8069563 199129009
cloud_controller_tkemenade 45693976424 31050 6511

1723800156.8074937 199129009
cloud0_tkemenade 61551664200 26701 4070

1723800157.8099997 199129404
cloud_controller_tkemenade 45693976424 31077 6520

1723800157.810543 199129404
cloud0_tkemenade 61551664200 26725 4074

1723800158.8131106 199129871
cloud_controller_tkemenade 45693976424 31098 6528

1723800158.8136795 199129871
cloud0_tkemenade 61551664200 26735 4076

1723800159.81635 199130317
cloud_controller_tkemenade 45693976424 31117 6535

1723800159.816719 199130317
cloud0_tkemenade 61551664200 26769 4082

1723800160.8188958 199130769
cloud_controller_tkemenade 45695041238 31136 6541

1723800160.819222 199130769
cloud0_tkemenade 61551664200 26778 4083

1723800160.9195104 199130817
cloud0_tkemenade 61552504843 26779 4083

1723800161.8216314 199131240
cloud_controller_tkemenade 45695041238 31157 6547

1723800161.922184 199131270
cloud0_tkemenade 61552504843 26798 4087

1723800162.8245418 199131604
cloud_controller_tkemenade 45695041238 31196 6558

1723800162.925274 199131658
cloud0_tkemenade 61552504843 26809 4092

1723800163.8277452 199132079
cloud_controller_tkemenade 45695041238 31290 6563

1723800163.9285345 199132100
cloud0_tkemenade 61552504843 26850 4096

1723800164.8306806 199132467
cloud_controller_tkemenade 45695041238 31317 6568

1723800164.93133 199132553
cloud0_tkemenade 61552504843 26893 4101

1723800165.8333037 199132923
cloud_controller_tkemenade 45695041238 31334 6575

1723800165.9338124 199132954
cloud0_tkemenade 61552504843 26915 4105

1723800166.836282 199133279
cloud_controller_tkemenade 45695041238 31360 6582

1723800166.9371061 199133337
cloud0_tkemenade 61552504843 26931 4108

1723800167.8395312 199133811
cloud_controller_tkemenade 45695041238 31391 6589

1723800167.9402735 199133862
cloud0_tkemenade 61552504843 26949 4113

1723800168.0409472 199133898
cloud_controller_tkemenade 45696592815 31408 6591

1723800168.041309 199133899
cloud0_tkemenade 61553486058 26950 4113

1723800169.043562 199134306
cloud_controller_tkemenade 45696592815 31435 6599

1723800169.0441263 199134306
cloud0_tkemenade 61553486058 26967 4117

1723800170.0462918 199134771
cloud_controller_tkemenade 45696592815 31459 6607

1723800170.0468323 199134771
cloud0_tkemenade 61553486058 26996 4124

1723800171.048874 199135238
cloud_controller_tkemenade 45696592815 31485 6613

1723800171.0492058 199135240
cloud0_tkemenade 61553486058 27010 4130

1723800172.0514197 199135666
cloud_controller_tkemenade 45696592815 31512 6620

1723800172.051956 199135666
cloud0_tkemenade 61553486058 27031 4134

1723800173.054225 199136054
cloud_controller_tkemenade 45696592815 31543 6633

1723800173.0547826 199136054
cloud0_tkemenade 61553486058 27050 4136

1723800174.0572257 199136507
cloud_controller_tkemenade 45696592815 31563 6638

1723800174.057762 199136507
cloud0_tkemenade 61553486058 27076 4139

1723800175.0600264 199136889
cloud_controller_tkemenade 45696592815 31579 6644

1723800175.0603702 199136889
cloud0_tkemenade 61553486058 27092 4141

1723800175.1606712 199136976
cloud_controller_tkemenade 45697750862 31581 6646

1723800175.1610298 199136976
cloud0_tkemenade 61554379989 27110 4141

1723800176.1630116 199137397
cloud_controller_tkemenade 45697750862 31607 6655

1723800176.1634872 199137397
cloud0_tkemenade 61554379989 27190 4147

1723800177.1658223 199137815
cloud_controller_tkemenade 45697750862 31634 6661

1723800177.1663756 199137815
cloud0_tkemenade 61554379989 27234 4150

1723800178.1686378 199138233
cloud_controller_tkemenade 45697750862 31659 6669

1723800178.1692116 199138235
cloud0_tkemenade 61554379989 27248 4151

1723800179.1716673 199138613
cloud_controller_tkemenade 45697750862 31676 6680

1723800179.1722205 199138613
cloud0_tkemenade 61554379989 27256 4155

1723800180.1746562 199139047
cloud_controller_tkemenade 45697750862 31710 6687

1723800180.175209 199139047
cloud0_tkemenade 61554379989 27290 4157

1723800181.1776173 199139555
cloud_controller_tkemenade 45697750862 31740 6694

1723800181.177991 199139555
cloud0_tkemenade 61554379989 27312 4162

1723800182.1799421 199140022
cloud_controller_tkemenade 45697750862 31760 6700

1723800182.18051 199140022
cloud0_tkemenade 61554379989 27335 4165

1723800182.4813516 199140142
cloud_controller_tkemenade 45699004085 31780 6705

1723800182.4818938 199140142
cloud0_tkemenade 61555657499 27338 4166

1723800183.48418 199140523
cloud_controller_tkemenade 45699004085 31800 6709

1723800183.4845307 199140523
cloud0_tkemenade 61555657499 27358 4169

1723800184.4864597 199140898
cloud_controller_tkemenade 45699004085 31827 6717

1723800184.486819 199140898
cloud0_tkemenade 61555657499 27386 4173

1723800185.4888847 199141298
cloud_controller_tkemenade 45699004085 31844 6726

1723800185.4894338 199141299
cloud0_tkemenade 61555657499 27410 4179

1723800186.4914875 199141629
cloud_controller_tkemenade 45699004085 31870 6733

1723800186.4918113 199141629
cloud0_tkemenade 61555657499 27426 4187

1723800187.4938374 199142080
cloud_controller_tkemenade 45699004085 31896 6740

1723800187.4942143 199142080
cloud0_tkemenade 61555657499 27449 4193

1723800188.4962986 199142471
cloud_controller_tkemenade 45699004085 31932 6746

1723800188.4967632 199142471
cloud0_tkemenade 61555657499 27461 4194

1723800189.4989576 199142923
cloud_controller_tkemenade 45699004085 31956 6751

1723800189.4992957 199142923
cloud0_tkemenade 61555657499 27479 4201

1723800189.5995877 199142960
cloud_controller_tkemenade 45700107371 31957 6753

1723800189.5999432 199142960
cloud0_tkemenade 61556534217 27481 4202

1723800190.6019146 199143400
cloud_controller_tkemenade 45700107371 31976 6760

1723800190.602244 199143400
cloud0_tkemenade 61556534217 27496 4205

1723800191.6043653 199143878
cloud_controller_tkemenade 45700107371 31993 6763

1723800191.604889 199143878
cloud0_tkemenade 61556534217 27515 4208

1723800192.6073158 199144247
cloud_controller_tkemenade 45700107371 32020 6771

1723800192.6076732 199144247
cloud0_tkemenade 61556534217 27528 4213

1723800193.6097863 199144649
cloud_controller_tkemenade 45700107371 32041 6777

1723800193.6104188 199144649
cloud0_tkemenade 61556534217 27545 4217

1723800194.6128237 199145060
cloud_controller_tkemenade 45700107371 32065 6787

1723800194.6133986 199145062
cloud0_tkemenade 61556534217 27607 4219

1723800195.6155615 199145528
cloud_controller_tkemenade 45700107371 32080 6791

1723800195.6159234 199145528
cloud0_tkemenade 61556534217 27642 4222

1723800196.618041 199145888
cloud_controller_tkemenade 45700107371 32105 6800

1723800196.618525 199145888
cloud0_tkemenade 61556534217 27656 4223

1723800196.7189293 199145918
cloud_controller_tkemenade 45701052270 32109 6800

1723800196.7194345 199145918
cloud0_tkemenade 61557483888 27659 4223

1723800197.7215207 199146340
cloud_controller_tkemenade 45701052270 32134 6807

1723800197.721942 199146340
cloud0_tkemenade 61557483888 27681 4228

1723800198.7244122 199146775
cloud_controller_tkemenade 45701052270 32173 6815

1723800198.7248383 199146775
cloud0_tkemenade 61557483888 27702 4231

1723800199.7271712 199147221
cloud_controller_tkemenade 45701052270 32194 6823

1723800199.7277389 199147221
cloud0_tkemenade 61557483888 27736 4238

1723800200.7302682 199147677
cloud_controller_tkemenade 45701052270 32215 6831

1723800200.7308211 199147677
cloud0_tkemenade 61557483888 27749 4242

1723800201.7334952 199148205
cloud_controller_tkemenade 45701052270 32244 6837

1723800201.7340698 199148205
cloud0_tkemenade 61557483888 27764 4248

1723800202.7365777 199148620
cloud_controller_tkemenade 45701052270 32277 6844

1723800202.7369308 199148620
cloud0_tkemenade 61557483888 27786 4251

1723800203.739 199149081
cloud_controller_tkemenade 45701052270 32293 6849

1723800203.739499 199149081
cloud0_tkemenade 61557483888 27898 4253

1723800203.939991 199149150
cloud_controller_tkemenade 45702111517 32299 6852

1723800204.0408123 199149230
cloud0_tkemenade 61558709464 27905 4257

1723800204.9431744 199149596
cloud_controller_tkemenade 45702111517 32316 6860

1723800205.0438864 199149622
cloud0_tkemenade 61558709464 27927 4260

1723800205.9463227 199150016
cloud_controller_tkemenade 45702111517 32344 6866

1723800206.047065 199150041
cloud0_tkemenade 61558709464 27963 4264

1723800206.9495099 199150424
cloud_controller_tkemenade 45702111517 32380 6873

1723800207.0502858 199150490
cloud0_tkemenade 61558709464 28006 4275

1723800207.9530241 199150866
cloud_controller_tkemenade 45702111517 32410 6880

1723800208.0537894 199150910
cloud0_tkemenade 61558709464 28029 4279

1723800208.9565122 199151324
cloud_controller_tkemenade 45702111517 32437 6886

1723800209.057206 199151359
cloud0_tkemenade 61558709464 28040 4282

1723800209.9598432 199151735
cloud_controller_tkemenade 45702111517 32477 6896

1723800210.0604584 199151789
cloud0_tkemenade 61558709464 28080 4291

1723800210.9628875 199152181
cloud_controller_tkemenade 45702111517 32507 6906

1723800211.063641 199152245
cloud_controller_tkemenade 45703370747 32509 6906

1723800211.0641453 199152245
cloud0_tkemenade 61559822491 28102 4294

1723800212.0665555 199152823
cloud_controller_tkemenade 45703370747 32584 6911

1723800212.067148 199152823
cloud0_tkemenade 61559822491 28121 4298

1723800213.069943 199153227
cloud_controller_tkemenade 45703370747 32617 6920

1723800213.0704975 199153227
cloud0_tkemenade 61559822491 28137 4301

1723800214.073072 199153642
cloud_controller_tkemenade 45703370747 32637 6928

1723800214.073628 199153642
cloud0_tkemenade 61559822491 28173 4306

1723800215.0763628 199154085
cloud_controller_tkemenade 45703370747 32660 6934

1723800215.0767028 199154085
cloud0_tkemenade 61559822491 28198 4309

1723800216.0791264 199154506
cloud_controller_tkemenade 45703370747 32686 6942

1723800216.0795915 199154506
cloud0_tkemenade 61559822491 28219 4313

1723800217.0821934 199154929
cloud_controller_tkemenade 45703370747 32709 6950

1723800217.0826855 199154929
cloud0_tkemenade 61559822491 28240 4318

1723800218.0852346 199155311
cloud_controller_tkemenade 45703370747 32730 6957

1723800218.0857873 199155311
cloud0_tkemenade 61559822491 28259 4324

1723800218.2865434 199155384
cloud_controller_tkemenade 45704607617 32737 6958

1723800218.2871144 199155384
cloud0_tkemenade 61560671146 28261 4325

1723800219.2896755 199155796
cloud_controller_tkemenade 45704607617 32757 6966

1723800219.290217 199155796
cloud0_tkemenade 61560671146 28270 4327

1723800220.292859 199156179
cloud_controller_tkemenade 45704607617 32777 6974

1723800220.2932272 199156181
cloud0_tkemenade 61560671146 28296 4332

1723800221.2956996 199156701
cloud_controller_tkemenade 45704607617 32792 6978

1723800221.296237 199156701
cloud0_tkemenade 61560671146 28307 4336

1723800222.298881 199157195
cloud_controller_tkemenade 45704607617 32811 6985

1723800222.2994325 199157195
cloud0_tkemenade 61560671146 28324 4338

1723800223.302153 199157680
cloud_controller_tkemenade 45704607617 32902 6995

1723800223.3026962 199157680
cloud0_tkemenade 61560671146 28337 4342

1723800224.3054278 199158044
cloud_controller_tkemenade 45704607617 32925 7003

1723800224.3060055 199158044
cloud0_tkemenade 61560671146 28364 4346

1723800225.3086746 199158437
cloud_controller_tkemenade 45704607617 32938 7009

1723800225.3089983 199158437
cloud0_tkemenade 61560671146 28406 4351

1723800225.4093316 199158471
cloud_controller_tkemenade 45705881790 32938 7010

1723800225.4098887 199158471
cloud0_tkemenade 61561522234 28406 4351

1723800226.4125416 199158864
cloud_controller_tkemenade 45705881790 32958 7017

1723800226.4131107 199158866
cloud0_tkemenade 61561522234 28419 4358

1723800227.4156005 199159265
cloud_controller_tkemenade 45705881790 32980 7026

1723800227.4159474 199159265
cloud0_tkemenade 61561522234 28444 4361

1723800228.4185724 199159675
cloud_controller_tkemenade 45705881790 33018 7036

1723800228.4191158 199159675
cloud0_tkemenade 61561522234 28458 4366

1723800229.421686 199160069
cloud_controller_tkemenade 45705881790 33039 7043

1723800229.4222343 199160069
cloud0_tkemenade 61561522234 28485 4369

1723800230.4250443 199160465
cloud_controller_tkemenade 45705881790 33062 7052

1723800230.4255986 199160465
cloud0_tkemenade 61561522234 28521 4375

1723800231.4282587 199160982
cloud_controller_tkemenade 45705881790 33082 7058

1723800231.4287932 199160982
cloud0_tkemenade 61561522234 28537 4378

1723800232.431215 199161439
cloud_controller_tkemenade 45707010598 33110 7065

1723800232.431568 199161439
cloud0_tkemenade 61562437215 28560 4382

1723800233.4341452 199161833
cloud_controller_tkemenade 45707010598 33136 7071

1723800233.4346926 199161833
cloud0_tkemenade 61562437215 28576 4385

1723800234.4371958 199162208
cloud_controller_tkemenade 45707010598 33152 7080

1723800234.4375846 199162208
cloud0_tkemenade 61562437215 28595 4388

1723800235.440068 199162683
cloud_controller_tkemenade 45707010598 33178 7088

1723800235.4406223 199162683
cloud0_tkemenade 61562437215 28689 4394

1723800236.443158 199163098
cloud_controller_tkemenade 45707010598 33211 7096

1723800236.4437454 199163098
cloud0_tkemenade 61562437215 28726 4400

1723800237.4463215 199163568
cloud_controller_tkemenade 45707010598 33236 7105

1723800237.4468787 199163568
cloud0_tkemenade 61562437215 28764 4408

1723800238.4496713 199163947
cloud_controller_tkemenade 45707010598 33261 7113

1723800238.4502082 199163947
cloud0_tkemenade 61562437215 28778 4414

1723800239.4529512 199164317
cloud_controller_tkemenade 45707010598 33293 7121

1723800239.453515 199164317
cloud0_tkemenade 61562437215 28794 4416

1723800239.654273 199164421
cloud_controller_tkemenade 45708169781 33301 7123

1723800239.654861 199164421
cloud0_tkemenade 61563713251 28801 4418

1723800240.6574643 199164880
cloud_controller_tkemenade 45708169781 33344 7132

1723800240.6580143 199164880
cloud0_tkemenade 61563713251 28843 4426

1723800241.6605673 199165359
cloud_controller_tkemenade 45708169781 33366 7140

1723800241.6611807 199165363
cloud0_tkemenade 61563713251 28862 4430

1723800242.663668 199165830
cloud_controller_tkemenade 45708169781 33392 7151

1723800242.6640072 199165830
cloud0_tkemenade 61563713251 28878 4434

1723800243.6664824 199166433
cloud_controller_tkemenade 45708169781 33413 7158

1723800243.6671762 199166433
cloud0_tkemenade 61563713251 28902 4437

1723800244.669791 199166853
cloud_controller_tkemenade 45708169781 33469 7166

1723800244.6703305 199166853
cloud0_tkemenade 61563713251 28922 4440

1723800245.6728058 199167244
cloud_controller_tkemenade 45708169781 33492 7172

1723800245.673411 199167246
cloud0_tkemenade 61563713251 28946 4445

1723800246.6759717 199167670
cloud_controller_tkemenade 45708169781 33510 7182

1723800246.6764994 199167670
cloud0_tkemenade 61563713251 28962 4448

1723800246.7769973 199167709
cloud_controller_tkemenade 45709521154 33515 7184

1723800246.7775815 199167709
cloud0_tkemenade 61564695614 28963 4449

1723800247.7802126 199168073
cloud_controller_tkemenade 45709521154 33528 7191

1723800247.7807527 199168073
cloud0_tkemenade 61564695614 28988 4451

1723800248.7832894 199168456
cloud_controller_tkemenade 45709521154 33558 7198

1723800248.7837563 199168456
cloud0_tkemenade 61564695614 28996 4453

1723800249.7863646 199168871
cloud_controller_tkemenade 45709521154 33577 7205

1723800249.7869127 199168871
cloud0_tkemenade 61564695614 29009 4454

1723800250.7895043 199169329
cloud_controller_tkemenade 45709521154 33600 7213

1723800250.790041 199169329
cloud0_tkemenade 61564695614 29039 4456

1723800251.7928524 199169745
cloud_controller_tkemenade 45709521154 33612 7220

1723800251.7933662 199169746
cloud0_tkemenade 61564695614 29054 4460

1723800252.7960222 199170143
cloud_controller_tkemenade 45709521154 33649 7226

1723800252.7963407 199170143
cloud0_tkemenade 61564695614 29064 4463

1723800253.7985578 199170575
cloud_controller_tkemenade 45709521154 33668 7233

1723800253.7988853 199170575
cloud0_tkemenade 61564695614 29096 4466

1723800253.8992136 199170602
cloud_controller_tkemenade 45710573937 33671 7233

1723800253.8997626 199170602
cloud0_tkemenade 61565464955 29097 4466

1723800254.902309 199171040
cloud_controller_tkemenade 45710573937 33693 7240

1723800254.9028108 199171040
cloud0_tkemenade 61565464955 29138 4469

1723800255.905448 199171397
cloud_controller_tkemenade 45710573937 33712 7247

1723800255.905977 199171397
cloud0_tkemenade 61565464955 29163 4473

1723800256.9086761 199171781
cloud_controller_tkemenade 45710573937 33731 7256

1723800256.9090273 199171781
cloud0_tkemenade 61565464955 29174 4476

1723800257.911535 199172151
cloud_controller_tkemenade 45710573937 33755 7261

1723800257.9120593 199172151
cloud0_tkemenade 61565464955 29194 4480

1723800258.9146483 199172543
cloud_controller_tkemenade 45710573937 33786 7273

1723800258.9152622 199172543
cloud0_tkemenade 61565464955 29213 4484

1723800259.9180593 199172968
cloud_controller_tkemenade 45710573937 33807 7280

1723800259.9185915 199172968
cloud0_tkemenade 61565464955 29230 4487

1723800260.9211855 199173423
cloud_controller_tkemenade 45710573937 33835 7286

1723800260.9217417 199173423
cloud0_tkemenade 61565464955 29266 4493

1723800261.1223612 199173515
cloud_controller_tkemenade 45711648247 33839 7289

1723800261.1228912 199173515
cloud0_tkemenade 61566409772 29267 4493

1723800262.125459 199173930
cloud_controller_tkemenade 45711648247 33872 7297

1723800262.1260657 199173930
cloud0_tkemenade 61566409772 29293 4498

1723800263.128909 199174423
cloud_controller_tkemenade 45711648247 33904 7306

1723800263.1294165 199174423
cloud0_tkemenade 61566409772 29357 4501

1723800264.1318634 199174918
cloud_controller_tkemenade 45711648247 33924 7312

1723800264.1324224 199174918
cloud0_tkemenade 61566409772 29418 4505

1723800265.1355476 199175334
cloud_controller_tkemenade 45711648247 33944 7320

1723800265.1361089 199175334
cloud0_tkemenade 61566409772 29443 4508

1723800266.1388073 199175743
cloud_controller_tkemenade 45711648247 33973 7329

1723800266.13935 199175743
cloud0_tkemenade 61566409772 29501 4513

1723800267.142083 199176217
cloud_controller_tkemenade 45711648247 34008 7338

1723800267.1426444 199176217
cloud0_tkemenade 61566409772 29547 4520

1723800268.1453424 199176637
cloud_controller_tkemenade 45712826152 34029 7346

1723800268.1457686 199176637
cloud0_tkemenade 61567931625 29560 4523

1723800269.1482573 199177007
cloud_controller_tkemenade 45712826152 34051 7354

1723800269.1488137 199177007
cloud0_tkemenade 61567931625 29574 4525

1723800270.151396 199177468
cloud_controller_tkemenade 45712826152 34093 7360

1723800270.151757 199177468
cloud0_tkemenade 61567931625 29614 4531

1723800271.1541255 199177947
cloud_controller_tkemenade 45712826152 34123 7369

1723800271.1546683 199177947
cloud0_tkemenade 61567931625 29638 4535

1723800272.1573963 199178443
cloud_controller_tkemenade 45712826152 34205 7373

1723800272.1579552 199178443
cloud0_tkemenade 61567931625 29660 4538

1723800273.1606426 199178880
cloud_controller_tkemenade 45712826152 34246 7382

1723800273.161263 199178881
cloud0_tkemenade 61567931625 29674 4542

1723800274.1637807 199179287
cloud_controller_tkemenade 45712826152 34269 7391

1723800274.1643307 199179287
cloud0_tkemenade 61567931625 29702 4545

1723800275.1666992 199179724
cloud_controller_tkemenade 45712826152 34286 7401

1723800275.1672776 199179724
cloud0_tkemenade 61567931625 29727 4552

1723800275.368001 199179800
cloud_controller_tkemenade 45714253551 34288 7402

1723800275.3685818 199179800
cloud0_tkemenade 61568836251 29731 4552

1723800276.3709974 199180248
cloud_controller_tkemenade 45714253551 34311 7410

1723800276.3715475 199180248
cloud0_tkemenade 61568836251 29749 4557

1723800277.37418 199180717
cloud_controller_tkemenade 45714253551 34340 7416

1723800277.3745542 199180717
cloud0_tkemenade 61568836251 29794 4562

1723800278.3771315 199181139
cloud_controller_tkemenade 45714253551 34359 7425

1723800278.3776834 199181139
cloud0_tkemenade 61568836251 29808 4564

1723800279.3803775 199181497
cloud_controller_tkemenade 45714253551 34379 7430

1723800279.380922 199181497
cloud0_tkemenade 61568836251 29816 4568

1723800280.383619 199181899
cloud_controller_tkemenade 45714253551 34399 7438

1723800280.3841784 199181899
cloud0_tkemenade 61568836251 29856 4572

1723800281.3868608 199182480
cloud_controller_tkemenade 45714253551 34421 7443

1723800281.3874385 199182480
cloud0_tkemenade 61568836251 29866 4576

1723800282.3903058 199182891
cloud_controller_tkemenade 45714253551 34435 7450

1723800282.3908052 199182891
cloud0_tkemenade 61568836251 29880 4579

1723800282.4915376 199182919
cloud_controller_tkemenade 45715153312 34435 7451

1723800282.4920764 199182919
cloud0_tkemenade 61569653381 29880 4579

1723800283.494537 199183349
cloud_controller_tkemenade 45715153312 34520 7456

1723800283.494871 199183349
cloud0_tkemenade 61569653381 29899 4581

1723800284.4973133 199183847
cloud_controller_tkemenade 45715153312 34535 7461

1723800284.4978538 199183847
cloud0_tkemenade 61569653381 29943 4585

1723800285.50052 199184254
cloud_controller_tkemenade 45715153312 34558 7469

1723800285.5011327 199184256
cloud0_tkemenade 61569653381 29982 4588

1723800286.503784 199184671
cloud_controller_tkemenade 45715153312 34580 7478

1723800286.5043094 199184671
cloud0_tkemenade 61569653381 29999 4593

1723800287.5069473 199185115
cloud_controller_tkemenade 45715153312 34604 7485

1723800287.507521 199185115
cloud0_tkemenade 61569653381 30018 4597

1723800288.5100098 199185652
cloud_controller_tkemenade 45715153312 34650 7492

1723800288.5103788 199185652
cloud0_tkemenade 61569653381 30034 4604

1723800289.512795 199186018
cloud_controller_tkemenade 45715153312 34672 7499

1723800289.5133753 199186020
cloud0_tkemenade 61569653381 30050 4608

1723800289.6138885 199186067
cloud_controller_tkemenade 45716544030 34676 7500

1723800289.6144876 199186067
cloud0_tkemenade 61570621048 30054 4609

1723800290.6170301 199186482
cloud_controller_tkemenade 45716544030 34690 7508

1723800290.6176305 199186482
cloud0_tkemenade 61570621048 30092 4615

1723800291.62048 199186994
cloud_controller_tkemenade 45716544030 34727 7519

1723800291.6210263 199186994
cloud0_tkemenade 61570621048 30119 4620

1723800292.6236763 199187406
cloud_controller_tkemenade 45716544030 34753 7525

1723800292.6242292 199187406
cloud0_tkemenade 61570621048 30145 4623

1723800293.626779 199187838
cloud_controller_tkemenade 45716544030 34781 7532

1723800293.6271284 199187838
cloud0_tkemenade 61570621048 30166 4626

