1713878468.2125814 11009356
cloud0_tkemenade 13338710952 2731 354
cloud1_tkemenade 13483627082 2717 333

1713878469.2155268 11009600
cloud0_tkemenade 13338710952 2731 354

1713878469.216054 11009600
cloud1_tkemenade 13483627082 2722 333

1713878470.2187653 11009851
cloud0_tkemenade 13338710952 2732 354

1713878470.2192569 11009851
cloud1_tkemenade 13483627082 2722 334

1713878471.2218995 11010063
cloud0_tkemenade 13338710952 2732 354

1713878471.2224305 11010063
cloud1_tkemenade 13483627082 2723 334

1713878472.225148 11010287
cloud0_tkemenade 13338710952 2732 354

1713878472.2256947 11010287
cloud1_tkemenade 13483627082 2724 335

1713878473.2285151 11010616
cloud0_tkemenade 13338710952 2733 354

1713878473.2289639 11010619
cloud1_tkemenade 13483627082 2724 335

1713878474.231584 11011069
cloud0_tkemenade 13338710952 2733 354

1713878474.2319067 11011069
cloud1_tkemenade 13483627082 2725 335

1713878475.2343776 11011510
cloud0_tkemenade 13338710952 2733 355

1713878475.2347198 11011510
cloud1_tkemenade 13483627082 2725 335

1713878476.2373054 11011946
cloud0_tkemenade 13338710952 2734 355

1713878476.2378652 11011946
cloud1_tkemenade 13483627082 2726 335

1713878477.2407336 11012369
cloud0_tkemenade 13338710952 2734 355

1713878477.2412858 11012369
cloud1_tkemenade 13483627082 2726 335

1713878478.2440119 11012876
cloud0_tkemenade 13338710952 2743 357

1713878478.244554 11012876
cloud1_tkemenade 13483627082 2726 335

1713878479.247178 11013517
cloud0_tkemenade 13338710952 2743 357

1713878479.247714 11013517
cloud1_tkemenade 13483627082 2727 335

1713878480.2503738 11013840
cloud0_tkemenade 13338710952 2743 357

1713878480.250901 11013840
cloud1_tkemenade 13483627082 2727 336

1713878481.2536302 11014068
cloud0_tkemenade 13338710952 2747 357

1713878481.254201 11014068
cloud1_tkemenade 13483627082 2727 336

1713878482.256972 11014535
cloud0_tkemenade 13338710952 2748 357

1713878482.2572925 11014535
cloud1_tkemenade 13483627082 2727 336

1713878483.2598097 11014891
cloud0_tkemenade 13338710952 2748 357

1713878483.260362 11014891
cloud1_tkemenade 13483627082 2728 336

1713878484.2630847 11015284
cloud0_tkemenade 13338710952 2748 357

1713878484.2636304 11015284
cloud1_tkemenade 13483627082 2728 336

1713878485.2663298 11015777
cloud0_tkemenade 13338710952 2749 357

1713878485.2669008 11015777
cloud1_tkemenade 13483627082 2729 336

1713878486.2696207 11016212
cloud0_tkemenade 13338710952 2749 358

1713878486.270154 11016212
cloud1_tkemenade 13483627082 2729 336

1713878487.2730315 11016709
cloud0_tkemenade 13338710952 2750 358

1713878487.273551 11016709
cloud1_tkemenade 13483627082 2729 337

1713878488.2763398 11017222
cloud0_tkemenade 13338710952 2750 358

1713878488.276906 11017227
cloud1_tkemenade 13483627082 2729 337

1713878489.2796254 11017589
cloud0_tkemenade 13338710952 2750 358

1713878489.2802134 11017589
cloud1_tkemenade 13483627082 2729 337

1713878490.283064 11017856
cloud0_tkemenade 13338710952 2751 358

1713878490.283614 11017856
cloud1_tkemenade 13483627082 2729 337

1713878491.2863133 11018118
cloud0_tkemenade 13338710952 2751 358

1713878491.28687 11018118
cloud1_tkemenade 13483627082 2729 337

1713878492.2897332 11018382
cloud0_tkemenade 13338710952 2751 358

1713878492.2900712 11018382
cloud1_tkemenade 13483627082 2730 337

1713878493.292689 11018632
cloud0_tkemenade 13338710952 2752 358

1713878493.2932358 11018632
cloud1_tkemenade 13483627082 2730 337

1713878494.2961183 11018868
cloud0_tkemenade 13338710952 2752 358

1713878494.2966425 11018868
cloud1_tkemenade 13483627082 2730 337

1713878495.299314 11019104
cloud0_tkemenade 13338710952 2752 358

1713878495.2998612 11019104
cloud1_tkemenade 13483627082 2731 337

1713878496.3024492 11019358
cloud0_tkemenade 13338710952 2752 358

1713878496.3029807 11019358
cloud1_tkemenade 13483627082 2731 337

1713878497.3058107 11019608
cloud0_tkemenade 13338710952 2752 358

1713878497.3061175 11019608
cloud1_tkemenade 13483627082 2731 337

1713878498.3088245 11019855
cloud0_tkemenade 13338710952 2752 359

1713878498.3091931 11019855
cloud1_tkemenade 13483627082 2731 338

1713878499.3119144 11020105
cloud0_tkemenade 13338710952 2752 359

1713878499.312463 11020105
cloud1_tkemenade 13483627082 2731 338

1713878500.3149762 11020397
cloud0_tkemenade 13338710952 2752 359

1713878500.315298 11020397
cloud1_tkemenade 13483627082 2731 338

1713878501.3176908 11020774
cloud0_tkemenade 13338710952 2753 359

1713878501.3180256 11020774
cloud1_tkemenade 13483627082 2731 338

1713878502.3206317 11021011
cloud0_tkemenade 13338710952 2753 359

1713878502.3209505 11021011
cloud1_tkemenade 13483627082 2731 339

1713878503.3235579 11021259
cloud0_tkemenade 13338710952 2753 359

1713878503.3240633 11021259
cloud1_tkemenade 13483627082 2731 339

1713878504.3269422 11021488
cloud0_tkemenade 13338710952 2753 360

1713878504.3274918 11021488
cloud1_tkemenade 13483627082 2731 339

1713878505.3303208 11021724
cloud0_tkemenade 13338710952 2753 360

1713878505.3308659 11021724
cloud1_tkemenade 13483627082 2731 339

1713878506.3335578 11021986
cloud0_tkemenade 13338710952 2753 360

1713878506.3341036 11021986
cloud1_tkemenade 13483627082 2731 340

1713878507.3369389 11022223
cloud0_tkemenade 13338710952 2753 360

1713878507.3374689 11022223
cloud1_tkemenade 13483627082 2731 340

1713878508.3400812 11022438
cloud0_tkemenade 13338710952 2753 360

1713878508.3404474 11022438
cloud1_tkemenade 13483627082 2731 340

1713878509.3430529 11022654
cloud0_tkemenade 13338710952 2753 360

1713878509.3435857 11022654
cloud1_tkemenade 13483627082 2732 340

1713878510.3462646 11022890
cloud0_tkemenade 13338710952 2754 361

1713878510.346807 11022890
cloud1_tkemenade 13483627082 2732 340

1713878511.3494403 11023102
cloud0_tkemenade 13338710952 2754 361

1713878511.3499644 11023102
cloud1_tkemenade 13483627082 2732 340

1713878512.35286 11023340
cloud0_tkemenade 13338710952 2755 361

1713878512.3533976 11023340
cloud1_tkemenade 13483627082 2732 340

1713878513.3560627 11023640
cloud0_tkemenade 13338710952 2755 361

1713878513.3564258 11023640
cloud1_tkemenade 13483627082 2733 340

1713878514.3589046 11023950
cloud0_tkemenade 13338710952 2755 361

1713878514.3594453 11023950
cloud1_tkemenade 13483627082 2733 340

1713878515.3620653 11024187
cloud0_tkemenade 13338710952 2756 361

1713878515.362617 11024187
cloud1_tkemenade 13483627082 2733 340

1713878516.3654625 11024409
cloud0_tkemenade 13338710952 2756 362

1713878516.366001 11024409
cloud1_tkemenade 13483627082 2734 340

1713878517.3688192 11024627
cloud0_tkemenade 13338710952 2756 362

1713878517.3691795 11024627
cloud1_tkemenade 13483627082 2734 340

1713878518.3717766 11024860
cloud0_tkemenade 13338710952 2756 362

1713878518.372351 11024860
cloud1_tkemenade 13483627082 2734 340

1713878519.3751736 11025092
cloud0_tkemenade 13338710952 2756 362

1713878519.3757064 11025092
cloud1_tkemenade 13483627082 2734 341

1713878520.2780135 11025298
cloud0_tkemenade 13338721628 2756 362

1713878520.2785506 11025298
cloud1_tkemenade 13483637758 2734 341

1713878521.2812142 11025539
cloud0_tkemenade 13338721628 2757 362

1713878521.2817528 11025539
cloud1_tkemenade 13483637758 2734 341

1713878522.284651 11025754
cloud0_tkemenade 13338721628 2757 362

1713878522.2852032 11025754
cloud1_tkemenade 13483637758 2734 341

1713878523.2875884 11026038
cloud0_tkemenade 13338721628 2757 362

1713878523.288113 11026038
cloud1_tkemenade 13483637758 2734 341

1713878524.2908018 11026262
cloud0_tkemenade 13338721628 2758 362

1713878524.2913487 11026262
cloud1_tkemenade 13483637758 2734 341

1713878525.2938995 11026501
cloud0_tkemenade 13338721628 2758 362

1713878525.2944355 11026501
cloud1_tkemenade 13483637758 2735 342

1713878526.2970138 11026733
cloud0_tkemenade 13338721628 2758 363

1713878526.2975562 11026733
cloud1_tkemenade 13483637758 2736 342

1713878527.300255 11026943
cloud0_tkemenade 13338721628 2758 363

1713878527.3007722 11026944
cloud1_tkemenade 13483637758 2736 342

1713878528.3034596 11027226
cloud0_tkemenade 13338721628 2758 363

1713878528.3040092 11027226
cloud1_tkemenade 13483637758 2736 342

1713878529.306629 11027524
cloud0_tkemenade 13338721628 2758 363

1713878529.3071504 11027524
cloud1_tkemenade 13483637758 2737 342

1713878530.309933 11027751
cloud0_tkemenade 13338721628 2758 363

1713878530.310458 11027751
cloud1_tkemenade 13483637758 2737 342

1713878531.3132565 11027972
cloud0_tkemenade 13338721628 2758 364

1713878531.3137593 11027972
cloud1_tkemenade 13483637758 2737 342

1713878532.3165474 11028191
cloud0_tkemenade 13338721628 2758 364

1713878532.3168976 11028191
cloud1_tkemenade 13483637758 2737 342

1713878533.31936 11028434
cloud0_tkemenade 13338721628 2758 364

1713878533.3196738 11028434
cloud1_tkemenade 13483637758 2737 342

1713878534.322147 11028661
cloud0_tkemenade 13338721628 2758 364

1713878534.3226545 11028661
cloud1_tkemenade 13483637758 2738 342

1713878535.325227 11028886
cloud0_tkemenade 13338721628 2759 364

1713878535.3257256 11028886
cloud1_tkemenade 13483637758 2738 342

1713878536.3283389 11029114
cloud0_tkemenade 13338721628 2759 364

1713878536.3288856 11029114
cloud1_tkemenade 13483637758 2738 342

1713878537.3314667 11029374
cloud0_tkemenade 13338721628 2759 365

1713878537.331788 11029374
cloud1_tkemenade 13483637758 2738 342

1713878538.334233 11029616
cloud0_tkemenade 13338721628 2759 365

1713878538.3347433 11029616
cloud1_tkemenade 13483637758 2738 343

1713878539.337469 11029830
cloud0_tkemenade 13338721628 2759 365

1713878539.3379912 11029830
cloud1_tkemenade 13483637758 2739 343

1713878540.3408072 11030059
cloud0_tkemenade 13338721628 2759 366

1713878540.3413384 11030059
cloud1_tkemenade 13483637758 2739 343

1713878541.3439064 11030356
cloud0_tkemenade 13338721628 2759 366

1713878541.3444045 11030356
cloud1_tkemenade 13483637758 2739 344

1713878542.3467636 11030612
cloud0_tkemenade 13338721628 2760 366

1713878542.3472605 11030612
cloud1_tkemenade 13483637758 2739 344

1713878543.349503 11030881
cloud0_tkemenade 13338721628 2760 366

1713878543.349843 11030881
cloud1_tkemenade 13483637758 2739 344

1713878544.3522997 11031099
cloud0_tkemenade 13338721628 2761 366

1713878544.3528519 11031099
cloud1_tkemenade 13483637758 2739 344

1713878545.3554344 11031312
cloud0_tkemenade 13338721628 2761 366

1713878545.3559372 11031312
cloud1_tkemenade 13483637758 2740 345

1713878546.2583766 11031530
cloud0_tkemenade 13338733745 2762 366

1713878546.2588863 11031530
cloud1_tkemenade 13483651222 2740 345

1713878547.2614443 11031738
cloud0_tkemenade 13338733745 2762 366

1713878547.261962 11031738
cloud1_tkemenade 13483651222 2740 345

1713878548.264852 11031953
cloud0_tkemenade 13338733745 2762 366

1713878548.265409 11031953
cloud1_tkemenade 13483651222 2741 345

1713878549.2681816 11032171
cloud0_tkemenade 13338733745 2763 366

1713878549.268757 11032172
cloud1_tkemenade 13483651222 2741 345

1713878550.2715557 11032390
cloud0_tkemenade 13338733745 2763 366

1713878550.2720914 11032390
cloud1_tkemenade 13483651222 2741 345

1713878551.2748845 11032610
cloud0_tkemenade 13338733745 2763 366

1713878551.2753906 11032610
cloud1_tkemenade 13483651222 2742 345

1713878552.2780175 11032817
cloud0_tkemenade 13338733745 2764 366

1713878552.2785559 11032817
cloud1_tkemenade 13483651222 2742 345

1713878553.2813895 11033045
cloud0_tkemenade 13338733745 2764 366

1713878553.2819223 11033045
cloud1_tkemenade 13483651222 2742 345

1713878554.2847888 11033297
cloud0_tkemenade 13338733745 2765 366

1713878554.2853358 11033297
cloud1_tkemenade 13483651222 2743 345

1713878555.2881534 11033585
cloud0_tkemenade 13338733745 2765 366

1713878555.2887325 11033586
cloud1_tkemenade 13483651222 2743 346

1713878556.2915034 11033877
cloud0_tkemenade 13338733745 2765 366

1713878556.292023 11033877
cloud1_tkemenade 13483651222 2743 346

1713878557.294735 11034085
cloud0_tkemenade 13338733745 2765 366

1713878557.2952645 11034085
cloud1_tkemenade 13483651222 2743 346

1713878558.2979782 11034306
cloud0_tkemenade 13338733745 2766 367

1713878558.298518 11034306
cloud1_tkemenade 13483651222 2744 346

1713878559.301349 11034528
cloud0_tkemenade 13338733745 2766 367

1713878559.3018816 11034528
cloud1_tkemenade 13483651222 2744 346

1713878560.3048117 11034738
cloud0_tkemenade 13338733745 2767 367

1713878560.3053584 11034738
cloud1_tkemenade 13483651222 2744 346

1713878561.3082292 11035009
cloud0_tkemenade 13338733745 2767 367

1713878561.3087785 11035010
cloud1_tkemenade 13483651222 2744 346

1713878562.3116338 11035227
cloud0_tkemenade 13338733745 2767 367

1713878562.3121529 11035227
cloud1_tkemenade 13483651222 2745 346

1713878563.3147743 11035457
cloud0_tkemenade 13338733745 2768 367

1713878563.3152487 11035457
cloud1_tkemenade 13483651222 2745 346

1713878564.318112 11035681
cloud0_tkemenade 13338733745 2768 367

1713878564.318665 11035681
cloud1_tkemenade 13483651222 2745 346

1713878565.3213456 11035887
cloud0_tkemenade 13338733745 2769 367

1713878565.321861 11035887
cloud1_tkemenade 13483651222 2746 346

1713878566.324596 11036118
cloud0_tkemenade 13338733745 2769 367

1713878566.3251638 11036118
cloud1_tkemenade 13483651222 2746 346

1713878567.3279848 11036329
cloud0_tkemenade 13338733745 2769 367

1713878567.3284051 11036329
cloud1_tkemenade 13483651222 2746 346

1713878568.3312252 11036554
cloud0_tkemenade 13338733745 2769 367

1713878568.3317578 11036554
cloud1_tkemenade 13483651222 2746 347

1713878569.33458 11036776
cloud0_tkemenade 13338733745 2769 367

1713878569.335126 11036776
cloud1_tkemenade 13483651222 2746 347

1713878570.337807 11037042
cloud0_tkemenade 13338733745 2770 367

1713878570.338363 11037042
cloud1_tkemenade 13483651222 2747 347

1713878571.3410952 11037353
cloud0_tkemenade 13338733745 2770 367

1713878571.3416262 11037353
cloud1_tkemenade 13483651222 2747 347

1713878572.3442993 11037567
cloud0_tkemenade 13338748283 2770 368

1713878572.3446314 11037567
cloud1_tkemenade 13483663117 2747 347

1713878573.3472123 11037806
cloud0_tkemenade 13338748283 2770 368

1713878573.3477054 11037806
cloud1_tkemenade 13483663117 2747 347

1713878574.3503478 11038041
cloud0_tkemenade 13338748283 2770 369

1713878574.350698 11038041
cloud1_tkemenade 13483663117 2748 347

1713878575.353376 11038246
cloud0_tkemenade 13338748283 2770 369

1713878575.3539262 11038246
cloud1_tkemenade 13483663117 2748 347

1713878576.3567595 11038460
cloud0_tkemenade 13338748283 2771 369

1713878576.357305 11038460
cloud1_tkemenade 13483663117 2748 347

1713878577.360151 11038672
cloud0_tkemenade 13338748283 2771 369

1713878577.3606877 11038673
cloud1_tkemenade 13483663117 2748 348

1713878578.3633854 11038879
cloud0_tkemenade 13338748283 2771 369

1713878578.3639233 11038879
cloud1_tkemenade 13483663117 2748 348

1713878579.3667274 11039110
cloud0_tkemenade 13338748283 2771 369

1713878579.3672693 11039110
cloud1_tkemenade 13483663117 2749 348

1713878580.3700683 11039342
cloud0_tkemenade 13338748283 2771 369

1713878580.3706045 11039342
cloud1_tkemenade 13483663117 2749 348

1713878581.373364 11039562
cloud0_tkemenade 13338748283 2771 369

1713878581.3739069 11039562
cloud1_tkemenade 13483663117 2749 349

1713878582.3766139 11039772
cloud0_tkemenade 13338748283 2772 369

1713878582.3771474 11039772
cloud1_tkemenade 13483663117 2749 349

1713878583.3798852 11040033
cloud0_tkemenade 13338748283 2772 369

1713878583.3803012 11040033
cloud1_tkemenade 13483663117 2749 349

1713878584.3829942 11040262
cloud0_tkemenade 13338748283 2772 370

1713878584.3835356 11040262
cloud1_tkemenade 13483663117 2750 350

1713878585.3861876 11040484
cloud0_tkemenade 13338748283 2774 370

1713878585.3867495 11040484
cloud1_tkemenade 13483663117 2750 350

1713878586.3894434 11040811
cloud0_tkemenade 13338748283 2774 370

1713878586.3899806 11040811
cloud1_tkemenade 13483663117 2750 350

1713878587.3928063 11041068
cloud0_tkemenade 13338748283 2775 370

1713878587.3933635 11041068
cloud1_tkemenade 13483663117 2750 350

1713878588.396073 11041287
cloud0_tkemenade 13338748283 2775 370

1713878588.3966105 11041287
cloud1_tkemenade 13483663117 2750 351

1713878589.399363 11041513
cloud0_tkemenade 13338748283 2775 370

1713878589.3998706 11041513
cloud1_tkemenade 13483663117 2750 352

1713878590.4027092 11041762
cloud0_tkemenade 13338748283 2775 370

1713878590.40325 11041762
cloud1_tkemenade 13483663117 2750 352

1713878591.4061227 11041980
cloud0_tkemenade 13338748283 2776 370

1713878591.4066744 11041980
cloud1_tkemenade 13483663117 2750 352

1713878592.4095435 11042178
cloud0_tkemenade 13338748283 2776 371

1713878592.4100864 11042178
cloud1_tkemenade 13483663117 2750 353

1713878593.4128666 11042459
cloud0_tkemenade 13338748283 2776 371

1713878593.413404 11042459
cloud1_tkemenade 13483663117 2750 353

1713878594.4161162 11042722
cloud0_tkemenade 13338748283 2776 371

1713878594.4166565 11042722
cloud1_tkemenade 13483663117 2751 353

1713878595.4193351 11042968
cloud0_tkemenade 13338748283 2776 372

1713878595.4198513 11042968
cloud1_tkemenade 13483663117 2751 353

1713878596.4225116 11043181
cloud0_tkemenade 13338748283 2776 372

1713878596.4230442 11043181
cloud1_tkemenade 13483663117 2751 353

1713878597.4257271 11043418
cloud0_tkemenade 13338748283 2776 372

1713878597.4262478 11043418
cloud1_tkemenade 13483663117 2751 353

1713878598.3286872 11043722
cloud0_tkemenade 13338761596 2776 372

1713878598.3291142 11043722
cloud1_tkemenade 13483677762 2752 353

1713878599.331418 11044018
cloud0_tkemenade 13338761596 2776 372

1713878599.3319223 11044018
cloud1_tkemenade 13483677762 2752 353

1713878600.3343675 11044289
cloud0_tkemenade 13338761596 2777 372

1713878600.3348782 11044289
cloud1_tkemenade 13483677762 2752 353

1713878601.3377283 11044519
cloud0_tkemenade 13338761596 2777 372

1713878601.338241 11044519
cloud1_tkemenade 13483677762 2752 353

1713878602.341093 11044745
cloud0_tkemenade 13338761596 2777 373

1713878602.3415987 11044745
cloud1_tkemenade 13483677762 2752 353

1713878603.344036 11045033
cloud0_tkemenade 13338761596 2777 373

1713878603.3443353 11045033
cloud1_tkemenade 13483677762 2753 353

1713878604.3465538 11045281
cloud0_tkemenade 13338761596 2777 373

1713878604.347069 11045281
cloud1_tkemenade 13483677762 2753 353

1713878605.34968 11045520
cloud0_tkemenade 13338761596 2777 373

1713878605.3502002 11045520
cloud1_tkemenade 13483677762 2753 354

1713878606.3529782 11045741
cloud0_tkemenade 13338761596 2777 374

1713878606.353473 11045741
cloud1_tkemenade 13483677762 2753 354

1713878607.356275 11045965
cloud0_tkemenade 13338761596 2777 374

1713878607.356874 11045966
cloud1_tkemenade 13483677762 2753 354

1713878608.3594537 11046180
cloud0_tkemenade 13338761596 2777 374

1713878608.3597987 11046180
cloud1_tkemenade 13483677762 2753 354

1713878609.3622687 11046416
cloud0_tkemenade 13338761596 2777 374

1713878609.3627899 11046416
cloud1_tkemenade 13483677762 2754 354

1713878610.3655908 11046748
cloud0_tkemenade 13338761596 2777 375

1713878610.3661313 11046748
cloud1_tkemenade 13483677762 2754 354

1713878611.3689797 11047003
cloud0_tkemenade 13338761596 2777 375

1713878611.369504 11047003
cloud1_tkemenade 13483677762 2754 354

1713878612.3722734 11047242
cloud0_tkemenade 13338761596 2777 375

1713878612.3726153 11047242
cloud1_tkemenade 13483677762 2754 354

1713878613.3751638 11047475
cloud0_tkemenade 13338761596 2777 375

1713878613.3756907 11047475
cloud1_tkemenade 13483677762 2755 354

1713878614.3783758 11047746
cloud0_tkemenade 13338761596 2777 375

1713878614.3788955 11047746
cloud1_tkemenade 13483677762 2755 354

1713878615.3817282 11047984
cloud0_tkemenade 13338761596 2778 375

1713878615.382245 11047984
cloud1_tkemenade 13483677762 2755 354

1713878616.3850646 11048236
cloud0_tkemenade 13338761596 2778 375

1713878616.3855836 11048236
cloud1_tkemenade 13483677762 2755 354

1713878617.3882842 11048447
cloud0_tkemenade 13338761596 2778 376

1713878617.3888936 11048448
cloud1_tkemenade 13483677762 2756 354

1713878618.3915272 11048652
cloud0_tkemenade 13338761596 2778 376

1713878618.392038 11048652
cloud1_tkemenade 13483677762 2756 354

1713878619.3945594 11048942
cloud0_tkemenade 13338761596 2778 376

1713878619.3950846 11048942
cloud1_tkemenade 13483677762 2756 354

1713878620.3978536 11049265
cloud0_tkemenade 13338761596 2778 376

1713878620.3983865 11049265
cloud1_tkemenade 13483677762 2756 354

1713878621.401093 11049517
cloud0_tkemenade 13338761596 2779 377

1713878621.401604 11049517
cloud1_tkemenade 13483677762 2757 354

1713878622.4042869 11049746
cloud0_tkemenade 13338761596 2779 377

1713878622.4048257 11049747
cloud1_tkemenade 13483677762 2757 355

1713878623.407296 11049988
cloud0_tkemenade 13338761596 2780 377

1713878623.4077938 11049988
cloud1_tkemenade 13483677762 2757 355

1713878624.3102758 11050219
cloud0_tkemenade 13338773597 2780 377

1713878624.3107996 11050219
cloud1_tkemenade 13483687096 2757 355

1713878625.3134143 11050462
cloud0_tkemenade 13338773597 2780 377

1713878625.3139358 11050462
cloud1_tkemenade 13483687096 2758 355

1713878626.3165565 11050736
cloud0_tkemenade 13338773597 2780 377

1713878626.3170764 11050736
cloud1_tkemenade 13483687096 2758 355

1713878627.3197756 11050971
cloud0_tkemenade 13338773597 2781 377

1713878627.3202813 11050971
cloud1_tkemenade 13483687096 2758 355

1713878628.3229952 11051178
cloud0_tkemenade 13338773597 2781 377

1713878628.3235064 11051178
cloud1_tkemenade 13483687096 2759 355

1713878629.3262384 11051431
cloud0_tkemenade 13338773597 2781 377

1713878629.326769 11051431
cloud1_tkemenade 13483687096 2759 355

1713878630.3295395 11051650
cloud0_tkemenade 13338773597 2781 377

1713878630.3300452 11051650
cloud1_tkemenade 13483687096 2759 355

1713878631.3326256 11051892
cloud0_tkemenade 13338773597 2781 377

1713878631.333184 11051892
cloud1_tkemenade 13483687096 2759 355

1713878632.3357213 11052141
cloud0_tkemenade 13338773597 2782 377

1713878632.3360994 11052141
cloud1_tkemenade 13483687096 2759 355

1713878633.338767 11052391
cloud0_tkemenade 13338773597 2782 377

1713878633.3391378 11052391
cloud1_tkemenade 13483687096 2760 355

1713878634.341725 11052612
cloud0_tkemenade 13338773597 2783 377

1713878634.3422256 11052612
cloud1_tkemenade 13483687096 2760 355

1713878635.3450046 11052888
cloud0_tkemenade 13338773597 2783 378

1713878635.3455184 11052888
cloud1_tkemenade 13483687096 2760 355

1713878636.348273 11053221
cloud0_tkemenade 13338773597 2783 378

1713878636.3488016 11053222
cloud1_tkemenade 13483687096 2760 356

1713878637.3513186 11053462
cloud0_tkemenade 13338773597 2783 378

1713878637.3518245 11053462
cloud1_tkemenade 13483687096 2760 356

1713878638.3545592 11053661
cloud0_tkemenade 13338773597 2784 378

1713878638.3550851 11053661
cloud1_tkemenade 13483687096 2760 356

1713878639.3575966 11053903
cloud0_tkemenade 13338773597 2784 378

1713878639.3581073 11053903
cloud1_tkemenade 13483687096 2760 357

1713878640.3608105 11054132
cloud0_tkemenade 13338773597 2784 378

1713878640.3613198 11054132
cloud1_tkemenade 13483687096 2760 357

1713878641.3640356 11054360
cloud0_tkemenade 13338773597 2784 378

1713878641.3645434 11054360
cloud1_tkemenade 13483687096 2760 357

1713878642.3670692 11054580
cloud0_tkemenade 13338773597 2785 378

1713878642.3675764 11054580
cloud1_tkemenade 13483687096 2760 358

1713878643.3701417 11054877
cloud0_tkemenade 13338773597 2785 378

1713878643.3706388 11054877
cloud1_tkemenade 13483687096 2760 358

1713878644.3732748 11055123
cloud0_tkemenade 13338773597 2785 378

1713878644.3737946 11055123
cloud1_tkemenade 13483687096 2760 358

1713878645.3765092 11055326
cloud0_tkemenade 13338773597 2785 379

1713878645.3770514 11055327
cloud1_tkemenade 13483687096 2761 358

1713878646.379581 11055577
cloud0_tkemenade 13338773597 2786 379

1713878646.380106 11055577
cloud1_tkemenade 13483687096 2762 358

1713878647.382619 11055819
cloud0_tkemenade 13338773597 2786 379

1713878647.383131 11055819
cloud1_tkemenade 13483687096 2762 358

1713878648.3856835 11056036
cloud0_tkemenade 13338773597 2786 379

1713878648.3861947 11056036
cloud1_tkemenade 13483687096 2762 359

1713878649.3888016 11056292
cloud0_tkemenade 13338773597 2787 379

1713878649.3893154 11056292
cloud1_tkemenade 13483687096 2762 359

1713878650.2917666 11056520
cloud0_tkemenade 13338785495 2787 379

1713878650.2923 11056520
cloud1_tkemenade 13483700317 2763 359

1713878651.294895 11056816
cloud0_tkemenade 13338785495 2787 379

1713878651.2954197 11056816
cloud1_tkemenade 13483700317 2763 359

1713878652.298237 11057091
cloud0_tkemenade 13338785495 2788 379

1713878652.2986274 11057091
cloud1_tkemenade 13483700317 2763 359

1713878653.3013353 11057375
cloud0_tkemenade 13338785495 2788 379

1713878653.3018286 11057375
cloud1_tkemenade 13483700317 2764 359

1713878654.30462 11057662
cloud0_tkemenade 13338785495 2789 379

1713878654.3049598 11057662
cloud1_tkemenade 13483700317 2764 359

1713878655.3076155 11057947
cloud0_tkemenade 13338785495 2789 379

1713878655.3081274 11057947
cloud1_tkemenade 13483700317 2764 359

1713878656.3106291 11058223
cloud0_tkemenade 13338785495 2789 379

1713878656.3111267 11058223
cloud1_tkemenade 13483700317 2764 359

1713878657.313707 11058492
cloud0_tkemenade 13338785495 2789 379

1713878657.314034 11058492
cloud1_tkemenade 13483700317 2765 359

1713878658.3165548 11058696
cloud0_tkemenade 13338785495 2789 379

1713878658.3168664 11058696
cloud1_tkemenade 13483700317 2765 359

1713878659.3192546 11058932
cloud0_tkemenade 13338785495 2790 379

1713878659.3197656 11058932
cloud1_tkemenade 13483700317 2765 359

1713878660.3224025 11059160
cloud0_tkemenade 13338785495 2790 379

1713878660.3229196 11059160
cloud1_tkemenade 13483700317 2765 359

1713878661.3255985 11059372
cloud0_tkemenade 13338785495 2790 379

1713878661.3261259 11059372
cloud1_tkemenade 13483700317 2766 359

1713878662.3288553 11059660
cloud0_tkemenade 13338785495 2790 379

1713878662.3293655 11059660
cloud1_tkemenade 13483700317 2766 359

1713878663.3320296 11059909
cloud0_tkemenade 13338785495 2791 380

1713878663.332546 11059909
cloud1_tkemenade 13483700317 2766 359

1713878664.3353326 11060150
cloud0_tkemenade 13338785495 2791 380

1713878664.335837 11060150
cloud1_tkemenade 13483700317 2766 359

1713878665.338714 11060366
cloud0_tkemenade 13338785495 2791 380

1713878665.3392384 11060366
cloud1_tkemenade 13483700317 2766 359

1713878666.3420925 11060600
cloud0_tkemenade 13338785495 2792 380

1713878666.3426046 11060600
cloud1_tkemenade 13483700317 2767 359

1713878667.3452244 11060888
cloud0_tkemenade 13338785495 2792 380

1713878667.3457363 11060888
cloud1_tkemenade 13483700317 2767 359

1713878668.348459 11061098
cloud0_tkemenade 13338785495 2792 380

1713878668.3488276 11061099
cloud1_tkemenade 13483700317 2767 360

1713878669.3512435 11061397
cloud0_tkemenade 13338785495 2792 380

1713878669.351748 11061397
cloud1_tkemenade 13483700317 2767 360

1713878670.354368 11061652
cloud0_tkemenade 13338785495 2792 380

1713878670.3548713 11061652
cloud1_tkemenade 13483700317 2767 361

1713878671.3575323 11061916
cloud0_tkemenade 13338785495 2793 380

1713878671.3580568 11061916
cloud1_tkemenade 13483700317 2767 361

1713878672.3607273 11062143
cloud0_tkemenade 13338785495 2793 380

1713878672.361239 11062143
cloud1_tkemenade 13483700317 2767 361

1713878673.36391 11062388
cloud0_tkemenade 13338785495 2793 380

1713878673.3644402 11062388
cloud1_tkemenade 13483700317 2767 361

1713878674.3670182 11062614
cloud0_tkemenade 13338785495 2793 380

1713878674.367532 11062614
cloud1_tkemenade 13483700317 2767 362

1713878675.370063 11062828
cloud0_tkemenade 13338785495 2794 380

1713878675.3705769 11062828
cloud1_tkemenade 13483700317 2768 362

1713878676.273056 11063052
cloud0_tkemenade 13338795997 2794 380

1713878676.2736115 11063052
cloud1_tkemenade 13483710819 2768 362

1713878677.2763088 11063294
cloud0_tkemenade 13338795997 2795 380

1713878677.2766159 11063294
cloud1_tkemenade 13483710819 2768 362

1713878678.2790997 11063524
cloud0_tkemenade 13338795997 2795 380

1713878678.2796018 11063524
cloud1_tkemenade 13483710819 2768 362

1713878679.282093 11063739
cloud0_tkemenade 13338795997 2795 380

1713878679.2826214 11063739
cloud1_tkemenade 13483710819 2769 362

1713878680.2853036 11063979
cloud0_tkemenade 13338795997 2796 380

1713878680.2858229 11063979
cloud1_tkemenade 13483710819 2769 362

1713878681.2884643 11064193
cloud0_tkemenade 13338795997 2796 381

1713878681.2890093 11064194
cloud1_tkemenade 13483710819 2769 363

1713878682.291618 11064408
cloud0_tkemenade 13338795997 2797 381

1713878682.2921221 11064408
cloud1_tkemenade 13483710819 2769 363

1713878683.294505 11064648
cloud0_tkemenade 13338795997 2797 381

1713878683.295012 11064648
cloud1_tkemenade 13483710819 2769 363

1713878684.297585 11064860
cloud0_tkemenade 13338795997 2797 381

1713878684.2981102 11064860
cloud1_tkemenade 13483710819 2769 363

1713878685.3008666 11065087
cloud0_tkemenade 13338795997 2798 381

1713878685.3013704 11065087
cloud1_tkemenade 13483710819 2770 363

1713878686.3041348 11065284
cloud0_tkemenade 13338795997 2798 381

1713878686.304644 11065284
cloud1_tkemenade 13483710819 2770 363

1713878687.3074057 11065529
cloud0_tkemenade 13338795997 2798 381

1713878687.307945 11065529
cloud1_tkemenade 13483710819 2770 363

1713878688.310793 11065802
cloud0_tkemenade 13338795997 2798 381

1713878688.311302 11065802
cloud1_tkemenade 13483710819 2770 363

1713878689.3139284 11065994
cloud0_tkemenade 13338795997 2799 381

1713878689.3144622 11065994
cloud1_tkemenade 13483710819 2770 363

1713878690.317113 11066207
cloud0_tkemenade 13338795997 2799 381

1713878690.317635 11066207
cloud1_tkemenade 13483710819 2771 363

1713878691.3202758 11066398
cloud0_tkemenade 13338795997 2799 381

1713878691.3208058 11066398
cloud1_tkemenade 13483710819 2771 363

1713878692.3233638 11066600
cloud0_tkemenade 13338795997 2799 381

1713878692.3236759 11066600
cloud1_tkemenade 13483710819 2771 363

1713878693.3262224 11066855
cloud0_tkemenade 13338795997 2800 381

1713878693.3265576 11066855
cloud1_tkemenade 13483710819 2771 363

1713878694.3291554 11067043
cloud0_tkemenade 13338795997 2800 381

1713878694.32967 11067043
cloud1_tkemenade 13483710819 2772 363

1713878695.332427 11067249
cloud0_tkemenade 13338795997 2800 381

1713878695.3329709 11067250
cloud1_tkemenade 13483710819 2772 364

1713878696.3355978 11067421
cloud0_tkemenade 13338795997 2801 381

1713878696.3361104 11067421
cloud1_tkemenade 13483710819 2772 364

1713878697.3385623 11067626
cloud0_tkemenade 13338795997 2801 381

1713878697.3388932 11067626
cloud1_tkemenade 13483710819 2772 364

1713878698.3414383 11067842
cloud0_tkemenade 13338795997 2801 381

1713878698.3419642 11067842
cloud1_tkemenade 13483710819 2772 364

1713878699.3445199 11068044
cloud0_tkemenade 13338795997 2801 381

1713878699.344918 11068045
cloud1_tkemenade 13483710819 2773 364

1713878700.347744 11068294
cloud0_tkemenade 13338795997 2801 381

1713878700.3482606 11068294
cloud1_tkemenade 13483710819 2773 364

1713878701.3508306 11068529
cloud0_tkemenade 13338795997 2802 381

1713878701.3513346 11068529
cloud1_tkemenade 13483710819 2773 364

1713878702.3539193 11068735
cloud0_tkemenade 13338807799 2802 381

1713878702.3544402 11068735
cloud1_tkemenade 13483719999 2773 364

1713878703.3570237 11068998
cloud0_tkemenade 13338807799 2802 381

1713878703.3575425 11068998
cloud1_tkemenade 13483719999 2773 364

1713878704.360222 11069204
cloud0_tkemenade 13338807799 2802 382

1713878704.3607557 11069205
cloud1_tkemenade 13483719999 2773 365

1713878705.363543 11069400
cloud0_tkemenade 13338807799 2803 382

1713878705.3640616 11069400
cloud1_tkemenade 13483719999 2773 365

1713878706.366786 11069585
cloud0_tkemenade 13338807799 2803 382

1713878706.3672948 11069585
cloud1_tkemenade 13483719999 2774 365

1713878707.3699415 11069780
cloud0_tkemenade 13338807799 2803 382

1713878707.3702717 11069780
cloud1_tkemenade 13483719999 2774 366

1713878708.37281 11070025
cloud0_tkemenade 13338807799 2804 382

1713878708.373156 11070025
cloud1_tkemenade 13483719999 2774 366

1713878709.3758037 11070216
cloud0_tkemenade 13338807799 2804 382

1713878709.376307 11070216
cloud1_tkemenade 13483719999 2774 366

1713878710.3789058 11070429
cloud0_tkemenade 13338807799 2804 382

1713878710.379414 11070429
cloud1_tkemenade 13483719999 2775 366

1713878711.3819366 11070638
cloud0_tkemenade 13338807799 2805 382

1713878711.3822525 11070638
cloud1_tkemenade 13483719999 2775 367

1713878712.3848436 11070848
cloud0_tkemenade 13338807799 2806 382

1713878712.3853672 11070848
cloud1_tkemenade 13483719999 2775 367

1713878713.3879066 11071142
cloud0_tkemenade 13338807799 2806 382

1713878713.3885105 11071142
cloud1_tkemenade 13483719999 2775 367

1713878714.3910942 11071418
cloud0_tkemenade 13338807799 2806 382

1713878714.391589 11071418
cloud1_tkemenade 13483719999 2775 368

1713878715.3942277 11071623
cloud0_tkemenade 13338807799 2807 382

1713878715.3947673 11071623
cloud1_tkemenade 13483719999 2775 368

1713878716.3973205 11071816
cloud0_tkemenade 13338807799 2807 382

1713878716.3978138 11071816
cloud1_tkemenade 13483719999 2775 368

1713878717.4003847 11072021
cloud0_tkemenade 13338807799 2807 383

1713878717.4009273 11072023
cloud1_tkemenade 13483719999 2775 369

1713878718.4033828 11072268
cloud0_tkemenade 13338807799 2808 383

1713878718.4037158 11072268
cloud1_tkemenade 13483719999 2775 369

1713878719.406056 11072495
cloud0_tkemenade 13338807799 2808 383

1713878719.4065757 11072495
cloud1_tkemenade 13483719999 2775 369

1713878720.4091601 11072722
cloud0_tkemenade 13338807799 2808 383

1713878720.4096718 11072722
cloud1_tkemenade 13483719999 2775 369

1713878721.4122527 11072926
cloud0_tkemenade 13338807799 2808 384

1713878721.412675 11072927
cloud1_tkemenade 13483719999 2775 370

1713878722.4147878 11073134
cloud0_tkemenade 13338807799 2808 384

1713878722.415287 11073134
cloud1_tkemenade 13483719999 2775 370

1713878723.417926 11073357
cloud0_tkemenade 13338807799 2808 384

1713878723.4184394 11073357
cloud1_tkemenade 13483719999 2775 371

1713878724.4211924 11073574
cloud0_tkemenade 13338807799 2808 384

1713878724.4216952 11073574
cloud1_tkemenade 13483719999 2775 371

1713878725.4242492 11073778
cloud0_tkemenade 13338807799 2808 385

1713878725.4247704 11073779
cloud1_tkemenade 13483719999 2775 371

1713878726.427499 11073962
cloud0_tkemenade 13338807799 2808 385

1713878726.4280107 11073962
cloud1_tkemenade 13483719999 2776 371

1713878727.430857 11074153
cloud0_tkemenade 13338807799 2809 385

1713878727.431356 11074153
cloud1_tkemenade 13483719999 2776 371

1713878728.3339021 11074330
cloud0_tkemenade 13338822435 2809 385

1713878728.3344214 11074330
cloud1_tkemenade 13483733305 2776 371

1713878729.3372636 11074525
cloud0_tkemenade 13338822435 2810 385

1713878729.3377824 11074525
cloud1_tkemenade 13483733305 2776 371

1713878730.3406222 11074719
cloud0_tkemenade 13338822435 2810 385

1713878730.3411317 11074719
cloud1_tkemenade 13483733305 2777 371

1713878731.3438814 11074909
cloud0_tkemenade 13338822435 2810 385

1713878731.3444023 11074909
cloud1_tkemenade 13483733305 2777 371

1713878732.3470054 11075105
cloud0_tkemenade 13338822435 2810 385

1713878732.3475173 11075105
cloud1_tkemenade 13483733305 2777 371

1713878733.3501835 11075308
cloud0_tkemenade 13338822435 2811 385

1713878733.3504996 11075308
cloud1_tkemenade 13483733305 2778 371

1713878734.3530777 11075537
cloud0_tkemenade 13338822435 2811 385

1713878734.3535964 11075537
cloud1_tkemenade 13483733305 2778 371

1713878735.35634 11075781
cloud0_tkemenade 13338822435 2812 386

1713878735.356889 11075782
cloud1_tkemenade 13483733305 2822 374

1713878736.3595302 11075992
cloud0_tkemenade 13338822435 2812 386

1713878736.3600457 11075992
cloud1_tkemenade 13483733305 2844 379

1713878737.3627052 11076162
cloud0_tkemenade 13338822435 2812 386

1713878737.3630297 11076162
cloud1_tkemenade 13483733305 2844 379

1713878738.3656263 11076352
cloud0_tkemenade 13338822435 2813 386

1713878738.3661358 11076352
cloud1_tkemenade 13483733305 2845 379

1713878739.3689294 11076552
cloud0_tkemenade 13338822435 2814 386

1713878739.3694565 11076552
cloud1_tkemenade 13483733305 2849 379

1713878740.3722434 11076764
cloud0_tkemenade 13338822435 2814 386

1713878740.3744514 11076764
cloud1_tkemenade 13483733305 2849 379

1713878741.3773077 11076964
cloud0_tkemenade 13338822435 2814 386

1713878741.3778706 11076964
cloud1_tkemenade 13483733305 2850 380

1713878742.380525 11077164
cloud0_tkemenade 13338822435 2814 386

1713878742.3808975 11077165
cloud1_tkemenade 13483733305 2850 380

1713878743.3837235 11077389
cloud0_tkemenade 13338822435 2815 386

1713878743.3842385 11077389
cloud1_tkemenade 13483733305 2851 380

1713878744.386899 11077614
cloud0_tkemenade 13338822435 2815 386

1713878744.3874085 11077614
cloud1_tkemenade 13483733305 2851 380

1713878745.3899584 11077814
cloud0_tkemenade 13338822435 2816 386

1713878745.3904715 11077814
cloud1_tkemenade 13483733305 2852 380

1713878746.393014 11078080
cloud0_tkemenade 13338822435 2816 387

1713878746.3935153 11078080
cloud1_tkemenade 13483733305 2852 380

1713878747.3960662 11078334
cloud0_tkemenade 13338822435 2835 387

1713878747.3963969 11078334
cloud1_tkemenade 13483733305 2852 380

1713878748.3987832 11078564
cloud0_tkemenade 13338822435 2878 393

1713878748.3991168 11078564
cloud1_tkemenade 13483733305 2852 380

1713878749.4018207 11078779
cloud0_tkemenade 13338822435 2881 393

1713878749.4023576 11078779
cloud1_tkemenade 13483733305 2852 381

1713878750.404998 11078986
cloud0_tkemenade 13338822435 2881 393

1713878750.4055133 11078986
cloud1_tkemenade 13483733305 2853 381

1713878751.4081156 11079182
cloud0_tkemenade 13338822435 2885 393

1713878751.408618 11079182
cloud1_tkemenade 13483733305 2853 381

1713878752.411321 11079379
cloud0_tkemenade 13338822435 2885 394

1713878752.4118547 11079379
cloud1_tkemenade 13483733305 2853 381

1713878753.4144773 11079601
cloud0_tkemenade 13338822435 2886 394

1713878753.414996 11079601
cloud1_tkemenade 13483733305 2854 381

1713878754.2171996 11079760
cloud0_tkemenade 13338938480 2886 395

1713878754.2177463 11079760
cloud1_tkemenade 13483850684 2854 381

1713878755.2204897 11080006
cloud0_tkemenade 13338938480 2886 395

1713878755.2210283 11080006
cloud1_tkemenade 13483850684 2854 381

1713878756.2236984 11080188
cloud0_tkemenade 13338938480 2886 395

1713878756.2242281 11080188
cloud1_tkemenade 13483850684 2854 381

1713878757.2268782 11080359
cloud0_tkemenade 13338938480 2886 396

1713878757.227409 11080359
cloud1_tkemenade 13483850684 2854 381

1713878758.230097 11080581
cloud0_tkemenade 13338938480 2886 396

1713878758.230625 11080581
cloud1_tkemenade 13483850684 2854 381

1713878759.2332597 11080749
cloud0_tkemenade 13338938480 2886 396

1713878759.2337751 11080749
cloud1_tkemenade 13483850684 2854 381

1713878760.236511 11080982
cloud0_tkemenade 13338938480 2886 396

1713878760.2370744 11080982
cloud1_tkemenade 13483850684 2854 382

1713878761.2397687 11081164
cloud0_tkemenade 13338938480 2886 397

1713878761.2402906 11081164
cloud1_tkemenade 13483850684 2855 382

1713878762.242875 11081352
cloud0_tkemenade 13338938480 2886 397

1713878762.2433927 11081352
cloud1_tkemenade 13483850684 2855 382

1713878763.2460513 11081596
cloud0_tkemenade 13338938480 2887 397

1713878763.246591 11081596
cloud1_tkemenade 13483850684 2855 382

1713878764.2492843 11081821
cloud0_tkemenade 13338938480 2887 397

1713878764.2497988 11081821
cloud1_tkemenade 13483850684 2856 382

1713878765.2525244 11082041
cloud0_tkemenade 13338938480 2887 397

1713878765.2530458 11082041
cloud1_tkemenade 13483850684 2859 383

1713878766.2558134 11082242
cloud0_tkemenade 13338938480 2887 397

1713878766.2563167 11082242
cloud1_tkemenade 13483850684 2867 383

1713878767.2588706 11082420
cloud0_tkemenade 13338938480 2887 397

1713878767.2593822 11082420
cloud1_tkemenade 13483850684 2868 384

