1713878835.1586487 11102725
cloud0_tkemenade 13338938480 2869 335
cloud1_tkemenade 13483850684 2875 350

1713878836.1613426 11102959
cloud0_tkemenade 13338938480 2870 335

1713878836.1618545 11102959
cloud1_tkemenade 13483850684 2876 352

1713878837.164639 11103160
cloud0_tkemenade 13338938480 2871 335

1713878837.1651888 11103160
cloud1_tkemenade 13483850684 2878 352

1713878838.1679032 11103348
cloud0_tkemenade 13338938480 2871 335

1713878838.168457 11103348
cloud1_tkemenade 13483850684 2878 352

1713878839.1711733 11103562
cloud0_tkemenade 13338938480 2871 335

1713878839.171727 11103562
cloud1_tkemenade 13483850684 2878 352

1713878840.1746054 11103770
cloud0_tkemenade 13338938480 2872 335

1713878840.175172 11103770
cloud1_tkemenade 13483850684 2890 353

1713878841.1778905 11103968
cloud0_tkemenade 13338938480 2872 336

1713878841.1782577 11103968
cloud1_tkemenade 13483850684 2890 353

1713878842.180828 11104166
cloud0_tkemenade 13338938480 2872 336

1713878842.181182 11104166
cloud1_tkemenade 13483850684 2891 354

1713878843.1837614 11104369
cloud0_tkemenade 13338938480 2873 336

1713878843.184314 11104369
cloud1_tkemenade 13483850684 2892 355

1713878844.1871684 11104589
cloud0_tkemenade 13338938480 2873 336

1713878844.187731 11104589
cloud1_tkemenade 13483850684 2892 355

1713878845.1903884 11104801
cloud0_tkemenade 13338938480 2885 337

1713878845.1909244 11104801
cloud1_tkemenade 13483850684 2893 355

1713878846.1937788 11104988
cloud0_tkemenade 13338938480 2886 338

1713878846.1943305 11104988
cloud1_tkemenade 13483850684 2893 355

1713878847.1971114 11105194
cloud0_tkemenade 13338938480 2886 338

1713878847.1976614 11105194
cloud1_tkemenade 13483850684 2897 356

1713878848.2003415 11105378
cloud0_tkemenade 13338938480 2889 338

1713878848.200933 11105379
cloud1_tkemenade 13483850684 2898 356

1713878849.2036052 11105576
cloud0_tkemenade 13338938480 2890 338

1713878849.204164 11105576
cloud1_tkemenade 13483850684 2898 356

1713878850.2067666 11105790
cloud0_tkemenade 13338938480 2890 338

1713878850.20733 11105790
cloud1_tkemenade 13483850684 2898 357

1713878851.2100654 11106090
cloud0_tkemenade 13338938480 2891 338

1713878851.2106278 11106090
cloud1_tkemenade 13483850684 2898 357

1713878852.2135189 11106285
cloud0_tkemenade 13338938480 2891 339

1713878852.2140787 11106285
cloud1_tkemenade 13483850684 2899 357

1713878853.2169206 11106475
cloud0_tkemenade 13338938480 2891 339

1713878853.217486 11106475
cloud1_tkemenade 13483850684 2900 358

1713878854.2203147 11106692
cloud0_tkemenade 13338938480 2891 339

1713878854.220914 11106692
cloud1_tkemenade 13483850684 2901 358

1713878855.223695 11106872
cloud0_tkemenade 13338938480 2892 339

1713878855.224235 11106872
cloud1_tkemenade 13483850684 2901 358

1713878856.2269387 11107080
cloud0_tkemenade 13338938480 2892 339

1713878856.227456 11107080
cloud1_tkemenade 13483850684 2901 358

1713878857.23018 11107278
cloud0_tkemenade 13338938480 2892 339

1713878857.2307255 11107278
cloud1_tkemenade 13483850684 2901 359

1713878858.2336323 11107462
cloud0_tkemenade 13338938480 2893 339

1713878858.2341774 11107462
cloud1_tkemenade 13483850684 2901 360

1713878859.2370286 11107669
cloud0_tkemenade 13338938480 2893 339

1713878859.2375808 11107669
cloud1_tkemenade 13483850684 2901 360

1713878860.2404902 11107855
cloud0_tkemenade 13338938480 2893 339

1713878860.2410498 11107855
cloud1_tkemenade 13483850684 2901 360

1713878861.2438555 11108050
cloud0_tkemenade 13338938480 2894 339

1713878861.24442 11108050
cloud1_tkemenade 13483850684 2901 360

1713878862.2472181 11108235
cloud0_tkemenade 13338938480 2894 339

1713878862.2477772 11108235
cloud1_tkemenade 13483850684 2902 360

1713878863.2506096 11108420
cloud0_tkemenade 13338938480 2894 339

1713878863.2511668 11108420
cloud1_tkemenade 13483850684 2902 360

1713878864.254011 11108647
cloud0_tkemenade 13338938480 2894 339

1713878864.254576 11108647
cloud1_tkemenade 13483850684 2902 361

1713878865.2572055 11108823
cloud0_tkemenade 13338938480 2894 340

1713878865.25776 11108823
cloud1_tkemenade 13483850684 2902 361

1713878866.260607 11109008
cloud0_tkemenade 13338938480 2894 340

1713878866.2611804 11109008
cloud1_tkemenade 13483850684 2902 361

1713878867.2639925 11109181
cloud0_tkemenade 13338938480 2895 340

1713878867.2645082 11109181
cloud1_tkemenade 13483850684 2902 361

1713878868.2673633 11109368
cloud0_tkemenade 13338938480 2895 340

1713878868.267914 11109368
cloud1_tkemenade 13483850684 2902 361

1713878869.2706041 11109572
cloud0_tkemenade 13338938480 2895 340

1713878869.27117 11109572
cloud1_tkemenade 13483850684 2902 361

1713878870.274104 11109731
cloud0_tkemenade 13338938480 2895 340

1713878870.2746537 11109731
cloud1_tkemenade 13483850684 2903 361

1713878871.277567 11109919
cloud0_tkemenade 13338938480 2895 340

1713878871.2781265 11109919
cloud1_tkemenade 13483850684 2903 361

1713878872.2809 11110087
cloud0_tkemenade 13338938480 2896 340

1713878872.2814403 11110087
cloud1_tkemenade 13483850684 2904 361

1713878873.2842588 11110289
cloud0_tkemenade 13338938480 2896 340

1713878873.2848625 11110291
cloud1_tkemenade 13483850684 2904 361

1713878874.2876287 11110503
cloud0_tkemenade 13338938480 2896 340

1713878874.2881584 11110503
cloud1_tkemenade 13483850684 2904 362

1713878875.2907517 11110701
cloud0_tkemenade 13338938480 2896 340

1713878875.2912726 11110701
cloud1_tkemenade 13483850684 2904 362

1713878876.2940872 11110880
cloud0_tkemenade 13338938480 2897 340

1713878876.2946105 11110880
cloud1_tkemenade 13483850684 2904 363

1713878877.297325 11111057
cloud0_tkemenade 13338938480 2897 340

1713878877.2978508 11111057
cloud1_tkemenade 13483850684 2904 363

1713878878.3006184 11111224
cloud0_tkemenade 13338938480 2897 340

1713878878.3011866 11111224
cloud1_tkemenade 13483850684 2904 363

1713878879.3037598 11111414
cloud0_tkemenade 13338938480 2898 340

1713878879.304276 11111414
cloud1_tkemenade 13483850684 2905 363

1713878880.3070872 11111583
cloud0_tkemenade 13338938480 2898 340

1713878880.3076398 11111583
cloud1_tkemenade 13483850684 2905 364

1713878881.3102677 11111763
cloud0_tkemenade 13338938480 2898 340

1713878881.3108113 11111763
cloud1_tkemenade 13483850684 2905 364

1713878882.3137472 11111937
cloud0_tkemenade 13338938480 2898 340

1713878882.3142757 11111937
cloud1_tkemenade 13483850684 2905 364

1713878883.3171384 11112161
cloud0_tkemenade 13338938480 2899 341

1713878883.317663 11112161
cloud1_tkemenade 13483850684 2905 364

1713878884.3205504 11112378
cloud0_tkemenade 13338938480 2899 341

1713878884.3211114 11112378
cloud1_tkemenade 13483850684 2906 364

1713878885.3240259 11112562
cloud0_tkemenade 13338938480 2899 341

1713878885.3245816 11112562
cloud1_tkemenade 13483850684 2906 364

1713878886.3272336 11112744
cloud0_tkemenade 13338938480 2900 341

1713878886.327823 11112744
cloud1_tkemenade 13483850684 2907 364

1713878887.2303414 11112950
cloud0_tkemenade 13338949090 2900 341

1713878887.2309177 11112950
cloud1_tkemenade 13483863946 2907 364

1713878888.2335868 11113134
cloud0_tkemenade 13338949090 2900 342

1713878888.234132 11113134
cloud1_tkemenade 13483863946 2907 365

1713878889.2368603 11113344
cloud0_tkemenade 13338949090 2900 342

1713878889.2374346 11113344
cloud1_tkemenade 13483863946 2907 365

1713878890.240185 11113527
cloud0_tkemenade 13338949090 2901 342

1713878890.2407608 11113528
cloud1_tkemenade 13483863946 2908 365

1713878891.2435336 11113701
cloud0_tkemenade 13338949090 2901 342

1713878891.2440944 11113701
cloud1_tkemenade 13483863946 2909 365

1713878892.2468288 11113888
cloud0_tkemenade 13338949090 2901 342

1713878892.2473803 11113888
cloud1_tkemenade 13483863946 2909 365

1713878893.2500658 11114067
cloud0_tkemenade 13338949090 2902 342

1713878893.250589 11114067
cloud1_tkemenade 13483863946 2909 365

1713878894.2530477 11114290
cloud0_tkemenade 13338949090 2902 342

1713878894.253515 11114290
cloud1_tkemenade 13483863946 2910 365

1713878895.2561407 11114502
cloud0_tkemenade 13338949090 2902 342

1713878895.2566578 11114503
cloud1_tkemenade 13483863946 2910 365

1713878896.2591767 11114690
cloud0_tkemenade 13338949090 2903 342

1713878896.259711 11114690
cloud1_tkemenade 13483863946 2910 365

1713878897.262406 11114908
cloud0_tkemenade 13338949090 2903 342

1713878897.2629292 11114908
cloud1_tkemenade 13483863946 2911 365

1713878898.2655306 11115171
cloud0_tkemenade 13338949090 2903 342

1713878898.2660582 11115171
cloud1_tkemenade 13483863946 2911 365

1713878899.2688148 11115369
cloud0_tkemenade 13338949090 2903 342

1713878899.2693343 11115369
cloud1_tkemenade 13483863946 2912 365

1713878900.2720647 11115565
cloud0_tkemenade 13338949090 2904 342

1713878900.272599 11115565
cloud1_tkemenade 13483863946 2912 365

1713878901.2752707 11115758
cloud0_tkemenade 13338949090 2904 342

1713878901.2757983 11115758
cloud1_tkemenade 13483863946 2912 365

1713878902.2784762 11115958
cloud0_tkemenade 13338949090 2904 342

1713878902.2790227 11115958
cloud1_tkemenade 13483863946 2913 365

1713878903.2815578 11116156
cloud0_tkemenade 13338949090 2904 342

1713878903.2818708 11116156
cloud1_tkemenade 13483863946 2913 365

1713878904.2845383 11116380
cloud0_tkemenade 13338949090 2905 342

1713878904.2848883 11116381
cloud1_tkemenade 13483863946 2913 365

1713878905.2875676 11116588
cloud0_tkemenade 13338949090 2905 342

1713878905.2880592 11116588
cloud1_tkemenade 13483863946 2913 365

1713878906.290715 11116778
cloud0_tkemenade 13338949090 2905 342

1713878906.2912183 11116778
cloud1_tkemenade 13483863946 2914 365

1713878907.2938516 11116979
cloud0_tkemenade 13338949090 2906 342

1713878907.2942755 11116979
cloud1_tkemenade 13483863946 2914 365

1713878908.2969983 11117160
cloud0_tkemenade 13338949090 2906 342

1713878908.2973304 11117160
cloud1_tkemenade 13483863946 2914 365

1713878909.299962 11117358
cloud0_tkemenade 13338949090 2906 342

1713878909.3004913 11117358
cloud1_tkemenade 13483863946 2915 365

1713878910.3034248 11117566
cloud0_tkemenade 13338949090 2906 342

1713878910.3039443 11117566
cloud1_tkemenade 13483863946 2915 365

1713878911.3066118 11117770
cloud0_tkemenade 13338949090 2907 342

1713878911.307143 11117770
cloud1_tkemenade 13483863946 2915 365

1713878912.3099837 11117984
cloud0_tkemenade 13338949090 2907 342

1713878912.3104863 11117984
cloud1_tkemenade 13483863946 2916 366

1713878913.2128181 11118164
cloud0_tkemenade 13338959701 2907 342

1713878913.2133524 11118164
cloud1_tkemenade 13483878536 2916 366

1713878914.2161608 11118392
cloud0_tkemenade 13338959701 2908 342

1713878914.2166908 11118394
cloud1_tkemenade 13483878536 2916 366

1713878915.2196355 11118586
cloud0_tkemenade 13338959701 2908 342

1713878915.2201738 11118586
cloud1_tkemenade 13483878536 2916 366

1713878916.22302 11118789
cloud0_tkemenade 13338959701 2909 342

1713878916.223528 11118789
cloud1_tkemenade 13483878536 2917 366

1713878917.2261887 11118982
cloud0_tkemenade 13338959701 2909 342

1713878917.22672 11118982
cloud1_tkemenade 13483878536 2917 366

1713878918.2294898 11119158
cloud0_tkemenade 13338959701 2909 343

1713878918.229991 11119158
cloud1_tkemenade 13483878536 2917 366

1713878919.2327304 11119362
cloud0_tkemenade 13338959701 2910 343

1713878919.233268 11119362
cloud1_tkemenade 13483878536 2918 366

1713878920.2359831 11119569
cloud0_tkemenade 13338959701 2910 343

1713878920.2365134 11119569
cloud1_tkemenade 13483878536 2918 366

1713878921.2393 11119765
cloud0_tkemenade 13338959701 2910 343

1713878921.239841 11119765
cloud1_tkemenade 13483878536 2918 366

1713878922.2426326 11119978
cloud0_tkemenade 13338959701 2911 343

1713878922.2431648 11119978
cloud1_tkemenade 13483878536 2918 366

1713878923.2460926 11120190
cloud0_tkemenade 13338959701 2911 343

1713878923.246638 11120190
cloud1_tkemenade 13483878536 2918 366

1713878924.2494836 11120422
cloud0_tkemenade 13338959701 2911 343

1713878924.2500398 11120422
cloud1_tkemenade 13483878536 2919 366

1713878925.2530057 11120623
cloud0_tkemenade 13338959701 2912 343

1713878925.2535372 11120623
cloud1_tkemenade 13483878536 2919 366

1713878926.2564936 11120820
cloud0_tkemenade 13338959701 2912 343

1713878926.2570868 11120821
cloud1_tkemenade 13483878536 2919 367

1713878927.2598817 11121046
cloud0_tkemenade 13338959701 2912 343

1713878927.2604153 11121046
cloud1_tkemenade 13483878536 2919 367

1713878928.2630484 11121216
cloud0_tkemenade 13338959701 2913 343

1713878928.2635853 11121216
cloud1_tkemenade 13483878536 2920 367

1713878929.2665637 11121411
cloud0_tkemenade 13338959701 2913 343

1713878929.267129 11121411
cloud1_tkemenade 13483878536 2920 367

1713878930.2698853 11121640
cloud0_tkemenade 13338959701 2913 343

1713878930.2704043 11121640
cloud1_tkemenade 13483878536 2920 367

1713878931.2732108 11121836
cloud0_tkemenade 13338959701 2913 343

1713878931.273755 11121836
cloud1_tkemenade 13483878536 2920 368

1713878932.2766302 11122049
cloud0_tkemenade 13338959701 2914 343

1713878932.2771266 11122049
cloud1_tkemenade 13483878536 2920 368

1713878933.2800124 11122237
cloud0_tkemenade 13338959701 2914 343

1713878933.280546 11122237
cloud1_tkemenade 13483878536 2920 368

1713878934.2834954 11122462
cloud0_tkemenade 13338959701 2914 343

1713878934.2840142 11122462
cloud1_tkemenade 13483878536 2920 368

1713878935.286789 11122696
cloud0_tkemenade 13338959701 2914 343

1713878935.2873304 11122696
cloud1_tkemenade 13483878536 2920 368

1713878936.290063 11122872
cloud0_tkemenade 13338959701 2915 343

1713878936.2904434 11122872
cloud1_tkemenade 13483878536 2921 368

1713878937.2931218 11123078
cloud0_tkemenade 13338959701 2915 343

1713878937.2936587 11123078
cloud1_tkemenade 13483878536 2921 368

1713878938.296533 11123246
cloud0_tkemenade 13338959701 2915 343

1713878938.2971134 11123246
cloud1_tkemenade 13483878536 2921 368

1713878939.1996984 11123412
cloud0_tkemenade 13338971585 2915 343

1713878939.2002392 11123412
cloud1_tkemenade 13483887779 2921 368

1713878940.2030272 11123660
cloud0_tkemenade 13338971585 2916 343

1713878940.2035854 11123660
cloud1_tkemenade 13483887779 2922 368

1713878941.2061598 11123883
cloud0_tkemenade 13338971585 2916 343

1713878941.2066677 11123883
cloud1_tkemenade 13483887779 2922 369

1713878942.2093961 11124114
cloud0_tkemenade 13338971585 2916 343

1713878942.2099354 11124114
cloud1_tkemenade 13483887779 2922 369

1713878943.2128 11124320
cloud0_tkemenade 13338971585 2916 343

1713878943.2132752 11124320
cloud1_tkemenade 13483887779 2922 369

1713878944.2159517 11124566
cloud0_tkemenade 13338971585 2917 343

1713878944.2164862 11124566
cloud1_tkemenade 13483887779 2922 369

1713878945.2192814 11124859
cloud0_tkemenade 13338971585 2917 343

1713878945.219833 11124859
cloud1_tkemenade 13483887779 2923 369

1713878946.222593 11125034
cloud0_tkemenade 13338971585 2917 343

1713878946.2231362 11125034
cloud1_tkemenade 13483887779 2923 369

1713878947.2265754 11125280
cloud0_tkemenade 13338971585 2918 343

1713878947.2271035 11125280
cloud1_tkemenade 13483887779 2923 369

1713878948.2298808 11125466
cloud0_tkemenade 13338971585 2918 343

1713878948.2304225 11125466
cloud1_tkemenade 13483887779 2923 369

1713878949.2332788 11125647
cloud0_tkemenade 13338971585 2918 343

1713878949.2337961 11125647
cloud1_tkemenade 13483887779 2924 369

1713878950.2365956 11125866
cloud0_tkemenade 13338971585 2919 343

1713878950.2371397 11125866
cloud1_tkemenade 13483887779 2924 369

1713878951.2399466 11126072
cloud0_tkemenade 13338971585 2919 343

1713878951.2404685 11126072
cloud1_tkemenade 13483887779 2925 369

1713878952.2434044 11126270
cloud0_tkemenade 13338971585 2919 343

1713878952.243944 11126270
cloud1_tkemenade 13483887779 2925 370

1713878953.2465262 11126472
cloud0_tkemenade 13338971585 2919 343

1713878953.2470486 11126472
cloud1_tkemenade 13483887779 2925 370

1713878954.2497737 11126663
cloud0_tkemenade 13338971585 2920 343

1713878954.250296 11126663
cloud1_tkemenade 13483887779 2925 370

1713878955.2529483 11126886
cloud0_tkemenade 13338971585 2920 344

1713878955.2534623 11126886
cloud1_tkemenade 13483887779 2925 370

1713878956.2562659 11127080
cloud0_tkemenade 13338971585 2920 344

1713878956.2568498 11127081
cloud1_tkemenade 13483887779 2926 370

1713878957.259523 11127274
cloud0_tkemenade 13338971585 2920 344

1713878957.26006 11127274
cloud1_tkemenade 13483887779 2926 370

1713878958.2628164 11127472
cloud0_tkemenade 13338971585 2922 344

1713878958.263336 11127472
cloud1_tkemenade 13483887779 2926 370

1713878959.266109 11127676
cloud0_tkemenade 13338971585 2922 344

1713878959.266629 11127676
cloud1_tkemenade 13483887779 2928 370

1713878960.2694983 11127890
cloud0_tkemenade 13338971585 2923 344

1713878960.2700279 11127890
cloud1_tkemenade 13483887779 2928 370

1713878961.2728157 11128080
cloud0_tkemenade 13338971585 2923 344

1713878961.2733316 11128080
cloud1_tkemenade 13483887779 2928 371

1713878962.2759852 11128297
cloud0_tkemenade 13338971585 2923 344

1713878962.2763228 11128297
cloud1_tkemenade 13483887779 2928 371

1713878963.2788439 11128473
cloud0_tkemenade 13338971585 2923 344

1713878963.27936 11128473
cloud1_tkemenade 13483887779 2928 371

1713878964.282145 11128702
cloud0_tkemenade 13338971585 2924 344

1713878964.2826612 11128702
cloud1_tkemenade 13483887779 2929 371

1713878965.1851883 11128893
cloud0_tkemenade 13338984891 2924 344

1713878965.185724 11128893
cloud1_tkemenade 13483902415 2929 371

1713878966.1885333 11129108
cloud0_tkemenade 13338984891 2924 344

1713878966.1891057 11129108
cloud1_tkemenade 13483902415 2929 371

1713878967.1918654 11129293
cloud0_tkemenade 13338984891 2925 344

1713878967.192398 11129293
cloud1_tkemenade 13483902415 2929 371

1713878968.1950748 11129504
cloud0_tkemenade 13338984891 2925 345

1713878968.195627 11129504
cloud1_tkemenade 13483902415 2929 371

1713878969.1982334 11129684
cloud0_tkemenade 13338984891 2925 345

1713878969.1987529 11129684
cloud1_tkemenade 13483902415 2930 371

1713878970.201493 11129897
cloud0_tkemenade 13338984891 2925 345

1713878970.2019954 11129897
cloud1_tkemenade 13483902415 2930 372

1713878971.2046556 11130120
cloud0_tkemenade 13338984891 2925 345

1713878971.2051961 11130120
cloud1_tkemenade 13483902415 2931 372

1713878972.2080355 11130329
cloud0_tkemenade 13338984891 2926 345

1713878972.2085435 11130329
cloud1_tkemenade 13483902415 2931 372

1713878973.2112222 11130527
cloud0_tkemenade 13338984891 2926 345

1713878973.2117665 11130527
cloud1_tkemenade 13483902415 2931 372

1713878974.2144794 11130747
cloud0_tkemenade 13338984891 2926 345

1713878974.215008 11130747
cloud1_tkemenade 13483902415 2932 372

1713878975.2178764 11130949
cloud0_tkemenade 13338984891 2927 345

1713878975.2183921 11130949
cloud1_tkemenade 13483902415 2932 372

1713878976.221266 11131158
cloud0_tkemenade 13338984891 2927 345

1713878976.2218113 11131158
cloud1_tkemenade 13483902415 2932 372

1713878977.2247238 11131362
cloud0_tkemenade 13338984891 2928 345

1713878977.2252376 11131362
cloud1_tkemenade 13483902415 2933 372

1713878978.2279413 11131579
cloud0_tkemenade 13338984891 2928 345

1713878978.2284603 11131579
cloud1_tkemenade 13483902415 2933 372

1713878979.2312484 11131760
cloud0_tkemenade 13338984891 2928 345

1713878979.231771 11131760
cloud1_tkemenade 13483902415 2933 372

1713878980.234388 11131961
cloud0_tkemenade 13338984891 2929 345

1713878980.2349157 11131961
cloud1_tkemenade 13483902415 2933 372

1713878981.2375593 11132156
cloud0_tkemenade 13338984891 2929 345

1713878981.2381003 11132156
cloud1_tkemenade 13483902415 2933 373

1713878982.2408926 11132394
cloud0_tkemenade 13338984891 2929 345

1713878982.241426 11132394
cloud1_tkemenade 13483902415 2933 373

1713878983.2443092 11132592
cloud0_tkemenade 13338984891 2930 345

1713878983.2448623 11132593
cloud1_tkemenade 13483902415 2934 373

1713878984.2477705 11132799
cloud0_tkemenade 13338984891 2930 345

1713878984.248288 11132799
cloud1_tkemenade 13483902415 2934 373

1713878985.2510922 11133097
cloud0_tkemenade 13338984891 2930 345

1713878985.2516146 11133097
cloud1_tkemenade 13483902415 2934 373

1713878986.2544131 11133312
cloud0_tkemenade 13338984891 2931 345

1713878986.254926 11133312
cloud1_tkemenade 13483902415 2934 373

1713878987.2576606 11133513
cloud0_tkemenade 13338984891 2931 345

1713878987.2581596 11133513
cloud1_tkemenade 13483902415 2935 373

1713878988.2610111 11133755
cloud0_tkemenade 13338984891 2931 345

1713878988.261541 11133755
cloud1_tkemenade 13483902415 2935 373

1713878989.2643318 11133974
cloud0_tkemenade 13338984891 2932 345

1713878989.2648659 11133974
cloud1_tkemenade 13483902415 2936 373

1713878990.2674959 11134186
cloud0_tkemenade 13338984891 2932 345

1713878990.2680027 11134186
cloud1_tkemenade 13483902415 2936 373

1713878991.170378 11134398
cloud0_tkemenade 13338996762 2932 345

1713878991.170889 11134398
cloud1_tkemenade 13483915605 2936 374

1713878992.1735542 11134616
cloud0_tkemenade 13338996762 2933 345

1713878992.1740627 11134616
cloud1_tkemenade 13483915605 2936 374

1713878993.176646 11134834
cloud0_tkemenade 13338996762 2933 345

1713878993.177185 11134834
cloud1_tkemenade 13483915605 2936 374

1713878994.1798403 11135035
cloud0_tkemenade 13338996762 2933 346

1713878994.1803598 11135035
cloud1_tkemenade 13483915605 2937 374

1713878995.1830113 11135253
cloud0_tkemenade 13338996762 2933 346

1713878995.1835647 11135253
cloud1_tkemenade 13483915605 2937 374

1713878996.1860108 11135449
cloud0_tkemenade 13338996762 2934 346

1713878996.1865058 11135449
cloud1_tkemenade 13483915605 2937 374

1713878996.2870266 11135478
cloud0_tkemenade 13339017199 2934 346

1713878996.2875757 11135478
cloud1_tkemenade 13483922417 2937 374

1713878997.2905188 11135698
cloud0_tkemenade 13339017199 2934 346

1713878997.291054 11135698
cloud1_tkemenade 13483922417 2937 374

1713878998.2937386 11135922
cloud0_tkemenade 13339017199 2934 346

1713878998.2941136 11135922
cloud1_tkemenade 13483922417 2937 374

1713878999.2967653 11136107
cloud0_tkemenade 13339017199 2934 346

1713878999.2970917 11136107
cloud1_tkemenade 13483922417 2938 374

1713879000.2996683 11136324
cloud0_tkemenade 13339017199 2934 346

1713879000.3002067 11136324
cloud1_tkemenade 13483922417 2938 374

1713879001.3027935 11136541
cloud0_tkemenade 13339017199 2935 346

1713879001.303291 11136541
cloud1_tkemenade 13483922417 2938 374

1713879001.4037848 11136582
cloud0_tkemenade 13339023857 2935 346

1713879001.404333 11136582
cloud1_tkemenade 13483929075 2938 374

1713879002.4072025 11136795
cloud0_tkemenade 13339023857 2935 346

1713879002.4077392 11136795
cloud1_tkemenade 13483929075 2938 374

1713879003.4104269 11137012
cloud0_tkemenade 13339023857 2935 346

1713879003.4109507 11137012
cloud1_tkemenade 13483929075 2939 374

1713879004.4136693 11137247
cloud0_tkemenade 13339023857 2935 346

1713879004.4141731 11137247
cloud1_tkemenade 13483929075 2939 374

1713879005.4167957 11137456
cloud0_tkemenade 13339023857 2936 346

1713879005.4173038 11137456
cloud1_tkemenade 13483929075 2939 374

1713879006.4200313 11137654
cloud0_tkemenade 13339023857 2936 346

1713879006.4204898 11137654
cloud1_tkemenade 13483929075 2940 374

1713879006.520961 11137680
cloud0_tkemenade 13339030568 2936 346

1713879006.5214949 11137680
cloud1_tkemenade 13483942497 2940 374

1713879007.5240464 11137906
cloud0_tkemenade 13339030568 2936 346

1713879007.524554 11137906
cloud1_tkemenade 13483942497 2940 374

1713879008.5272992 11138142
cloud0_tkemenade 13339030568 2937 346

1713879008.5278358 11138142
cloud1_tkemenade 13483942497 2940 374

1713879009.530765 11138339
cloud0_tkemenade 13339030568 2937 346

1713879009.5312989 11138339
cloud1_tkemenade 13483942497 2941 374

1713879010.5341156 11138556
cloud0_tkemenade 13339030568 2937 346

1713879010.5346346 11138556
cloud1_tkemenade 13483942497 2941 374

1713879011.5373423 11138747
cloud0_tkemenade 13339030568 2937 346

1713879011.5378687 11138747
cloud1_tkemenade 13483942497 2941 374

1713879012.5407093 11139073
cloud0_tkemenade 13339030568 2938 346

1713879012.5412066 11139073
cloud1_tkemenade 13483942497 2942 374

1713879013.543969 11139470
cloud0_tkemenade 13339030568 2938 347

1713879013.5445018 11139470
cloud1_tkemenade 13483942497 2942 374

1713879014.5474153 11139771
cloud0_tkemenade 13339030568 2938 347

1713879014.547939 11139771
cloud1_tkemenade 13483942497 2942 374

1713879015.5505898 11140009
cloud0_tkemenade 13339030568 2938 347

1713879015.5510917 11140009
cloud1_tkemenade 13483942497 2942 374

1713879016.5538356 11140221
cloud0_tkemenade 13339030568 2939 347

1713879016.5544655 11140221
cloud1_tkemenade 13483942497 2943 374

1713879017.5571659 11140474
cloud0_tkemenade 13339030568 2939 347

1713879017.557698 11140474
cloud1_tkemenade 13483942497 2943 374

1713879018.560471 11140815
cloud0_tkemenade 13339030568 2939 347

1713879018.5610015 11140816
cloud1_tkemenade 13483942497 2943 374

1713879019.5637589 11141028
cloud0_tkemenade 13339030568 2939 347

1713879019.5642736 11141028
cloud1_tkemenade 13483942497 2943 374

1713879020.5668511 11141269
cloud0_tkemenade 13339030568 2940 347

1713879020.5673776 11141269
cloud1_tkemenade 13483942497 2944 374

1713879021.5702827 11141482
cloud0_tkemenade 13339030568 2940 347

1713879021.570807 11141482
cloud1_tkemenade 13483942497 2944 375

1713879022.5733035 11141700
cloud0_tkemenade 13339030568 2940 347

1713879022.5738347 11141700
cloud1_tkemenade 13483942497 2944 375

1713879023.5767653 11141917
cloud0_tkemenade 13339030568 2940 347

1713879023.5772839 11141917
cloud1_tkemenade 13483942497 2945 375

1713879024.5799844 11142157
cloud0_tkemenade 13339030568 2940 347

1713879024.5804863 11142157
cloud1_tkemenade 13483942497 2945 375

1713879025.5831103 11142389
cloud0_tkemenade 13339030568 2940 347

1713879025.5836132 11142389
cloud1_tkemenade 13483942497 2945 375

1713879026.586161 11142622
cloud0_tkemenade 13339030568 2940 348

1713879026.5866623 11142622
cloud1_tkemenade 13483942497 2945 375

1713879027.589422 11142839
cloud0_tkemenade 13339030568 2940 348

1713879027.5899334 11142839
cloud1_tkemenade 13483942497 2945 375

1713879028.59276 11143137
cloud0_tkemenade 13339030568 2940 349

1713879028.5932782 11143137
cloud1_tkemenade 13483942497 2946 375

1713879029.5958061 11143379
cloud0_tkemenade 13339030568 2940 349

1713879029.5963206 11143379
cloud1_tkemenade 13483942497 2946 375

1713879030.599133 11143612
cloud0_tkemenade 13339030568 2940 349

1713879030.5996473 11143612
cloud1_tkemenade 13483942497 2946 375

1713879031.6022215 11143817
cloud0_tkemenade 13339030568 2940 349

1713879031.6027348 11143817
cloud1_tkemenade 13483942497 2947 375

1713879032.5052545 11144028
cloud0_tkemenade 13339039911 2940 349

1713879032.505789 11144028
cloud1_tkemenade 13483953175 2947 375

1713879033.5084333 11144264
cloud0_tkemenade 13339039911 2940 350

1713879033.5089636 11144265
cloud1_tkemenade 13483953175 2947 375

1713879034.5118866 11144479
cloud0_tkemenade 13339039911 2940 350

1713879034.5124362 11144479
cloud1_tkemenade 13483953175 2947 376

1713879035.5153224 11144799
cloud0_tkemenade 13339039911 2940 350

1713879035.5158577 11144799
cloud1_tkemenade 13483953175 2947 376

1713879036.518568 11145117
cloud0_tkemenade 13339039911 2940 351

1713879036.519088 11145117
cloud1_tkemenade 13483953175 2947 376

1713879037.521727 11145335
cloud0_tkemenade 13339039911 2940 351

1713879037.5222483 11145335
cloud1_tkemenade 13483953175 2947 376

1713879038.525052 11145572
cloud0_tkemenade 13339039911 2941 351

1713879038.5255566 11145572
cloud1_tkemenade 13483953175 2947 376

1713879039.5283122 11145798
cloud0_tkemenade 13339039911 2941 351

1713879039.5288692 11145799
cloud1_tkemenade 13483953175 2947 377

1713879040.5315733 11146015
cloud0_tkemenade 13339039911 2941 352

1713879040.5320742 11146015
cloud1_tkemenade 13483953175 2948 377

1713879041.534796 11146226
cloud0_tkemenade 13339039911 2941 352

1713879041.5353136 11146226
cloud1_tkemenade 13483953175 2948 377

1713879042.5379398 11146434
cloud0_tkemenade 13339039911 2942 352

1713879042.5384557 11146434
cloud1_tkemenade 13483953175 2948 377

1713879043.5413525 11146658
cloud0_tkemenade 13339039911 2942 352

1713879043.5418823 11146658
cloud1_tkemenade 13483953175 2948 378

1713879044.5446622 11146892
cloud0_tkemenade 13339039911 2942 352

1713879044.5452132 11146892
cloud1_tkemenade 13483953175 2948 378

1713879045.5479865 11147120
cloud0_tkemenade 13339039911 2942 352

1713879045.5485268 11147120
cloud1_tkemenade 13483953175 2948 378

1713879046.551177 11147347
cloud0_tkemenade 13339039911 2943 353

1713879046.551687 11147347
cloud1_tkemenade 13483953175 2948 378

1713879047.5545728 11147679
cloud0_tkemenade 13339039911 2943 353

1713879047.5551012 11147679
cloud1_tkemenade 13483953175 2948 379

1713879048.5578265 11147912
cloud0_tkemenade 13339039911 2943 353

1713879048.5583634 11147912
cloud1_tkemenade 13483953175 2948 379

1713879049.5610385 11148114
cloud0_tkemenade 13339039911 2943 354

1713879049.5615451 11148114
cloud1_tkemenade 13483953175 2948 379

1713879050.5642426 11148297
cloud0_tkemenade 13339039911 2943 354

1713879050.5648 11148298
cloud1_tkemenade 13483953175 2949 379

1713879051.5675538 11148517
cloud0_tkemenade 13339039911 2943 354

1713879051.5680857 11148517
cloud1_tkemenade 13483953175 2949 379

1713879052.5706856 11148746
cloud0_tkemenade 13339039911 2943 355

1713879052.571203 11148746
cloud1_tkemenade 13483953175 2949 380

1713879053.5737877 11148988
cloud0_tkemenade 13339039911 2943 355

1713879053.5743167 11148988
cloud1_tkemenade 13483953175 2949 380

1713879054.5771196 11149208
cloud0_tkemenade 13339039911 2943 357

1713879054.577641 11149208
cloud1_tkemenade 13483953175 2949 380

1713879055.5804634 11149395
cloud0_tkemenade 13339039911 2943 357

1713879055.5809932 11149396
cloud1_tkemenade 13483953175 2949 380

1713879056.5836563 11149606
cloud0_tkemenade 13339039911 2943 357

1713879056.584186 11149606
cloud1_tkemenade 13483953175 2949 380

1713879057.5870378 11149792
cloud0_tkemenade 13339039911 2944 357

1713879057.587561 11149792
cloud1_tkemenade 13483953175 2950 380

1713879058.4900231 11149975
cloud0_tkemenade 13339055911 2944 357

1713879058.4905584 11149975
cloud1_tkemenade 13483963842 2950 380

1713879059.4934125 11150169
cloud0_tkemenade 13339055911 2944 357

1713879059.4939373 11150169
cloud1_tkemenade 13483963842 2950 381

1713879060.496746 11150388
cloud0_tkemenade 13339055911 2944 357

1713879060.4972444 11150388
cloud1_tkemenade 13483963842 2950 381

1713879061.4998298 11150622
cloud0_tkemenade 13339055911 2945 357

1713879061.5003724 11150622
cloud1_tkemenade 13483963842 2950 381

1713879062.503085 11150892
cloud0_tkemenade 13339055911 2945 357

1713879062.503611 11150892
cloud1_tkemenade 13483963842 2950 381

1713879063.5065129 11151138
cloud0_tkemenade 13339055911 2945 357

1713879063.5070171 11151138
cloud1_tkemenade 13483963842 2950 381

1713879064.5098257 11151364
cloud0_tkemenade 13339055911 2946 357

1713879064.5103333 11151364
cloud1_tkemenade 13483963842 2951 382

1713879065.5131092 11151593
cloud0_tkemenade 13339055911 2946 357

1713879065.5136318 11151593
cloud1_tkemenade 13483963842 2951 382

1713879066.5165012 11151799
cloud0_tkemenade 13339055911 2946 358

1713879066.5170405 11151800
cloud1_tkemenade 13483963842 2951 382

1713879067.519711 11152010
cloud0_tkemenade 13339055911 2946 358

1713879067.5202308 11152010
cloud1_tkemenade 13483963842 2951 382

1713879068.522926 11152235
cloud0_tkemenade 13339055911 2946 358

1713879068.5234396 11152235
cloud1_tkemenade 13483963842 2951 382

1713879069.526154 11152445
cloud0_tkemenade 13339055911 2946 359

1713879069.5266747 11152445
cloud1_tkemenade 13483963842 2951 383

1713879070.5294821 11152643
cloud0_tkemenade 13339055911 2946 359

1713879070.5299966 11152643
cloud1_tkemenade 13483963842 2951 383

1713879071.53284 11152865
cloud0_tkemenade 13339055911 2946 359

1713879071.5333765 11152865
cloud1_tkemenade 13483963842 2952 383

1713879072.5359004 11153052
cloud0_tkemenade 13339055911 2947 359

1713879072.5364168 11153052
cloud1_tkemenade 13483963842 2952 383

1713879073.539162 11153295
cloud0_tkemenade 13339055911 2947 359

1713879073.5396912 11153295
cloud1_tkemenade 13483963842 2952 384

1713879074.5424855 11153516
cloud0_tkemenade 13339055911 2947 359

1713879074.5428715 11153516
cloud1_tkemenade 13483963842 2952 384

1713879075.545497 11153714
cloud0_tkemenade 13339055911 2947 359

1713879075.5460126 11153714
cloud1_tkemenade 13483963842 2952 384

1713879076.548911 11153932
cloud0_tkemenade 13339055911 2948 360

1713879076.5494344 11153932
cloud1_tkemenade 13483963842 2952 384

1713879077.5522594 11154142
cloud0_tkemenade 13339055911 2948 360

1713879077.552893 11154142
cloud1_tkemenade 13483963842 2953 384

1713879078.5557334 11154342
cloud0_tkemenade 13339055911 2948 360

1713879078.5562556 11154342
cloud1_tkemenade 13483963842 2953 384

1713879079.5590396 11154552
cloud0_tkemenade 13339055911 2948 360

1713879079.5595632 11154552
cloud1_tkemenade 13483963842 2954 384

1713879080.5622025 11154749
cloud0_tkemenade 13339055911 2948 360

1713879080.5627325 11154749
cloud1_tkemenade 13483963842 2954 384

1713879081.5654786 11154990
cloud0_tkemenade 13339055911 2948 360

1713879081.5659912 11154990
cloud1_tkemenade 13483963842 2954 384

1713879082.568864 11155194
cloud0_tkemenade 13339055911 2949 360

1713879082.5693839 11155194
cloud1_tkemenade 13483963842 2954 385

1713879083.5722096 11155427
cloud0_tkemenade 13339055911 2949 361

1713879083.5727847 11155428
cloud1_tkemenade 13483963842 2955 385

1713879084.4753418 11155670
cloud0_tkemenade 13339067898 2949 361

1713879084.4758835 11155670
cloud1_tkemenade 13483978493 2956 385

1713879085.4787188 11155935
cloud0_tkemenade 13339067898 2950 361

1713879085.4792457 11155935
cloud1_tkemenade 13483978493 2956 385

1713879086.4821157 11156150
cloud0_tkemenade 13339067898 2950 361

1713879086.4826243 11156150
cloud1_tkemenade 13483978493 2956 385

1713879087.4852495 11156355
cloud0_tkemenade 13339067898 2950 361

1713879087.4857526 11156355
cloud1_tkemenade 13483978493 2957 385

1713879088.4884791 11156552
cloud0_tkemenade 13339067898 2951 361

1713879088.4890227 11156554
cloud1_tkemenade 13483978493 2957 385

1713879089.4917827 11156780
cloud0_tkemenade 13339067898 2951 361

1713879089.4923034 11156780
cloud1_tkemenade 13483978493 2957 385

1713879090.4949496 11157002
cloud0_tkemenade 13339067898 2951 361

1713879090.4953065 11157002
cloud1_tkemenade 13483978493 2958 385

1713879091.498007 11157275
cloud0_tkemenade 13339067898 2951 361

1713879091.4985213 11157275
cloud1_tkemenade 13483978493 2958 385

1713879092.5013933 11157494
cloud0_tkemenade 13339067898 2951 361

1713879092.5019102 11157494
cloud1_tkemenade 13483978493 2958 385

1713879093.50659 11157742
cloud0_tkemenade 13339067898 2952 361

1713879093.5079198 11157742
cloud1_tkemenade 13483978493 2958 385

1713879094.510444 11158196
cloud0_tkemenade 13339067898 2952 361

1713879094.510963 11158196
cloud1_tkemenade 13483978493 2958 385

1713879095.5134013 11158445
cloud0_tkemenade 13339067898 2952 362

1713879095.5139058 11158445
cloud1_tkemenade 13483978493 2958 386

1713879096.5166502 11158725
cloud0_tkemenade 13339067898 2952 362

1713879096.5172648 11158725
cloud1_tkemenade 13483978493 2958 386

1713879097.5198545 11159557
cloud0_tkemenade 13339067898 2952 362

1713879097.5204093 11159557
cloud1_tkemenade 13483978493 2958 386

1713879098.5227349 11160249
cloud0_tkemenade 13339067898 2952 362

1713879098.523294 11160249
cloud1_tkemenade 13483978493 2958 387

1713879099.5256345 11160968
cloud0_tkemenade 13339067898 2952 362

1713879099.5260963 11160968
cloud1_tkemenade 13483978493 2958 387

1713879100.5285707 11161796
cloud0_tkemenade 13339067898 2953 363

1713879100.5289497 11161796
cloud1_tkemenade 13483978493 2959 387

1713879101.53143 11162256
cloud0_tkemenade 13339067898 2953 363

1713879101.5319705 11162256
cloud1_tkemenade 13483978493 2959 387

1713879102.53467 11162743
cloud0_tkemenade 13339067898 2953 363

1713879102.535188 11162743
cloud1_tkemenade 13483978493 2959 388

1713879103.5379584 11163336
cloud0_tkemenade 13339067898 2953 363

1713879103.5384748 11163336
cloud1_tkemenade 13483978493 2959 388

1713879104.5412104 11163904
cloud0_tkemenade 13339067898 2953 363

1713879104.5417316 11163904
cloud1_tkemenade 13483978493 2960 388

1713879105.5444915 11164539
cloud0_tkemenade 13339067898 2954 363

1713879105.5450191 11164543
cloud1_tkemenade 13483978493 2960 388

1713879106.5479074 11165058
cloud0_tkemenade 13339067898 2954 364

1713879106.5484195 11165058
cloud1_tkemenade 13483978493 2960 388

1713879107.5509508 11165483
cloud0_tkemenade 13339067898 2954 364

1713879107.551453 11165483
cloud1_tkemenade 13483978493 2960 389

1713879108.5538445 11165971
cloud0_tkemenade 13339067898 2955 364

1713879108.5543334 11165971
cloud1_tkemenade 13483978493 2960 389

1713879109.5569122 11166597
cloud0_tkemenade 13339067898 2955 364

1713879109.5574262 11166597
cloud1_tkemenade 13483978493 2960 389

1713879110.5599785 11167037
cloud0_tkemenade 13339080744 2955 364

1713879110.5605032 11167037
cloud1_tkemenade 13484076984 3015 395

1713879111.5630198 11167886
cloud0_tkemenade 13339080744 2955 364

1713879111.563474 11167886
cloud1_tkemenade 13484076984 3017 396

1713879112.5657446 11169076
cloud0_tkemenade 13339080744 2956 364

1713879112.5660496 11169076
cloud1_tkemenade 13484076984 3018 396

1713879113.5684032 11170150
cloud0_tkemenade 13339080744 2956 365

1713879113.5687466 11170155
cloud1_tkemenade 13484076984 3022 396

1713879114.5709898 11171194
cloud0_tkemenade 13339080744 2989 369

1713879114.5713038 11171194
cloud1_tkemenade 13484076984 3022 397

1713879115.5736728 11172136
cloud0_tkemenade 13339080744 2997 372

1713879115.574176 11172136
cloud1_tkemenade 13484076984 3022 397

1713879116.5767646 11172450
cloud0_tkemenade 13339080744 2997 372

1713879116.5772548 11172450
cloud1_tkemenade 13484076984 3022 397

1713879117.5798833 11172670
cloud0_tkemenade 13339080744 3000 372

1713879117.580392 11172670
cloud1_tkemenade 13484076984 3023 397

1713879118.583001 11172892
cloud0_tkemenade 13339080744 3000 372

1713879118.5835106 11172892
cloud1_tkemenade 13484076984 3023 397

1713879119.5861232 11173156
cloud0_tkemenade 13339080744 3001 372

1713879119.5866563 11173156
cloud1_tkemenade 13484076984 3023 397

1713879120.5893874 11173529
cloud0_tkemenade 13339080744 3002 372

1713879120.5899 11173529
cloud1_tkemenade 13484076984 3023 398

1713879121.5925403 11173899
cloud0_tkemenade 13339080744 3003 372

1713879121.5930579 11173901
cloud1_tkemenade 13484076984 3023 398

1713879122.5958433 11174226
cloud0_tkemenade 13339080744 3003 372

1713879122.5963707 11174226
cloud1_tkemenade 13484076984 3024 398

1713879123.5989752 11174490
cloud0_tkemenade 13339080744 3003 373

1713879123.599473 11174490
cloud1_tkemenade 13484076984 3024 398

1713879124.60221 11174831
cloud0_tkemenade 13339080744 3003 373

1713879124.602742 11174831
cloud1_tkemenade 13484076984 3024 399

1713879125.6053126 11175089
cloud0_tkemenade 13339080744 3003 373

1713879125.6058197 11175089
cloud1_tkemenade 13484076984 3024 399

1713879126.608627 11175322
cloud0_tkemenade 13339080744 3004 373

1713879126.609176 11175322
cloud1_tkemenade 13484076984 3024 399

1713879127.6118622 11175530
cloud0_tkemenade 13339080744 3004 373

1713879127.612372 11175530
cloud1_tkemenade 13484076984 3024 399

1713879128.6151266 11175745
cloud0_tkemenade 13339080744 3004 374

1713879128.6156387 11175745
cloud1_tkemenade 13484076984 3024 400

1713879129.6181328 11176121
cloud0_tkemenade 13339080744 3004 374

1713879129.6186514 11176121
cloud1_tkemenade 13484076984 3024 400

1713879130.6212864 11176399
cloud0_tkemenade 13339080744 3004 374

1713879130.6217973 11176399
cloud1_tkemenade 13484076984 3025 400

1713879131.6244187 11176656
cloud0_tkemenade 13339080744 3005 374

1713879131.6249459 11176658
cloud1_tkemenade 13484076984 3025 400

1713879132.6275744 11176944
cloud0_tkemenade 13339080744 3005 374

1713879132.6278996 11176944
cloud1_tkemenade 13484076984 3025 400

1713879133.6302757 11177176
cloud0_tkemenade 13339080744 3005 375

1713879133.6307938 11177176
cloud1_tkemenade 13484076984 3026 400

1713879134.6334753 11177432
cloud0_tkemenade 13339080744 3005 375

1713879134.6339967 11177432
cloud1_tkemenade 13484076984 3026 400

