1713879210.0897923 11208002
cloud0_tkemenade 13339080744 2865 349
cloud1_tkemenade 13484076984 2932 351

1713879211.0928535 11208223
cloud0_tkemenade 13339080744 2865 349

1713879211.0933828 11208223
cloud1_tkemenade 13484076984 2934 351

1713879212.0959966 11208476
cloud0_tkemenade 13339080744 2866 349

1713879212.0965548 11208476
cloud1_tkemenade 13484076984 2935 352

1713879213.0991318 11208851
cloud0_tkemenade 13339080744 2866 349

1713879213.099686 11208851
cloud1_tkemenade 13484076984 2935 352

1713879214.1021755 11209254
cloud0_tkemenade 13339080744 2867 349

1713879214.102716 11209254
cloud1_tkemenade 13484076984 2939 352

1713879215.1054907 11209554
cloud0_tkemenade 13339080744 2867 349

1713879215.1060073 11209554
cloud1_tkemenade 13484076984 2940 352

1713879216.1086276 11209813
cloud0_tkemenade 13339080744 2867 349

1713879216.1089642 11209813
cloud1_tkemenade 13484076984 2940 353

1713879217.111471 11210041
cloud0_tkemenade 13339080744 2868 349

1713879217.1119845 11210041
cloud1_tkemenade 13484076984 2940 353

1713879218.1145406 11210313
cloud0_tkemenade 13339080744 2868 349

1713879218.1150537 11210313
cloud1_tkemenade 13484076984 2941 353

1713879219.1176069 11210596
cloud0_tkemenade 13339080744 2881 350

1713879219.1181352 11210596
cloud1_tkemenade 13484076984 2941 353

1713879220.120762 11210962
cloud0_tkemenade 13339080744 2881 350

1713879220.1212714 11210962
cloud1_tkemenade 13484076984 2941 355

1713879221.1241448 11211182
cloud0_tkemenade 13339080744 2882 350

1713879221.124681 11211183
cloud1_tkemenade 13484076984 2941 355

1713879222.1274688 11211449
cloud0_tkemenade 13339080744 2885 350

1713879222.127981 11211449
cloud1_tkemenade 13484076984 2941 356

1713879223.1306536 11211679
cloud0_tkemenade 13339080744 2885 350

1713879223.1311762 11211679
cloud1_tkemenade 13484076984 2941 356

1713879224.1337895 11211934
cloud0_tkemenade 13339080744 2885 351

1713879224.134306 11211934
cloud1_tkemenade 13484076984 2942 356

1713879225.1370535 11212177
cloud0_tkemenade 13339080744 2886 351

1713879225.137569 11212177
cloud1_tkemenade 13484076984 2942 356

1713879226.1402783 11212424
cloud0_tkemenade 13339080744 2887 352

1713879226.1408632 11212426
cloud1_tkemenade 13484076984 2943 356

1713879227.1436431 11212636
cloud0_tkemenade 13339080744 2887 352

1713879227.1442008 11212636
cloud1_tkemenade 13484076984 2943 356

1713879228.1470811 11212866
cloud0_tkemenade 13339080744 2887 352

1713879228.1476116 11212866
cloud1_tkemenade 13484076984 2944 356

1713879229.1501632 11213221
cloud0_tkemenade 13339080744 2888 352

1713879229.150701 11213221
cloud1_tkemenade 13484076984 2944 356

1713879230.1532426 11213465
cloud0_tkemenade 13339080744 2888 352

1713879230.1537864 11213465
cloud1_tkemenade 13484076984 2944 356

1713879231.156594 11213660
cloud0_tkemenade 13339080744 2888 352

1713879231.157155 11213660
cloud1_tkemenade 13484076984 2944 357

1713879232.159928 11213879
cloud0_tkemenade 13339080744 2889 352

1713879232.160464 11213879
cloud1_tkemenade 13484076984 2944 357

1713879233.162955 11214111
cloud0_tkemenade 13339080744 2889 352

1713879233.163518 11214111
cloud1_tkemenade 13484076984 2944 357

1713879234.166178 11214374
cloud0_tkemenade 13339080744 2889 352

1713879234.1667173 11214374
cloud1_tkemenade 13484076984 2944 357

1713879235.169457 11214612
cloud0_tkemenade 13339080744 2890 352

1713879235.1699674 11214612
cloud1_tkemenade 13484076984 2944 358

1713879236.1727307 11214898
cloud0_tkemenade 13339080744 2890 352

1713879236.1732347 11214898
cloud1_tkemenade 13484076984 2945 358

1713879237.1758177 11215148
cloud0_tkemenade 13339080744 2891 352

1713879237.1763625 11215148
cloud1_tkemenade 13484076984 2945 358

1713879238.1789515 11215384
cloud0_tkemenade 13339080744 2891 352

1713879238.1794622 11215384
cloud1_tkemenade 13484076984 2945 358

1713879239.1819649 11215602
cloud0_tkemenade 13339080744 2891 352

1713879239.1825018 11215602
cloud1_tkemenade 13484076984 2945 358

1713879240.1853468 11215844
cloud0_tkemenade 13339080744 2891 352

1713879240.1858644 11215844
cloud1_tkemenade 13484076984 2945 358

1713879241.1884964 11216055
cloud0_tkemenade 13339080744 2892 352

1713879241.1890514 11216056
cloud1_tkemenade 13484076984 2946 359

1713879242.1917398 11216264
cloud0_tkemenade 13339080744 2892 352

1713879242.1922743 11216264
cloud1_tkemenade 13484076984 2946 359

1713879243.1950083 11216516
cloud0_tkemenade 13339080744 2892 353

1713879243.195534 11216516
cloud1_tkemenade 13484076984 2946 359

1713879244.198145 11216782
cloud0_tkemenade 13339080744 2892 353

1713879244.1985595 11216782
cloud1_tkemenade 13484076984 2947 359

1713879245.2011209 11217035
cloud0_tkemenade 13339080744 2893 353

1713879245.201664 11217035
cloud1_tkemenade 13484076984 2947 359

1713879246.2042632 11217240
cloud0_tkemenade 13339080744 2893 353

1713879246.204777 11217240
cloud1_tkemenade 13484076984 2947 359

1713879247.2075977 11217555
cloud0_tkemenade 13339080744 2894 353

1713879247.2081382 11217555
cloud1_tkemenade 13484076984 2948 359

1713879248.2108228 11217835
cloud0_tkemenade 13339080744 2894 353

1713879248.211343 11217835
cloud1_tkemenade 13484076984 2948 359

1713879249.214148 11218052
cloud0_tkemenade 13339080744 2894 353

1713879249.214693 11218052
cloud1_tkemenade 13484076984 2949 359

1713879250.2172415 11218274
cloud0_tkemenade 13339080744 2895 353

1713879250.2177622 11218274
cloud1_tkemenade 13484076984 2949 360

1713879251.220446 11218571
cloud0_tkemenade 13339080744 2895 353

1713879251.2210097 11218573
cloud1_tkemenade 13484076984 2949 360

1713879252.2237747 11219079
cloud0_tkemenade 13339080744 2895 353

1713879252.2243226 11219079
cloud1_tkemenade 13484076984 2950 360

1713879253.22691 11219423
cloud0_tkemenade 13339080744 2896 353

1713879253.2274642 11219423
cloud1_tkemenade 13484076984 2950 360

1713879254.2302446 11219864
cloud0_tkemenade 13339080744 2896 353

1713879254.2307854 11219864
cloud1_tkemenade 13484076984 2950 360

1713879255.2334669 11220385
cloud0_tkemenade 13339080744 2896 353

1713879255.2340171 11220385
cloud1_tkemenade 13484076984 2950 360

1713879256.2369263 11220684
cloud0_tkemenade 13339080744 2897 353

1713879256.2374752 11220684
cloud1_tkemenade 13484076984 2950 361

1713879257.2403781 11220913
cloud0_tkemenade 13339080744 2897 353

1713879257.2409403 11220914
cloud1_tkemenade 13484076984 2950 361

1713879258.2436743 11221216
cloud0_tkemenade 13339080744 2897 353

1713879258.244205 11221216
cloud1_tkemenade 13484076984 2950 361

1713879259.2469585 11221717
cloud0_tkemenade 13339080744 2897 353

1713879259.2474966 11221717
cloud1_tkemenade 13484076984 2950 361

1713879260.2502391 11222115
cloud0_tkemenade 13339080744 2897 353

1713879260.2507784 11222115
cloud1_tkemenade 13484076984 2951 361

1713879261.2534962 11222356
cloud0_tkemenade 13339080744 2898 353

1713879261.254037 11222356
cloud1_tkemenade 13484076984 2951 361

1713879262.156585 11222637
cloud0_tkemenade 13339094427 2898 354

1713879262.1571124 11222637
cloud1_tkemenade 13484089298 2951 361

1713879263.159881 11223136
cloud0_tkemenade 13339094427 2898 354

1713879263.1604273 11223136
cloud1_tkemenade 13484089298 2951 361

1713879264.16327 11223640
cloud0_tkemenade 13339094427 2898 354

1713879264.1637964 11223640
cloud1_tkemenade 13484089298 2952 361

1713879265.1664784 11224174
cloud0_tkemenade 13339094427 2899 354

1713879265.1670027 11224174
cloud1_tkemenade 13484089298 2952 361

1713879266.1695297 11224492
cloud0_tkemenade 13339094427 2899 354

1713879266.1700733 11224492
cloud1_tkemenade 13484089298 2952 361

1713879267.172735 11224735
cloud0_tkemenade 13339094427 2899 354

1713879267.173241 11224735
cloud1_tkemenade 13484089298 2953 361

1713879268.1758974 11224964
cloud0_tkemenade 13339094427 2899 354

1713879268.1764183 11224964
cloud1_tkemenade 13484089298 2953 361

1713879269.1788974 11225197
cloud0_tkemenade 13339094427 2900 354

1713879269.1794298 11225197
cloud1_tkemenade 13484089298 2953 361

1713879270.182095 11225457
cloud0_tkemenade 13339094427 2900 354

1713879270.1826215 11225457
cloud1_tkemenade 13484089298 2953 361

1713879271.1852825 11225737
cloud0_tkemenade 13339094427 2900 354

1713879271.1858113 11225737
cloud1_tkemenade 13484089298 2954 361

1713879272.1884904 11226030
cloud0_tkemenade 13339094427 2900 354

1713879272.1890342 11226032
cloud1_tkemenade 13484089298 2954 362

1713879273.1916711 11226298
cloud0_tkemenade 13339094427 2900 354

1713879273.192199 11226298
cloud1_tkemenade 13484089298 2954 362

1713879274.19476 11226564
cloud0_tkemenade 13339094427 2901 354

1713879274.1952538 11226564
cloud1_tkemenade 13484089298 2955 362

1713879275.1977777 11226834
cloud0_tkemenade 13339094427 2901 354

1713879275.1982882 11226834
cloud1_tkemenade 13484089298 2955 362

1713879276.2010548 11227059
cloud0_tkemenade 13339094427 2901 354

1713879276.2015998 11227059
cloud1_tkemenade 13484089298 2955 362

1713879277.2043047 11227289
cloud0_tkemenade 13339094427 2902 354

1713879277.2048404 11227289
cloud1_tkemenade 13484089298 2955 362

1713879278.207355 11227520
cloud0_tkemenade 13339094427 2902 354

1713879278.207886 11227520
cloud1_tkemenade 13484089298 2955 362

1713879279.2104638 11227748
cloud0_tkemenade 13339094427 2902 355

1713879279.2109733 11227748
cloud1_tkemenade 13484089298 2956 362

1713879280.2136655 11228044
cloud0_tkemenade 13339094427 2902 355

1713879280.2141886 11228044
cloud1_tkemenade 13484089298 2956 362

1713879281.2170184 11228348
cloud0_tkemenade 13339094427 2902 355

1713879281.2175646 11228348
cloud1_tkemenade 13484089298 2956 362

1713879282.2204661 11228559
cloud0_tkemenade 13339094427 2903 355

1713879282.2210119 11228560
cloud1_tkemenade 13484089298 2956 362

1713879283.2238724 11228797
cloud0_tkemenade 13339094427 2903 355

1713879283.2243958 11228797
cloud1_tkemenade 13484089298 2956 363

1713879284.2270985 11229016
cloud0_tkemenade 13339094427 2903 355

1713879284.2276368 11229016
cloud1_tkemenade 13484089298 2956 363

1713879285.2302682 11229273
cloud0_tkemenade 13339094427 2904 355

1713879285.2306097 11229273
cloud1_tkemenade 13484089298 2956 364

1713879286.2333004 11229496
cloud0_tkemenade 13339094427 2904 355

1713879286.233836 11229496
cloud1_tkemenade 13484089298 2956 364

1713879287.2366467 11229714
cloud0_tkemenade 13339094427 2904 355

1713879287.2371922 11229714
cloud1_tkemenade 13484089298 2957 364

1713879288.2416797 11229945
cloud0_tkemenade 13339103932 2905 355

1713879288.2422264 11229945
cloud1_tkemenade 13484101519 2957 364

1713879289.2449954 11230141
cloud0_tkemenade 13339103932 2905 355

1713879289.245527 11230141
cloud1_tkemenade 13484101519 2957 364

1713879290.2480826 11230394
cloud0_tkemenade 13339103932 2905 355

1713879290.248604 11230394
cloud1_tkemenade 13484101519 2957 364

1713879291.2512407 11230624
cloud0_tkemenade 13339103932 2906 355

1713879291.2517786 11230624
cloud1_tkemenade 13484101519 2957 364

1713879292.2547026 11230832
cloud0_tkemenade 13339103932 2906 355

1713879292.2552323 11230832
cloud1_tkemenade 13484101519 2957 365

1713879293.257856 11231101
cloud0_tkemenade 13339103932 2906 355

1713879293.2583954 11231101
cloud1_tkemenade 13484101519 2957 365

1713879294.2611256 11231402
cloud0_tkemenade 13339103932 2907 355

1713879294.2616467 11231402
cloud1_tkemenade 13484101519 2957 365

1713879295.2643735 11231649
cloud0_tkemenade 13339103932 2908 355

1713879295.2649226 11231651
cloud1_tkemenade 13484101519 2958 365

1713879296.2676213 11231905
cloud0_tkemenade 13339103932 2908 355

1713879296.2681613 11231905
cloud1_tkemenade 13484101519 2958 365

1713879297.2710345 11232124
cloud0_tkemenade 13339103932 2908 355

1713879297.2715738 11232124
cloud1_tkemenade 13484101519 2958 365

1713879298.2742612 11232354
cloud0_tkemenade 13339103932 2908 355

1713879298.2747786 11232354
cloud1_tkemenade 13484101519 2958 366

1713879299.2775877 11232550
cloud0_tkemenade 13339103932 2909 355

1713879299.2781346 11232550
cloud1_tkemenade 13484101519 2958 366

1713879300.2808354 11232757
cloud0_tkemenade 13339103932 2909 355

1713879300.2813783 11232757
cloud1_tkemenade 13484101519 2959 366

1713879301.2841058 11233030
cloud0_tkemenade 13339103932 2910 355

1713879301.2846467 11233030
cloud1_tkemenade 13484101519 2959 366

1713879302.2873998 11233291
cloud0_tkemenade 13339103932 2910 355

1713879302.2879243 11233291
cloud1_tkemenade 13484101519 2959 366

1713879303.290428 11233613
cloud0_tkemenade 13339103932 2910 355

1713879303.2909453 11233613
cloud1_tkemenade 13484101519 2960 366

1713879304.2937274 11233832
cloud0_tkemenade 13339103932 2910 355

1713879304.294263 11233832
cloud1_tkemenade 13484101519 2960 366

1713879305.2970612 11234069
cloud0_tkemenade 13339103932 2911 356

1713879305.2975922 11234069
cloud1_tkemenade 13484101519 2961 366

1713879306.300238 11234300
cloud0_tkemenade 13339103932 2911 356

1713879306.3007758 11234301
cloud1_tkemenade 13484101519 2961 366

1713879307.3034348 11234513
cloud0_tkemenade 13339103932 2912 356

1713879307.3039534 11234513
cloud1_tkemenade 13484101519 2962 366

1713879308.3066666 11234792
cloud0_tkemenade 13339103932 2912 356

1713879308.3072028 11234792
cloud1_tkemenade 13484101519 2962 366

1713879309.3099313 11235008
cloud0_tkemenade 13339103932 2912 356

1713879309.310474 11235008
cloud1_tkemenade 13484101519 2962 366

1713879310.3133337 11235225
cloud0_tkemenade 13339103932 2913 356

1713879310.3138762 11235225
cloud1_tkemenade 13484101519 2963 366

1713879311.316777 11235462
cloud0_tkemenade 13339103932 2913 356

1713879311.317319 11235462
cloud1_tkemenade 13484101519 2963 366

1713879312.320148 11235697
cloud0_tkemenade 13339103932 2913 356

1713879312.3206336 11235697
cloud1_tkemenade 13484101519 2964 366

1713879313.32342 11235948
cloud0_tkemenade 13339103932 2914 356

1713879313.3239384 11235948
cloud1_tkemenade 13484101519 2964 367

1713879314.2261977 11236170
cloud0_tkemenade 13339118448 2914 356

1713879314.2267034 11236170
cloud1_tkemenade 13484116035 2965 367

1713879315.229415 11236488
cloud0_tkemenade 13339118448 2914 356

1713879315.229944 11236488
cloud1_tkemenade 13484116035 2965 367

1713879316.232657 11236740
cloud0_tkemenade 13339118448 2915 356

1713879316.2329738 11236740
cloud1_tkemenade 13484116035 2965 367

1713879317.23545 11236942
cloud0_tkemenade 13339118448 2915 356

1713879317.2359598 11236942
cloud1_tkemenade 13484116035 2966 367

1713879318.2384243 11237188
cloud0_tkemenade 13339118448 2915 356

1713879318.2389503 11237188
cloud1_tkemenade 13484116035 2966 367

1713879319.2413957 11237411
cloud0_tkemenade 13339118448 2916 356

1713879319.2418995 11237411
cloud1_tkemenade 13484116035 2966 367

1713879320.2446039 11237608
cloud0_tkemenade 13339118448 2916 356

1713879320.2451394 11237608
cloud1_tkemenade 13484116035 2967 367

1713879321.2479038 11237836
cloud0_tkemenade 13339118448 2917 356

1713879321.2484264 11237836
cloud1_tkemenade 13484116035 2967 367

1713879322.2511072 11238076
cloud0_tkemenade 13339118448 2917 356

1713879322.251611 11238076
cloud1_tkemenade 13484116035 2967 367

1713879323.25419 11238286
cloud0_tkemenade 13339118448 2917 356

1713879323.2546973 11238286
cloud1_tkemenade 13484116035 2967 367

1713879324.2573855 11238792
cloud0_tkemenade 13339118448 2917 356

1713879324.257911 11238792
cloud1_tkemenade 13484116035 2968 367

1713879325.2605138 11239332
cloud0_tkemenade 13339118448 2918 356

1713879325.2610633 11239333
cloud1_tkemenade 13484116035 2968 367

1713879326.2636638 11239956
cloud0_tkemenade 13339118448 2918 356

1713879326.2640235 11239956
cloud1_tkemenade 13484116035 2969 367

1713879327.2664025 11240587
cloud0_tkemenade 13339118448 2919 356

1713879327.266941 11240587
cloud1_tkemenade 13484116035 2970 367

1713879328.2692654 11241258
cloud0_tkemenade 13339118448 2920 356

1713879328.269808 11241258
cloud1_tkemenade 13484116035 2970 367

1713879329.272644 11241582
cloud0_tkemenade 13339118448 2920 356

1713879329.2731702 11241582
cloud1_tkemenade 13484116035 2970 367

1713879330.2760096 11241784
cloud0_tkemenade 13339118448 2920 356

1713879330.2765324 11241784
cloud1_tkemenade 13484116035 2971 367

1713879331.2790494 11242144
cloud0_tkemenade 13339118448 2920 357

1713879331.2795746 11242144
cloud1_tkemenade 13484116035 2971 367

1713879332.2820828 11242604
cloud0_tkemenade 13339118448 2921 357

1713879332.2824254 11242604
cloud1_tkemenade 13484116035 2971 368

1713879333.2851093 11243061
cloud0_tkemenade 13339118448 2921 357

1713879333.2856417 11243061
cloud1_tkemenade 13484116035 2971 368

1713879334.2885282 11243533
cloud0_tkemenade 13339118448 2921 357

1713879334.2890844 11243533
cloud1_tkemenade 13484116035 2972 368

1713879335.291612 11244004
cloud0_tkemenade 13339118448 2922 357

1713879335.292149 11244004
cloud1_tkemenade 13484116035 2972 368

1713879336.294832 11244474
cloud0_tkemenade 13339118448 2922 357

1713879336.295372 11244474
cloud1_tkemenade 13484116035 2972 368

1713879337.298084 11244954
cloud0_tkemenade 13339118448 2922 357

1713879337.2985904 11244954
cloud1_tkemenade 13484116035 2973 368

1713879338.3010023 11245572
cloud0_tkemenade 13339118448 2922 357

1713879338.30135 11245572
cloud1_tkemenade 13484116035 2973 368

1713879339.303803 11245899
cloud0_tkemenade 13339118448 2923 358

1713879339.3043292 11245899
cloud1_tkemenade 13484116035 2973 368

1713879340.2068086 11246099
cloud0_tkemenade 13339133917 2923 358

1713879340.207101 11246099
cloud1_tkemenade 13484128691 2973 368

1713879341.209471 11246608
cloud0_tkemenade 13339133917 2923 358

1713879341.2100039 11246608
cloud1_tkemenade 13484128691 2974 368

1713879342.2126522 11247532
cloud0_tkemenade 13339133917 2923 358

1713879342.2130895 11247532
cloud1_tkemenade 13484128691 2974 368

1713879343.215717 11248553
cloud0_tkemenade 13339133917 2924 358

1713879343.216273 11248553
cloud1_tkemenade 13484128691 2974 368

1713879344.2188413 11249593
cloud0_tkemenade 13339133917 2924 358

1713879344.2193768 11249593
cloud1_tkemenade 13484128691 2974 368

1713879345.2219265 11250432
cloud0_tkemenade 13339133917 2924 358

1713879345.2222614 11250432
cloud1_tkemenade 13484128691 2975 368

1713879346.2248082 11251091
cloud0_tkemenade 13339133917 2924 358

1713879346.225348 11251091
cloud1_tkemenade 13484128691 2975 368

1713879347.2281346 11251368
cloud0_tkemenade 13339133917 2925 358

1713879347.2286537 11251369
cloud1_tkemenade 13484128691 2975 368

1713879348.231428 11251646
cloud0_tkemenade 13339133917 2925 358

1713879348.2319553 11251646
cloud1_tkemenade 13484128691 2975 368

1713879349.234793 11251866
cloud0_tkemenade 13339133917 2925 358

1713879349.2353277 11251866
cloud1_tkemenade 13484128691 2976 368

1713879350.2380416 11252222
cloud0_tkemenade 13339133917 2925 358

1713879350.2385736 11252222
cloud1_tkemenade 13484128691 2976 368

1713879351.241301 11252683
cloud0_tkemenade 13339133917 2926 358

1713879351.241826 11252683
cloud1_tkemenade 13484128691 2976 368

1713879352.2445023 11253047
cloud0_tkemenade 13339133917 2926 358

1713879352.2450492 11253048
cloud1_tkemenade 13484128691 2976 368

1713879353.247658 11253332
cloud0_tkemenade 13339133917 2926 358

1713879353.2480412 11253332
cloud1_tkemenade 13484128691 2976 369

1713879354.2503943 11253585
cloud0_tkemenade 13339133917 2926 358

1713879354.2509174 11253585
cloud1_tkemenade 13484128691 2977 369

1713879355.2536116 11253820
cloud0_tkemenade 13339133917 2926 358

1713879355.2541604 11253820
cloud1_tkemenade 13484128691 2977 369

1713879356.2569747 11254062
cloud0_tkemenade 13339133917 2926 358

1713879356.2574863 11254062
cloud1_tkemenade 13484128691 2977 369

1713879357.2601373 11254307
cloud0_tkemenade 13339133917 2927 358

1713879357.2606463 11254307
cloud1_tkemenade 13484128691 2978 369

1713879358.2633612 11254545
cloud0_tkemenade 13339133917 2927 358

1713879358.2638824 11254545
cloud1_tkemenade 13484128691 2978 369

1713879359.2667308 11254842
cloud0_tkemenade 13339133917 2927 358

1713879359.2672448 11254842
cloud1_tkemenade 13484128691 2978 369

1713879360.2699366 11255034
cloud0_tkemenade 13339133917 2927 358

1713879360.2704427 11255034
cloud1_tkemenade 13484128691 2978 369

1713879361.2732306 11255244
cloud0_tkemenade 13339133917 2928 358

1713879361.2737367 11255244
cloud1_tkemenade 13484128691 2979 369

1713879362.2764559 11255476
cloud0_tkemenade 13339133917 2928 358

1713879362.27698 11255477
cloud1_tkemenade 13484128691 2979 369

1713879363.279703 11255735
cloud0_tkemenade 13339133917 2928 358

1713879363.2802222 11255735
cloud1_tkemenade 13484128691 2979 369

1713879364.2827406 11255980
cloud0_tkemenade 13339133917 2928 358

1713879364.2832637 11255980
cloud1_tkemenade 13484128691 2979 369

1713879365.2858675 11256482
cloud0_tkemenade 13339133917 2928 359

1713879365.286401 11256482
cloud1_tkemenade 13484128691 2980 369

1713879366.1887975 11256860
cloud0_tkemenade 13339142459 2928 359

1713879366.1893198 11256860
cloud1_tkemenade 13484140081 2980 369

1713879367.1920335 11257103
cloud0_tkemenade 13339142459 2928 359

1713879367.192378 11257103
cloud1_tkemenade 13484140081 2980 369

1713879368.194842 11257706
cloud0_tkemenade 13339142459 2929 359

1713879368.195363 11257706
cloud1_tkemenade 13484140081 2981 369

1713879369.198148 11258175
cloud0_tkemenade 13339142459 2929 359

1713879369.1986837 11258175
cloud1_tkemenade 13484140081 2981 369

1713879370.2012563 11258755
cloud0_tkemenade 13339142459 2929 359

1713879370.201782 11258755
cloud1_tkemenade 13484140081 2981 369

1713879371.2045574 11258995
cloud0_tkemenade 13339142459 2930 359

1713879371.2051005 11258995
cloud1_tkemenade 13484140081 2981 369

1713879372.2075317 11259513
cloud0_tkemenade 13339142459 2930 359

1713879372.2080972 11259513
cloud1_tkemenade 13484140081 2982 369

1713879373.2107663 11260029
cloud0_tkemenade 13339142459 2930 360

1713879373.211314 11260029
cloud1_tkemenade 13484140081 2982 369

1713879374.2140026 11260558
cloud0_tkemenade 13339142459 2930 360

1713879374.2145276 11260558
cloud1_tkemenade 13484140081 2982 369

1713879375.2172759 11261099
cloud0_tkemenade 13339142459 2930 360

1713879375.2178142 11261099
cloud1_tkemenade 13484140081 2982 369

1713879376.220548 11261634
cloud0_tkemenade 13339142459 2931 360

1713879376.2211092 11261634
cloud1_tkemenade 13484140081 2983 369

1713879377.2237089 11261874
cloud0_tkemenade 13339142459 2931 360

1713879377.2242308 11261874
cloud1_tkemenade 13484140081 2983 369

1713879378.2267494 11262115
cloud0_tkemenade 13339142459 2931 360

1713879378.227281 11262115
cloud1_tkemenade 13484140081 2983 369

1713879379.2299907 11262532
cloud0_tkemenade 13339142459 2932 360

1713879379.2305138 11262532
cloud1_tkemenade 13484140081 2984 369

1713879380.233346 11262890
cloud0_tkemenade 13339142459 2932 360

1713879380.2338793 11262890
cloud1_tkemenade 13484140081 2984 369

1713879381.236666 11263144
cloud0_tkemenade 13339142459 2932 360

1713879381.2371953 11263144
cloud1_tkemenade 13484140081 2984 369

1713879382.2398658 11263373
cloud0_tkemenade 13339142459 2932 360

1713879382.2403975 11263373
cloud1_tkemenade 13484140081 2984 369

1713879383.2428267 11263676
cloud0_tkemenade 13339142459 2933 360

1713879383.2433355 11263676
cloud1_tkemenade 13484140081 2985 369

1713879384.2459784 11263977
cloud0_tkemenade 13339142459 2933 360

1713879384.2465181 11263977
cloud1_tkemenade 13484140081 2985 369

1713879385.2493284 11264206
cloud0_tkemenade 13339142459 2933 360

1713879385.2498631 11264206
cloud1_tkemenade 13484140081 2985 369

1713879386.2527304 11264466
cloud0_tkemenade 13339142459 2934 360

1713879386.2532628 11264466
cloud1_tkemenade 13484140081 2986 369

1713879387.2560909 11264685
cloud0_tkemenade 13339142459 2934 360

1713879387.2566187 11264685
cloud1_tkemenade 13484140081 2986 369

1713879388.2593405 11264926
cloud0_tkemenade 13339142459 2934 360

1713879388.259884 11264926
cloud1_tkemenade 13484140081 2986 369

1713879389.2624705 11265201
cloud0_tkemenade 13339142459 2935 360

1713879389.2630038 11265201
cloud1_tkemenade 13484140081 2987 369

1713879390.2656574 11265490
cloud0_tkemenade 13339142459 2935 360

1713879390.266194 11265490
cloud1_tkemenade 13484140081 2987 369

1713879391.2690773 11265750
cloud0_tkemenade 13339142459 2935 360

1713879391.269609 11265750
cloud1_tkemenade 13484140081 2987 369

1713879392.1720068 11265951
cloud0_tkemenade 13339153475 2935 360

1713879392.1723535 11265951
cloud1_tkemenade 13484149720 2987 369

1713879393.1750054 11266161
cloud0_tkemenade 13339153475 2935 361

1713879393.1755435 11266161
cloud1_tkemenade 13484149720 2988 369

1713879394.1780071 11266420
cloud0_tkemenade 13339153475 2935 361

1713879394.1786432 11266420
cloud1_tkemenade 13484149720 2988 369

1713879395.181389 11266653
cloud0_tkemenade 13339153475 2935 362

1713879395.181906 11266653
cloud1_tkemenade 13484149720 2988 370

1713879396.1846828 11266950
cloud0_tkemenade 13339153475 2935 362

1713879396.185244 11266950
cloud1_tkemenade 13484149720 2989 370

1713879397.1879551 11267165
cloud0_tkemenade 13339153475 2935 362

1713879397.1884675 11267165
cloud1_tkemenade 13484149720 2989 370

1713879398.191054 11267383
cloud0_tkemenade 13339153475 2935 362

1713879398.1916108 11267383
cloud1_tkemenade 13484149720 2989 370

1713879399.1943095 11267655
cloud0_tkemenade 13339153475 2935 363

1713879399.1948452 11267655
cloud1_tkemenade 13484149720 2990 370

1713879400.197418 11267870
cloud0_tkemenade 13339153475 2935 364

1713879400.1979513 11267870
cloud1_tkemenade 13484149720 2990 370

1713879401.200619 11268101
cloud0_tkemenade 13339153475 2936 364

1713879401.2011657 11268101
cloud1_tkemenade 13484149720 2990 370

1713879402.2038548 11268434
cloud0_tkemenade 13339153475 2936 364

1713879402.2043965 11268434
cloud1_tkemenade 13484149720 2990 370

1713879403.206848 11268660
cloud0_tkemenade 13339153475 2936 364

1713879403.2073777 11268660
cloud1_tkemenade 13484149720 2990 370

1713879404.209908 11268943
cloud0_tkemenade 13339153475 2936 364

1713879404.210439 11268943
cloud1_tkemenade 13484149720 2990 371

1713879405.2132764 11269193
cloud0_tkemenade 13339153475 2936 365

1713879405.2138042 11269193
cloud1_tkemenade 13484149720 2990 371

1713879406.216618 11269445
cloud0_tkemenade 13339153475 2936 365

1713879406.2171545 11269445
cloud1_tkemenade 13484149720 2990 371

1713879407.2199352 11269737
cloud0_tkemenade 13339153475 2974 366

1713879407.2204754 11269737
cloud1_tkemenade 13484149720 2991 371

1713879408.2231765 11270112
cloud0_tkemenade 13339153475 3078 372

1713879408.223519 11270112
cloud1_tkemenade 13484149720 2991 371

1713879409.225913 11270541
cloud0_tkemenade 13339153475 3162 388

1713879409.2264414 11270541
cloud1_tkemenade 13484149720 2991 372

1713879410.2292511 11270860
cloud0_tkemenade 13339153475 3250 395

1713879410.2298005 11270860
cloud1_tkemenade 13484149720 2991 372

1713879411.23246 11271166
cloud0_tkemenade 13339153475 3346 404

1713879411.2330172 11271168
cloud1_tkemenade 13484149720 2991 372

1713879412.2355678 11271550
cloud0_tkemenade 13339153475 3446 404

1713879412.2361064 11271550
cloud1_tkemenade 13484149720 2991 372

1713879413.2387066 11271873
cloud0_tkemenade 13339153475 3547 405

1713879413.2392862 11271873
cloud1_tkemenade 13484149720 2992 372

1713879414.2417402 11272260
cloud0_tkemenade 13339153475 3653 407

1713879414.2422664 11272260
cloud1_tkemenade 13484149720 2992 372

1713879415.2449923 11272591
cloud0_tkemenade 13339153475 3753 407

1713879415.2455177 11272591
cloud1_tkemenade 13484149720 2992 372

1713879416.2482347 11272940
cloud0_tkemenade 13339153475 3854 407

1713879416.248799 11272942
cloud1_tkemenade 13484149720 2993 372

1713879417.2515438 11273326
cloud0_tkemenade 13339153475 3954 408

1713879417.2520866 11273326
cloud1_tkemenade 13484149720 2994 372

1713879418.254792 11273727
cloud0_tkemenade 13339153475 4055 408

1713879418.2553163 11273727
cloud1_tkemenade 13484149720 2994 372

1713879419.2579794 11274101
cloud0_tkemenade 13339153475 4155 408

1713879419.2585232 11274101
cloud1_tkemenade 13484149720 2994 372

1713879420.2613814 11274437
cloud0_tkemenade 13339153475 4256 408

1713879420.2619138 11274437
cloud1_tkemenade 13484149720 2994 372

1713879421.264768 11274741
cloud0_tkemenade 13339153475 4356 409

1713879421.2652762 11274741
cloud1_tkemenade 13484149720 2995 372

1713879422.2679527 11275077
cloud0_tkemenade 13339153475 4456 411

1713879422.2684698 11275077
cloud1_tkemenade 13484149720 2995 372

1713879423.271092 11275445
cloud0_tkemenade 13339153475 4543 432

1713879423.271591 11275445
cloud1_tkemenade 13484149720 2995 373

1713879424.2740045 11275828
cloud0_tkemenade 13339153475 4672 489

1713879424.274506 11275828
cloud1_tkemenade 13484149720 2995 373

1713879425.2771266 11276182
cloud0_tkemenade 13339153475 4740 509

1713879425.2776568 11276182
cloud1_tkemenade 13484149720 2996 373

1713879426.280499 11276386
cloud0_tkemenade 13339153475 4740 509

1713879426.2810524 11276387
cloud1_tkemenade 13484149720 2996 373

1713879427.283889 11276612
cloud0_tkemenade 13339153475 4740 509

1713879427.2843852 11276612
cloud1_tkemenade 13484149720 2996 373

1713879428.2871845 11276814
cloud0_tkemenade 13339153475 4741 510

1713879428.287697 11276814
cloud1_tkemenade 13484149720 2996 373

1713879429.2903368 11277050
cloud0_tkemenade 13339153475 4745 510

1713879429.2908478 11277050
cloud1_tkemenade 13484149720 2997 373

1713879430.2934177 11277364
cloud0_tkemenade 13339153475 4745 510

1713879430.2939262 11277364
cloud1_tkemenade 13484149720 2997 373

1713879431.2967362 11277632
cloud0_tkemenade 13339153475 4746 510

1713879431.297247 11277632
cloud1_tkemenade 13484149720 2997 373

1713879432.2999156 11277868
cloud0_tkemenade 13339153475 4746 511

1713879432.3004007 11277868
cloud1_tkemenade 13484149720 2997 373

1713879433.3030815 11278082
cloud0_tkemenade 13339153475 4746 511

1713879433.3035846 11278082
cloud1_tkemenade 13484149720 2997 373

1713879434.3063312 11278312
cloud0_tkemenade 13339153475 4746 511

1713879434.3068452 11278312
cloud1_tkemenade 13484149720 2997 374

1713879435.309632 11278543
cloud0_tkemenade 13339153475 4747 511

1713879435.3101466 11278543
cloud1_tkemenade 13484149720 2998 374

1713879436.312875 11278763
cloud0_tkemenade 13339153475 4747 511

1713879436.3133903 11278763
cloud1_tkemenade 13484149720 2998 374

1713879437.3159752 11278982
cloud0_tkemenade 13339153475 4747 511

1713879437.31645 11278982
cloud1_tkemenade 13484149720 2998 374

1713879438.319152 11279181
cloud0_tkemenade 13339153475 4748 511

1713879438.3196623 11279181
cloud1_tkemenade 13484149720 2998 374

1713879439.3223295 11279391
cloud0_tkemenade 13339153475 4748 511

1713879439.3228443 11279391
cloud1_tkemenade 13484149720 2999 374

1713879440.3254516 11279631
cloud0_tkemenade 13339153475 4748 511

1713879440.3259711 11279631
cloud1_tkemenade 13484149720 2999 374

1713879441.328598 11279856
cloud0_tkemenade 13339153475 4749 511

1713879441.3291318 11279856
cloud1_tkemenade 13484149720 2999 374

1713879442.3315809 11280096
cloud0_tkemenade 13339153475 4749 511

1713879442.3320706 11280096
cloud1_tkemenade 13484149720 3000 374

1713879443.3344545 11280365
cloud0_tkemenade 13339153475 4749 511

1713879443.3349185 11280365
cloud1_tkemenade 13484149720 3000 374

1713879444.2370298 11280623
cloud0_tkemenade 13340237988 4750 511

1713879444.2375472 11280623
cloud1_tkemenade 13484160484 3000 374

1713879445.2398334 11280864
cloud0_tkemenade 13340237988 4750 512

1713879445.240344 11280864
cloud1_tkemenade 13484160484 3000 374

1713879446.2428944 11281097
cloud0_tkemenade 13340237988 4750 512

1713879446.2434042 11281097
cloud1_tkemenade 13484160484 3000 374

1713879447.2459884 11281307
cloud0_tkemenade 13340237988 4750 512

1713879447.2464802 11281307
cloud1_tkemenade 13484160484 3001 374

1713879448.2491515 11281537
cloud0_tkemenade 13340237988 4751 512

1713879448.2496648 11281537
cloud1_tkemenade 13484160484 3001 374

1713879449.2523718 11281745
cloud0_tkemenade 13340237988 4751 512

1713879449.2529204 11281746
cloud1_tkemenade 13484160484 3001 374

1713879450.2555296 11281996
cloud0_tkemenade 13340237988 4751 512

1713879450.2560384 11281996
cloud1_tkemenade 13484160484 3001 374

1713879451.2585633 11282239
cloud0_tkemenade 13340237988 4752 512

1713879451.259086 11282239
cloud1_tkemenade 13484160484 3002 374

1713879452.2616525 11282479
cloud0_tkemenade 13340237988 4752 512

1713879452.262157 11282479
cloud1_tkemenade 13484160484 3003 374

1713879453.2648196 11282687
cloud0_tkemenade 13340237988 4752 512

1713879453.2653074 11282687
cloud1_tkemenade 13484160484 3003 374

1713879454.2680132 11282893
cloud0_tkemenade 13340237988 4752 512

1713879454.2685354 11282893
cloud1_tkemenade 13484160484 3003 374

1713879455.2713902 11283129
cloud0_tkemenade 13340237988 4752 512

1713879455.2719781 11283129
cloud1_tkemenade 13484160484 3004 374

1713879456.2747128 11283398
cloud0_tkemenade 13340237988 4753 512

1713879456.275231 11283398
cloud1_tkemenade 13484160484 3004 374

1713879457.2780325 11283721
cloud0_tkemenade 13340237988 4753 512

1713879457.278547 11283721
cloud1_tkemenade 13484160484 3004 374

1713879458.281357 11283953
cloud0_tkemenade 13340237988 4753 512

1713879458.2818646 11283953
cloud1_tkemenade 13484160484 3005 374

1713879459.2845576 11284152
cloud0_tkemenade 13340237988 4754 512

1713879459.2850971 11284152
cloud1_tkemenade 13484160484 3005 374

1713879460.287668 11284385
cloud0_tkemenade 13340237988 4754 512

1713879460.288187 11284385
cloud1_tkemenade 13484160484 3005 374

1713879461.2907748 11284605
cloud0_tkemenade 13340237988 4754 512

1713879461.2912915 11284605
cloud1_tkemenade 13484160484 3006 374

1713879462.2939901 11284832
cloud0_tkemenade 13340237988 4754 512

1713879462.2945082 11284832
cloud1_tkemenade 13484160484 3006 374

1713879463.2972393 11285031
cloud0_tkemenade 13340237988 4755 512

1713879463.2977455 11285031
cloud1_tkemenade 13484160484 3006 374

1713879464.3001533 11285249
cloud0_tkemenade 13340237988 4755 512

1713879464.300674 11285250
cloud1_tkemenade 13484160484 3007 375

1713879465.3050447 11285460
cloud0_tkemenade 13340237988 4756 512

1713879465.305365 11285460
cloud1_tkemenade 13484160484 3007 375

1713879466.307823 11285703
cloud0_tkemenade 13340237988 4756 512

1713879466.3083165 11285703
cloud1_tkemenade 13484160484 3007 375

1713879467.3110607 11285918
cloud0_tkemenade 13340237988 4756 513

1713879467.3115609 11285918
cloud1_tkemenade 13484160484 3007 375

1713879468.314319 11286133
cloud0_tkemenade 13340237988 4757 513

1713879468.3148239 11286133
cloud1_tkemenade 13484160484 3008 375

1713879469.3174148 11286342
cloud0_tkemenade 13340237988 4757 513

1713879469.3179579 11286342
cloud1_tkemenade 13484160484 3008 375

1713879470.220383 11286611
cloud0_tkemenade 13340250006 4757 513

1713879470.220909 11286612
cloud1_tkemenade 13484173838 3008 376

1713879471.2237258 11286924
cloud0_tkemenade 13340250006 4757 513

1713879471.224297 11286924
cloud1_tkemenade 13484173838 3008 376

1713879472.2266774 11287161
cloud0_tkemenade 13340250006 4758 513

1713879472.227207 11287161
cloud1_tkemenade 13484173838 3009 376

1713879473.2297616 11287376
cloud0_tkemenade 13340250006 4758 513

1713879473.2302735 11287376
cloud1_tkemenade 13484173838 3009 376

1713879474.2330625 11287598
cloud0_tkemenade 13340250006 4758 513

1713879474.2335646 11287598
cloud1_tkemenade 13484173838 3009 376

1713879475.236359 11287846
cloud0_tkemenade 13340250006 4759 513

1713879475.2368927 11287847
cloud1_tkemenade 13484173838 3009 376

1713879476.2394824 11288093
cloud0_tkemenade 13340250006 4759 513

1713879476.239996 11288093
cloud1_tkemenade 13484173838 3010 376

1713879477.2427003 11288336
cloud0_tkemenade 13340250006 4760 514

1713879477.2432206 11288336
cloud1_tkemenade 13484173838 3011 376

1713879478.2458317 11288612
cloud0_tkemenade 13340250006 4761 514

1713879478.2463539 11288612
cloud1_tkemenade 13484173838 3075 381

1713879479.2489572 11288809
cloud0_tkemenade 13340250006 4761 514

1713879479.2494485 11288809
cloud1_tkemenade 13484173838 3076 382

1713879480.2520354 11289042
cloud0_tkemenade 13340250006 4761 514

1713879480.2525418 11289042
cloud1_tkemenade 13484173838 3076 382

1713879481.2552934 11289294
cloud0_tkemenade 13340250006 4762 514

1713879481.255798 11289294
cloud1_tkemenade 13484173838 3081 383

1713879482.258556 11289606
cloud0_tkemenade 13340250006 4763 514

1713879482.2590654 11289606
cloud1_tkemenade 13484173838 3081 383

1713879483.261883 11289846
cloud0_tkemenade 13340250006 4763 514

1713879483.2623875 11289846
cloud1_tkemenade 13484173838 3082 383

1713879484.2650921 11290073
cloud0_tkemenade 13340250006 4763 514

1713879484.2656043 11290073
cloud1_tkemenade 13484173838 3082 383

1713879485.2682555 11290356
cloud0_tkemenade 13340250006 4764 514

1713879485.2685974 11290356
cloud1_tkemenade 13484173838 3082 384

1713879486.271198 11290598
cloud0_tkemenade 13340250006 4764 514

1713879486.2717104 11290598
cloud1_tkemenade 13484173838 3082 384

1713879487.274417 11290842
cloud0_tkemenade 13340250006 4764 514

1713879487.2749298 11290842
cloud1_tkemenade 13484173838 3082 384

1713879488.277751 11291045
cloud0_tkemenade 13340250006 4765 514

1713879488.2782562 11291045
cloud1_tkemenade 13484173838 3082 385

1713879489.2810931 11291308
cloud0_tkemenade 13340250006 4827 518

1713879489.2816195 11291308
cloud1_tkemenade 13484173838 3082 385

1713879490.2841702 11291611
cloud0_tkemenade 13340250006 4920 555

1713879490.284545 11291611
cloud1_tkemenade 13484173838 3082 386

1713879491.287166 11291935
cloud0_tkemenade 13340250006 5015 570

1713879491.287662 11291935
cloud1_tkemenade 13484173838 3082 386

1713879492.2901943 11292396
cloud0_tkemenade 13340250006 5155 586

1713879492.2907104 11292396
cloud1_tkemenade 13484173838 3082 387

1713879493.293195 11292691
cloud0_tkemenade 13340250006 5215 598

1713879493.2936995 11292691
cloud1_tkemenade 13484173838 3082 387

1713879494.2961502 11292916
cloud0_tkemenade 13340250006 5224 600

1713879494.296667 11292918
cloud1_tkemenade 13484173838 3082 388

1713879495.2990508 11293175
cloud0_tkemenade 13340250006 5232 604

1713879495.2995634 11293175
cloud1_tkemenade 13484173838 3082 388

1713879496.3020184 11293449
cloud0_tkemenade 13341069950 5286 610

1713879496.3025398 11293449
cloud1_tkemenade 13484288871 3082 388

1713879497.3051314 11293806
cloud0_tkemenade 13341069950 5386 626

1713879497.3056264 11293806
cloud1_tkemenade 13484288871 3082 389

1713879498.3081095 11294110
cloud0_tkemenade 13341069950 5482 650

1713879498.308627 11294110
cloud1_tkemenade 13484288871 3082 389

1713879499.3111267 11294594
cloud0_tkemenade 13341069950 5734 657

1713879499.3116355 11294594
cloud1_tkemenade 13484288871 3082 389

1713879500.3141832 11294953
cloud0_tkemenade 13341069950 5843 675

1713879500.314712 11294953
cloud1_tkemenade 13484288871 3082 390

1713879501.3171337 11295358
cloud0_tkemenade 13341069950 5890 690

1713879501.3176773 11295358
cloud1_tkemenade 13484288871 3082 390

1713879502.3201008 11295801
cloud0_tkemenade 13341069950 5988 720

1713879502.3205974 11295801
cloud1_tkemenade 13484288871 3082 390

1713879503.323177 11296126
cloud0_tkemenade 13341069950 6088 727

1713879503.3236952 11296126
cloud1_tkemenade 13484288871 3082 391

1713879504.326307 11296510
cloud0_tkemenade 13341069950 6261 735

1713879504.326609 11296510
cloud1_tkemenade 13484288871 3083 391

1713879505.3291025 11296786
cloud0_tkemenade 13341069950 6313 749

1713879505.329632 11296786
cloud1_tkemenade 13484288871 3083 391

1713879506.332271 11297003
cloud0_tkemenade 13341069950 6319 751

1713879506.3328063 11297004
cloud1_tkemenade 13484288871 3083 391

1713879507.3352854 11297252
cloud0_tkemenade 13341069950 6319 751

1713879507.3358078 11297252
cloud1_tkemenade 13484288871 3083 391

1713879508.3384812 11297472
cloud0_tkemenade 13341069950 6325 751

1713879508.3390188 11297472
cloud1_tkemenade 13484288871 3093 391

1713879509.3417602 11297672
cloud0_tkemenade 13341069950 6325 751

1713879509.3422961 11297672
cloud1_tkemenade 13484288871 3093 392

