1721199383.691715 66347424
cloud_controller_tkemenade 11285231378 25353 4426
cloud0_tkemenade 24492336334 23576 3624

1721199384.6945722 66347744
cloud_controller_tkemenade 11285231378 25523 4434

1721199384.695137 66347744
cloud0_tkemenade 24492336334 23709 3629

1721199385.6978712 66348055
cloud_controller_tkemenade 11285231378 25655 4448

1721199385.6984375 66348057
cloud0_tkemenade 24492336334 23886 3635

1721199386.7009757 66348377
cloud_controller_tkemenade 11285231378 25827 4469

1721199386.7015214 66348377
cloud0_tkemenade 24492336334 24036 3645

1721199387.5035143 66348672
cloud_controller_tkemenade 11290557455 25971 4479

1721199387.5040903 66348672
cloud0_tkemenade 24497598889 24172 3660

1721199388.5069168 66349036
cloud_controller_tkemenade 11290557455 26152 4483

1721199388.5074596 66349036
cloud0_tkemenade 24497598889 24357 3665

1721199389.5103674 66349340
cloud_controller_tkemenade 11290557455 26289 4487

1721199389.510896 66349340
cloud0_tkemenade 24497598889 24528 3668

1721199390.5134041 66349599
cloud_controller_tkemenade 11290557455 26420 4503

1721199390.5139937 66349599
cloud0_tkemenade 24497598889 24658 3671

1721199391.516647 66349795
cloud_controller_tkemenade 11290557455 26456 4513

1721199391.517201 66349795
cloud0_tkemenade 24497598889 24825 3676

1721199392.5200555 66349960
cloud_controller_tkemenade 11290557455 26494 4521

1721199392.5206177 66349960
cloud0_tkemenade 24497598889 24955 3684

1721199393.5234642 66350085
cloud_controller_tkemenade 11290557455 26522 4530

1721199393.523999 66350085
cloud0_tkemenade 24497598889 25053 3689

1721199394.5266795 66350226
cloud_controller_tkemenade 11290557455 26539 4537

1721199394.5272372 66350226
cloud0_tkemenade 24497598889 25178 3691

1721199394.7279088 66350268
cloud_controller_tkemenade 11293241952 26544 4538

1721199394.7282565 66350268
cloud0_tkemenade 24502067468 25205 3691

1721199395.7308075 66350404
cloud_controller_tkemenade 11293241952 26570 4548

1721199395.7313604 66350404
cloud0_tkemenade 24502067468 25320 3692

1721199396.7341263 66350555
cloud_controller_tkemenade 11293241952 26593 4557

1721199396.7347283 66350555
cloud0_tkemenade 24502067468 25449 3695

1721199397.737574 66350661
cloud_controller_tkemenade 11293241952 26623 4564

1721199397.7381473 66350661
cloud0_tkemenade 24502067468 25534 3706

1721199398.7410321 66350793
cloud_controller_tkemenade 11293241952 26644 4570

1721199398.7416184 66350793
cloud0_tkemenade 24502067468 25645 3710

1721199399.7445285 66350919
cloud_controller_tkemenade 11293241952 26670 4578

1721199399.7451043 66350919
cloud0_tkemenade 24502067468 25750 3719

1721199400.747933 66351061
cloud_controller_tkemenade 11293241952 26686 4584

1721199400.748515 66351061
cloud0_tkemenade 24502067468 25875 3721

1721199401.7513528 66351201
cloud_controller_tkemenade 11293241952 26718 4591

1721199401.7519228 66351201
cloud0_tkemenade 24502067468 25984 3725

1721199401.8524492 66351215
cloud_controller_tkemenade 11294016383 26720 4591

1721199401.8530493 66351215
cloud0_tkemenade 24504831850 25994 3725

1721199402.8558733 66351349
cloud_controller_tkemenade 11294016383 26760 4600

1721199402.8564684 66351349
cloud0_tkemenade 24504831850 26089 3732

1721199403.8593028 66351486
cloud_controller_tkemenade 11294016383 26788 4608

1721199403.8598819 66351486
cloud0_tkemenade 24504831850 26207 3735

1721199404.8626132 66351663
cloud_controller_tkemenade 11294016383 26806 4617

1721199404.863169 66351663
cloud0_tkemenade 24504831850 26367 3739

1721199405.8658967 66351850
cloud_controller_tkemenade 11294016383 26832 4626

1721199405.8664753 66351851
cloud0_tkemenade 24504831850 26518 3742

1721199406.8691885 66352011
cloud_controller_tkemenade 11294016383 26851 4633

1721199406.869728 66352011
cloud0_tkemenade 24504831850 26661 3743

1721199407.872487 66352183
cloud_controller_tkemenade 11294016383 26881 4642

1721199407.8730102 66352183
cloud0_tkemenade 24504831850 26802 3745

1721199408.8758266 66352364
cloud_controller_tkemenade 11295023443 26917 4652

1721199408.8763611 66352364
cloud0_tkemenade 24508631568 26945 3749

1721199409.8788106 66352510
cloud_controller_tkemenade 11295023443 26942 4660

1721199409.879162 66352510
cloud0_tkemenade 24508631568 27068 3759

1721199410.881859 66352617
cloud_controller_tkemenade 11295023443 26957 4664

1721199410.882468 66352617
cloud0_tkemenade 24508631568 27161 3767

1721199411.885133 66352753
cloud_controller_tkemenade 11295023443 26996 4673

1721199411.8857076 66352753
cloud0_tkemenade 24508631568 27260 3773

1721199412.8884573 66352890
cloud_controller_tkemenade 11295023443 27031 4681

1721199412.8889825 66352890
cloud0_tkemenade 24508631568 27369 3780

1721199413.89164 66353013
cloud_controller_tkemenade 11295023443 27054 4689

1721199413.8921607 66353013
cloud0_tkemenade 24508631568 27471 3787

1721199414.8949993 66353163
cloud_controller_tkemenade 11295023443 27090 4696

1721199414.895547 66353163
cloud0_tkemenade 24508631568 27584 3795

1721199415.8979902 66353313
cloud_controller_tkemenade 11295023443 27116 4705

1721199415.8985705 66353313
cloud0_tkemenade 24508631568 27705 3802

1721199415.9991028 66353330
cloud_controller_tkemenade 11296007921 27118 4707

1721199415.9996693 66353330
cloud0_tkemenade 24511834041 27715 3803

1721199417.002571 66353492
cloud_controller_tkemenade 11296007921 27157 4715

1721199417.0031512 66353492
cloud0_tkemenade 24511834041 27839 3813

1721199418.0058677 66353644
cloud_controller_tkemenade 11296007921 27192 4725

1721199418.0064662 66353645
cloud0_tkemenade 24511834041 27956 3818

1721199419.00903 66353791
cloud_controller_tkemenade 11296007921 27215 4736

1721199419.0096004 66353791
cloud0_tkemenade 24511834041 28080 3820

1721199420.0120852 66353963
cloud_controller_tkemenade 11296007921 27251 4753

1721199420.0126886 66353963
cloud0_tkemenade 24511834041 28209 3826

1721199421.0153909 66354132
cloud_controller_tkemenade 11296007921 27301 4765

1721199421.0159786 66354132
cloud0_tkemenade 24511834041 28328 3834

1721199422.0186276 66354287
cloud_controller_tkemenade 11296007921 27331 4776

1721199422.0189936 66354287
cloud0_tkemenade 24511834041 28445 3838

1721199423.021598 66354430
cloud_controller_tkemenade 11297205835 27367 4785

1721199423.0220032 66354430
cloud0_tkemenade 24515028480 28552 3848

1721199424.0245607 66354566
cloud_controller_tkemenade 11297205835 27392 4793

1721199424.0251596 66354566
cloud0_tkemenade 24515028480 28663 3850

1721199425.0281267 66354703
cloud_controller_tkemenade 11297205835 27414 4799

1721199425.028727 66354703
cloud0_tkemenade 24515028480 28782 3854

1721199426.0312974 66354845
cloud_controller_tkemenade 11297205835 27435 4806

1721199426.0318313 66354845
cloud0_tkemenade 24515028480 28892 3864

1721199427.0345685 66354975
cloud_controller_tkemenade 11297205835 27461 4812

1721199427.0351036 66354975
cloud0_tkemenade 24515028480 29000 3865

1721199428.0377672 66355118
cloud_controller_tkemenade 11297205835 27491 4818

1721199428.0383341 66355119
cloud0_tkemenade 24515028480 29113 3870

1721199429.0410926 66355258
cloud_controller_tkemenade 11297205835 27518 4825

1721199429.041629 66355258
cloud0_tkemenade 24515028480 29231 3877

1721199430.0443044 66355423
cloud_controller_tkemenade 11297205835 27538 4834

1721199430.0448494 66355423
cloud0_tkemenade 24515028480 29361 3881

1721199430.2454748 66355455
cloud_controller_tkemenade 11298058989 27541 4837

1721199430.2459579 66355455
cloud0_tkemenade 24518304594 29384 3882

1721199431.2481372 66355587
cloud_controller_tkemenade 11298058989 27563 4844

1721199431.2486582 66355587
cloud0_tkemenade 24518304594 29497 3883

1721199432.2511961 66355729
cloud_controller_tkemenade 11298058989 27594 4851

1721199432.251718 66355729
cloud0_tkemenade 24518304594 29611 3888

1721199433.2542253 66355872
cloud_controller_tkemenade 11298058989 27632 4868

1721199433.2548125 66355872
cloud0_tkemenade 24518304594 29718 3889

1721199434.257593 66356037
cloud_controller_tkemenade 11298058989 27667 4877

1721199434.2581396 66356037
cloud0_tkemenade 24518304594 29856 3891

1721199435.2609665 66356181
cloud_controller_tkemenade 11298058989 27689 4884

1721199435.2615564 66356181
cloud0_tkemenade 24518304594 29978 3897

1721199436.264471 66356331
cloud_controller_tkemenade 11298058989 27716 4895

1721199436.2650733 66356331
cloud0_tkemenade 24518304594 30097 3904

1721199437.1676245 66356457
cloud_controller_tkemenade 11299038035 27735 4900

1721199437.1681817 66356457
cloud0_tkemenade 24521536582 30202 3911

1721199438.1709886 66356604
cloud_controller_tkemenade 11299038035 27779 4914

1721199438.171543 66356604
cloud0_tkemenade 24521536582 30308 3918

1721199439.1743815 66356745
cloud_controller_tkemenade 11299038035 27803 4921

1721199439.1749334 66356745
cloud0_tkemenade 24521536582 30428 3926

1721199440.1775541 66356790
cloud_controller_tkemenade 11299038035 27819 4931

1721199440.1781192 66356790
cloud0_tkemenade 24521536582 30458 3930

1721199441.1807635 66356824
cloud_controller_tkemenade 11299038035 27838 4938

1721199441.1812925 66356824
cloud0_tkemenade 24521536582 30474 3932

1721199442.1838346 66356866
cloud_controller_tkemenade 11299038035 27870 4948

1721199442.1843712 66356866
cloud0_tkemenade 24521536582 30484 3936

1721199443.1870484 66356925
cloud_controller_tkemenade 11299038035 27914 4957

1721199443.187597 66356925
cloud0_tkemenade 24521536582 30500 3940

1721199444.1903942 66356972
cloud_controller_tkemenade 11299943745 27943 4966

1721199444.1909466 66356972
cloud0_tkemenade 24522690205 30516 3943

1721199445.193751 66357037
cloud_controller_tkemenade 11299943745 27961 4971

1721199445.1943383 66357037
cloud0_tkemenade 24522690205 30564 3949

1721199446.1969917 66357123
cloud_controller_tkemenade 11299943745 27993 4979

1721199446.197583 66357123
cloud0_tkemenade 24522690205 30602 3954

1721199447.200293 66357216
cloud_controller_tkemenade 11299943745 28033 4987

1721199447.2008638 66357216
cloud0_tkemenade 24522690205 30656 3960

1721199448.203578 66357264
cloud_controller_tkemenade 11299943745 28064 4997

1721199448.2041605 66357264
cloud0_tkemenade 24522690205 30678 3964

1721199449.2069337 66357311
cloud_controller_tkemenade 11299943745 28086 5005

1721199449.2075074 66357311
cloud0_tkemenade 24522690205 30707 3968

1721199450.2104394 66357417
cloud_controller_tkemenade 11299943745 28133 5014

1721199450.2110255 66357417
cloud0_tkemenade 24522690205 30766 3975

1721199451.2137365 66357454
cloud_controller_tkemenade 11299943745 28161 5022

1721199451.2143304 66357454
cloud0_tkemenade 24522690205 30781 3979

1721199451.3148687 66357467
cloud_controller_tkemenade 11300783787 28163 5022

1721199451.3154185 66357467
cloud0_tkemenade 24523613025 30781 3980

1721199452.318161 66357506
cloud_controller_tkemenade 11300783787 28189 5033

1721199452.3187573 66357506
cloud0_tkemenade 24523613025 30797 3983

1721199453.3215547 66357562
cloud_controller_tkemenade 11300783787 28227 5038

1721199453.3221273 66357562
cloud0_tkemenade 24523613025 30818 3986

1721199454.3248763 66357606
cloud_controller_tkemenade 11300783787 28253 5046

1721199454.325459 66357606
cloud0_tkemenade 24523613025 30834 3992

1721199455.3281708 66357664
cloud_controller_tkemenade 11300783787 28273 5050

1721199455.3287365 66357664
cloud0_tkemenade 24523613025 30876 3998

1721199456.3311985 66357709
cloud_controller_tkemenade 11300783787 28297 5056

1721199456.331522 66357709
cloud0_tkemenade 24523613025 30886 4000

1721199457.3338673 66357743
cloud_controller_tkemenade 11300783787 28320 5061

1721199457.334405 66357744
cloud0_tkemenade 24523613025 30899 4005

1721199458.3371525 66357802
cloud_controller_tkemenade 11301583497 28362 5069

1721199458.337698 66357802
cloud0_tkemenade 24524148341 30918 4008

1721199459.3404078 66357864
cloud_controller_tkemenade 11301583497 28387 5076

1721199459.3409982 66357864
cloud0_tkemenade 24524148341 30955 4011

1721199460.3435647 66357924
cloud_controller_tkemenade 11301583497 28413 5086

1721199460.3441477 66357924
cloud0_tkemenade 24524148341 30978 4016

1721199461.3468156 66357962
cloud_controller_tkemenade 11301583497 28440 5092

1721199461.347386 66357962
cloud0_tkemenade 24524148341 30988 4020

1721199462.3498724 66358000
cloud_controller_tkemenade 11301583497 28469 5105

1721199462.3504827 66358000
cloud0_tkemenade 24524148341 31001 4023

1721199463.3529332 66358047
cloud_controller_tkemenade 11301583497 28507 5119

1721199463.353461 66358047
cloud0_tkemenade 24524148341 31012 4026

1721199464.35594 66358121
cloud_controller_tkemenade 11301583497 28531 5135

1721199464.3565128 66358121
cloud0_tkemenade 24524148341 31059 4030

1721199465.3591685 66358204
cloud_controller_tkemenade 11301583497 28553 5143

1721199465.3597288 66358204
cloud0_tkemenade 24524148341 31115 4037

1721199465.460191 66358216
cloud_controller_tkemenade 11302398525 28555 5144

1721199465.460758 66358216
cloud0_tkemenade 24524841723 31124 4038

1721199466.463247 66358293
cloud_controller_tkemenade 11302398525 28588 5154

1721199466.4636643 66358293
cloud0_tkemenade 24524841723 31155 4042

1721199467.46628 66358339
cloud_controller_tkemenade 11302398525 28614 5161

1721199467.4668894 66358339
cloud0_tkemenade 24524841723 31173 4049

1721199468.4697106 66358416
cloud_controller_tkemenade 11302398525 28663 5177

1721199468.4702866 66358417
cloud0_tkemenade 24524841723 31202 4054

1721199469.473 66358463
cloud_controller_tkemenade 11302398525 28680 5180

1721199469.4735756 66358463
cloud0_tkemenade 24524841723 31233 4058

1721199470.4764414 66358511
cloud_controller_tkemenade 11302398525 28707 5189

1721199470.476993 66358511
cloud0_tkemenade 24524841723 31254 4062

1721199471.4796538 66358541
cloud_controller_tkemenade 11302398525 28732 5199

1721199471.4802341 66358541
cloud0_tkemenade 24524841723 31264 4066

1721199472.4829035 66358583
cloud_controller_tkemenade 11303260315 28767 5212

1721199472.4834602 66358583
cloud0_tkemenade 24525434585 31273 4073

1721199473.4862485 66358631
cloud_controller_tkemenade 11303260315 28806 5225

1721199473.4868493 66358631
cloud0_tkemenade 24525434585 31287 4077

1721199474.4896567 66358687
cloud_controller_tkemenade 11303260315 28834 5237

1721199474.4902017 66358687
cloud0_tkemenade 24525434585 31314 4083

1721199475.4929938 66358749
cloud_controller_tkemenade 11303260315 28859 5247

1721199475.4935179 66358749
cloud0_tkemenade 24525434585 31356 4087

1721199476.4962432 66358845
cloud_controller_tkemenade 11303260315 28908 5265

1721199476.4967833 66358845
cloud0_tkemenade 24525434585 31400 4095

1721199477.498901 66358977
cloud_controller_tkemenade 11303260315 28983 5271

1721199477.4994593 66358977
cloud0_tkemenade 24525434585 31433 4103

1721199478.5020392 66359041
cloud_controller_tkemenade 11303260315 29020 5280

1721199478.5025969 66359041
cloud0_tkemenade 24525434585 31455 4107

1721199479.5054102 66359106
cloud_controller_tkemenade 11304454337 29040 5285

1721199479.5060084 66359106
cloud0_tkemenade 24526324044 31466 4139

1721199480.5088727 66359237
cloud_controller_tkemenade 11304454337 29091 5294

1721199480.5094662 66359237
cloud0_tkemenade 24526324044 31494 4155

1721199481.512193 66359324
cloud_controller_tkemenade 11304454337 29134 5302

1721199481.512782 66359324
cloud0_tkemenade 24526324044 31508 4163

1721199482.5153766 66359401
cloud_controller_tkemenade 11304454337 29160 5310

1721199482.5158243 66359401
cloud0_tkemenade 24526324044 31527 4163

1721199483.5182166 66359459
cloud_controller_tkemenade 11304454337 29194 5318

1721199483.5187583 66359459
cloud0_tkemenade 24526324044 31534 4166

1721199484.5214 66359519
cloud_controller_tkemenade 11304454337 29219 5325

1721199484.5219817 66359519
cloud0_tkemenade 24526324044 31560 4171

1721199485.5245833 66359583
cloud_controller_tkemenade 11304454337 29241 5333

1721199485.5251157 66359583
cloud0_tkemenade 24526324044 31594 4179

1721199486.5276735 66359622
cloud_controller_tkemenade 11304454337 29265 5342

1721199486.5281959 66359622
cloud0_tkemenade 24526324044 31608 4182

1721199486.6286814 66359629
cloud_controller_tkemenade 11305373283 29266 5343

1721199486.6291993 66359629
cloud0_tkemenade 24526927002 31609 4182

1721199487.6316013 66359676
cloud_controller_tkemenade 11305373283 29289 5349

1721199487.632181 66359676
cloud0_tkemenade 24526927002 31620 4187

1721199488.634832 66359732
cloud_controller_tkemenade 11305373283 29333 5358

1721199488.6355236 66359732
cloud0_tkemenade 24526927002 31635 4189

1721199489.6380363 66359798
cloud_controller_tkemenade 11305373283 29354 5362

1721199489.638638 66359798
cloud0_tkemenade 24526927002 31677 4195

1721199490.641264 66359846
cloud_controller_tkemenade 11305373283 29376 5370

1721199490.6418424 66359846
cloud0_tkemenade 24526927002 31699 4200

1721199491.6444201 66359885
cloud_controller_tkemenade 11305373283 29396 5378

1721199491.6449986 66359885
cloud0_tkemenade 24526927002 31716 4202

1721199492.6476734 66359926
cloud_controller_tkemenade 11305373283 29424 5388

1721199492.648222 66359926
cloud0_tkemenade 24526927002 31728 4205

1721199493.6508353 66359987
cloud_controller_tkemenade 11305373283 29470 5395

1721199493.6513631 66359987
cloud0_tkemenade 24526927002 31737 4208

1721199493.7518163 66360002
cloud_controller_tkemenade 11306154221 29473 5398

1721199493.752331 66360002
cloud0_tkemenade 24527397996 31747 4210

1721199494.754689 66360097
cloud_controller_tkemenade 11306154221 29507 5407

1721199494.755276 66360097
cloud0_tkemenade 24527397996 31800 4216

1721199495.7581017 66360173
cloud_controller_tkemenade 11306154221 29531 5412

1721199495.758686 66360173
cloud0_tkemenade 24527397996 31853 4224

1721199496.7613595 66360227
cloud_controller_tkemenade 11306154221 29559 5420

1721199496.7619424 66360227
cloud0_tkemenade 24527397996 31881 4228

1721199497.764517 66360290
cloud_controller_tkemenade 11306154221 29577 5427

1721199497.7650461 66360290
cloud0_tkemenade 24527397996 31912 4232

1721199498.767575 66360363
cloud_controller_tkemenade 11306154221 29627 5435

1721199498.768124 66360363
cloud0_tkemenade 24527397996 31931 4237

1721199499.7708092 66360403
cloud_controller_tkemenade 11306154221 29642 5440

1721199499.7713451 66360403
cloud0_tkemenade 24527397996 31961 4243

1721199500.6737325 66360453
cloud_controller_tkemenade 11306913851 29663 5447

1721199500.6743164 66360454
cloud0_tkemenade 24528280046 31981 4246

1721199501.6766813 66360500
cloud_controller_tkemenade 11306913851 29696 5453

1721199501.677251 66360500
cloud0_tkemenade 24528280046 31996 4249

1721199502.6799347 66360543
cloud_controller_tkemenade 11306913851 29723 5462

1721199502.6804974 66360543
cloud0_tkemenade 24528280046 32015 4250

1721199503.6830282 66360590
cloud_controller_tkemenade 11306913851 29766 5472

1721199503.6836095 66360590
cloud0_tkemenade 24528280046 32023 4253

1721199504.686281 66360653
cloud_controller_tkemenade 11306913851 29797 5481

1721199504.6868737 66360653
cloud0_tkemenade 24528280046 32055 4256

1721199505.6896324 66360722
cloud_controller_tkemenade 11306913851 29822 5488

1721199505.6901822 66360722
cloud0_tkemenade 24528280046 32105 4260

1721199506.6928883 66360816
cloud_controller_tkemenade 11306913851 29867 5499

1721199506.6934798 66360816
cloud0_tkemenade 24528280046 32155 4264

1721199507.6961405 66360905
cloud_controller_tkemenade 11306913851 29893 5510

1721199507.6965184 66360905
cloud0_tkemenade 24528280046 32193 4270

1721199507.7968576 66360911
cloud_controller_tkemenade 11307818120 29894 5511

1721199507.7973607 66360911
cloud0_tkemenade 24529001634 32193 4270

1721199508.8001032 66360975
cloud_controller_tkemenade 11307818120 29937 5526

1721199508.800705 66360975
cloud0_tkemenade 24529001634 32210 4277

1721199509.803519 66361061
cloud_controller_tkemenade 11307818120 29966 5542

1721199509.8040946 66361061
cloud0_tkemenade 24529001634 32272 4285

1721199510.806931 66361149
cloud_controller_tkemenade 11307818120 30013 5560

1721199510.8075187 66361149
cloud0_tkemenade 24529001634 32308 4290

1721199511.8102782 66361190
cloud_controller_tkemenade 11307818120 30039 5572

1721199511.8108656 66361190
cloud0_tkemenade 24529001634 32322 4297

1721199512.8136063 66361232
cloud_controller_tkemenade 11307818120 30061 5584

1721199512.8141289 66361232
cloud0_tkemenade 24529001634 32340 4300

1721199513.816826 66361271
cloud_controller_tkemenade 11307818120 30095 5597

1721199513.8173983 66361271
cloud0_tkemenade 24529001634 32348 4305

1721199514.8200798 66361336
cloud_controller_tkemenade 11307818120 30123 5613

1721199514.8206234 66361336
cloud0_tkemenade 24529001634 32386 4310

1721199514.921132 66361345
cloud_controller_tkemenade 11308833302 30125 5614

1721199514.9217014 66361345
cloud0_tkemenade 24529714096 32389 4310

1721199515.9242916 66361387
cloud_controller_tkemenade 11308833302 30141 5622

1721199515.9248383 66361387
cloud0_tkemenade 24529714096 32418 4314

1721199516.9276028 66361427
cloud_controller_tkemenade 11308833302 30169 5636

1721199516.9281738 66361427
cloud0_tkemenade 24529714096 32432 4318

1721199517.9306197 66361477
cloud_controller_tkemenade 11308833302 30189 5643

1721199517.9311562 66361477
cloud0_tkemenade 24529714096 32445 4324

1721199518.9339292 66361525
cloud_controller_tkemenade 11308833302 30224 5658

1721199518.93453 66361525
cloud0_tkemenade 24529714096 32460 4326

1721199519.9372473 66361586
cloud_controller_tkemenade 11308833302 30246 5667

1721199519.9377813 66361586
cloud0_tkemenade 24529714096 32499 4333

1721199520.9403155 66361629
cloud_controller_tkemenade 11308833302 30270 5676

1721199520.9408884 66361629
cloud0_tkemenade 24529714096 32522 4338

1721199521.943214 66361679
cloud_controller_tkemenade 11309548453 30293 5684

1721199521.9437501 66361679
cloud0_tkemenade 24530279493 32541 4340

1721199522.9462867 66361710
cloud_controller_tkemenade 11309548453 30315 5691

1721199522.946864 66361710
cloud0_tkemenade 24530279493 32550 4346

1721199523.9493353 66361770
cloud_controller_tkemenade 11309548453 30357 5699

1721199523.9498947 66361770
cloud0_tkemenade 24530279493 32573 4353

1721199524.952546 66361853
cloud_controller_tkemenade 11309548453 30384 5707

1721199524.9531324 66361853
cloud0_tkemenade 24530279493 32635 4358

1721199525.9558213 66361906
cloud_controller_tkemenade 11309548453 30405 5712

1721199525.956365 66361906
cloud0_tkemenade 24530279493 32673 4362

1721199526.9589 66361949
cloud_controller_tkemenade 11309548453 30436 5721

1721199526.9594557 66361949
cloud0_tkemenade 24530279493 32688 4364

1721199527.9619644 66362001
cloud_controller_tkemenade 11309548453 30466 5731

1721199527.9624622 66362002
cloud0_tkemenade 24530279493 32710 4370

1721199528.9649522 66362068
cloud_controller_tkemenade 11310383332 30505 5742

1721199528.9655159 66362068
cloud0_tkemenade 24530944976 32728 4375

1721199529.9681041 66362129
cloud_controller_tkemenade 11310383332 30526 5749

1721199529.9686751 66362129
cloud0_tkemenade 24530944976 32763 4382

1721199530.9710896 66362169
cloud_controller_tkemenade 11310383332 30548 5756

1721199530.9716032 66362169
cloud0_tkemenade 24530944976 32785 4386

1721199531.9741812 66362216
cloud_controller_tkemenade 11310383332 30581 5762

1721199531.9747593 66362216
cloud0_tkemenade 24530944976 32798 4390

1721199532.9774063 66362252
cloud_controller_tkemenade 11310383332 30608 5769

1721199532.9779737 66362252
cloud0_tkemenade 24530944976 32808 4393

1721199533.9805474 66362301
cloud_controller_tkemenade 11310383332 30649 5776

1721199533.9811149 66362301
cloud0_tkemenade 24530944976 32820 4396

1721199534.9837832 66362367
cloud_controller_tkemenade 11310383332 30682 5784

1721199534.9843602 66362367
cloud0_tkemenade 24530944976 32859 4401

1721199535.9869287 66362457
cloud_controller_tkemenade 11311200300 30718 5789

1721199535.9874742 66362457
cloud0_tkemenade 24531614261 32911 4406

1721199536.9901745 66362564
cloud_controller_tkemenade 11311200300 30767 5799

1721199536.990756 66362564
cloud0_tkemenade 24531614261 32970 4412

1721199537.9931495 66362602
cloud_controller_tkemenade 11311200300 30788 5805

1721199537.993715 66362602
cloud0_tkemenade 24531614261 32991 4417

1721199538.9962533 66362663
cloud_controller_tkemenade 11311200300 30824 5812

1721199538.9968448 66362663
cloud0_tkemenade 24531614261 33011 4420

1721199539.999549 66362742
cloud_controller_tkemenade 11311200300 30858 5822

1721199540.0001385 66362742
cloud0_tkemenade 24531614261 33054 4428

1721199541.0027306 66362821
cloud_controller_tkemenade 11311200300 30917 5830

1721199541.003299 66362821
cloud0_tkemenade 24531614261 33080 4434

1721199542.0060098 66362860
cloud_controller_tkemenade 11311200300 30947 5836

1721199542.0066104 66362860
cloud0_tkemenade 24531614261 33095 4440

1721199543.0090227 66362908
cloud_controller_tkemenade 11312150269 30967 5847

1721199543.0094433 66362908
cloud0_tkemenade 24532365543 33113 4444

1721199544.011811 66362948
cloud_controller_tkemenade 11312150269 30997 5855

1721199544.0123625 66362948
cloud0_tkemenade 24532365543 33123 4446

1721199545.0148787 66363012
cloud_controller_tkemenade 11312150269 31029 5866

1721199545.01545 66363012
cloud0_tkemenade 24532365543 33154 4449

1721199546.0179584 66363046
cloud_controller_tkemenade 11312150269 31051 5874

1721199546.0185437 66363046
cloud0_tkemenade 24532365543 33168 4455

1721199547.0210495 66363095
cloud_controller_tkemenade 11312150269 31082 5881

1721199547.021612 66363095
cloud0_tkemenade 24532365543 33190 4459

1721199548.0241263 66363127
cloud_controller_tkemenade 11312150269 31101 5892

1721199548.0246954 66363127
cloud0_tkemenade 24532365543 33204 4462

1721199549.0272844 66363181
cloud_controller_tkemenade 11312150269 31132 5900

1721199549.0278518 66363181
cloud0_tkemenade 24532365543 33221 4466

1721199550.0306332 66363263
cloud_controller_tkemenade 11312150269 31169 5912

1721199550.0312057 66363263
cloud0_tkemenade 24532365543 33255 4470

1721199550.2319162 66363283
cloud_controller_tkemenade 11312968064 31172 5913

1721199550.2324767 66363283
cloud0_tkemenade 24532903724 33268 4471

1721199551.2348425 66363326
cloud_controller_tkemenade 11312968064 31199 5922

1721199551.2354198 66363326
cloud0_tkemenade 24532903724 33291 4473

1721199552.2379625 66363365
cloud_controller_tkemenade 11312968064 31224 5937

1721199552.238558 66363365
cloud0_tkemenade 24532903724 33306 4475

1721199553.241031 66363403
cloud_controller_tkemenade 11312968064 31248 5950

1721199553.2416074 66363403
cloud0_tkemenade 24532903724 33319 4480

1721199554.244473 66363474
cloud_controller_tkemenade 11312968064 31288 5967

1721199554.2450688 66363474
cloud0_tkemenade 24532903724 33351 4487

1721199555.2480216 66363567
cloud_controller_tkemenade 11312968064 31322 5979

1721199555.2485762 66363567
cloud0_tkemenade 24532903724 33418 4494

1721199556.2514572 66363653
cloud_controller_tkemenade 11312968064 31347 5990

1721199556.2520561 66363653
cloud0_tkemenade 24532903724 33480 4502

1721199557.254833 66363711
cloud_controller_tkemenade 11313889318 31380 6002

1721199557.2553596 66363711
cloud0_tkemenade 24533778293 33511 4506

1721199558.2579365 66363779
cloud_controller_tkemenade 11313889318 31414 6014

1721199558.2585356 66363780
cloud0_tkemenade 24533778293 33544 4515

1721199559.261183 66363839
cloud_controller_tkemenade 11313889318 31451 6026

1721199559.2617674 66363839
cloud0_tkemenade 24533778293 33562 4521

1721199560.26437 66363890
cloud_controller_tkemenade 11313889318 31469 6035

1721199560.264953 66363890
cloud0_tkemenade 24533778293 33594 4529

1721199561.2676232 66363935
cloud_controller_tkemenade 11313889318 31496 6044

1721199561.2682028 66363935
cloud0_tkemenade 24533778293 33615 4533

1721199562.2708175 66363990
cloud_controller_tkemenade 11313889318 31536 6052

1721199562.2713645 66363990
cloud0_tkemenade 24533778293 33627 4538

1721199563.2740066 66364027
cloud_controller_tkemenade 11313889318 31563 6060

1721199563.2746098 66364027
cloud0_tkemenade 24533778293 33638 4540

1721199564.2770972 66364093
cloud_controller_tkemenade 11314750908 31602 6066

1721199564.2776248 66364093
cloud0_tkemenade 24534339540 33658 4543

1721199565.2799563 66364163
cloud_controller_tkemenade 11314750908 31629 6076

1721199565.2805388 66364163
cloud0_tkemenade 24534339540 33704 4547

1721199566.2830083 66364241
cloud_controller_tkemenade 11314750908 31663 6084

1721199566.2835717 66364241
cloud0_tkemenade 24534339540 33751 4553

1721199567.286255 66364341
cloud_controller_tkemenade 11314750908 31708 6092

1721199567.2868636 66364341
cloud0_tkemenade 24534339540 33810 4559

1721199568.289356 66364382
cloud_controller_tkemenade 11314750908 31727 6097

1721199568.2899323 66364382
cloud0_tkemenade 24534339540 33831 4562

1721199569.292651 66364456
cloud_controller_tkemenade 11314750908 31750 6113

1721199569.2932017 66364456
cloud0_tkemenade 24534339540 33850 4567

1721199570.2958732 66364576
cloud_controller_tkemenade 11314750908 31802 6120

1721199570.296468 66364576
cloud0_tkemenade 24534339540 33893 4572

1721199571.2990274 66364655
cloud_controller_tkemenade 11315657153 31832 6127

1721199571.2995565 66364655
cloud0_tkemenade 24535242703 33918 4578

1721199572.3018959 66364701
cloud_controller_tkemenade 11315657153 31857 6135

1721199572.302509 66364701
cloud0_tkemenade 24535242703 33940 4579

1721199573.305022 66364734
cloud_controller_tkemenade 11315657153 31880 6142

1721199573.3055909 66364734
cloud0_tkemenade 24535242703 33949 4583

1721199574.3076396 66364784
cloud_controller_tkemenade 11315657153 31915 6149

1721199574.307955 66364784
cloud0_tkemenade 24535242703 33966 4587

1721199575.3100252 66364842
cloud_controller_tkemenade 11315657153 31948 6161

1721199575.3106258 66364842
cloud0_tkemenade 24535242703 33995 4593

1721199576.3132534 66364883
cloud_controller_tkemenade 11315657153 31970 6167

1721199576.3138084 66364883
cloud0_tkemenade 24535242703 34017 4596

1721199577.3163474 66364925
cloud_controller_tkemenade 11315657153 32004 6171

1721199577.316912 66364925
cloud0_tkemenade 24535242703 34032 4599

1721199578.3194163 66364965
cloud_controller_tkemenade 11316395081 32024 6176

1721199578.3199725 66364965
cloud0_tkemenade 24535722356 34051 4601

1721199579.3226488 66365040
cloud_controller_tkemenade 11316395081 32063 6186

1721199579.3231997 66365040
cloud0_tkemenade 24535722356 34067 4604

1721199580.3258874 66365094
cloud_controller_tkemenade 11316395081 32084 6196

1721199580.3264902 66365095
cloud0_tkemenade 24535722356 34088 4605

1721199581.3291898 66365157
cloud_controller_tkemenade 11316395081 32107 6204

1721199581.3297758 66365157
cloud0_tkemenade 24535722356 34125 4610

1721199582.3324516 66365210
cloud_controller_tkemenade 11316395081 32136 6211

1721199582.3330362 66365210
cloud0_tkemenade 24535722356 34147 4613

1721199583.3356428 66365249
cloud_controller_tkemenade 11316395081 32162 6217

1721199583.3362048 66365249
cloud0_tkemenade 24535722356 34158 4617

1721199584.338979 66365319
cloud_controller_tkemenade 11316395081 32194 6223

1721199584.339583 66365319
cloud0_tkemenade 24535722356 34197 4623

1721199585.3423188 66365407
cloud_controller_tkemenade 11316395081 32227 6236

1721199585.3428464 66365407
cloud0_tkemenade 24535722356 34249 4629

1721199585.4433079 66365417
cloud_controller_tkemenade 11317197684 32229 6237

1721199585.4438891 66365417
cloud0_tkemenade 24536418149 34256 4629

1721199586.4466248 66365469
cloud_controller_tkemenade 11317197684 32256 6242

1721199586.4471855 66365469
cloud0_tkemenade 24536418149 34282 4634

1721199587.4499454 66365519
cloud_controller_tkemenade 11317197684 32289 6250

1721199587.4505408 66365520
cloud0_tkemenade 24536418149 34305 4637

1721199588.4533648 66365583
cloud_controller_tkemenade 11317197684 32328 6259

1721199588.4539456 66365583
cloud0_tkemenade 24536418149 34333 4645

1721199589.4566264 66365628
cloud_controller_tkemenade 11317197684 32356 6269

1721199589.4571385 66365628
cloud0_tkemenade 24536418149 34348 4649

1721199590.459267 66365664
cloud_controller_tkemenade 11317197684 32379 6277

1721199590.4598334 66365664
cloud0_tkemenade 24536418149 34362 4652

1721199591.4625673 66365718
cloud_controller_tkemenade 11317197684 32404 6290

1721199591.4631536 66365718
cloud0_tkemenade 24536418149 34395 4656

1721199592.3654535 66365773
cloud_controller_tkemenade 11318041012 32439 6296

1721199592.3659768 66365773
cloud0_tkemenade 24537001991 34411 4657

1721199593.3686042 66365803
cloud_controller_tkemenade 11318041012 32462 6307

1721199593.3691998 66365803
cloud0_tkemenade 24537001991 34421 4660

1721199594.3718429 66365849
cloud_controller_tkemenade 11318041012 32496 6318

1721199594.372427 66365849
cloud0_tkemenade 24537001991 34439 4661

1721199595.3752522 66365920
cloud_controller_tkemenade 11318041012 32530 6329

1721199595.3759544 66365920
cloud0_tkemenade 24537001991 34481 4663

1721199596.3787458 66365991
cloud_controller_tkemenade 11318041012 32556 6339

1721199596.3793268 66365991
cloud0_tkemenade 24537001991 34527 4669

1721199597.3822336 66366127
cloud_controller_tkemenade 11318041012 32632 6357

1721199597.382783 66366127
cloud0_tkemenade 24537001991 34586 4674

1721199598.3854215 66366161
cloud_controller_tkemenade 11318041012 32649 6364

1721199598.3859878 66366161
cloud0_tkemenade 24537001991 34608 4677

1721199599.3886242 66366229
cloud_controller_tkemenade 11319065923 32692 6377

1721199599.3892324 66366229
cloud0_tkemenade 24537762815 34631 4680

1721199600.3917468 66366320
cloud_controller_tkemenade 11319065923 32740 6391

1721199600.3923619 66366320
cloud0_tkemenade 24537762815 34665 4685

1721199601.395098 66366391
cloud_controller_tkemenade 11319065923 32782 6403

1721199601.3956802 66366391
cloud0_tkemenade 24537762815 34695 4691

1721199602.3984256 66366443
cloud_controller_tkemenade 11319065923 32812 6414

1721199602.3990004 66366443
cloud0_tkemenade 24537762815 34716 4697

1721199603.401613 66366472
cloud_controller_tkemenade 11319065923 32833 6422

1721199603.402188 66366472
cloud0_tkemenade 24537762815 34725 4698

1721199604.4048994 66366520
cloud_controller_tkemenade 11319065923 32867 6436

1721199604.4054728 66366520
cloud0_tkemenade 24537762815 34739 4701

1721199605.4082773 66366594
cloud_controller_tkemenade 11319065923 32896 6447

1721199605.4088542 66366594
cloud0_tkemenade 24537762815 34788 4705

1721199606.411658 66366637
cloud_controller_tkemenade 11319065923 32926 6465

1721199606.4122262 66366637
cloud0_tkemenade 24537762815 34808 4707

1721199606.5127273 66366645
cloud_controller_tkemenade 11320083300 32930 6466

1721199606.5132785 66366645
cloud0_tkemenade 24538394079 34808 4708

1721199607.515984 66366687
cloud_controller_tkemenade 11320083300 32959 6474

1721199607.516568 66366687
cloud0_tkemenade 24538394079 34830 4710

1721199608.519166 66366728
cloud_controller_tkemenade 11320083300 32984 6482

1721199608.5197463 66366728
cloud0_tkemenade 24538394079 34851 4711

1721199609.522455 66366773
cloud_controller_tkemenade 11320083300 33018 6496

1721199609.5230412 66366773
cloud0_tkemenade 24538394079 34868 4714

1721199610.5258107 66366832
cloud_controller_tkemenade 11320083300 33043 6504

1721199610.5264127 66366832
cloud0_tkemenade 24538394079 34885 4716

1721199611.5292175 66366891
cloud_controller_tkemenade 11320083300 33071 6512

1721199611.5297973 66366891
cloud0_tkemenade 24538394079 34924 4723

1721199612.5324998 66366925
cloud_controller_tkemenade 11320083300 33096 6522

1721199612.5330503 66366925
cloud0_tkemenade 24538394079 34942 4724

1721199613.5356514 66366966
cloud_controller_tkemenade 11320866611 33122 6531

1721199613.5362618 66366966
cloud0_tkemenade 24538903999 34953 4728

1721199614.5389988 66367059
cloud_controller_tkemenade 11320866611 33170 6544

1721199614.5395892 66367059
cloud0_tkemenade 24538903999 35007 4734

1721199615.5422838 66367141
cloud_controller_tkemenade 11320866611 33199 6554

1721199615.5428874 66367141
cloud0_tkemenade 24538903999 35063 4740

1721199616.5454633 66367196
cloud_controller_tkemenade 11320866611 33226 6563

1721199616.546051 66367196
cloud0_tkemenade 24538903999 35095 4745

1721199617.5485206 66367237
cloud_controller_tkemenade 11320866611 33249 6567

1721199617.549078 66367237
cloud0_tkemenade 24538903999 35118 4748

1721199618.5518267 66367308
cloud_controller_tkemenade 11320866611 33290 6577

1721199618.5523932 66367308
cloud0_tkemenade 24538903999 35149 4755

1721199619.5549889 66367347
cloud_controller_tkemenade 11320866611 33313 6580

1721199619.5555615 66367347
cloud0_tkemenade 24538903999 35172 4758

1721199620.5579302 66367416
cloud_controller_tkemenade 11320866611 33343 6583

1721199620.558501 66367416
cloud0_tkemenade 24538903999 35187 4761

1721199620.6590044 66367419
cloud_controller_tkemenade 11321714393 33345 6584

1721199620.6594472 66367419
cloud0_tkemenade 24539715317 35189 4763

1721199621.662118 66367497
cloud_controller_tkemenade 11321714393 33386 6593

1721199621.6627283 66367498
cloud0_tkemenade 24539715317 35223 4775

1721199622.6652806 66367539
cloud_controller_tkemenade 11321714393 33409 6603

1721199622.665855 66367539
cloud0_tkemenade 24539715317 35243 4787

1721199623.6700218 66367573
cloud_controller_tkemenade 11321714393 33435 6612

1721199623.670917 66367573
cloud0_tkemenade 24539715317 35255 4791

1721199624.673537 66367634
cloud_controller_tkemenade 11321714393 33469 6618

1721199624.6741576 66367634
cloud0_tkemenade 24539715317 35282 4796

1721199625.6768322 66367727
cloud_controller_tkemenade 11321714393 33504 6624

1721199625.6774437 66367727
cloud0_tkemenade 24539715317 35339 4815

1721199626.680004 66367822
cloud_controller_tkemenade 11321714393 33548 6634

1721199626.6805696 66367822
cloud0_tkemenade 24539715317 35393 4830

1721199627.6831574 66367897
cloud_controller_tkemenade 11322586142 33575 6641

1721199627.6837454 66367897
cloud0_tkemenade 24540675770 35435 4834

1721199628.686326 66367933
cloud_controller_tkemenade 11322586142 33596 6649

1721199628.686832 66367933
cloud0_tkemenade 24540675770 35456 4845

1721199629.6891963 66367975
cloud_controller_tkemenade 11322586142 33619 6656

1721199629.6897576 66367975
cloud0_tkemenade 24540675770 35481 4851

1721199630.6924937 66368077
cloud_controller_tkemenade 11322586142 33675 6663

1721199630.6930428 66368077
cloud0_tkemenade 24540675770 35515 4861

1721199631.6955428 66368140
cloud_controller_tkemenade 11322586142 33711 6668

1721199631.6961029 66368140
cloud0_tkemenade 24540675770 35550 4874

1721199632.6988304 66368191
cloud_controller_tkemenade 11322586142 33741 6673

1721199632.699391 66368191
cloud0_tkemenade 24540675770 35576 4877

1721199633.7017994 66368215
cloud_controller_tkemenade 11322586142 33761 6677

1721199633.7022712 66368215
cloud0_tkemenade 24540675770 35583 4880

1721199634.7048223 66368291
cloud_controller_tkemenade 11323457900 33797 6687

1721199634.7053604 66368291
cloud0_tkemenade 24541428506 35616 4883

1721199635.7079206 66368339
cloud_controller_tkemenade 11323457900 33824 6691

1721199635.708488 66368339
cloud0_tkemenade 24541428506 35640 4888

1721199636.7107666 66368383
cloud_controller_tkemenade 11323457900 33850 6705

1721199636.711332 66368383
cloud0_tkemenade 24541428506 35658 4891

1721199637.7136607 66368419
cloud_controller_tkemenade 11323457900 33872 6708

1721199637.7142313 66368419
cloud0_tkemenade 24541428506 35675 4896

1721199638.7167256 66368465
cloud_controller_tkemenade 11323457900 33902 6715

1721199638.7172897 66368465
cloud0_tkemenade 24541428506 35692 4900

1721199639.7198617 66368513
cloud_controller_tkemenade 11323457900 33928 6724

1721199639.7204251 66368513
cloud0_tkemenade 24541428506 35714 4903

1721199640.722971 66368575
cloud_controller_tkemenade 11323457900 33963 6732

1721199640.723371 66368575
cloud0_tkemenade 24541428506 35733 4908

1721199641.7254906 66368642
cloud_controller_tkemenade 11323457900 33989 6738

1721199641.7260191 66368642
cloud0_tkemenade 24541428506 35767 4916

1721199641.8263996 66368653
cloud_controller_tkemenade 11324200767 33994 6739

1721199641.8269327 66368653
cloud0_tkemenade 24541995511 35769 4916

1721199642.8292704 66368694
cloud_controller_tkemenade 11324200767 34019 6746

1721199642.8298297 66368694
cloud0_tkemenade 24541995511 35786 4921

1721199643.8322668 66368749
cloud_controller_tkemenade 11324200767 34046 6752

1721199643.8328412 66368749
cloud0_tkemenade 24541995511 35815 4925

1721199644.8353767 66368825
cloud_controller_tkemenade 11324200767 34079 6764

1721199644.8359504 66368825
cloud0_tkemenade 24541995511 35858 4929

1721199645.838685 66368896
cloud_controller_tkemenade 11324200767 34105 6771

1721199645.8392494 66368896
cloud0_tkemenade 24541995511 35907 4934

1721199646.8417704 66368944
cloud_controller_tkemenade 11324200767 34138 6777

1721199646.8422904 66368945
cloud0_tkemenade 24541995511 35927 4936

1721199647.8449264 66369003
cloud_controller_tkemenade 11324200767 34166 6785

1721199647.845488 66369003
cloud0_tkemenade 24541995511 35958 4942

1721199648.8482122 66369058
cloud_controller_tkemenade 11325019495 34201 6795

1721199648.8487327 66369058
cloud0_tkemenade 24542734213 35979 4946

1721199649.8513596 66369097
cloud_controller_tkemenade 11325019495 34222 6802

1721199649.8519225 66369097
cloud0_tkemenade 24542734213 35997 4949

1721199650.8545988 66369141
cloud_controller_tkemenade 11325019495 34256 6807

1721199650.8551576 66369141
cloud0_tkemenade 24542734213 36015 4952

1721199651.8578079 66369215
cloud_controller_tkemenade 11325019495 34291 6813

1721199651.8584015 66369215
cloud0_tkemenade 24542734213 36046 4957

1721199652.8610501 66369249
cloud_controller_tkemenade 11325019495 34315 6824

1721199652.8616097 66369249
cloud0_tkemenade 24542734213 36064 4958

1721199653.8641655 66369282
cloud_controller_tkemenade 11325019495 34341 6830

1721199653.8646848 66369282
cloud0_tkemenade 24542734213 36074 4961

1721199654.8674066 66369366
cloud_controller_tkemenade 11325019495 34382 6837

1721199654.8680027 66369366
cloud0_tkemenade 24542734213 36112 4967

1721199655.77046 66369443
cloud_controller_tkemenade 11325841156 34413 6846

1721199655.771023 66369443
cloud0_tkemenade 24543364359 36159 4970

1721199656.7737677 66369554
cloud_controller_tkemenade 11325841156 34462 6857

1721199656.774397 66369555
cloud0_tkemenade 24543364359 36226 4976

1721199657.7770002 66369608
cloud_controller_tkemenade 11325841156 34487 6867

1721199657.7775733 66369608
cloud0_tkemenade 24543364359 36263 4983

1721199658.780266 66369651
cloud_controller_tkemenade 11325841156 34513 6877

1721199658.7808342 66369651
cloud0_tkemenade 24543364359 36285 4987

1721199659.7836533 66369711
cloud_controller_tkemenade 11325841156 34545 6886

1721199659.7842286 66369711
cloud0_tkemenade 24543364359 36315 4991

1721199660.7868912 66369795
cloud_controller_tkemenade 11325841156 34601 6901

1721199660.7874486 66369795
cloud0_tkemenade 24543364359 36347 4999

1721199661.7900496 66369875
cloud_controller_tkemenade 11325841156 34640 6907

1721199661.7906296 66369875
cloud0_tkemenade 24543364359 36381 5004

1721199662.7929232 66369919
cloud_controller_tkemenade 11325841156 34664 6918

1721199662.7934725 66369919
cloud0_tkemenade 24543364359 36403 5009

1721199662.994082 66369930
cloud_controller_tkemenade 11326825940 34666 6919

1721199662.9945858 66369930
cloud0_tkemenade 24544228311 36404 5010

1721199663.996871 66369955
cloud_controller_tkemenade 11326825940 34684 6926

1721199663.997239 66369955
cloud0_tkemenade 24544228311 36413 5012

1721199664.9996533 66370020
cloud_controller_tkemenade 11326825940 34717 6938

1721199665.0002208 66370020
cloud0_tkemenade 24544228311 36449 5018

1721199666.0027447 66370055
cloud_controller_tkemenade 11326825940 34738 6945

1721199666.0032487 66370055
cloud0_tkemenade 24544228311 36466 5023

1721199667.0055225 66370097
cloud_controller_tkemenade 11326825940 34767 6956

1721199667.0060391 66370097
cloud0_tkemenade 24544228311 36485 5027

1721199668.008231 66370135
cloud_controller_tkemenade 11326825940 34788 6963

1721199668.0087285 66370135
cloud0_tkemenade 24544228311 36504 5033

1721199669.011019 66370180
cloud_controller_tkemenade 11326825940 34820 6972

1721199669.0115323 66370180
cloud0_tkemenade 24544228311 36522 5037

1721199670.0138588 66370241
cloud_controller_tkemenade 11327682306 34845 6978

1721199670.014399 66370241
cloud0_tkemenade 24544834298 36545 5039

1721199671.0166852 66370281
cloud_controller_tkemenade 11327682306 34875 6990

1721199671.0172057 66370281
cloud0_tkemenade 24544834298 36558 5041

1721199672.0198133 66370345
cloud_controller_tkemenade 11327682306 34898 6995

1721199672.0203745 66370345
cloud0_tkemenade 24544834298 36590 5046

1721199673.0229332 66370391
cloud_controller_tkemenade 11327682306 34928 7003

1721199673.0234964 66370391
cloud0_tkemenade 24544834298 36608 5051

1721199674.026056 66370438
cloud_controller_tkemenade 11327682306 34948 7013

1721199674.0266511 66370438
cloud0_tkemenade 24544834298 36638 5059

1721199675.0293698 66370535
cloud_controller_tkemenade 11327682306 34988 7028

1721199675.0299404 66370535
cloud0_tkemenade 24544834298 36695 5068

1721199676.0325572 66370589
cloud_controller_tkemenade 11327682306 35014 7037

1721199676.0331128 66370589
cloud0_tkemenade 24544834298 36725 5074

1721199677.0357275 66370644
cloud_controller_tkemenade 11328542335 35040 7043

1721199677.03629 66370644
cloud0_tkemenade 24545661376 36757 5079

1721199678.0387866 66370733
cloud_controller_tkemenade 11328542335 35078 7056

1721199678.0393553 66370733
cloud0_tkemenade 24545661376 36809 5087

1721199679.0419748 66370788
cloud_controller_tkemenade 11328542335 35101 7065

1721199679.0425625 66370788
cloud0_tkemenade 24545661376 36846 5093

1721199680.0451112 66370832
cloud_controller_tkemenade 11328542335 35126 7070

1721199680.0456767 66370832
cloud0_tkemenade 24545661376 36866 5099

1721199681.0480928 66370872
cloud_controller_tkemenade 11328542335 35156 7082

1721199681.048648 66370872
cloud0_tkemenade 24545661376 36875 5102

1721199682.0512493 66370951
cloud_controller_tkemenade 11328542335 35186 7091

1721199682.051771 66370951
cloud0_tkemenade 24545661376 36905 5107

1721199683.0542622 66370995
cloud_controller_tkemenade 11328542335 35219 7101

1721199683.0547857 66370995
cloud0_tkemenade 24545661376 36922 5113

1721199684.0569224 66371030
cloud_controller_tkemenade 11328542335 35241 7107

1721199684.0574324 66371030
cloud0_tkemenade 24545661376 36935 5117

1721199684.2581236 66371039
cloud_controller_tkemenade 11329401914 35244 7109

1721199684.2586188 66371039
cloud0_tkemenade 24546370768 36937 5117

1721199685.2610416 66371129
cloud_controller_tkemenade 11329401914 35279 7116

1721199685.2616065 66371129
cloud0_tkemenade 24546370768 36984 5122

1721199686.264095 66371203
cloud_controller_tkemenade 11329401914 35320 7124

1721199686.2646554 66371203
cloud0_tkemenade 24546370768 37020 5130

1721199687.2673945 66371306
cloud_controller_tkemenade 11329401914 35360 7137

1721199687.2679183 66371306
cloud0_tkemenade 24546370768 37080 5137

1721199688.270436 66371365
cloud_controller_tkemenade 11329401914 35394 7141

1721199688.2709777 66371365
cloud0_tkemenade 24546370768 37105 5141

1721199689.2736406 66371411
cloud_controller_tkemenade 11329401914 35416 7152

1721199689.2741926 66371411
cloud0_tkemenade 24546370768 37125 5142

1721199690.2769284 66371497
cloud_controller_tkemenade 11329401914 35471 7161

1721199690.2775059 66371497
cloud0_tkemenade 24546370768 37160 5148

1721199691.179873 66371556
cloud_controller_tkemenade 11330416737 35509 7169

1721199691.1804276 66371556
cloud0_tkemenade 24547238832 37182 5151

1721199692.1830416 66371628
cloud_controller_tkemenade 11330416737 35530 7176

1721199692.1836126 66371628
cloud0_tkemenade 24547238832 37216 5160

1721199693.1861982 66371672
cloud_controller_tkemenade 11330416737 35557 7184

1721199693.1867516 66371672
cloud0_tkemenade 24547238832 37234 5165

1721199694.189277 66371693
cloud_controller_tkemenade 11330416737 35573 7190

1721199694.189704 66371693
cloud0_tkemenade 24547238832 37242 5166

1721199695.1923795 66371772
cloud_controller_tkemenade 11330416737 35611 7198

1721199695.1929357 66371772
cloud0_tkemenade 24547238832 37282 5169

1721199696.1955411 66371809
cloud_controller_tkemenade 11330416737 35639 7206

1721199696.1960957 66371809
cloud0_tkemenade 24547238832 37291 5172

1721199697.1986964 66371853
cloud_controller_tkemenade 11330416737 35664 7211

1721199697.1992238 66371853
cloud0_tkemenade 24547238832 37309 5174

1721199698.2017887 66371905
cloud_controller_tkemenade 11331119032 35689 7219

1721199698.202361 66371905
cloud0_tkemenade 24547787787 37337 5179

1721199699.2050583 66371958
cloud_controller_tkemenade 11331119032 35721 7230

1721199699.2056246 66371958
cloud0_tkemenade 24547787787 37361 5183

1721199700.2081788 66372010
cloud_controller_tkemenade 11331119032 35745 7234

1721199700.2087526 66372010
cloud0_tkemenade 24547787787 37384 5186

1721199701.2114089 66372064
cloud_controller_tkemenade 11331119032 35781 7241

1721199701.2119572 66372064
cloud0_tkemenade 24547787787 37399 5189

1721199702.2146215 66372131
cloud_controller_tkemenade 11331119032 35811 7246

1721199702.2150886 66372131
cloud0_tkemenade 24547787787 37434 5195

1721199703.2176955 66372196
cloud_controller_tkemenade 11331119032 35845 7251

1721199703.2182412 66372196
cloud0_tkemenade 24547787787 37450 5199

1721199704.2209532 66372251
cloud_controller_tkemenade 11331119032 35865 7258

1721199704.2215111 66372251
cloud0_tkemenade 24547787787 37485 5203

1721199705.2239869 66372345
cloud_controller_tkemenade 11331119032 35904 7266

1721199705.224545 66372345
cloud0_tkemenade 24547787787 37536 5210

1721199705.4252417 66372367
cloud_controller_tkemenade 11331920418 35908 7267

1721199705.4258075 66372367
cloud0_tkemenade 24548511426 37544 5210

1721199706.4284425 66372426
cloud_controller_tkemenade 11331920418 35939 7275

1721199706.4290147 66372426
cloud0_tkemenade 24548511426 37577 5213

1721199707.4317086 66372473
cloud_controller_tkemenade 11331920418 35961 7283

1721199707.4322598 66372473
cloud0_tkemenade 24548511426 37598 5218

1721199708.4351034 66372559
cloud_controller_tkemenade 11331920418 36008 7291

1721199708.4357147 66372559
cloud0_tkemenade 24548511426 37640 5227

1721199709.4384875 66372603
cloud_controller_tkemenade 11331920418 36027 7299

1721199709.4390628 66372603
cloud0_tkemenade 24548511426 37661 5234

1721199710.441734 66372639
cloud_controller_tkemenade 11331920418 36049 7306

1721199710.4423232 66372639
cloud0_tkemenade 24548511426 37677 5241

1721199711.4450161 66372683
cloud_controller_tkemenade 11331920418 36081 7316

1721199711.4455724 66372683
cloud0_tkemenade 24548511426 37688 5247

1721199712.4483564 66372776
cloud_controller_tkemenade 11332739803 36116 7324

1721199712.4489129 66372776
cloud0_tkemenade 24549225284 37731 5256

1721199713.451503 66372837
cloud_controller_tkemenade 11332739803 36144 7332

1721199713.452088 66372837
cloud0_tkemenade 24549225284 37744 5265

1721199714.454657 66372882
cloud_controller_tkemenade 11332739803 36171 7339

1721199714.455273 66372882
cloud0_tkemenade 24549225284 37761 5272

1721199715.45812 66372988
cloud_controller_tkemenade 11332739803 36207 7351

1721199715.45872 66372988
cloud0_tkemenade 24549225284 37807 5284

1721199716.4611888 66373100
cloud_controller_tkemenade 11332739803 36247 7360

1721199716.4618034 66373100
cloud0_tkemenade 24549225284 37852 5294

1721199717.4645834 66373251
cloud_controller_tkemenade 11332739803 36320 7371

1721199717.4651628 66373251
cloud0_tkemenade 24549225284 37902 5312

1721199718.467414 66373328
cloud_controller_tkemenade 11332739803 36347 7383

1721199718.4679842 66373328
cloud0_tkemenade 24549225284 37923 5332

1721199719.470432 66373382
cloud_controller_tkemenade 11333777012 36372 7402

1721199719.4709883 66373382
cloud0_tkemenade 24550154450 37940 5343

1721199720.4738321 66373474
cloud_controller_tkemenade 11333777012 36419 7423

1721199720.4744537 66373475
cloud0_tkemenade 24550154450 37973 5350

1721199721.477087 66373539
cloud_controller_tkemenade 11333777012 36463 7440

1721199721.4776626 66373539
cloud0_tkemenade 24550154450 37989 5354

1721199722.480319 66373600
cloud_controller_tkemenade 11333777012 36487 7456

1721199722.480893 66373600
cloud0_tkemenade 24550154450 38022 5363

1721199723.4834373 66373666
cloud_controller_tkemenade 11333777012 36515 7464

1721199723.483996 66373666
cloud0_tkemenade 24550154450 38036 5367

1721199724.4866474 66373712
cloud_controller_tkemenade 11333777012 36531 7474

1721199724.4871855 66373712
cloud0_tkemenade 24550154450 38057 5370

1721199725.489947 66373806
cloud_controller_tkemenade 11333777012 36571 7484

1721199725.4905324 66373806
cloud0_tkemenade 24550154450 38091 5374

1721199726.4930851 66373867
cloud_controller_tkemenade 11334736443 36596 7490

1721199726.4936433 66373867
cloud0_tkemenade 24550763320 38103 5378

1721199727.4960582 66373919
cloud_controller_tkemenade 11334736443 36613 7500

1721199727.4966123 66373919
cloud0_tkemenade 24550763320 38118 5383

1721199728.4992704 66374006
cloud_controller_tkemenade 11334736443 36646 7511

1721199728.499827 66374006
cloud0_tkemenade 24550763320 38142 5387

1721199729.5024166 66374056
cloud_controller_tkemenade 11334736443 36653 7548

1721199729.5029688 66374056
cloud0_tkemenade 24550763320 38161 5392

1721199730.5054114 66374115
cloud_controller_tkemenade 11334736443 36669 7560

1721199730.5059686 66374115
cloud0_tkemenade 24550763320 38181 5395

1721199731.5084462 66374191
cloud_controller_tkemenade 11334736443 36707 7577

1721199731.509006 66374191
cloud0_tkemenade 24550763320 38203 5399

1721199732.5115247 66374258
cloud_controller_tkemenade 11334736443 36732 7584

1721199732.5120783 66374258
cloud0_tkemenade 24550763320 38233 5406

1721199733.514694 66374331
cloud_controller_tkemenade 11334736443 36762 7600

1721199733.5152533 66374331
cloud0_tkemenade 24550763320 38245 5411

1721199733.6157517 66374345
cloud_controller_tkemenade 11335571505 36763 7602

1721199733.6162736 66374345
cloud0_tkemenade 24551287104 38246 5412

1721199734.618729 66374433
cloud_controller_tkemenade 11335571505 36789 7614

1721199734.6193144 66374433
cloud0_tkemenade 24551287104 38306 5417

1721199735.6218514 66374530
cloud_controller_tkemenade 11335571505 36827 7623

1721199735.6224644 66374530
cloud0_tkemenade 24551287104 38365 5425

1721199736.6250198 66374581
cloud_controller_tkemenade 11335571505 36856 7633

1721199736.625573 66374581
cloud0_tkemenade 24551287104 38392 5430

1721199737.6280413 66374625
cloud_controller_tkemenade 11335571505 36877 7639

1721199737.6285925 66374625
cloud0_tkemenade 24551287104 38416 5436

1721199738.6309352 66374694
cloud_controller_tkemenade 11335571505 36912 7649

1721199738.631474 66374694
cloud0_tkemenade 24551287104 38447 5443

1721199739.633837 66374740
cloud_controller_tkemenade 11335571505 36936 7658

1721199739.6344082 66374741
cloud0_tkemenade 24551287104 38468 5445

1721199740.6369061 66374774
cloud_controller_tkemenade 11335571505 36956 7667

1721199740.637457 66374774
cloud0_tkemenade 24551287104 38480 5448

1721199740.7379296 66374785
cloud_controller_tkemenade 11336354712 36959 7667

1721199740.738418 66374785
cloud0_tkemenade 24552109622 38481 5448

1721199741.7409308 66374830
cloud_controller_tkemenade 11336354712 36997 7677

1721199741.741494 66374830
cloud0_tkemenade 24552109622 38494 5450

1721199742.7442033 66374894
cloud_controller_tkemenade 11336354712 37020 7685

1721199742.7447681 66374894
cloud0_tkemenade 24552109622 38537 5459

1721199743.7476099 66374949
cloud_controller_tkemenade 11336354712 37048 7693

1721199743.7481713 66374949
cloud0_tkemenade 24552109622 38556 5462

1721199744.7506576 66375013
cloud_controller_tkemenade 11336354712 37078 7701

1721199744.7512386 66375013
cloud0_tkemenade 24552109622 38584 5465

1721199745.7540715 66375110
cloud_controller_tkemenade 11336354712 37122 7707

1721199745.7546778 66375110
cloud0_tkemenade 24552109622 38643 5470

1721199746.7574475 66375196
cloud_controller_tkemenade 11336354712 37161 7715

1721199746.7580307 66375196
cloud0_tkemenade 24552109622 38687 5478

1721199747.7605033 66375252
cloud_controller_tkemenade 11337223964 37183 7724

1721199747.7610908 66375252
cloud0_tkemenade 24552945206 38718 5483

1721199747.8615708 66375256
cloud_controller_tkemenade 11337223964 37185 7724

1721199748.7639647 66375303
cloud0_tkemenade 24552945206 38744 5485

1721199748.864714 66375305
cloud_controller_tkemenade 11337223964 37211 7731

1721199749.767338 66375363
cloud0_tkemenade 24552945206 38774 5490

1721199749.868103 66375381
cloud_controller_tkemenade 11337223964 37248 7737

1721199750.770795 66375447
cloud0_tkemenade 24552945206 38807 5496

1721199750.8715503 66375449
cloud_controller_tkemenade 11337223964 37286 7746

1721199751.774103 66375486
cloud0_tkemenade 24552945206 38823 5500

1721199751.8748498 66375493
cloud_controller_tkemenade 11337223964 37316 7755

1721199752.77745 66375542
cloud0_tkemenade 24552945206 38858 5511

1721199752.8781855 66375546
cloud_controller_tkemenade 11337223964 37336 7758

1721199753.780668 66375589
cloud0_tkemenade 24552945206 38874 5515

1721199753.8813934 66375591
cloud_controller_tkemenade 11337223964 37359 7765

1721199754.7833354 66375637
cloud0_tkemenade 24552945206 38899 5522

1721199754.8839176 66375647
cloud_controller_tkemenade 11337963372 37378 7773

1721199754.8842692 66375647
cloud0_tkemenade 24553617672 38902 5522

1721199755.8864892 66375703
cloud_controller_tkemenade 11337963372 37415 7785

1721199755.8870387 66375703
cloud0_tkemenade 24553617672 38923 5526

1721199756.8893402 66375745
cloud_controller_tkemenade 11337963372 37444 7791

1721199756.8898768 66375745
cloud0_tkemenade 24553617672 38935 5532

1721199757.8919587 66375781
cloud_controller_tkemenade 11337963372 37465 7801

1721199757.8924484 66375781
cloud0_tkemenade 24553617672 38952 5539

1721199758.8943775 66375823
cloud_controller_tkemenade 11337963372 37490 7810

1721199758.8948636 66375823
cloud0_tkemenade 24553617672 38976 5542

1721199759.896874 66375870
cloud_controller_tkemenade 11337963372 37516 7817

1721199759.8973858 66375870
cloud0_tkemenade 24553617672 38999 5547

1721199760.8995738 66375907
cloud_controller_tkemenade 11337963372 37539 7825

1721199760.9001215 66375907
cloud0_tkemenade 24553617672 39015 5551

1721199761.9023747 66375952
cloud_controller_tkemenade 11337963372 37571 7832

1721199761.9029152 66375952
cloud0_tkemenade 24553617672 39030 5555

1721199762.003347 66375963
cloud_controller_tkemenade 11338813175 37572 7833

1721199762.0038157 66375963
cloud0_tkemenade 24554166363 39031 5555

1721199763.0062826 66376020
cloud_controller_tkemenade 11338813175 37591 7839

1721199763.0068552 66376020
cloud0_tkemenade 24554166363 39062 5564

1721199764.0094209 66376096
cloud_controller_tkemenade 11338813175 37618 7847

1721199764.0099585 66376096
cloud0_tkemenade 24554166363 39102 5570

1721199765.0125191 66376174
cloud_controller_tkemenade 11338813175 37644 7855

1721199765.0130882 66376174
cloud0_tkemenade 24554166363 39157 5578

1721199766.0156636 66376259
cloud_controller_tkemenade 11338813175 37681 7866

1721199766.0161824 66376259
cloud0_tkemenade 24554166363 39209 5582

1721199767.0187228 66376298
cloud_controller_tkemenade 11338813175 37707 7870

1721199767.019268 66376298
cloud0_tkemenade 24554166363 39225 5585

1721199768.021696 66376352
cloud_controller_tkemenade 11338813175 37744 7880

1721199768.0222206 66376352
cloud0_tkemenade 24554166363 39247 5592

1721199769.0247023 66376403
cloud_controller_tkemenade 11338813175 37766 7890

1721199769.0252545 66376403
cloud0_tkemenade 24554166363 39280 5596

1721199769.1257513 66376408
cloud_controller_tkemenade 11339580661 37768 7891

1721199769.1262805 66376408
cloud0_tkemenade 24555049581 39281 5597

1721199770.128707 66376445
cloud_controller_tkemenade 11339580661 37789 7897

1721199770.1292384 66376445
cloud0_tkemenade 24555049581 39300 5602

1721199771.1316705 66376484
cloud_controller_tkemenade 11339580661 37816 7905

1721199771.132207 66376484
cloud0_tkemenade 24555049581 39315 5606

1721199772.134684 66376533
cloud_controller_tkemenade 11339580661 37853 7918

1721199772.135202 66376533
cloud0_tkemenade 24555049581 39325 5611

1721199773.1377292 66376589
cloud_controller_tkemenade 11339580661 37876 7924

1721199773.138292 66376589
cloud0_tkemenade 24555049581 39358 5618

1721199774.1408553 66376637
cloud_controller_tkemenade 11339580661 37900 7936

1721199774.1414118 66376637
cloud0_tkemenade 24555049581 39374 5623

1721199775.1440141 66376721
cloud_controller_tkemenade 11339580661 37931 7947

1721199775.144586 66376721
cloud0_tkemenade 24555049581 39418 5624

1721199776.1465356 66376805
cloud_controller_tkemenade 11339580661 37974 7956

1721199776.1469073 66376805
cloud0_tkemenade 24555049581 39459 5631

1721199776.3474526 66376815
cloud_controller_tkemenade 11340422735 37980 7960

1721199776.348018 66376815
cloud0_tkemenade 24555696174 39462 5631

1721199777.3507912 66376969
cloud_controller_tkemenade 11340422735 38082 7975

1721199777.3513548 66376969
cloud0_tkemenade 24555696174 39515 5639

1721199778.3539963 66377020
cloud_controller_tkemenade 11340422735 38106 7982

1721199778.3545778 66377021
cloud0_tkemenade 24555696174 39541 5642

1721199779.3573225 66377080
cloud_controller_tkemenade 11340422735 38133 7994

1721199779.3579042 66377080
cloud0_tkemenade 24555696174 39574 5647

1721199780.360626 66377153
cloud_controller_tkemenade 11340422735 38178 8010

1721199780.3611915 66377153
cloud0_tkemenade 24555696174 39601 5653

1721199781.364007 66377216
cloud_controller_tkemenade 11340422735 38230 8023

1721199781.364559 66377216
cloud0_tkemenade 24555696174 39620 5661

1721199782.3673615 66377267
cloud_controller_tkemenade 11340422735 38264 8035

1721199782.3679178 66377267
cloud0_tkemenade 24555696174 39642 5666

1721199783.3705761 66377320
cloud_controller_tkemenade 11341643185 38285 8041

1721199783.3711321 66377320
cloud0_tkemenade 24556494161 39678 5669

1721199784.3737552 66377373
cloud_controller_tkemenade 11341643185 38311 8046

1721199784.3743508 66377373
cloud0_tkemenade 24556494161 39698 5672

1721199785.3771088 66377431
cloud_controller_tkemenade 11341643185 38330 8058

1721199785.3776555 66377431
cloud0_tkemenade 24556494161 39728 5680

1721199786.3803654 66377483
cloud_controller_tkemenade 11341643185 38368 8073

1721199786.3809254 66377483
cloud0_tkemenade 24556494161 39745 5683

1721199787.3835206 66377519
cloud_controller_tkemenade 11341643185 38393 8084

1721199787.3840635 66377519
cloud0_tkemenade 24556494161 39755 5688

1721199788.3867614 66377563
cloud_controller_tkemenade 11341643185 38419 8095

1721199788.3873158 66377563
cloud0_tkemenade 24556494161 39777 5691

1721199789.3900595 66377623
cloud_controller_tkemenade 11341643185 38452 8104

1721199789.3906047 66377623
cloud0_tkemenade 24556494161 39804 5696

1721199790.3930976 66377679
cloud_controller_tkemenade 11342441554 38472 8114

1721199790.3936565 66377679
cloud0_tkemenade 24557027434 39820 5700

1721199791.3958187 66377721
cloud_controller_tkemenade 11342441554 38495 8124

1721199791.3963683 66377721
cloud0_tkemenade 24557027434 39838 5705

1721199792.3986518 66377757
cloud_controller_tkemenade 11342441554 38521 8136

1721199792.3991938 66377757
cloud0_tkemenade 24557027434 39850 5708

1721199793.4017773 66377806
cloud_controller_tkemenade 11342441554 38543 8145

1721199793.4023201 66377807
cloud0_tkemenade 24557027434 39877 5714

1721199794.4049253 66377887
cloud_controller_tkemenade 11342441554 38568 8154

1721199794.4054904 66377887
cloud0_tkemenade 24557027434 39929 5718

1721199795.4081345 66377954
cloud_controller_tkemenade 11342441554 38591 8161

1721199795.408695 66377954
cloud0_tkemenade 24557027434 39969 5725

1721199796.4113185 66378029
cloud_controller_tkemenade 11342441554 38627 8169

1721199796.4118779 66378029
cloud0_tkemenade 24557027434 40009 5727

1721199797.414403 66378073
cloud_controller_tkemenade 11342441554 38658 8174

1721199797.4149363 66378073
cloud0_tkemenade 24557027434 40028 5731

1721199797.51542 66378081
cloud_controller_tkemenade 11343190620 38660 8175

1721199797.5158844 66378081
cloud0_tkemenade 24557758304 40029 5731

1721199798.5184472 66378154
cloud_controller_tkemenade 11343190620 38699 8186

1721199798.519001 66378154
cloud0_tkemenade 24557758304 40063 5736

1721199799.521524 66378190
cloud_controller_tkemenade 11343190620 38718 8189

1721199799.5220783 66378190
cloud0_tkemenade 24557758304 40086 5742

1721199800.5246396 66378228
cloud_controller_tkemenade 11343190620 38740 8200

1721199800.5252001 66378228
cloud0_tkemenade 24557758304 40104 5745

1721199801.5276842 66378271
cloud_controller_tkemenade 11343190620 38766 8212

1721199801.5282247 66378271
cloud0_tkemenade 24557758304 40119 5751

1721199802.530721 66378334
cloud_controller_tkemenade 11343190620 38803 8223

1721199802.531269 66378334
cloud0_tkemenade 24557758304 40134 5754

1721199803.5337646 66378399
cloud_controller_tkemenade 11343190620 38828 8227

1721199803.5342836 66378400
cloud0_tkemenade 24557758304 40160 5759

1721199804.5367851 66378475
cloud_controller_tkemenade 11343939739 38854 8229

1721199804.5373337 66378475
cloud0_tkemenade 24558319385 40184 5764

1721199805.5397367 66378555
cloud_controller_tkemenade 11343939739 38875 8234

1721199805.5402937 66378555
cloud0_tkemenade 24558319385 40220 5768

1721199806.542823 66378670
cloud_controller_tkemenade 11343939739 38925 8247

1721199806.5435026 66378670
cloud0_tkemenade 24558319385 40270 5776

1721199807.546103 66378742
cloud_controller_tkemenade 11343939739 38936 8275

1721199807.546668 66378742
cloud0_tkemenade 24558319385 40311 5782

1721199808.5492036 66378825
cloud_controller_tkemenade 11343939739 38960 8290

1721199808.5497398 66378825
cloud0_tkemenade 24558319385 40342 5786

1721199809.5523162 66378903
cloud_controller_tkemenade 11343939739 38979 8291

1721199809.5528562 66378903
cloud0_tkemenade 24558319385 40374 5791

1721199810.5552359 66379003
cloud_controller_tkemenade 11343939739 39024 8304

1721199810.5557764 66379003
cloud0_tkemenade 24558319385 40409 5796

1721199811.5582738 66379087
cloud_controller_tkemenade 11344796956 39060 8305

1721199811.5588179 66379087
cloud0_tkemenade 24559167482 40427 5799

1721199812.5613258 66379153
cloud_controller_tkemenade 11344796956 39090 8310

1721199812.5618713 66379153
cloud0_tkemenade 24559167482 40442 5803

1721199813.5644448 66379229
cloud_controller_tkemenade 11344796956 39114 8313

1721199813.564995 66379229
cloud0_tkemenade 24559167482 40471 5807

1721199814.5675647 66379288
cloud_controller_tkemenade 11344796956 39136 8320

1721199814.5681257 66379288
cloud0_tkemenade 24559167482 40498 5812

1721199815.570696 66379361
cloud_controller_tkemenade 11344796956 39153 8327

1721199815.5712414 66379361
cloud0_tkemenade 24559167482 40526 5815

1721199816.573791 66379419
cloud_controller_tkemenade 11344796956 39190 8338

1721199816.5743718 66379420
cloud0_tkemenade 24559167482 40542 5818

1721199817.5767968 66379453
cloud_controller_tkemenade 11344796956 39214 8347

1721199817.577289 66379453
cloud0_tkemenade 24559167482 40552 5821

1721199818.5797257 66379508
cloud_controller_tkemenade 11345554474 39239 8355

1721199818.580218 66379508
cloud0_tkemenade 24559733182 40574 5824

1721199819.5827608 66379558
cloud_controller_tkemenade 11345554474 39264 8364

1721199819.5833166 66379558
cloud0_tkemenade 24559733182 40600 5828

1721199820.5858853 66379598
cloud_controller_tkemenade 11345554474 39286 8371

1721199820.5864642 66379598
cloud0_tkemenade 24559733182 40618 5831

1721199821.5889502 66379643
cloud_controller_tkemenade 11345554474 39313 8377

1721199821.5895064 66379643
cloud0_tkemenade 24559733182 40636 5834

1721199822.5920215 66379691
cloud_controller_tkemenade 11345554474 39349 8385

1721199822.5925705 66379691
cloud0_tkemenade 24559733182 40652 5837

1721199823.5950942 66379743
cloud_controller_tkemenade 11345554474 39373 8390

1721199823.5956438 66379743
cloud0_tkemenade 24559733182 40682 5844

1721199824.5983796 66379825
cloud_controller_tkemenade 11345554474 39394 8399

1721199824.5989497 66379825
cloud0_tkemenade 24559733182 40742 5851

1721199825.6016357 66379924
cloud_controller_tkemenade 11346235698 39411 8406

1721199825.602199 66379924
cloud0_tkemenade 24560512601 40800 5857

1721199826.6046376 66379985
cloud_controller_tkemenade 11346235698 39456 8415

1721199826.605183 66379985
cloud0_tkemenade 24560512601 40818 5860

1721199827.607711 66380027
cloud_controller_tkemenade 11346235698 39484 8422

1721199827.6082652 66380027
cloud0_tkemenade 24560512601 40835 5865

1721199828.6108434 66380093
cloud_controller_tkemenade 11346235698 39526 8428

1721199828.611392 66380093
cloud0_tkemenade 24560512601 40864 5870

1721199829.6138318 66380130
cloud_controller_tkemenade 11346235698 39543 8434

1721199829.614413 66380130
cloud0_tkemenade 24560512601 40884 5874

1721199830.6169612 66380174
cloud_controller_tkemenade 11346235698 39563 8443

1721199830.617519 66380174
cloud0_tkemenade 24560512601 40906 5877

1721199831.620035 66380225
cloud_controller_tkemenade 11346235698 39599 8451

1721199831.6205814 66380225
cloud0_tkemenade 24560512601 40921 5884

1721199832.6230958 66380269
cloud_controller_tkemenade 11347061080 39630 8459

1721199832.6236484 66380269
cloud0_tkemenade 24561022396 40936 5885

1721199833.6261837 66380317
cloud_controller_tkemenade 11347061080 39656 8466

1721199833.6267693 66380317
cloud0_tkemenade 24561022396 40962 5892

1721199834.62936 66380369
cloud_controller_tkemenade 11347061080 39679 8472

1721199834.6299167 66380369
cloud0_tkemenade 24561022396 40992 5898

1721199835.6326356 66380449
cloud_controller_tkemenade 11347061080 39697 8480

1721199835.6331985 66380449
cloud0_tkemenade 24561022396 41045 5903

1721199836.6358535 66380562
cloud_controller_tkemenade 11347061080 39759 8488

1721199836.636425 66380562
cloud0_tkemenade 24561022396 41100 5910

1721199837.6390247 66380611
cloud_controller_tkemenade 11347061080 39783 8496

1721199837.6395626 66380611
cloud0_tkemenade 24561022396 41127 5916

1721199838.6420982 66380670
cloud_controller_tkemenade 11347061080 39816 8507

1721199838.642657 66380670
cloud0_tkemenade 24561022396 41151 5922

1721199839.645189 66380719
cloud_controller_tkemenade 11347061080 39836 8513

1721199839.6457229 66380719
cloud0_tkemenade 24561022396 41180 5924

1721199839.7461543 66380738
cloud_controller_tkemenade 11347854387 39846 8513

1721199839.7466238 66380739
cloud0_tkemenade 24561885611 41182 5925

1721199840.7492785 66380825
cloud_controller_tkemenade 11347854387 39899 8524

1721199840.749844 66380825
cloud0_tkemenade 24561885611 41220 5932

1721199841.7523553 66380873
cloud_controller_tkemenade 11347854387 39931 8533

1721199841.7529075 66380873
cloud0_tkemenade 24561885611 41235 5937

1721199842.7554736 66380919
cloud_controller_tkemenade 11347854387 39957 8543

1721199842.7560344 66380919
cloud0_tkemenade 24561885611 41258 5942

1721199843.7585974 66380969
cloud_controller_tkemenade 11347854387 39979 8549

1721199843.7591465 66380969
cloud0_tkemenade 24561885611 41287 5949

1721199844.7616954 66381031
cloud_controller_tkemenade 11347854387 40005 8554

1721199844.7622514 66381031
cloud0_tkemenade 24561885611 41325 5953

1721199845.7647629 66381081
cloud_controller_tkemenade 11347854387 40023 8562

1721199845.765194 66381081
cloud0_tkemenade 24561885611 41348 5956

1721199846.6671584 66381132
cloud_controller_tkemenade 11348726236 40062 8570

1721199846.6675024 66381132
cloud0_tkemenade 24562547970 41360 5959

1721199847.6697297 66381165
cloud_controller_tkemenade 11348726236 40085 8577

1721199847.6702793 66381165
cloud0_tkemenade 24562547970 41370 5962

1721199848.6728163 66381215
cloud_controller_tkemenade 11348726236 40112 8588

1721199848.6733625 66381215
cloud0_tkemenade 24562547970 41395 5966

1721199849.6758225 66381258
cloud_controller_tkemenade 11348726236 40134 8593

1721199849.6763706 66381258
cloud0_tkemenade 24562547970 41421 5972

1721199850.6789217 66381300
cloud_controller_tkemenade 11348726236 40156 8604

1721199850.6794772 66381300
cloud0_tkemenade 24562547970 41438 5977

1721199851.6819847 66381332
cloud_controller_tkemenade 11348726236 40177 8616

1721199851.6825514 66381333
cloud0_tkemenade 24562547970 41456 5980

1721199852.6850915 66381377
cloud_controller_tkemenade 11348726236 40209 8623

1721199852.6856425 66381377
cloud0_tkemenade 24562547970 41466 5984

1721199853.6881592 66381411
cloud_controller_tkemenade 11348726236 40234 8629

1721199853.688709 66381411
cloud0_tkemenade 24562547970 41484 5985

1721199853.789212 66381442
cloud_controller_tkemenade 11349432519 40238 8630

1721199853.789767 66381442
cloud0_tkemenade 24563028843 41501 5987

1721199854.792338 66381509
cloud_controller_tkemenade 11349432519 40262 8638

1721199854.7929027 66381509
cloud0_tkemenade 24563028843 41550 5992

1721199855.7953405 66381579
cloud_controller_tkemenade 11349432519 40283 8648

1721199855.7959013 66381579
cloud0_tkemenade 24563028843 41600 5996

1721199856.798442 66381668
cloud_controller_tkemenade 11349432519 40326 8657

1721199856.7990093 66381668
cloud0_tkemenade 24563028843 41626 5999

1721199857.8013499 66381741
cloud_controller_tkemenade 11349432519 40354 8664

1721199857.8019218 66381741
cloud0_tkemenade 24563028843 41679 6003

1721199858.8042264 66381816
cloud_controller_tkemenade 11349432519 40398 8675

1721199858.8047714 66381816
cloud0_tkemenade 24563028843 41710 6006

1721199859.8072672 66381858
cloud_controller_tkemenade 11349432519 40416 8682

1721199859.8079095 66381858
cloud0_tkemenade 24563028843 41731 6009

1721199860.810162 66381899
cloud_controller_tkemenade 11350234686 40434 8694

1721199860.8105183 66381899
cloud0_tkemenade 24563892715 41748 6011

1721199861.8125129 66381948
cloud_controller_tkemenade 11350234686 40467 8703

1721199861.8130727 66381948
cloud0_tkemenade 24563892715 41766 6015

1721199862.8155077 66381989
cloud_controller_tkemenade 11350234686 40500 8713

1721199862.816018 66381989
cloud0_tkemenade 24563892715 41779 6018

1721199863.8184133 66382021
cloud_controller_tkemenade 11350234686 40523 8722

1721199863.8189182 66382021
cloud0_tkemenade 24563892715 41791 6020

1721199864.8214242 66382096
cloud_controller_tkemenade 11350234686 40549 8729

1721199864.8219862 66382096
cloud0_tkemenade 24563892715 41838 6024

1721199865.8245718 66382161
cloud_controller_tkemenade 11350234686 40573 8739

1721199865.825139 66382161
cloud0_tkemenade 24563892715 41879 6032

1721199866.827667 66382277
cloud_controller_tkemenade 11350234686 40617 8752

1721199866.8281941 66382277
cloud0_tkemenade 24563892715 41936 6038

1721199867.8306391 66382330
cloud_controller_tkemenade 11351183806 40646 8758

1721199867.831182 66382330
cloud0_tkemenade 24564717419 41951 6042

1721199868.8337166 66382389
cloud_controller_tkemenade 11351183806 40677 8767

1721199868.834263 66382390
cloud0_tkemenade 24564717419 41981 6044

1721199869.836828 66382453
cloud_controller_tkemenade 11351183806 40707 8775

1721199869.8373902 66382453
cloud0_tkemenade 24564717419 42011 6050

1721199870.839822 66382529
cloud_controller_tkemenade 11351183806 40753 8789

1721199870.840378 66382529
cloud0_tkemenade 24564717419 42049 6054

1721199871.8427727 66382569
cloud_controller_tkemenade 11351183806 40782 8798

1721199871.8433201 66382569
cloud0_tkemenade 24564717419 42068 6059

1721199872.8457837 66382606
cloud_controller_tkemenade 11351183806 40806 8807

1721199872.84634 66382607
cloud0_tkemenade 24564717419 42085 6061

1721199873.8487906 66382639
cloud_controller_tkemenade 11351183806 40830 8815

1721199873.8493242 66382639
cloud0_tkemenade 24564717419 42097 6064

1721199874.8518207 66382717
cloud_controller_tkemenade 11351183806 40852 8825

1721199874.8523426 66382717
cloud0_tkemenade 24564717419 42147 6069

1721199874.952825 66382721
cloud_controller_tkemenade 11352040432 40853 8826

1721199874.953296 66382721
cloud0_tkemenade 24565398482 42150 6069

1721199875.9557493 66382757
cloud_controller_tkemenade 11352040432 40869 8833

1721199875.9563034 66382757
cloud0_tkemenade 24565398482 42173 6071

1721199876.9585292 66382810
cloud_controller_tkemenade 11352040432 40904 8842

1721199876.9590356 66382810
cloud0_tkemenade 24565398482 42185 6075

1721199877.961234 66382842
cloud_controller_tkemenade 11352040432 40931 8849

1721199877.9617748 66382842
cloud0_tkemenade 24565398482 42195 6077

1721199878.9641168 66382891
cloud_controller_tkemenade 11352040432 40962 8854

1721199878.9646678 66382891
cloud0_tkemenade 24565398482 42216 6081

1721199879.96719 66382938
cloud_controller_tkemenade 11352040432 40980 8862

1721199879.967731 66382938
cloud0_tkemenade 24565398482 42245 6085

1721199880.9702263 66382975
cloud_controller_tkemenade 11352040432 41005 8870

1721199880.9707818 66382975
cloud0_tkemenade 24565398482 42261 6088

1721199881.8730798 66383019
cloud_controller_tkemenade 11352728807 41029 8877

1721199881.8735957 66383019
cloud0_tkemenade 24565863517 42278 6090

1721199882.8759332 66383057
cloud_controller_tkemenade 11352728807 41057 8885

1721199882.8764675 66383057
cloud0_tkemenade 24565863517 42289 6093

1721199883.8788915 66383113
cloud_controller_tkemenade 11352728807 41084 8894

1721199883.8794398 66383113
cloud0_tkemenade 24565863517 42319 6098

1721199884.8820984 66383194
cloud_controller_tkemenade 11352728807 41106 8902

1721199884.8826969 66383195
cloud0_tkemenade 24565863517 42383 6106

1721199885.8853137 66383265
cloud_controller_tkemenade 11352728807 41126 8908

1721199885.885872 66383265
cloud0_tkemenade 24565863517 42431 6110

1721199886.8883736 66383319
cloud_controller_tkemenade 11352728807 41159 8917

1721199886.8888853 66383319
cloud0_tkemenade 24565863517 42445 6112

1721199887.89156 66383362
cloud_controller_tkemenade 11352728807 41185 8923

1721199887.8921223 66383362
cloud0_tkemenade 24565863517 42463 6117

1721199888.8948176 66383434
cloud_controller_tkemenade 11353524385 41229 8933

1721199888.8953736 66383434
cloud0_tkemenade 24566634426 42493 6125

1721199889.897648 66383476
cloud_controller_tkemenade 11353524385 41245 8941

1721199889.8982158 66383476
cloud0_tkemenade 24566634426 42516 6131

1721199890.9008358 66383518
cloud_controller_tkemenade 11353524385 41269 8949

1721199890.9014053 66383518
cloud0_tkemenade 24566634426 42537 6132

1721199891.904069 66383564
cloud_controller_tkemenade 11353524385 41300 8957

1721199891.904631 66383564
cloud0_tkemenade 24566634426 42551 6137

1721199892.9073179 66383605
cloud_controller_tkemenade 11353524385 41331 8965

1721199892.907881 66383605
cloud0_tkemenade 24566634426 42563 6140

1721199893.9105418 66383651
cloud_controller_tkemenade 11353524385 41367 8974

1721199893.911097 66383651
cloud0_tkemenade 24566634426 42579 6142

1721199894.913904 66383729
cloud_controller_tkemenade 11353524385 41396 8981

1721199894.9145238 66383730
cloud0_tkemenade 24566634426 42635 6152

1721199895.9172492 66383800
cloud_controller_tkemenade 11353524385 41424 8990

1721199895.9178042 66383800
cloud0_tkemenade 24566634426 42681 6160

1721199896.0182605 66383809
cloud_controller_tkemenade 11354298910 41428 8991

1721199896.0188303 66383809
cloud0_tkemenade 24567311756 42683 6160

1721199897.0216205 66383945
cloud_controller_tkemenade 11354298910 41491 9000

1721199897.022171 66383945
cloud0_tkemenade 24567311756 42735 6169

1721199898.024768 66383993
cloud_controller_tkemenade 11354298910 41531 9007

1721199898.0253294 66383993
cloud0_tkemenade 24567311756 42750 6174

1721199899.0280585 66384062
cloud_controller_tkemenade 11354298910 41573 9014

1721199899.0286262 66384062
cloud0_tkemenade 24567311756 42780 6179

1721199900.0314212 66384140
cloud_controller_tkemenade 11354298910 41607 9024

1721199900.0320113 66384140
cloud0_tkemenade 24567311756 42828 6187

1721199901.0347464 66384215
cloud_controller_tkemenade 11354298910 41661 9032

1721199901.0352993 66384215
cloud0_tkemenade 24567311756 42847 6191

1721199902.0379508 66384264
cloud_controller_tkemenade 11354298910 41689 9039

1721199902.0385282 66384265
cloud0_tkemenade 24567311756 42872 6198

1721199903.0411072 66384307
cloud_controller_tkemenade 11355394748 41718 9050

1721199903.041668 66384307
cloud0_tkemenade 24568079779 42886 6202

1721199904.043945 66384350
cloud_controller_tkemenade 11355394748 41746 9056

1721199904.0444922 66384350
cloud0_tkemenade 24568079779 42904 6202

1721199905.0471437 66384433
cloud_controller_tkemenade 11355394748 41774 9060

1721199905.0477252 66384433
cloud0_tkemenade 24568079779 42960 6210

1721199906.0503478 66384464
cloud_controller_tkemenade 11355394748 41793 9066

1721199906.0508924 66384464
cloud0_tkemenade 24568079779 42975 6213

1721199907.0535147 66384509
cloud_controller_tkemenade 11355394748 41825 9077

1721199907.0540285 66384509
cloud0_tkemenade 24568079779 42988 6216

1721199908.0565255 66384558
cloud_controller_tkemenade 11355394748 41848 9081

1721199908.0570786 66384558
cloud0_tkemenade 24568079779 43003 6219

1721199909.059733 66384624
cloud_controller_tkemenade 11355394748 41893 9088

1721199909.0602987 66384624
cloud0_tkemenade 24568079779 43026 6225

1721199910.062871 66384677
cloud_controller_tkemenade 11356157803 41911 9096

1721199910.0634375 66384677
cloud0_tkemenade 24568678632 43052 6230

1721199911.0661278 66384727
cloud_controller_tkemenade 11356157803 41934 9103

1721199911.0667334 66384727
cloud0_tkemenade 24568678632 43069 6234

1721199912.0693657 66384765
cloud_controller_tkemenade 11356157803 41958 9109

1721199912.069922 66384765
cloud0_tkemenade 24568678632 43085 6236

1721199913.0725212 66384817
cloud_controller_tkemenade 11356157803 41989 9118

1721199913.0730996 66384817
cloud0_tkemenade 24568678632 43097 6239

1721199914.07588 66384880
cloud_controller_tkemenade 11356157803 42021 9127

1721199914.076563 66384880
cloud0_tkemenade 24568678632 43131 6243

1721199915.079454 66384979
cloud_controller_tkemenade 11356157803 42050 9133

1721199915.0800343 66384979
cloud0_tkemenade 24568678632 43207 6250

1721199916.082852 66385047
cloud_controller_tkemenade 11356157803 42075 9142

1721199916.0833673 66385047
cloud0_tkemenade 24568678632 43252 6255

1721199917.0858684 66385114
cloud_controller_tkemenade 11356949137 42106 9151

1721199917.0864475 66385115
cloud0_tkemenade 24569498006 43279 6260

1721199918.0891526 66385171
cloud_controller_tkemenade 11356949137 42141 9156

1721199918.089698 66385171
cloud0_tkemenade 24569498006 43295 6264

1721199919.092456 66385241
cloud_controller_tkemenade 11356949137 42181 9166

1721199919.09301 66385241
cloud0_tkemenade 24569498006 43328 6270

1721199920.0955539 66385277
cloud_controller_tkemenade 11356949137 42199 9169

1721199920.0960708 66385277
cloud0_tkemenade 24569498006 43343 6274

1721199921.098653 66385318
cloud_controller_tkemenade 11356949137 42222 9180

1721199921.0992098 66385318
cloud0_tkemenade 24569498006 43363 6278

1721199922.1018982 66385367
cloud_controller_tkemenade 11356949137 42258 9193

1721199922.1024413 66385367
cloud0_tkemenade 24569498006 43379 6280

1721199923.1051407 66385402
cloud_controller_tkemenade 11356949137 42289 9202

1721199923.1057222 66385402
cloud0_tkemenade 24569498006 43389 6286

1721199924.1084518 66385455
cloud_controller_tkemenade 11357789928 42324 9210

1721199924.1089764 66385455
cloud0_tkemenade 24569982841 43405 6289

1721199925.111765 66385535
cloud_controller_tkemenade 11357789928 42355 9217

1721199925.1123319 66385535
cloud0_tkemenade 24569982841 43448 6295

1721199926.115182 66385613
cloud_controller_tkemenade 11357789928 42386 9231

1721199926.1157427 66385613
cloud0_tkemenade 24569982841 43496 6305

1721199927.118544 66385712
cloud_controller_tkemenade 11357789928 42440 9242

1721199927.1190622 66385712
cloud0_tkemenade 24569982841 43549 6311

1721199928.1215913 66385763
cloud_controller_tkemenade 11357789928 42469 9249

1721199928.1221478 66385763
cloud0_tkemenade 24569982841 43558 6315

1721199929.1248934 66385824
cloud_controller_tkemenade 11357789928 42502 9258

1721199929.125458 66385824
cloud0_tkemenade 24569982841 43586 6321

1721199930.1282043 66385891
cloud_controller_tkemenade 11357789928 42540 9267

1721199930.128754 66385891
cloud0_tkemenade 24569982841 43617 6329

1721199931.1314166 66385955
cloud_controller_tkemenade 11357789928 42584 9275

1721199931.1319833 66385955
cloud0_tkemenade 24569982841 43644 6333

1721199931.2324886 66385969
cloud_controller_tkemenade 11358864008 42587 9276

1721199931.233063 66385969
cloud0_tkemenade 24570906746 43647 6335

1721199932.2356565 66385999
cloud_controller_tkemenade 11358864008 42610 9283

1721199932.2362227 66385999
cloud0_tkemenade 24570906746 43662 6339

1721199933.238862 66386039
cloud_controller_tkemenade 11358864008 42641 9291

1721199933.239397 66386039
cloud0_tkemenade 24570906746 43679 6341

1721199934.2419357 66386077
cloud_controller_tkemenade 11358864008 42668 9298

1721199934.2424788 66386077
cloud0_tkemenade 24570906746 43696 6343

1721199935.2451634 66386148
cloud_controller_tkemenade 11358864008 42691 9304

1721199935.2456832 66386148
cloud0_tkemenade 24570906746 43747 6350

1721199936.2482464 66386184
cloud_controller_tkemenade 11358864008 42712 9310

1721199936.2487516 66386184
cloud0_tkemenade 24570906746 43761 6353

1721199937.2512932 66386223
cloud_controller_tkemenade 11358864008 42745 9318

1721199937.251798 66386223
cloud0_tkemenade 24570906746 43772 6356

1721199938.25441 66386264
cloud_controller_tkemenade 11358864008 42765 9329

1721199938.2549665 66386264
cloud0_tkemenade 24570906746 43783 6361

1721199938.3554313 66386267
cloud_controller_tkemenade 11359728301 42767 9332

1721199938.3560266 66386267
cloud0_tkemenade 24571526218 43785 6361

1721199939.3586543 66386341
cloud_controller_tkemenade 11359728301 42815 9346

1721199939.3592186 66386341
cloud0_tkemenade 24571526218 43813 6367

1721199940.3618264 66386385
cloud_controller_tkemenade 11359728301 42833 9352

1721199940.3624158 66386386
cloud0_tkemenade 24571526218 43837 6371

1721199941.3651383 66386432
cloud_controller_tkemenade 11359728301 42862 9359

1721199941.3657053 66386432
cloud0_tkemenade 24571526218 43854 6374

1721199942.368231 66386474
cloud_controller_tkemenade 11359728301 42885 9367

1721199942.368798 66386474
cloud0_tkemenade 24571526218 43870 6378

1721199943.3713565 66386519
cloud_controller_tkemenade 11359728301 42916 9374

1721199943.3719196 66386519
cloud0_tkemenade 24571526218 43883 6381

1721199944.374569 66386593
cloud_controller_tkemenade 11359728301 42953 9385

1721199944.3751462 66386593
cloud0_tkemenade 24571526218 43924 6391

1721199945.2777293 66386698
cloud_controller_tkemenade 11360576775 42980 9389

1721199945.2782843 66386698
cloud0_tkemenade 24572294472 43996 6398

1721199946.2808902 66386761
cloud_controller_tkemenade 11360576775 43001 9397

1721199946.2814553 66386761
cloud0_tkemenade 24572294472 44041 6404

1721199947.2839863 66386812
cloud_controller_tkemenade 11360576775 43036 9403

1721199947.2845428 66386812
cloud0_tkemenade 24572294472 44061 6409

1721199948.2871082 66386887
cloud_controller_tkemenade 11360576775 43073 9413

1721199948.2876077 66386887
cloud0_tkemenade 24572294472 44087 6416

1721199949.2901433 66386943
cloud_controller_tkemenade 11360576775 43109 9421

1721199949.2907405 66386943
cloud0_tkemenade 24572294472 44111 6424

1721199950.2932465 66386973
cloud_controller_tkemenade 11360576775 43130 9426

1721199950.2937896 66386973
cloud0_tkemenade 24572294472 44123 6428

1721199951.2963092 66387008
cloud_controller_tkemenade 11360576775 43151 9430

1721199951.2968578 66387008
cloud0_tkemenade 24572294472 44144 6433

1721199952.2993834 66387054
cloud_controller_tkemenade 11360576775 43186 9440

1721199952.2999198 66387054
cloud0_tkemenade 24572294472 44159 6437

1721199952.5006387 66387067
cloud_controller_tkemenade 11361358448 43189 9442

1721199952.5011528 66387067
cloud0_tkemenade 24572909070 44162 6437

1721199953.5036044 66387105
cloud_controller_tkemenade 11361358448 43219 9448

1721199953.5041418 66387105
cloud0_tkemenade 24572909070 44173 6439

1721199954.506526 66387163
cloud_controller_tkemenade 11361358448 43256 9455

1721199954.507091 66387163
cloud0_tkemenade 24572909070 44199 6444

1721199955.509747 66387222
cloud_controller_tkemenade 11361358448 43277 9464

1721199955.5103216 66387224
cloud0_tkemenade 24572909070 44241 6451

1721199956.5129967 66387314
cloud_controller_tkemenade 11361358448 43319 9475

1721199956.513576 66387314
cloud0_tkemenade 24572909070 44297 6461

1721199957.5162697 66387389
cloud_controller_tkemenade 11361358448 43347 9489

1721199957.5167813 66387389
cloud0_tkemenade 24572909070 44341 6465

1721199958.519234 66387446
cloud_controller_tkemenade 11361358448 43375 9500

1721199958.5196688 66387446
cloud0_tkemenade 24572909070 44359 6468

1721199959.521869 66387510
cloud_controller_tkemenade 11362215716 43404 9508

1721199959.5224137 66387511
cloud0_tkemenade 24573726105 44389 6474

1721199960.5249395 66387585
cloud_controller_tkemenade 11362215716 43448 9519

1721199960.525493 66387585
cloud0_tkemenade 24573726105 44416 6479

1721199961.5280302 66387644
cloud_controller_tkemenade 11362215716 43485 9527

1721199961.52859 66387644
cloud0_tkemenade 24573726105 44444 6483

1721199962.5310843 66387679
cloud_controller_tkemenade 11362215716 43506 9533

1721199962.5316365 66387679
cloud0_tkemenade 24573726105 44462 6485

1721199963.534137 66387711
cloud_controller_tkemenade 11362215716 43535 9541

1721199963.5347095 66387712
cloud0_tkemenade 24573726105 44470 6489

1721199964.5372694 66387771
cloud_controller_tkemenade 11362215716 43565 9551

1721199964.5378137 66387771
cloud0_tkemenade 24573726105 44498 6493

1721199965.540497 66387834
cloud_controller_tkemenade 11362215716 43590 9559

1721199965.5410447 66387834
cloud0_tkemenade 24573726105 44538 6498

1721199966.5435472 66387878
cloud_controller_tkemenade 11363024648 43608 9566

1721199966.5441155 66387878
cloud0_tkemenade 24574332804 44561 6501

1721199967.5467508 66387918
cloud_controller_tkemenade 11363024648 43639 9572

1721199967.5473194 66387918
cloud0_tkemenade 24574332804 44570 6505

1721199968.550056 66387964
cloud_controller_tkemenade 11363024648 43665 9579

1721199968.5506377 66387964
cloud0_tkemenade 24574332804 44587 6510

1721199969.553224 66388036
cloud_controller_tkemenade 11363024648 43706 9586

1721199969.5537946 66388036
cloud0_tkemenade 24574332804 44613 6515

1721199970.5563915 66388065
cloud_controller_tkemenade 11363024648 43723 9594

1721199970.5569499 66388065
cloud0_tkemenade 24574332804 44628 6517

1721199971.5593748 66388107
cloud_controller_tkemenade 11363024648 43746 9601

1721199971.5599377 66388107
cloud0_tkemenade 24574332804 44650 6523

1721199972.5623944 66388143
cloud_controller_tkemenade 11363024648 43767 9608

1721199972.5629687 66388143
cloud0_tkemenade 24574332804 44665 6526

1721199973.5655184 66388185
cloud_controller_tkemenade 11363755068 43798 9615

1721199973.5660744 66388185
cloud0_tkemenade 24574758379 44674 6529

1721199974.5685115 66388281
cloud_controller_tkemenade 11363755068 43837 9622

1721199974.5691094 66388281
cloud0_tkemenade 24574758379 44734 6535

1721199975.5719624 66388377
cloud_controller_tkemenade 11363755068 43862 9630

1721199975.5725393 66388377
cloud0_tkemenade 24574758379 44802 6542

1721199976.5751152 66388437
cloud_controller_tkemenade 11363755068 43891 9636

1721199976.5756907 66388437
cloud0_tkemenade 24574758379 44838 6548

1721199977.578402 66388487
cloud_controller_tkemenade 11363755068 43923 9644

1721199977.5789757 66388487
cloud0_tkemenade 24574758379 44857 6551

1721199978.5817835 66388546
cloud_controller_tkemenade 11363755068 43963 9656

1721199978.5823572 66388546
cloud0_tkemenade 24574758379 44882 6558

1721199979.5849717 66388613
cloud_controller_tkemenade 11363755068 43996 9664

1721199979.5854986 66388613
cloud0_tkemenade 24574758379 44905 6564

1721199980.587854 66388657
cloud_controller_tkemenade 11364594840 44015 9670

1721199980.588397 66388657
cloud0_tkemenade 24575626040 44915 6567

1721199981.5907855 66388722
cloud_controller_tkemenade 11364594840 44033 9694

1721199981.59134 66388722
cloud0_tkemenade 24575626040 44936 6570

1721199982.5938497 66388779
cloud_controller_tkemenade 11364594840 44061 9696

1721199982.5944262 66388779
cloud0_tkemenade 24575626040 44950 6571

1721199983.596849 66388835
cloud_controller_tkemenade 11364594840 44092 9703

1721199983.5973873 66388835
cloud0_tkemenade 24575626040 44959 6573

