1717339996.1809254 340409273
cloud_controller_tkemenade 7863615096 18191 3887
cloud0_tkemenade 19417230987 13784 2838

1717339997.183712 340409619
cloud_controller_tkemenade 7863615096 18253 3909

1717339997.1842666 340409619
cloud0_tkemenade 19417230987 13966 2877

1717339998.1867313 340409872
cloud_controller_tkemenade 7863615096 18310 3927

1717339998.187295 340409872
cloud0_tkemenade 19417230987 14093 2908

1717339999.1898196 340410128
cloud_controller_tkemenade 7863615096 18405 3958

1717339999.1903815 340410128
cloud0_tkemenade 19417230987 14180 2929

1717340000.1928625 340410324
cloud_controller_tkemenade 7863615096 18478 3979

1717340000.1932898 340410324
cloud0_tkemenade 19417230987 14231 2939

1717340001.195606 340410680
cloud_controller_tkemenade 7863615096 18511 3993

1717340001.1961448 340410680
cloud0_tkemenade 19417230987 14272 2946

1717340002.1985357 340410829
cloud_controller_tkemenade 7863615096 18539 4003

1717340002.198905 340410829
cloud0_tkemenade 19417230987 14310 2952

1717340003.2012494 340410967
cloud_controller_tkemenade 7863615096 18563 4009

1717340003.2017908 340410967
cloud0_tkemenade 19417230987 14342 2959

1717340004.2043936 340411118
cloud_controller_tkemenade 7863615096 18597 4020

1717340004.2049534 340411118
cloud0_tkemenade 19417230987 14391 2964

1717340005.2076082 340411424
cloud_controller_tkemenade 7863615096 18712 4047

1717340005.2081695 340411424
cloud0_tkemenade 19417230987 14485 2982

1717340006.2105658 340411618
cloud_controller_tkemenade 7863615096 18759 4059

1717340006.2109008 340411618
cloud0_tkemenade 19417230987 14565 2996

1717340007.2132092 340411905
cloud_controller_tkemenade 7863615096 18803 4073

1717340007.21368 340411905
cloud0_tkemenade 19417230987 14723 3021

1717340008.216178 340412082
cloud_controller_tkemenade 7863615096 18834 4081

1717340008.2167268 340412082
cloud0_tkemenade 19417230987 14790 3040

1717340009.2193608 340412224
cloud_controller_tkemenade 7863615096 18863 4094

1717340009.2199225 340412224
cloud0_tkemenade 19417230987 14830 3050

1717340010.2222145 340412440
cloud_controller_tkemenade 7865626328 18913 4109

1717340010.2225263 340412440
cloud0_tkemenade 19420313369 14919 3065

1717340011.2246027 340412825
cloud_controller_tkemenade 7865626328 18944 4122

1717340011.2251425 340412825
cloud0_tkemenade 19420313369 14995 3087

1717340012.227606 340412986
cloud_controller_tkemenade 7865626328 18986 4141

1717340012.2281718 340412986
cloud0_tkemenade 19420313369 15051 3109

1717340013.2305567 340413114
cloud_controller_tkemenade 7865626328 19010 4149

1717340013.2311366 340413114
cloud0_tkemenade 19420313369 15093 3119

1717340014.2339144 340413259
cloud_controller_tkemenade 7865626328 19046 4160

1717340014.2344728 340413259
cloud0_tkemenade 19420313369 15112 3128

1717340015.2368321 340413430
cloud_controller_tkemenade 7865626328 19079 4168

1717340015.2374456 340413431
cloud0_tkemenade 19420313369 15157 3137

1717340016.2399833 340413565
cloud_controller_tkemenade 7865626328 19115 4179

1717340016.2405393 340413565
cloud0_tkemenade 19420313369 15176 3144

1717340017.2428317 340413712
cloud_controller_tkemenade 7867059690 19136 4185

1717340017.2433438 340413712
cloud0_tkemenade 19422140203 15215 3154

1717340018.2457106 340413883
cloud_controller_tkemenade 7867059690 19164 4199

1717340018.246267 340413883
cloud0_tkemenade 19422140203 15252 3170

1717340019.2487152 340414030
cloud_controller_tkemenade 7867059690 19204 4209

1717340019.2493017 340414031
cloud0_tkemenade 19422140203 15292 3179

1717340020.2517562 340414162
cloud_controller_tkemenade 7867059690 19228 4219

1717340020.2521164 340414162
cloud0_tkemenade 19422140203 15322 3185

1717340021.2543051 340414510
cloud_controller_tkemenade 7867059690 19257 4226

1717340021.2548459 340414510
cloud0_tkemenade 19422140203 15348 3188

1717340022.2574263 340414667
cloud_controller_tkemenade 7867059690 19284 4238

1717340022.2577407 340414667
cloud0_tkemenade 19422140203 15398 3197

1717340023.2599819 340414818
cloud_controller_tkemenade 7867059690 19317 4252

1717340023.2605486 340414818
cloud0_tkemenade 19422140203 15434 3207

1717340024.262991 340414973
cloud_controller_tkemenade 7867059690 19340 4259

1717340024.263548 340414973
cloud0_tkemenade 19422140203 15483 3217

1717340024.5645363 340415024
cloud_controller_tkemenade 7868359780 19349 4263

1717340024.565095 340415024
cloud0_tkemenade 19423646514 15487 3220

1717340025.5675645 340415182
cloud_controller_tkemenade 7868359780 19378 4274

1717340025.5681102 340415182
cloud0_tkemenade 19423646514 15541 3230

1717340026.570436 340415344
cloud_controller_tkemenade 7868359780 19425 4290

1717340026.5709832 340415344
cloud0_tkemenade 19423646514 15567 3234

1717340027.5734293 340415531
cloud_controller_tkemenade 7868359780 19463 4301

1717340027.5740411 340415531
cloud0_tkemenade 19423646514 15619 3242

1717340028.5767257 340415723
cloud_controller_tkemenade 7868359780 19514 4318

1717340028.5773265 340415723
cloud0_tkemenade 19423646514 15669 3250

1717340029.5799398 340415894
cloud_controller_tkemenade 7868359780 19543 4335

1717340029.5804596 340415894
cloud0_tkemenade 19423646514 15700 3256

1717340030.5828147 340416123
cloud_controller_tkemenade 7868359780 19566 4344

1717340030.5831547 340416123
cloud0_tkemenade 19423646514 15755 3259

1717340031.5851774 340416374
cloud_controller_tkemenade 7868359780 19596 4358

1717340031.5857177 340416374
cloud0_tkemenade 19423646514 15785 3266

1717340031.7863295 340416407
cloud_controller_tkemenade 7869977468 19606 4360

1717340031.7868807 340416407
cloud0_tkemenade 19425282638 15795 3267

1717340032.7892973 340416543
cloud_controller_tkemenade 7869977468 19633 4371

1717340032.7898526 340416543
cloud0_tkemenade 19425282638 15828 3274

1717340033.7922757 340416680
cloud_controller_tkemenade 7869977468 19661 4386

1717340033.7928255 340416680
cloud0_tkemenade 19425282638 15865 3279

1717340034.7951527 340416824
cloud_controller_tkemenade 7869977468 19688 4403

1717340034.795702 340416824
cloud0_tkemenade 19425282638 15891 3283

1717340035.798297 340417048
cloud_controller_tkemenade 7869977468 19738 4411

1717340035.7988634 340417048
cloud0_tkemenade 19425282638 15956 3294

1717340036.8012679 340417232
cloud_controller_tkemenade 7869977468 19781 4422

1717340036.8018446 340417232
cloud0_tkemenade 19425282638 16009 3312

1717340037.804294 340417376
cloud_controller_tkemenade 7869977468 19802 4437

1717340037.8048463 340417376
cloud0_tkemenade 19425282638 16055 3323

1717340038.8073928 340417624
cloud_controller_tkemenade 7871466895 19844 4447

1717340038.807957 340417624
cloud0_tkemenade 19426959962 16093 3336

1717340039.8105693 340417789
cloud_controller_tkemenade 7871466895 19868 4469

1717340039.8111382 340417789
cloud0_tkemenade 19426959962 16120 3347

1717340040.8134334 340418125
cloud_controller_tkemenade 7871466895 19907 4485

1717340040.8137815 340418125
cloud0_tkemenade 19426959962 16164 3355

1717340041.8161101 340418373
cloud_controller_tkemenade 7871466895 19938 4492

1717340041.8166692 340418373
cloud0_tkemenade 19426959962 16193 3364

1717340042.8191905 340418526
cloud_controller_tkemenade 7871466895 19970 4510

1717340042.8197386 340418526
cloud0_tkemenade 19426959962 16236 3378

1717340043.8222284 340418652
cloud_controller_tkemenade 7871466895 20001 4523

1717340043.8227623 340418652
cloud0_tkemenade 19426959962 16255 3384

1717340044.8252642 340418792
cloud_controller_tkemenade 7871466895 20027 4534

1717340044.8258247 340418792
cloud0_tkemenade 19426959962 16289 3396

1717340045.8283517 340418944
cloud_controller_tkemenade 7871466895 20060 4542

1717340045.8288386 340418944
cloud0_tkemenade 19426959962 16322 3402

1717340045.9292662 340418968
cloud_controller_tkemenade 7872904594 20068 4544

1717340045.9296126 340418968
cloud0_tkemenade 19428286728 16323 3402

1717340046.9319086 340419101
cloud_controller_tkemenade 7872904594 20098 4559

1717340046.932384 340419101
cloud0_tkemenade 19428286728 16346 3404

1717340047.9347703 340419238
cloud_controller_tkemenade 7872904594 20131 4572

1717340047.9351268 340419238
cloud0_tkemenade 19428286728 16383 3415

1717340048.9377375 340419430
cloud_controller_tkemenade 7872904594 20171 4586

1717340048.938398 340419430
cloud0_tkemenade 19428286728 16427 3427

1717340049.9409783 340419565
cloud_controller_tkemenade 7872904594 20193 4596

1717340049.9413457 340419565
cloud0_tkemenade 19428286728 16453 3434

1717340050.9434578 340419854
cloud_controller_tkemenade 7872904594 20220 4612

1717340050.944003 340419854
cloud0_tkemenade 19428286728 16476 3439

1717340051.946478 340420035
cloud_controller_tkemenade 7872904594 20243 4619

1717340051.9470167 340420035
cloud0_tkemenade 19428286728 16499 3446

1717340052.9494717 340420191
cloud_controller_tkemenade 7872904594 20278 4632

1717340052.9500163 340420191
cloud0_tkemenade 19428286728 16535 3454

1717340053.0504768 340420211
cloud_controller_tkemenade 7874275540 20282 4634

1717340053.0509965 340420211
cloud0_tkemenade 19429493707 16539 3456

1717340054.0535147 340420362
cloud_controller_tkemenade 7874275540 20301 4643

1717340054.0540626 340420362
cloud0_tkemenade 19429493707 16590 3467

1717340055.0564568 340420496
cloud_controller_tkemenade 7874275540 20329 4654

1717340055.057 340420496
cloud0_tkemenade 19429493707 16637 3476

1717340056.059387 340420647
cloud_controller_tkemenade 7874275540 20370 4666

1717340056.0599518 340420647
cloud0_tkemenade 19429493707 16673 3481

1717340057.0622482 340420836
cloud_controller_tkemenade 7874275540 20398 4675

1717340057.0627887 340420836
cloud0_tkemenade 19429493707 16744 3491

1717340058.0654597 340420971
cloud_controller_tkemenade 7874275540 20435 4686

1717340058.0659869 340420971
cloud0_tkemenade 19429493707 16770 3496

1717340059.0686667 340421192
cloud_controller_tkemenade 7874275540 20480 4699

1717340059.069226 340421192
cloud0_tkemenade 19429493707 16826 3505

1717340060.0717528 340421316
cloud_controller_tkemenade 7874275540 20508 4711

1717340060.0720794 340421316
cloud0_tkemenade 19429493707 16852 3508

1717340060.172383 340421325
cloud_controller_tkemenade 7875659222 20510 4712

1717340060.1727252 340421325
cloud0_tkemenade 19431149662 16854 3511

1717340061.174876 340421665
cloud_controller_tkemenade 7875659222 20546 4721

1717340061.1754158 340421665
cloud0_tkemenade 19431149662 16884 3517

1717340062.1778672 340421813
cloud_controller_tkemenade 7875659222 20581 4730

1717340062.1784155 340421813
cloud0_tkemenade 19431149662 16913 3522

1717340063.1810143 340421934
cloud_controller_tkemenade 7875659222 20612 4739

1717340063.1815736 340421934
cloud0_tkemenade 19431149662 16934 3525

1717340064.1840994 340422096
cloud_controller_tkemenade 7875659222 20638 4749

1717340064.184689 340422096
cloud0_tkemenade 19431149662 16996 3529

1717340065.1871457 340422229
cloud_controller_tkemenade 7875659222 20667 4762

1717340065.1876829 340422229
cloud0_tkemenade 19431149662 17026 3535

1717340066.1901867 340422436
cloud_controller_tkemenade 7875659222 20716 4775

1717340066.1907494 340422436
cloud0_tkemenade 19431149662 17087 3548

1717340067.1932461 340422641
cloud_controller_tkemenade 7875659222 20753 4787

1717340067.1938047 340422641
cloud0_tkemenade 19431149662 17173 3559

1717340067.394481 340422665
cloud_controller_tkemenade 7877134692 20759 4789

1717340067.3950274 340422665
cloud0_tkemenade 19432852828 17177 3560

1717340068.3975048 340422805
cloud_controller_tkemenade 7877134692 20783 4797

1717340068.3978963 340422805
cloud0_tkemenade 19432852828 17203 3567

1717340069.40017 340423011
cloud_controller_tkemenade 7877134692 20830 4809

1717340069.4007382 340423011
cloud0_tkemenade 19432852828 17247 3578

1717340070.4031372 340423180
cloud_controller_tkemenade 7877134692 20866 4822

1717340070.4037132 340423180
cloud0_tkemenade 19432852828 17287 3587

1717340071.4061115 340423527
cloud_controller_tkemenade 7877134692 20902 4833

1717340071.406676 340423527
cloud0_tkemenade 19432852828 17316 3595

1717340072.4090967 340423661
cloud_controller_tkemenade 7877134692 20933 4844

1717340072.40966 340423661
cloud0_tkemenade 19432852828 17350 3606

1717340073.4123592 340423792
cloud_controller_tkemenade 7877134692 20962 4859

1717340073.4129307 340423792
cloud0_tkemenade 19432852828 17381 3612

1717340074.4154158 340423928
cloud_controller_tkemenade 7877134692 20992 4875

1717340074.4159539 340423928
cloud0_tkemenade 19432852828 17407 3616

1717340074.5164628 340423940
cloud_controller_tkemenade 7878598022 20994 4877

1717340074.5170186 340423940
cloud0_tkemenade 19434161164 17411 3616

1717340075.519501 340424064
cloud_controller_tkemenade 7878598022 21027 4889

1717340075.5200539 340424064
cloud0_tkemenade 19434161164 17442 3624

1717340076.522425 340424191
cloud_controller_tkemenade 7878598022 21058 4901

1717340076.5229897 340424191
cloud0_tkemenade 19434161164 17468 3628

1717340077.525475 340424335
cloud_controller_tkemenade 7878598022 21096 4916

1717340077.5260262 340424335
cloud0_tkemenade 19434161164 17501 3639

1717340078.5285738 340424452
cloud_controller_tkemenade 7878598022 21123 4924

1717340078.529131 340424453
cloud0_tkemenade 19434161164 17526 3643

1717340079.5316167 340424658
cloud_controller_tkemenade 7878598022 21164 4951

1717340079.532158 340424658
cloud0_tkemenade 19434161164 17567 3660

1717340080.5345037 340424828
cloud_controller_tkemenade 7878598022 21181 4959

1717340080.5348313 340424828
cloud0_tkemenade 19434161164 17588 3668

1717340081.5371394 340425095
cloud_controller_tkemenade 7878598022 21210 4972

1717340081.537717 340425095
cloud0_tkemenade 19434161164 17610 3673

1717340081.6381624 340425110
cloud_controller_tkemenade 7880038539 21211 4972

1717340081.6386802 340425110
cloud0_tkemenade 19435351749 17611 3673

1717340082.641134 340425243
cloud_controller_tkemenade 7880038539 21236 4982

1717340082.6417513 340425243
cloud0_tkemenade 19435351749 17637 3681

1717340083.6442163 340425374
cloud_controller_tkemenade 7880038539 21273 4995

1717340083.6447725 340425374
cloud0_tkemenade 19435351749 17659 3687

1717340084.6472769 340425516
cloud_controller_tkemenade 7880038539 21292 5003

1717340084.647832 340425516
cloud0_tkemenade 19435351749 17695 3698

1717340085.6503358 340425661
cloud_controller_tkemenade 7880038539 21327 5013

1717340085.6509042 340425661
cloud0_tkemenade 19435351749 17740 3710

1717340086.6532688 340425808
cloud_controller_tkemenade 7880038539 21360 5025

1717340086.6538222 340425808
cloud0_tkemenade 19435351749 17773 3718

1717340087.6563783 340425954
cloud_controller_tkemenade 7880038539 21397 5037

1717340087.6567237 340425954
cloud0_tkemenade 19435351749 17814 3727

1717340088.6590364 340426100
cloud_controller_tkemenade 7881338221 21436 5046

1717340088.6596014 340426100
cloud0_tkemenade 19436633442 17842 3732

1717340089.6620288 340426304
cloud_controller_tkemenade 7881338221 21475 5058

1717340089.662599 340426304
cloud0_tkemenade 19436633442 17885 3742

1717340090.6649067 340426502
cloud_controller_tkemenade 7881338221 21489 5068

1717340090.6654835 340426506
cloud0_tkemenade 19436633442 17900 3746

1717340091.6679082 340426726
cloud_controller_tkemenade 7881338221 21541 5078

1717340091.6684742 340426726
cloud0_tkemenade 19436633442 17925 3755

1717340092.671018 340426878
cloud_controller_tkemenade 7881338221 21563 5085

1717340092.671573 340426878
cloud0_tkemenade 19436633442 17963 3769

1717340093.673859 340427019
cloud_controller_tkemenade 7881338221 21596 5094

1717340093.6744123 340427019
cloud0_tkemenade 19436633442 17993 3775

1717340094.676984 340427152
cloud_controller_tkemenade 7881338221 21620 5102

1717340094.6775563 340427154
cloud0_tkemenade 19436633442 18006 3781

1717340095.6798801 340427304
cloud_controller_tkemenade 7881338221 21656 5113

1717340095.6804168 340427304
cloud0_tkemenade 19436633442 18058 3796

1717340095.7808645 340427328
cloud_controller_tkemenade 7882711846 21659 5114

1717340095.7814133 340427329
cloud0_tkemenade 19437965858 18073 3799

1717340096.7839882 340427497
cloud_controller_tkemenade 7882711846 21708 5122

1717340096.784553 340427497
cloud0_tkemenade 19437965858 18119 3808

1717340097.7867856 340427672
cloud_controller_tkemenade 7882711846 21743 5132

1717340097.7873352 340427672
cloud0_tkemenade 19437965858 18163 3820

1717340098.789657 340427804
cloud_controller_tkemenade 7882711846 21766 5137

1717340098.7903175 340427804
cloud0_tkemenade 19437965858 18183 3826

1717340099.7928302 340427998
cloud_controller_tkemenade 7882711846 21809 5151

1717340099.7933998 340428000
cloud0_tkemenade 19437965858 18222 3835

1717340100.7956245 340428283
cloud_controller_tkemenade 7882711846 21842 5164

1717340100.7961679 340428283
cloud0_tkemenade 19437965858 18256 3842

1717340101.7983577 340428479
cloud_controller_tkemenade 7882711846 21879 5176

1717340101.7989044 340428479
cloud0_tkemenade 19437965858 18276 3848

1717340102.8012269 340428646
cloud_controller_tkemenade 7882711846 21907 5183

1717340102.8015625 340428646
cloud0_tkemenade 19437965858 18318 3860

1717340102.9018939 340428660
cloud_controller_tkemenade 7884156461 21907 5183

1717340102.9024754 340428660
cloud0_tkemenade 19439415045 18319 3860

1717340103.9048371 340428782
cloud_controller_tkemenade 7884156461 21938 5199

1717340103.9051995 340428782
cloud0_tkemenade 19439415045 18339 3864

1717340104.9075243 340428913
cloud_controller_tkemenade 7884156461 21966 5208

1717340104.9078734 340428913
cloud0_tkemenade 19439415045 18357 3871

1717340105.9102352 340429028
cloud_controller_tkemenade 7884156461 22000 5218

1717340105.9107888 340429028
cloud0_tkemenade 19439415045 18385 3876

1717340106.9133904 340429130
cloud_controller_tkemenade 7884156461 22029 5230

1717340106.913924 340429130
cloud0_tkemenade 19439415045 18396 3880

1717340107.9166293 340429290
cloud_controller_tkemenade 7884156461 22069 5241

1717340107.9172287 340429291
cloud0_tkemenade 19439415045 18422 3892

1717340108.9195275 340429408
cloud_controller_tkemenade 7884156461 22096 5250

1717340108.9198816 340429408
cloud0_tkemenade 19439415045 18448 3898

1717340109.9222891 340429608
cloud_controller_tkemenade 7885546698 22133 5264

1717340109.9228375 340429608
cloud0_tkemenade 19440364586 18480 3909

1717340110.9252594 340429870
cloud_controller_tkemenade 7885546698 22151 5274

1717340110.9258041 340429870
cloud0_tkemenade 19440364586 18500 3911

1717340111.9283197 340430061
cloud_controller_tkemenade 7885546698 22191 5285

1717340111.928856 340430061
cloud0_tkemenade 19440364586 18515 3917

1717340112.931547 340430217
cloud_controller_tkemenade 7885546698 22221 5291

1717340112.9320872 340430217
cloud0_tkemenade 19440364586 18551 3926

1717340113.9342923 340430355
cloud_controller_tkemenade 7885546698 22248 5306

1717340113.9348578 340430355
cloud0_tkemenade 19440364586 18589 3933

1717340114.9374547 340430509
cloud_controller_tkemenade 7885546698 22272 5314

1717340114.9379928 340430509
cloud0_tkemenade 19440364586 18624 3939

1717340115.940442 340430700
cloud_controller_tkemenade 7885546698 22302 5323

1717340115.9408026 340430700
cloud0_tkemenade 19440364586 18721 3949

1717340116.9427445 340430881
cloud_controller_tkemenade 7886763224 22336 5332

1717340116.9432943 340430881
cloud0_tkemenade 19442021037 18800 3963

1717340117.9454422 340431115
cloud_controller_tkemenade 7886763224 22381 5348

1717340117.945996 340431115
cloud0_tkemenade 19442021037 18906 4018

1717340118.9484549 340431324
cloud_controller_tkemenade 7886763224 22410 5362

1717340118.9490085 340431324
cloud0_tkemenade 19442021037 19010 4040

1717340119.9514997 340431628
cloud_controller_tkemenade 7886763224 22496 5396

1717340119.9518535 340431628
cloud0_tkemenade 19442021037 19119 4059

1717340120.9539766 340432040
cloud_controller_tkemenade 7886763224 22546 5415

1717340120.954332 340432040
cloud0_tkemenade 19442021037 19250 4075

1717340121.9567246 340432298
cloud_controller_tkemenade 7886763224 22630 5467

1717340121.9573448 340432299
cloud0_tkemenade 19442021037 19322 4089

1717340122.9597063 340432550
cloud_controller_tkemenade 7886763224 22736 5510

1717340122.960241 340432550
cloud0_tkemenade 19442021037 19392 4103

1717340123.9626036 340432776
cloud_controller_tkemenade 7886763224 22846 5540

1717340123.9631658 340432776
cloud0_tkemenade 19442021037 19422 4115

1717340124.1638234 340432832
cloud_controller_tkemenade 7890258885 22864 5542

1717340124.1641626 340432832
cloud0_tkemenade 19445773173 19431 4117

1717340125.1665754 340433104
cloud_controller_tkemenade 7890258885 23010 5562

1717340125.1671362 340433104
cloud0_tkemenade 19445773173 19462 4126

1717340126.1696444 340433434
cloud_controller_tkemenade 7890258885 23124 5592

1717340126.1701853 340433434
cloud0_tkemenade 19445773173 19622 4139

1717340127.1727235 340433752
cloud_controller_tkemenade 7890258885 23219 5614

1717340127.1733088 340433752
cloud0_tkemenade 19445773173 19777 4165

1717340128.1756907 340433970
cloud_controller_tkemenade 7890258885 23257 5632

1717340128.1762521 340433970
cloud0_tkemenade 19445773173 19870 4193

1717340129.1788175 340434368
cloud_controller_tkemenade 7890258885 23303 5649

1717340129.1793756 340434368
cloud0_tkemenade 19445773173 20144 4209

1717340130.1820025 340434724
cloud_controller_tkemenade 7890258885 23388 5668

1717340130.1823406 340434724
cloud0_tkemenade 19445773173 20321 4224

1717340131.1844718 340435234
cloud_controller_tkemenade 7890258885 23502 5679

1717340131.1850023 340435234
cloud0_tkemenade 19445773173 20463 4242

1717340131.385695 340435300
cloud_controller_tkemenade 7894141044 23533 5684

1717340131.3862193 340435300
cloud0_tkemenade 19451448217 20477 4246

1717340132.3884768 340435559
cloud_controller_tkemenade 7894141044 23633 5714

1717340132.3890238 340435559
cloud0_tkemenade 19451448217 20586 4272

1717340133.3915493 340436016
cloud_controller_tkemenade 7894141044 23928 5733

1717340133.3921173 340436016
cloud0_tkemenade 19451448217 20675 4309

1717340134.3945544 340436420
cloud_controller_tkemenade 7894141044 24120 5747

1717340134.3951042 340436420
cloud0_tkemenade 19451448217 20781 4318

1717340135.3974802 340436858
cloud_controller_tkemenade 7894141044 24355 5767

1717340135.3980587 340436858
cloud0_tkemenade 19451448217 20904 4333

1717340136.4004426 340437355
cloud_controller_tkemenade 7894141044 24652 5811

1717340136.400939 340437355
cloud0_tkemenade 19451448217 21051 4347

1717340137.4032364 340437682
cloud_controller_tkemenade 7894141044 24868 5826

1717340137.4037893 340437682
cloud0_tkemenade 19451448217 21102 4369

1717340138.4061816 340438033
cloud_controller_tkemenade 7902830597 25073 5839

1717340138.406748 340438033
cloud0_tkemenade 19455636077 21151 4383

1717340139.4092615 340438380
cloud_controller_tkemenade 7902830597 25307 5862

1717340139.4098256 340438380
cloud0_tkemenade 19455636077 21186 4392

1717340140.412266 340438622
cloud_controller_tkemenade 7902830597 25429 5886

1717340140.4128227 340438622
cloud0_tkemenade 19455636077 21200 4397

1717340141.4151757 340439026
cloud_controller_tkemenade 7902830597 25557 5909

1717340141.4157116 340439026
cloud0_tkemenade 19455636077 21228 4406

1717340142.4183693 340439263
cloud_controller_tkemenade 7902830597 25696 5932

1717340142.418918 340439263
cloud0_tkemenade 19455636077 21249 4414

1717340143.4214854 340439512
cloud_controller_tkemenade 7902830597 25839 5944

1717340143.422033 340439512
cloud0_tkemenade 19455636077 21271 4419

1717340144.4245634 340439784
cloud_controller_tkemenade 7902830597 25983 5967

1717340144.4251215 340439784
cloud0_tkemenade 19455636077 21296 4423

1717340145.4276512 340440034
cloud_controller_tkemenade 7902830597 26106 5978

1717340145.4281995 340440034
cloud0_tkemenade 19455636077 21335 4427

1717340145.628905 340440089
cloud_controller_tkemenade 7908569347 26136 5981

1717340145.6294596 340440091
cloud0_tkemenade 19456761883 21338 4428

1717340146.6319518 340440320
cloud_controller_tkemenade 7908569347 26255 5993

1717340146.6324997 340440320
cloud0_tkemenade 19456761883 21372 4431

1717340147.6349611 340440571
cloud_controller_tkemenade 7908569347 26388 6012

1717340147.635303 340440571
cloud0_tkemenade 19456761883 21408 4441

1717340148.6374907 340440778
cloud_controller_tkemenade 7908569347 26479 6027

1717340148.6380258 340440778
cloud0_tkemenade 19456761883 21429 4445

1717340149.640207 340440928
cloud_controller_tkemenade 7908569347 26522 6040

1717340149.6407478 340440928
cloud0_tkemenade 19456761883 21474 4456

1717340150.6429927 340441173
cloud_controller_tkemenade 7908569347 26546 6046

1717340150.643403 340441173
cloud0_tkemenade 19456761883 21482 4460

1717340151.645408 340441444
cloud_controller_tkemenade 7908569347 26597 6057

1717340151.6459439 340441444
cloud0_tkemenade 19456761883 21509 4469

1717340152.648151 340441618
cloud_controller_tkemenade 7911386171 26628 6066

1717340152.6484973 340441618
cloud0_tkemenade 19457928114 21537 4476

1717340153.6507843 340441764
cloud_controller_tkemenade 7911386171 26656 6076

1717340153.6513212 340441764
cloud0_tkemenade 19457928114 21552 4483

1717340154.653857 340441889
cloud_controller_tkemenade 7911386171 26681 6086

1717340154.654406 340441889
cloud0_tkemenade 19457928114 21564 4485

1717340155.6567385 340442074
cloud_controller_tkemenade 7911386171 26713 6100

1717340155.6573007 340442076
cloud0_tkemenade 19457928114 21608 4498

1717340156.661552 340442274
cloud_controller_tkemenade 7911386171 26770 6112

1717340156.6620908 340442274
cloud0_tkemenade 19457928114 21661 4509

1717340157.6645865 340442454
cloud_controller_tkemenade 7911386171 26807 6123

1717340157.6649332 340442454
cloud0_tkemenade 19457928114 21715 4528

1717340158.667393 340442600
cloud_controller_tkemenade 7911386171 26831 6133

1717340158.6679153 340442600
cloud0_tkemenade 19457928114 21734 4531

1717340159.6703057 340442790
cloud_controller_tkemenade 7911386171 26867 6144

1717340159.6708465 340442790
cloud0_tkemenade 19457928114 21780 4544

1717340159.8715134 340442846
cloud_controller_tkemenade 7912862142 26886 6148

1717340159.8720748 340442846
cloud0_tkemenade 19459328961 21790 4547

1717340160.8745363 340443170
cloud_controller_tkemenade 7912862142 26901 6169

1717340160.8750837 340443170
cloud0_tkemenade 19459328961 21812 4552

1717340161.8775067 340443410
cloud_controller_tkemenade 7912862142 26930 6186

1717340161.8780458 340443410
cloud0_tkemenade 19459328961 21841 4562

1717340162.880676 340443661
cloud_controller_tkemenade 7912862142 27043 6196

1717340162.8812625 340443662
cloud0_tkemenade 19459328961 21878 4572

1717340163.883792 340443820
cloud_controller_tkemenade 7912862142 27083 6213

1717340163.8843524 340443820
cloud0_tkemenade 19459328961 21894 4578

1717340164.8867943 340443970
cloud_controller_tkemenade 7912862142 27111 6230

1717340164.8873522 340443970
cloud0_tkemenade 19459328961 21913 4588

1717340165.8898897 340444092
cloud_controller_tkemenade 7912862142 27140 6242

1717340165.8904426 340444092
cloud0_tkemenade 19459328961 21929 4594

1717340166.892885 340444212
cloud_controller_tkemenade 7912862142 27168 6256

1717340166.8933957 340444215
cloud0_tkemenade 19459328961 21952 4601

1717340166.9938629 340444231
cloud_controller_tkemenade 7914689661 27171 6256

1717340166.994408 340444231
cloud0_tkemenade 19460359517 21956 4602

1717340167.99668 340444377
cloud_controller_tkemenade 7914689661 27213 6271

1717340167.997231 340444378
cloud0_tkemenade 19460359517 21979 4613

1717340168.9998813 340444520
cloud_controller_tkemenade 7914689661 27237 6281

1717340169.0004473 340444520
cloud0_tkemenade 19460359517 22006 4622

1717340170.0029674 340444670
cloud_controller_tkemenade 7914689661 27275 6294

1717340170.0033152 340444670
cloud0_tkemenade 19460359517 22040 4631

1717340171.0053613 340444960
cloud_controller_tkemenade 7914689661 27293 6301

1717340171.0059092 340444960
cloud0_tkemenade 19460359517 22051 4635

1717340172.0083258 340445174
cloud_controller_tkemenade 7914689661 27329 6312

1717340172.008877 340445174
cloud0_tkemenade 19460359517 22084 4641

1717340173.0111985 340445314
cloud_controller_tkemenade 7914689661 27361 6322

1717340173.0117452 340445314
cloud0_tkemenade 19460359517 22108 4647

1717340174.0142689 340445460
cloud_controller_tkemenade 7914689661 27391 6333

1717340174.01483 340445460
cloud0_tkemenade 19460359517 22139 4657

1717340174.1153328 340445472
cloud_controller_tkemenade 7916014188 27392 6334

1717340174.1159108 340445472
cloud0_tkemenade 19461446882 22140 4659

1717340175.1183877 340445638
cloud_controller_tkemenade 7916014188 27418 6345

1717340175.118946 340445638
cloud0_tkemenade 19461446882 22169 4669

1717340176.1214902 340445770
cloud_controller_tkemenade 7916014188 27447 6352

1717340176.1220393 340445770
cloud0_tkemenade 19461446882 22196 4672

1717340177.124552 340445922
cloud_controller_tkemenade 7916014188 27489 6367

1717340177.1250985 340445922
cloud0_tkemenade 19461446882 22243 4679

1717340178.1275685 340446061
cloud_controller_tkemenade 7916014188 27535 6384

1717340178.128128 340446061
cloud0_tkemenade 19461446882 22268 4685

1717340179.1306555 340446210
cloud_controller_tkemenade 7916014188 27571 6399

1717340179.1312094 340446210
cloud0_tkemenade 19461446882 22304 4690

1717340180.133809 340446340
cloud_controller_tkemenade 7916014188 27612 6419

1717340180.1341608 340446340
cloud0_tkemenade 19461446882 22330 4698

1717340181.1366 340446651
cloud_controller_tkemenade 7916014188 27637 6432

1717340181.137134 340446652
cloud0_tkemenade 19461446882 22351 4703

1717340181.237589 340446672
cloud_controller_tkemenade 7917548908 27640 6432

1717340181.2381406 340446672
cloud0_tkemenade 19462581432 22352 4703

1717340182.2407038 340446855
cloud_controller_tkemenade 7917548908 27690 6446

1717340182.241264 340446856
cloud0_tkemenade 19462581432 22389 4709

1717340183.2435935 340446964
cloud_controller_tkemenade 7917548908 27717 6454

1717340183.2441268 340446964
cloud0_tkemenade 19462581432 22408 4713

1717340184.2464473 340447142
cloud_controller_tkemenade 7917548908 27756 6469

1717340184.2470043 340447142
cloud0_tkemenade 19462581432 22459 4717

1717340185.249496 340447299
cloud_controller_tkemenade 7917548908 27789 6482

1717340185.250051 340447299
cloud0_tkemenade 19462581432 22483 4723

1717340186.2525012 340447477
cloud_controller_tkemenade 7917548908 27831 6499

1717340186.2530344 340447477
cloud0_tkemenade 19462581432 22549 4734

1717340187.255443 340447677
cloud_controller_tkemenade 7917548908 27884 6514

1717340187.2559893 340447677
cloud0_tkemenade 19462581432 22632 4751

1717340188.2584872 340447830
cloud_controller_tkemenade 7917548908 27912 6519

1717340188.259042 340447830
cloud0_tkemenade 19462581432 22658 4758

1717340188.3595138 340447846
cloud_controller_tkemenade 7919177438 27914 6520

1717340188.360044 340447846
cloud0_tkemenade 19464205476 22661 4758

1717340189.3622434 340447994
cloud_controller_tkemenade 7919177438 27942 6532

1717340189.3628144 340447994
cloud0_tkemenade 19464205476 22686 4766

1717340190.365385 340448176
cloud_controller_tkemenade 7919177438 27993 6552

1717340190.3659222 340448176
cloud0_tkemenade 19464205476 22726 4780

1717340191.3685038 340448495
cloud_controller_tkemenade 7919177438 28023 6563

1717340191.369057 340448495
cloud0_tkemenade 19464205476 22748 4787

1717340192.372785 340448682
cloud_controller_tkemenade 7919177438 28063 6577

1717340192.3733563 340448682
cloud0_tkemenade 19464205476 22789 4799

1717340193.375828 340448788
cloud_controller_tkemenade 7919177438 28087 6583

1717340193.376374 340448788
cloud0_tkemenade 19464205476 22808 4804

1717340194.378911 340448924
cloud_controller_tkemenade 7919177438 28124 6590

1717340194.379463 340448924
cloud0_tkemenade 19464205476 22825 4809

1717340195.381827 340449095
cloud_controller_tkemenade 7919177438 28154 6604

1717340195.38237 340449095
cloud0_tkemenade 19464205476 22848 4815

1717340195.5831282 340449116
cloud_controller_tkemenade 7920674085 28162 6605

1717340195.583652 340449116
cloud0_tkemenade 19465326831 22850 4815

1717340196.5859873 340449213
cloud_controller_tkemenade 7920674085 28192 6615

1717340196.586514 340449213
cloud0_tkemenade 19465326831 22870 4821

1717340197.589146 340449339
cloud_controller_tkemenade 7920674085 28219 6626

1717340197.5894928 340449339
cloud0_tkemenade 19465326831 22900 4834

1717340198.591971 340449454
cloud_controller_tkemenade 7920674085 28246 6635

1717340198.5925102 340449454
cloud0_tkemenade 19465326831 22923 4839

1717340199.5949955 340449610
cloud_controller_tkemenade 7920674085 28287 6650

1717340199.5955305 340449610
cloud0_tkemenade 19465326831 22943 4844

1717340200.5978959 340449829
cloud_controller_tkemenade 7920674085 28313 6663

1717340200.5984085 340449829
cloud0_tkemenade 19465326831 22973 4857

1717340201.6008859 340450077
cloud_controller_tkemenade 7920674085 28337 6668

1717340201.6014037 340450079
cloud0_tkemenade 19465326831 22994 4865

1717340202.6037762 340450267
cloud_controller_tkemenade 7920674085 28380 6675

1717340202.6043446 340450267
cloud0_tkemenade 19465326831 23023 4871

1717340202.8050375 340450292
cloud_controller_tkemenade 7921994126 28381 6677

1717340202.8056362 340450292
cloud0_tkemenade 19466367546 23029 4871

1717340203.808078 340450413
cloud_controller_tkemenade 7921994126 28405 6684

1717340203.8086445 340450413
cloud0_tkemenade 19466367546 23062 4882

1717340204.8110518 340450559
cloud_controller_tkemenade 7921994126 28440 6697

1717340204.8116188 340450559
cloud0_tkemenade 19466367546 23081 4889

1717340205.8140101 340450716
cloud_controller_tkemenade 7921994126 28473 6709

1717340205.8145475 340450716
cloud0_tkemenade 19466367546 23105 4909

1717340206.8170795 340450873
cloud_controller_tkemenade 7921994126 28505 6717

1717340206.8176334 340450873
cloud0_tkemenade 19466367546 23122 4938

1717340207.8202014 340451048
cloud_controller_tkemenade 7921994126 28541 6731

1717340207.8207579 340451048
cloud0_tkemenade 19466367546 23157 4959

1717340208.823318 340451246
cloud_controller_tkemenade 7921994126 28588 6750

1717340208.8238707 340451246
cloud0_tkemenade 19466367546 23203 4972

1717340209.8262904 340451433
cloud_controller_tkemenade 7923433291 28625 6759

1717340209.8268237 340451433
cloud0_tkemenade 19467767221 23234 4981

1717340210.8292391 340451749
cloud_controller_tkemenade 7923433291 28651 6769

1717340210.8297937 340451749
cloud0_tkemenade 19467767221 23248 5006

1717340211.8323195 340451974
cloud_controller_tkemenade 7923433291 28681 6777

1717340211.8328683 340451974
cloud0_tkemenade 19467767221 23263 5019

1717340212.8353553 340452197
cloud_controller_tkemenade 7923433291 28718 6788

1717340212.835778 340452197
cloud0_tkemenade 19467767221 23298 5029

1717340213.8383596 340452328
cloud_controller_tkemenade 7923433291 28741 6797

1717340213.8389008 340452328
cloud0_tkemenade 19467767221 23319 5036

1717340214.8415287 340452503
cloud_controller_tkemenade 7923433291 28772 6805

1717340214.8420682 340452503
cloud0_tkemenade 19467767221 23333 5042

1717340215.844526 340452696
cloud_controller_tkemenade 7923433291 28806 6820

1717340215.84507 340452696
cloud0_tkemenade 19467767221 23374 5054

1717340216.8473191 340452883
cloud_controller_tkemenade 7923433291 28845 6833

1717340216.847881 340452883
cloud0_tkemenade 19467767221 23431 5073

1717340216.9483778 340452902
cloud_controller_tkemenade 7924749089 28846 6834

1717340216.948908 340452902
cloud0_tkemenade 19469065178 23436 5074

1717340217.95129 340453050
cloud_controller_tkemenade 7924749089 28878 6841

1717340217.9518645 340453050
cloud0_tkemenade 19469065178 23466 5082

1717340218.954276 340453203
cloud_controller_tkemenade 7924749089 28908 6851

1717340218.9548218 340453203
cloud0_tkemenade 19469065178 23491 5086

1717340219.9574895 340453358
cloud_controller_tkemenade 7924749089 28959 6863

1717340219.9580321 340453358
cloud0_tkemenade 19469065178 23522 5093

1717340220.9604166 340453673
cloud_controller_tkemenade 7924749089 28991 6877

1717340220.9609566 340453673
cloud0_tkemenade 19469065178 23543 5104

1717340221.9634447 340453840
cloud_controller_tkemenade 7924749089 29020 6886

1717340221.963947 340453840
cloud0_tkemenade 19469065178 23570 5111

1717340222.9663365 340454031
cloud_controller_tkemenade 7924749089 29068 6893

1717340222.966882 340454031
cloud0_tkemenade 19469065178 23609 5117

1717340223.9694352 340454153
cloud_controller_tkemenade 7924749089 29093 6901

1717340223.96998 340454153
cloud0_tkemenade 19469065178 23625 5123

1717340224.170708 340454180
cloud_controller_tkemenade 7926187643 29098 6905

1717340224.1712537 340454180
cloud0_tkemenade 19470174533 23629 5124

1717340225.1736915 340454319
cloud_controller_tkemenade 7926187643 29128 6914

1717340225.1742342 340454319
cloud0_tkemenade 19470174533 23648 5127

1717340226.1766827 340454470
cloud_controller_tkemenade 7926187643 29157 6930

1717340226.1772509 340454470
cloud0_tkemenade 19470174533 23665 5132

1717340227.1798081 340454607
cloud_controller_tkemenade 7926187643 29191 6940

1717340227.1803358 340454607
cloud0_tkemenade 19470174533 23706 5140

1717340228.1828463 340454740
cloud_controller_tkemenade 7926187643 29232 6953

1717340228.183394 340454740
cloud0_tkemenade 19470174533 23723 5147

1717340229.185902 340454869
cloud_controller_tkemenade 7926187643 29258 6964

1717340229.1864395 340454869
cloud0_tkemenade 19470174533 23749 5153

1717340230.1889696 340454986
cloud_controller_tkemenade 7926187643 29286 6976

1717340230.1893218 340454986
cloud0_tkemenade 19470174533 23766 5162

1717340231.19279 340455305
cloud_controller_tkemenade 7927570462 29313 6988

1717340231.1933618 340455306
cloud0_tkemenade 19471047409 23777 5167

1717340232.195616 340455425
cloud_controller_tkemenade 7927570462 29335 6995

1717340232.196166 340455425
cloud0_tkemenade 19471047409 23812 5174

1717340233.1987507 340455614
cloud_controller_tkemenade 7927570462 29373 7014

1717340233.1993017 340455614
cloud0_tkemenade 19471047409 23838 5178

1717340234.2017906 340455730
cloud_controller_tkemenade 7927570462 29393 7024

1717340234.2023482 340455730
cloud0_tkemenade 19471047409 23864 5185

1717340235.2050574 340455886
cloud_controller_tkemenade 7927570462 29424 7040

1717340235.2056568 340455886
cloud0_tkemenade 19471047409 23899 5189

1717340236.2082596 340456056
cloud_controller_tkemenade 7927570462 29463 7058

1717340236.2088227 340456056
cloud0_tkemenade 19471047409 23924 5193

1717340237.2113786 340456208
cloud_controller_tkemenade 7927570462 29497 7073

1717340237.21195 340456208
cloud0_tkemenade 19471047409 23973 5202

1717340238.214537 340456362
cloud_controller_tkemenade 7927570462 29551 7089

1717340238.2151055 340456362
cloud0_tkemenade 19471047409 23987 5204

1717340238.4157908 340456397
cloud_controller_tkemenade 7929110613 29559 7092

1717340238.4163544 340456397
cloud0_tkemenade 19472171542 23997 5205

1717340239.418839 340456548
cloud_controller_tkemenade 7929110613 29594 7110

1717340239.4194052 340456548
cloud0_tkemenade 19472171542 24031 5210

1717340240.4219205 340456726
cloud_controller_tkemenade 7929110613 29632 7124

1717340240.4222953 340456726
cloud0_tkemenade 19472171542 24061 5215

1717340241.4248302 340457040
cloud_controller_tkemenade 7929110613 29665 7137

1717340241.425374 340457040
cloud0_tkemenade 19472171542 24076 5222

1717340242.4278924 340457201
cloud_controller_tkemenade 7929110613 29709 7147

1717340242.4284384 340457201
cloud0_tkemenade 19472171542 24118 5229

1717340243.430919 340457371
cloud_controller_tkemenade 7929110613 29742 7162

1717340243.4314806 340457371
cloud0_tkemenade 19472171542 24145 5232

1717340244.4340427 340457486
cloud_controller_tkemenade 7929110613 29766 7173

1717340244.4346015 340457486
cloud0_tkemenade 19472171542 24162 5235

1717340245.4368968 340457612
cloud_controller_tkemenade 7929110613 29794 7182

1717340245.4374862 340457612
cloud0_tkemenade 19472171542 24188 5239

1717340245.53794 340457634
cloud_controller_tkemenade 7930593440 29797 7184

1717340245.5384827 340457634
cloud0_tkemenade 19473215344 24191 5240

1717340246.5407505 340457845
cloud_controller_tkemenade 7930593440 29847 7204

1717340246.5413387 340457846
cloud0_tkemenade 19473215344 24249 5251

1717340247.5437706 340458002
cloud_controller_tkemenade 7930593440 29878 7223

1717340247.544317 340458002
cloud0_tkemenade 19473215344 24322 5270

1717340248.5468113 340458156
cloud_controller_tkemenade 7930593440 29913 7237

1717340248.5473647 340458156
cloud0_tkemenade 19473215344 24347 5279

1717340249.5497413 340458304
cloud_controller_tkemenade 7930593440 29942 7245

1717340249.550292 340458304
cloud0_tkemenade 19473215344 24375 5283

1717340250.5527775 340458572
cloud_controller_tkemenade 7930593440 29996 7263

1717340250.5533013 340458576
cloud0_tkemenade 19473215344 24442 5297

1717340251.555735 340458871
cloud_controller_tkemenade 7930593440 30026 7276

1717340251.5563633 340458871
cloud0_tkemenade 19473215344 24459 5304

1717340252.5587375 340459032
cloud_controller_tkemenade 7930593440 30061 7287

1717340252.5592875 340459032
cloud0_tkemenade 19473215344 24508 5325

1717340252.7598598 340459060
cloud_controller_tkemenade 7932297900 30067 7289

1717340252.7604396 340459060
cloud0_tkemenade 19475056161 24510 5326

1717340253.7630572 340459237
cloud_controller_tkemenade 7932297900 30107 7300

1717340253.7636046 340459237
cloud0_tkemenade 19475056161 24521 5333

1717340254.7662375 340459399
cloud_controller_tkemenade 7932297900 30133 7310

1717340254.7667935 340459399
cloud0_tkemenade 19475056161 24541 5345

1717340255.7693176 340459529
cloud_controller_tkemenade 7932297900 30161 7320

1717340255.7698731 340459529
cloud0_tkemenade 19475056161 24564 5350

1717340256.7723122 340459689
cloud_controller_tkemenade 7932297900 30193 7331

1717340256.772885 340459689
cloud0_tkemenade 19475056161 24586 5358

1717340257.775163 340459840
cloud_controller_tkemenade 7932297900 30223 7340

1717340257.7757351 340459840
cloud0_tkemenade 19475056161 24615 5367

1717340258.7781448 340460018
cloud_controller_tkemenade 7932297900 30254 7349

1717340258.7786949 340460018
cloud0_tkemenade 19475056161 24640 5374

1717340259.7810485 340460183
cloud_controller_tkemenade 7933528876 30280 7359

1717340259.781666 340460183
cloud0_tkemenade 19475929756 24656 5380

1717340260.7839105 340460474
cloud_controller_tkemenade 7933528876 30303 7373

1717340260.7844536 340460474
cloud0_tkemenade 19475929756 24680 5392

1717340261.786901 340460695
cloud_controller_tkemenade 7933528876 30334 7381

1717340261.7874575 340460695
cloud0_tkemenade 19475929756 24698 5401

1717340262.7899153 340460850
cloud_controller_tkemenade 7933528876 30368 7389

1717340262.790467 340460850
cloud0_tkemenade 19475929756 24737 5418

1717340263.793117 340461095
cloud_controller_tkemenade 7933528876 30407 7396

1717340263.7937045 340461095
cloud0_tkemenade 19475929756 24781 5429

1717340264.7962277 340461275
cloud_controller_tkemenade 7933528876 30436 7408

1717340264.7967887 340461275
cloud0_tkemenade 19475929756 24796 5434

1717340265.7992039 340461456
cloud_controller_tkemenade 7933528876 30460 7417

1717340265.799762 340461456
cloud0_tkemenade 19475929756 24838 5442

1717340266.8021874 340461698
cloud_controller_tkemenade 7933528876 30502 7433

1717340266.8024921 340461698
cloud0_tkemenade 19475929756 24893 5462

1717340266.902796 340461712
cloud_controller_tkemenade 7934896738 30504 7435

1717340266.9031627 340461712
cloud0_tkemenade 19477378878 24895 5462

1717340267.9055917 340461882
cloud_controller_tkemenade 7934896738 30546 7449

1717340267.9061525 340461882
cloud0_tkemenade 19477378878 24930 5481

1717340268.908662 340462103
cloud_controller_tkemenade 7934896738 30589 7461

1717340268.909229 340462104
cloud0_tkemenade 19477378878 24963 5493

1717340269.9117494 340462258
cloud_controller_tkemenade 7934896738 30621 7473

1717340269.9122963 340462258
cloud0_tkemenade 19477378878 24972 5496

1717340270.9145677 340462570
cloud_controller_tkemenade 7934896738 30641 7484

1717340270.9151099 340462570
cloud0_tkemenade 19477378878 25001 5510

1717340271.9177055 340462831
cloud_controller_tkemenade 7934896738 30675 7492

1717340271.918279 340462831
cloud0_tkemenade 19477378878 25025 5516

1717340272.9208918 340463119
cloud_controller_tkemenade 7934896738 30708 7503

1717340272.9214413 340463121
cloud0_tkemenade 19477378878 25065 5525

1717340273.923871 340463338
cloud_controller_tkemenade 7934896738 30744 7513

1717340273.9243755 340463338
cloud0_tkemenade 19477378878 25090 5525

1717340274.0248277 340463354
cloud_controller_tkemenade 7936338297 30746 7514

1717340274.0253978 340463354
cloud0_tkemenade 19478559968 25091 5525

1717340275.0278711 340463526
cloud_controller_tkemenade 7936338297 30778 7523

1717340275.0284421 340463526
cloud0_tkemenade 19478559968 25110 5532

1717340276.0308626 340463728
cloud_controller_tkemenade 7936338297 30813 7532

1717340276.031403 340463728
cloud0_tkemenade 19478559968 25160 5542

1717340277.0336196 340463964
cloud_controller_tkemenade 7936338297 30858 7546

1717340277.033957 340463964
cloud0_tkemenade 19478559968 25223 5559

1717340278.0361938 340464121
cloud_controller_tkemenade 7936338297 30886 7553

1717340278.0367358 340464121
cloud0_tkemenade 19478559968 25250 5566

1717340279.0392032 340464306
cloud_controller_tkemenade 7936338297 30912 7565

1717340279.0397575 340464306
cloud0_tkemenade 19478559968 25280 5572

1717340280.0422027 340464493
cloud_controller_tkemenade 7936338297 30959 7580

1717340280.0425231 340464493
cloud0_tkemenade 19478559968 25305 5577

1717340281.044777 340464865
cloud_controller_tkemenade 7937775036 30986 7594

1717340281.045293 340464867
cloud0_tkemenade 19479893441 25327 5586

1717340282.0475566 340465114
cloud_controller_tkemenade 7937775036 31007 7614

1717340282.0481026 340465114
cloud0_tkemenade 19479893441 25370 5592

1717340283.050627 340465345
cloud_controller_tkemenade 7937775036 31073 7626

1717340283.0511725 340465345
cloud0_tkemenade 19479893441 25399 5600

1717340284.0536716 340465608
cloud_controller_tkemenade 7937775036 31120 7636

1717340284.054225 340465608
cloud0_tkemenade 19479893441 25418 5608

1717340285.0576196 340465779
cloud_controller_tkemenade 7937775036 31148 7646

1717340285.0581708 340465779
cloud0_tkemenade 19479893441 25434 5611

1717340286.0607133 340465922
cloud_controller_tkemenade 7937775036 31177 7660

1717340286.0612526 340465922
cloud0_tkemenade 19479893441 25451 5615

1717340287.0636003 340466080
cloud_controller_tkemenade 7937775036 31208 7671

1717340287.064138 340466080
cloud0_tkemenade 19479893441 25472 5622

1717340288.066392 340466246
cloud_controller_tkemenade 7937775036 31246 7687

1717340288.0669272 340466246
cloud0_tkemenade 19479893441 25500 5631

1717340288.2675874 340466282
cloud_controller_tkemenade 7939293981 31255 7691

1717340288.2681081 340466282
cloud0_tkemenade 19480824270 25502 5632

1717340289.270456 340466462
cloud_controller_tkemenade 7939293981 31291 7704

1717340289.2709951 340466462
cloud0_tkemenade 19480824270 25524 5637

1717340290.2734306 340466623
cloud_controller_tkemenade 7939293981 31321 7714

1717340290.2739763 340466623
cloud0_tkemenade 19480824270 25534 5642

1717340291.276406 340466997
cloud_controller_tkemenade 7939293981 31348 7726

1717340291.2769375 340466997
cloud0_tkemenade 19480824270 25558 5653

1717340292.279265 340467148
cloud_controller_tkemenade 7939293981 31369 7742

1717340292.279815 340467148
cloud0_tkemenade 19480824270 25584 5661

1717340293.2822938 340467296
cloud_controller_tkemenade 7939293981 31407 7752

1717340293.282886 340467296
cloud0_tkemenade 19480824270 25624 5667

1717340294.2854283 340467501
cloud_controller_tkemenade 7939293981 31434 7762

1717340294.2859945 340467501
cloud0_tkemenade 19480824270 25659 5674

1717340295.288482 340467677
cloud_controller_tkemenade 7939293981 31462 7775

1717340295.2890387 340467677
cloud0_tkemenade 19480824270 25694 5681

1717340295.4897506 340467705
cloud_controller_tkemenade 7940613818 31464 7779

1717340295.4903123 340467705
cloud0_tkemenade 19481883613 25695 5683

