1721202049.2790844 66632487
cloud_controller_tkemenade 11679766727 25086 4285
cloud0_tkemenade 24915993333 22579 3413

1721202050.281946 66632737
cloud_controller_tkemenade 11679766727 25217 4294

1721202050.2825263 66632738
cloud0_tkemenade 24915993333 22691 3418

1721202051.2854223 66633092
cloud_controller_tkemenade 11679766727 25380 4296

1721202051.2859843 66633092
cloud0_tkemenade 24915993333 22882 3421

1721202052.2887177 66633378
cloud_controller_tkemenade 11679766727 25503 4308

1721202052.2892673 66633378
cloud0_tkemenade 24915993333 23052 3424

1721202053.292076 66633598
cloud_controller_tkemenade 11679766727 25573 4338

1721202053.2926245 66633598
cloud0_tkemenade 24915993333 23204 3435

1721202053.693808 66633678
cloud_controller_tkemenade 11684336187 25610 4343

1721202053.6943357 66633680
cloud0_tkemenade 24921526058 23249 3457

1721202054.6968055 66633947
cloud_controller_tkemenade 11684336187 25716 4347

1721202054.6973367 66633947
cloud0_tkemenade 24921526058 23410 3483

1721202055.700144 66634279
cloud_controller_tkemenade 11684336187 25857 4360

1721202055.700683 66634279
cloud0_tkemenade 24921526058 23603 3486

1721202056.703536 66634514
cloud_controller_tkemenade 11684336187 25928 4371

1721202056.7040958 66634514
cloud0_tkemenade 24921526058 23772 3493

1721202057.706774 66634698
cloud_controller_tkemenade 11684336187 25964 4379

1721202057.7071404 66634698
cloud0_tkemenade 24921526058 23923 3501

1721202058.709834 66634847
cloud_controller_tkemenade 11684336187 25997 4390

1721202058.7104027 66634849
cloud0_tkemenade 24921526058 24044 3511

1721202059.7130194 66634999
cloud_controller_tkemenade 11684336187 26027 4400

1721202059.7133508 66634999
cloud0_tkemenade 24921526058 24152 3512

1721202060.7159567 66635177
cloud_controller_tkemenade 11684336187 26064 4410

1721202060.7164872 66635177
cloud0_tkemenade 24921526058 24287 3516

1721202060.8170185 66635199
cloud_controller_tkemenade 11686591918 26066 4411

1721202060.817559 66635199
cloud0_tkemenade 24926259676 24300 3516

1721202061.8203275 66635353
cloud_controller_tkemenade 11686591918 26092 4419

1721202061.8208854 66635353
cloud0_tkemenade 24926259676 24429 3520

1721202062.8235526 66635467
cloud_controller_tkemenade 11686591918 26116 4424

1721202062.8241239 66635467
cloud0_tkemenade 24926259676 24526 3531

1721202063.826883 66635623
cloud_controller_tkemenade 11686591918 26158 4433

1721202063.8274648 66635623
cloud0_tkemenade 24926259676 24647 3534

1721202064.830397 66635753
cloud_controller_tkemenade 11686591918 26174 4440

1721202064.8309689 66635753
cloud0_tkemenade 24926259676 24760 3540

1721202065.8338277 66635898
cloud_controller_tkemenade 11686591918 26197 4453

1721202065.834402 66635899
cloud0_tkemenade 24926259676 24884 3544

1721202066.8373363 66636031
cloud_controller_tkemenade 11686591918 26215 4460

1721202066.8379242 66636031
cloud0_tkemenade 24926259676 25003 3550

1721202067.8405218 66636177
cloud_controller_tkemenade 11687437810 26261 4470

1721202067.8410614 66636177
cloud0_tkemenade 24929113289 25102 3557

1721202068.8437145 66636306
cloud_controller_tkemenade 11687437810 26290 4480

1721202068.8442779 66636306
cloud0_tkemenade 24929113289 25205 3563

1721202069.846958 66636465
cloud_controller_tkemenade 11687437810 26315 4487

1721202069.8474789 66636465
cloud0_tkemenade 24929113289 25341 3566

1721202070.850177 66636635
cloud_controller_tkemenade 11687437810 26333 4492

1721202070.8507404 66636635
cloud0_tkemenade 24929113289 25483 3569

1721202071.8535144 66636798
cloud_controller_tkemenade 11687437810 26359 4496

1721202071.8540483 66636798
cloud0_tkemenade 24929113289 25622 3570

1721202072.8568232 66636973
cloud_controller_tkemenade 11687437810 26387 4504

1721202072.8573449 66636973
cloud0_tkemenade 24929113289 25756 3575

1721202073.8601089 66637141
cloud_controller_tkemenade 11687437810 26417 4513

1721202073.8606591 66637141
cloud0_tkemenade 24929113289 25897 3578

1721202074.8634956 66637282
cloud_controller_tkemenade 11687437810 26437 4516

1721202074.8640442 66637282
cloud0_tkemenade 24929113289 26022 3583

1721202074.9645271 66637300
cloud_controller_tkemenade 11688344774 26438 4517

1721202074.9650462 66637300
cloud0_tkemenade 24932921753 26035 3583

1721202075.9675646 66637431
cloud_controller_tkemenade 11688344774 26467 4524

1721202075.9681582 66637431
cloud0_tkemenade 24932921753 26140 3588

1721202076.9709806 66637545
cloud_controller_tkemenade 11688344774 26488 4528

1721202076.9715137 66637545
cloud0_tkemenade 24932921753 26242 3595

1721202077.9740133 66637704
cloud_controller_tkemenade 11688344774 26538 4537

1721202077.9745684 66637705
cloud0_tkemenade 24932921753 26355 3605

1721202078.9771962 66637829
cloud_controller_tkemenade 11688344774 26566 4541

1721202078.9777842 66637829
cloud0_tkemenade 24932921753 26457 3609

1721202079.9805357 66637980
cloud_controller_tkemenade 11688344774 26601 4548

1721202079.9810636 66637980
cloud0_tkemenade 24932921753 26567 3615

1721202080.983946 66638116
cloud_controller_tkemenade 11688344774 26617 4555

1721202080.984517 66638116
cloud0_tkemenade 24932921753 26682 3620

1721202081.987252 66638254
cloud_controller_tkemenade 11688344774 26653 4566

1721202081.9877858 66638254
cloud0_tkemenade 24932921753 26788 3627

1721202082.0883062 66638267
cloud_controller_tkemenade 11689314819 26654 4566

1721202082.0888474 66638267
cloud0_tkemenade 24935875983 26798 3627

1721202083.0915265 66638404
cloud_controller_tkemenade 11689314819 26680 4573

1721202083.0920703 66638404
cloud0_tkemenade 24935875983 26913 3632

1721202084.0945997 66638549
cloud_controller_tkemenade 11689314819 26710 4582

1721202084.0951326 66638549
cloud0_tkemenade 24935875983 27033 3636

1721202085.0977075 66638685
cloud_controller_tkemenade 11689314819 26728 4587

1721202085.0982308 66638685
cloud0_tkemenade 24935875983 27157 3639

1721202086.1009746 66638846
cloud_controller_tkemenade 11689314819 26766 4595

1721202086.1015253 66638846
cloud0_tkemenade 24935875983 27284 3644

1721202087.1041448 66639019
cloud_controller_tkemenade 11689314819 26802 4603

1721202087.1046665 66639019
cloud0_tkemenade 24935875983 27425 3650

1721202088.107493 66639143
cloud_controller_tkemenade 11689314819 26834 4611

1721202088.108063 66639143
cloud0_tkemenade 24935875983 27527 3660

1721202089.1106799 66639273
cloud_controller_tkemenade 11690304763 26860 4618

1721202089.1112347 66639273
cloud0_tkemenade 24939219452 27634 3664

1721202090.1141102 66639425
cloud_controller_tkemenade 11690304763 26904 4625

1721202090.1156256 66639426
cloud0_tkemenade 24939219452 27748 3669

1721202091.118465 66639592
cloud_controller_tkemenade 11690304763 26937 4633

1721202091.1190097 66639592
cloud0_tkemenade 24939219452 27869 3681

1721202092.1218042 66639717
cloud_controller_tkemenade 11690304763 26961 4640

1721202092.1223578 66639717
cloud0_tkemenade 24939219452 27974 3686

1721202093.1251533 66639856
cloud_controller_tkemenade 11690304763 26987 4647

1721202093.1256793 66639856
cloud0_tkemenade 24939219452 28090 3690

1721202094.1284735 66640000
cloud_controller_tkemenade 11690304763 27024 4652

1721202094.1289964 66640000
cloud0_tkemenade 24939219452 28206 3693

1721202095.1315734 66640140
cloud_controller_tkemenade 11690304763 27042 4660

1721202095.1321006 66640140
cloud0_tkemenade 24939219452 28332 3703

1721202096.1347094 66640293
cloud_controller_tkemenade 11690304763 27078 4671

1721202096.1351795 66640293
cloud0_tkemenade 24939219452 28450 3707

1721202096.2356315 66640307
cloud_controller_tkemenade 11691342733 27080 4672

1721202096.236094 66640307
cloud0_tkemenade 24942523469 28460 3708

1721202097.238722 66640462
cloud_controller_tkemenade 11691342733 27113 4679

1721202097.2392592 66640462
cloud0_tkemenade 24942523469 28581 3711

1721202098.2417727 66640607
cloud_controller_tkemenade 11691342733 27140 4685

1721202098.2422752 66640608
cloud0_tkemenade 24942523469 28701 3715

1721202099.2448156 66640756
cloud_controller_tkemenade 11691342733 27168 4694

1721202099.245356 66640756
cloud0_tkemenade 24942523469 28824 3723

1721202100.2482233 66640878
cloud_controller_tkemenade 11691342733 27190 4702

1721202100.2488112 66640878
cloud0_tkemenade 24942523469 28930 3729

1721202101.2517796 66641017
cloud_controller_tkemenade 11691342733 27208 4708

1721202101.2523484 66641017
cloud0_tkemenade 24942523469 29037 3738

1721202102.2550988 66641140
cloud_controller_tkemenade 11691342733 27235 4717

1721202102.255679 66641140
cloud0_tkemenade 24942523469 29137 3746

1721202103.1581025 66641264
cloud_controller_tkemenade 11692207697 27258 4723

1721202103.1586103 66641264
cloud0_tkemenade 24945591856 29234 3748

1721202104.1610641 66641374
cloud_controller_tkemenade 11692207697 27289 4731

1721202104.1615798 66641374
cloud0_tkemenade 24945591856 29316 3756

1721202105.164104 66641427
cloud_controller_tkemenade 11692207697 27307 4735

1721202105.1646261 66641427
cloud0_tkemenade 24945591856 29354 3761

1721202106.1671383 66641482
cloud_controller_tkemenade 11692207697 27337 4744

1721202106.16765 66641482
cloud0_tkemenade 24945591856 29383 3767

1721202107.170169 66641517
cloud_controller_tkemenade 11692207697 27356 4752

1721202107.1707087 66641517
cloud0_tkemenade 24945591856 29402 3773

1721202108.1732762 66641581
cloud_controller_tkemenade 11692207697 27398 4762

1721202108.1737685 66641581
cloud0_tkemenade 24945591856 29432 3775

1721202109.1762106 66641638
cloud_controller_tkemenade 11692207697 27437 4770

1721202109.1767242 66641638
cloud0_tkemenade 24945591856 29454 3782

1721202110.1790915 66641686
cloud_controller_tkemenade 11692207697 27467 4779

1721202110.1796114 66641686
cloud0_tkemenade 24945591856 29468 3787

1721202110.2801301 66641696
cloud_controller_tkemenade 11693284556 27474 4780

1721202110.280607 66641696
cloud0_tkemenade 24946692470 29470 3788

1721202111.2830977 66641746
cloud_controller_tkemenade 11693284556 27493 4784

1721202111.2836506 66641746
cloud0_tkemenade 24946692470 29493 3792

1721202112.2861924 66641790
cloud_controller_tkemenade 11693284556 27528 4795

1721202112.2867618 66641790
cloud0_tkemenade 24946692470 29507 3796

1721202113.289434 66641835
cloud_controller_tkemenade 11693284556 27550 4803

1721202113.2899935 66641835
cloud0_tkemenade 24946692470 29536 3803

1721202114.2926154 66641916
cloud_controller_tkemenade 11693284556 27585 4810

1721202114.2931852 66641916
cloud0_tkemenade 24946692470 29583 3808

1721202115.2956076 66641969
cloud_controller_tkemenade 11693284556 27608 4819

1721202115.2961414 66641969
cloud0_tkemenade 24946692470 29614 3816

1721202116.2984169 66642051
cloud_controller_tkemenade 11693284556 27639 4828

1721202116.2989807 66642051
cloud0_tkemenade 24946692470 29663 3820

1721202117.301857 66642161
cloud_controller_tkemenade 11693284556 27682 4836

1721202117.3024716 66642161
cloud0_tkemenade 24946692470 29731 3828

1721202117.4029987 66642171
cloud_controller_tkemenade 11694102884 27686 4837

1721202117.4035084 66642171
cloud0_tkemenade 24947618070 29733 3828

1721202118.4060547 66642214
cloud_controller_tkemenade 11694102884 27716 4846

1721202118.4066293 66642214
cloud0_tkemenade 24947618070 29750 3831

1721202119.4091425 66642258
cloud_controller_tkemenade 11694102884 27751 4851

1721202119.409691 66642258
cloud0_tkemenade 24947618070 29764 3835

1721202120.4123683 66642335
cloud_controller_tkemenade 11694102884 27795 4862

1721202120.4129286 66642335
cloud0_tkemenade 24947618070 29797 3840

1721202121.4155254 66642409
cloud_controller_tkemenade 11694102884 27820 4872

1721202121.4160793 66642409
cloud0_tkemenade 24947618070 29839 3844

1721202122.4185731 66642445
cloud_controller_tkemenade 11694102884 27839 4882

1721202122.419058 66642445
cloud0_tkemenade 24947618070 29852 3846

1721202123.4215746 66642490
cloud_controller_tkemenade 11694102884 27863 4887

1721202123.4220977 66642490
cloud0_tkemenade 24947618070 29876 3852

1721202124.4246798 66642534
cloud_controller_tkemenade 11694964018 27892 4895

1721202124.425223 66642534
cloud0_tkemenade 24948220217 29890 3857

1721202125.427817 66642577
cloud_controller_tkemenade 11694964018 27911 4899

1721202125.4283838 66642577
cloud0_tkemenade 24948220217 29921 3863

1721202126.4308884 66642623
cloud_controller_tkemenade 11694964018 27933 4909

1721202126.4314516 66642623
cloud0_tkemenade 24948220217 29944 3869

1721202127.434095 66642672
cloud_controller_tkemenade 11694964018 27963 4920

1721202127.4347167 66642672
cloud0_tkemenade 24948220217 29970 3872

1721202128.4372535 66642707
cloud_controller_tkemenade 11694964018 27990 4933

1721202128.4378111 66642707
cloud0_tkemenade 24948220217 29983 3874

1721202129.440443 66642763
cloud_controller_tkemenade 11694964018 28024 4941

1721202129.4409811 66642763
cloud0_tkemenade 24948220217 30011 3877

1721202130.4434373 66642798
cloud_controller_tkemenade 11694964018 28043 4949

1721202130.4439876 66642798
cloud0_tkemenade 24948220217 30032 3881

1721202131.4465837 66642860
cloud_controller_tkemenade 11695675648 28063 4958

1721202131.4469275 66642860
cloud0_tkemenade 24948837167 30065 3885

1721202132.4492483 66642899
cloud_controller_tkemenade 11695675648 28087 4967

1721202132.449808 66642899
cloud0_tkemenade 24948837167 30082 3890

1721202133.4524088 66642947
cloud_controller_tkemenade 11695675648 28113 4975

1721202133.4529817 66642947
cloud0_tkemenade 24948837167 30104 3895

1721202134.4554 66643009
cloud_controller_tkemenade 11695675648 28146 4984

1721202134.4559677 66643009
cloud0_tkemenade 24948837167 30136 3902

1721202135.4583778 66643083
cloud_controller_tkemenade 11695675648 28167 4991

1721202135.4589555 66643083
cloud0_tkemenade 24948837167 30189 3905

1721202136.4613624 66643125
cloud_controller_tkemenade 11695675648 28188 4999

1721202136.4619095 66643125
cloud0_tkemenade 24948837167 30213 3907

1721202137.4641922 66643202
cloud_controller_tkemenade 11695675648 28222 5006

1721202137.464773 66643202
cloud0_tkemenade 24948837167 30263 3913

1721202138.4673727 66643256
cloud_controller_tkemenade 11696433801 28256 5014

1721202138.4678814 66643256
cloud0_tkemenade 24949598365 30281 3917

1721202139.4704075 66643305
cloud_controller_tkemenade 11696433801 28296 5022

1721202139.4709663 66643305
cloud0_tkemenade 24949598365 30293 3922

1721202140.4735193 66643347
cloud_controller_tkemenade 11696433801 28322 5030

1721202140.4740722 66643347
cloud0_tkemenade 24949598365 30312 3925

1721202141.476722 66643397
cloud_controller_tkemenade 11696433801 28343 5039

1721202141.4772935 66643397
cloud0_tkemenade 24949598365 30343 3928

1721202142.4800851 66643464
cloud_controller_tkemenade 11696433801 28382 5049

1721202142.48064 66643464
cloud0_tkemenade 24949598365 30359 3931

1721202143.483197 66643525
cloud_controller_tkemenade 11696433801 28406 5057

1721202143.4837115 66643525
cloud0_tkemenade 24949598365 30379 3934

1721202144.4862306 66643591
cloud_controller_tkemenade 11696433801 28423 5077

1721202144.4867566 66643591
cloud0_tkemenade 24949598365 30401 3939

1721202145.4892588 66643670
cloud_controller_tkemenade 11697269607 28442 5082

1721202145.4897563 66643670
cloud0_tkemenade 24950175235 30439 3943

1721202146.4923544 66643753
cloud_controller_tkemenade 11697269607 28477 5090

1721202146.4929326 66643753
cloud0_tkemenade 24950175235 30484 3949

1721202147.4956167 66643837
cloud_controller_tkemenade 11697269607 28514 5099

1721202147.4961784 66643837
cloud0_tkemenade 24950175235 30532 3956

1721202148.4986968 66643870
cloud_controller_tkemenade 11697269607 28534 5108

1721202148.4992354 66643870
cloud0_tkemenade 24950175235 30543 3958

1721202149.5017545 66643916
cloud_controller_tkemenade 11697269607 28570 5117

1721202149.5022893 66643917
cloud0_tkemenade 24950175235 30553 3960

1721202150.5049222 66644010
cloud_controller_tkemenade 11697269607 28620 5124

1721202150.5054789 66644010
cloud0_tkemenade 24950175235 30598 3966

1721202151.5080338 66644117
cloud_controller_tkemenade 11697269607 28702 5131

1721202151.5085638 66644117
cloud0_tkemenade 24950175235 30624 3972

1721202152.5109513 66644175
cloud_controller_tkemenade 11697269607 28725 5142

1721202152.5115082 66644175
cloud0_tkemenade 24950175235 30636 3978

1721202152.7122567 66644192
cloud_controller_tkemenade 11698338470 28733 5145

1721202152.7128007 66644192
cloud0_tkemenade 24950920385 30643 3979

1721202153.715323 66644241
cloud_controller_tkemenade 11698338470 28759 5152

1721202153.7160072 66644241
cloud0_tkemenade 24950920385 30668 3980

1721202154.7185714 66644289
cloud_controller_tkemenade 11698338470 28792 5159

1721202154.7191312 66644289
cloud0_tkemenade 24950920385 30689 3983

1721202155.7217028 66644342
cloud_controller_tkemenade 11698338470 28817 5168

1721202155.7222736 66644343
cloud0_tkemenade 24950920385 30717 3990

1721202156.72496 66644393
cloud_controller_tkemenade 11698338470 28842 5172

1721202156.7255287 66644393
cloud0_tkemenade 24950920385 30749 3997

1721202157.7280357 66644437
cloud_controller_tkemenade 11698338470 28878 5180

1721202157.7285552 66644437
cloud0_tkemenade 24950920385 30760 3999

1721202158.7309754 66644470
cloud_controller_tkemenade 11698338470 28900 5190

1721202158.7315235 66644470
cloud0_tkemenade 24950920385 30774 4003

1721202159.7340813 66644519
cloud_controller_tkemenade 11698338470 28933 5195

1721202159.7346194 66644519
cloud0_tkemenade 24950920385 30793 4004

1721202159.8351104 66644531
cloud_controller_tkemenade 11699110463 28936 5196

1721202159.8356137 66644531
cloud0_tkemenade 24951460177 30795 4004

1721202160.8379622 66644565
cloud_controller_tkemenade 11699110463 28955 5205

1721202160.838536 66644565
cloud0_tkemenade 24951460177 30813 4012

1721202161.8409932 66644618
cloud_controller_tkemenade 11699110463 28976 5210

1721202161.8415475 66644618
cloud0_tkemenade 24951460177 30847 4014

1721202162.843894 66644669
cloud_controller_tkemenade 11699110463 28998 5219

1721202162.8444605 66644669
cloud0_tkemenade 24951460177 30861 4016

1721202163.8469183 66644718
cloud_controller_tkemenade 11699110463 29018 5226

1721202163.847487 66644718
cloud0_tkemenade 24951460177 30889 4021

1721202164.8500392 66644761
cloud_controller_tkemenade 11699110463 29049 5233

1721202164.8505833 66644762
cloud0_tkemenade 24951460177 30903 4026

1721202165.8532772 66644840
cloud_controller_tkemenade 11699110463 29075 5239

1721202165.8538432 66644840
cloud0_tkemenade 24951460177 30950 4034

1721202166.856401 66644891
cloud_controller_tkemenade 11699759470 29091 5251

1721202166.8569362 66644891
cloud0_tkemenade 24952136867 30984 4037

1721202167.8595743 66644950
cloud_controller_tkemenade 11699759470 29120 5259

1721202167.86014 66644950
cloud0_tkemenade 24952136867 31015 4041

1721202168.862727 66645011
cloud_controller_tkemenade 11699759470 29160 5266

1721202168.8632762 66645011
cloud0_tkemenade 24952136867 31039 4045

1721202169.8658175 66645057
cloud_controller_tkemenade 11699759470 29201 5278

1721202169.8663852 66645057
cloud0_tkemenade 24952136867 31047 4050

1721202170.868937 66645107
cloud_controller_tkemenade 11699759470 29226 5288

1721202170.869499 66645107
cloud0_tkemenade 24952136867 31066 4057

1721202171.8720856 66645170
cloud_controller_tkemenade 11699759470 29253 5297

1721202171.8726258 66645170
cloud0_tkemenade 24952136867 31103 4063

1721202172.8751523 66645245
cloud_controller_tkemenade 11699759470 29281 5309

1721202172.8757162 66645245
cloud0_tkemenade 24952136867 31131 4070

1721202173.8783383 66645293
cloud_controller_tkemenade 11700612828 29305 5316

1721202173.8788674 66645293
cloud0_tkemenade 24952753350 31150 4075

1721202174.8813572 66645351
cloud_controller_tkemenade 11700612828 29336 5325

1721202174.8819053 66645351
cloud0_tkemenade 24952753350 31174 4080

1721202175.884457 66645437
cloud_controller_tkemenade 11700612828 29365 5336

1721202175.8850265 66645437
cloud0_tkemenade 24952753350 31227 4092

1721202176.8876328 66645534
cloud_controller_tkemenade 11700612828 29401 5343

1721202176.8882084 66645534
cloud0_tkemenade 24952753350 31290 4100

1721202177.8907807 66645587
cloud_controller_tkemenade 11700612828 29435 5352

1721202177.8913343 66645587
cloud0_tkemenade 24952753350 31311 4103

1721202178.8938835 66645629
cloud_controller_tkemenade 11700612828 29465 5361

1721202178.8944201 66645629
cloud0_tkemenade 24952753350 31326 4107

1721202179.8967927 66645696
cloud_controller_tkemenade 11700612828 29509 5372

1721202179.8973618 66645696
cloud0_tkemenade 24952753350 31345 4112

1721202180.9000177 66645778
cloud_controller_tkemenade 11701553539 29545 5381

1721202180.9005477 66645778
cloud0_tkemenade 24953622889 31385 4118

1721202181.9030454 66645825
cloud_controller_tkemenade 11701553539 29561 5388

1721202181.9036083 66645825
cloud0_tkemenade 24953622889 31415 4121

1721202182.9061923 66645888
cloud_controller_tkemenade 11701553539 29590 5398

1721202182.9066634 66645888
cloud0_tkemenade 24953622889 31435 4125

1721202183.908954 66645927
cloud_controller_tkemenade 11701553539 29610 5406

1721202183.9095132 66645927
cloud0_tkemenade 24953622889 31459 4128

1721202184.912051 66645965
cloud_controller_tkemenade 11701553539 29645 5414

1721202184.9125967 66645965
cloud0_tkemenade 24953622889 31471 4132

1721202185.9150658 66646016
cloud_controller_tkemenade 11701553539 29664 5419

1721202185.9156086 66646016
cloud0_tkemenade 24953622889 31502 4139

1721202186.9182272 66646070
cloud_controller_tkemenade 11701553539 29686 5426

1721202186.9188015 66646070
cloud0_tkemenade 24953622889 31537 4145

1721202187.921119 66646118
cloud_controller_tkemenade 11702261111 29722 5437

1721202187.9216466 66646118
cloud0_tkemenade 24954217127 31548 4149

1721202188.9239805 66646162
cloud_controller_tkemenade 11702261111 29750 5445

1721202188.9245312 66646162
cloud0_tkemenade 24954217127 31568 4151

1721202189.9270844 66646206
cloud_controller_tkemenade 11702261111 29782 5454

1721202189.927633 66646206
cloud0_tkemenade 24954217127 31587 4153

1721202190.9301124 66646248
cloud_controller_tkemenade 11702261111 29805 5461

1721202190.9307117 66646248
cloud0_tkemenade 24954217127 31612 4158

1721202191.9332922 66646284
cloud_controller_tkemenade 11702261111 29823 5467

1721202191.9338596 66646284
cloud0_tkemenade 24954217127 31635 4161

1721202192.9363844 66646344
cloud_controller_tkemenade 11702261111 29851 5475

1721202192.936946 66646344
cloud0_tkemenade 24954217127 31653 4163

1721202193.9395254 66646419
cloud_controller_tkemenade 11702261111 29871 5481

1721202193.9400704 66646419
cloud0_tkemenade 24954217127 31689 4167

1721202194.942556 66646474
cloud_controller_tkemenade 11702261111 29902 5487

1721202194.9430068 66646474
cloud0_tkemenade 24954217127 31715 4170

1721202195.0434575 66646479
cloud_controller_tkemenade 11702965946 29906 5489

1721202195.0439277 66646479
cloud0_tkemenade 24954788860 31715 4171

1721202196.0464752 66646541
cloud_controller_tkemenade 11702965946 29933 5496

1721202196.0470502 66646541
cloud0_tkemenade 24954788860 31751 4177

1721202197.0496864 66646598
cloud_controller_tkemenade 11702965946 29956 5501

1721202197.050247 66646598
cloud0_tkemenade 24954788860 31790 4181

1721202198.0528753 66646659
cloud_controller_tkemenade 11702965946 30000 5509

1721202198.0534298 66646659
cloud0_tkemenade 24954788860 31815 4185

1721202199.0559995 66646705
cloud_controller_tkemenade 11702965946 30027 5518

1721202199.056551 66646705
cloud0_tkemenade 24954788860 31834 4188

1721202200.0590422 66646753
cloud_controller_tkemenade 11702965946 30068 5525

1721202200.05955 66646753
cloud0_tkemenade 24954788860 31840 4191

1721202201.0621207 66646799
cloud_controller_tkemenade 11702965946 30091 5534

1721202201.062694 66646799
cloud0_tkemenade 24954788860 31866 4194

1721202202.0651762 66646851
cloud_controller_tkemenade 11703778497 30117 5543

1721202202.065702 66646851
cloud0_tkemenade 24955392987 31892 4195

1721202203.0681489 66646903
cloud_controller_tkemenade 11703778497 30151 5552

1721202203.0687 66646903
cloud0_tkemenade 24955392987 31909 4197

1721202204.071215 66646979
cloud_controller_tkemenade 11703778497 30175 5557

1721202204.0717835 66646979
cloud0_tkemenade 24955392987 31938 4201

1721202205.0743484 66647029
cloud_controller_tkemenade 11703778497 30208 5564

1721202205.074897 66647029
cloud0_tkemenade 24955392987 31954 4205

1721202206.0775833 66647113
cloud_controller_tkemenade 11703778497 30236 5573

1721202206.0781534 66647113
cloud0_tkemenade 24955392987 32010 4214

1721202207.0807738 66647204
cloud_controller_tkemenade 11703778497 30270 5582

1721202207.0812774 66647204
cloud0_tkemenade 24955392987 32071 4220

1721202208.0839503 66647249
cloud_controller_tkemenade 11703778497 30297 5592

1721202208.0844698 66647249
cloud0_tkemenade 24955392987 32094 4223

1721202209.0869422 66647280
cloud_controller_tkemenade 11703778497 30320 5598

1721202209.087494 66647280
cloud0_tkemenade 24955392987 32106 4227

1721202209.1879854 66647291
cloud_controller_tkemenade 11704579974 30326 5598

1721202209.1884727 66647291
cloud0_tkemenade 24956154847 32107 4227

1721202210.1909893 66647364
cloud_controller_tkemenade 11704579974 30366 5608

1721202210.1915438 66647364
cloud0_tkemenade 24956154847 32137 4236

1721202211.1941218 66647439
cloud_controller_tkemenade 11704579974 30411 5617

1721202211.194664 66647439
cloud0_tkemenade 24956154847 32174 4256

1721202212.1972198 66647508
cloud_controller_tkemenade 11704579974 30431 5619

1721202212.1977403 66647508
cloud0_tkemenade 24956154847 32226 4270

1721202213.2002466 66647559
cloud_controller_tkemenade 11704579974 30456 5632

1721202213.2007563 66647559
cloud0_tkemenade 24956154847 32255 4286

1721202214.203322 66647614
cloud_controller_tkemenade 11704579974 30473 5639

1721202214.2038417 66647614
cloud0_tkemenade 24956154847 32284 4307

1721202215.206328 66647657
cloud_controller_tkemenade 11704579974 30506 5647

1721202215.2068455 66647657
cloud0_tkemenade 24956154847 32299 4311

1721202216.209299 66647706
cloud_controller_tkemenade 11704579974 30535 5654

1721202216.209844 66647706
cloud0_tkemenade 24956154847 32322 4328

1721202216.3103504 66647719
cloud_controller_tkemenade 11705503435 30537 5654

1721202216.3108478 66647719
cloud0_tkemenade 24957256820 32331 4331

1721202217.3134272 66647791
cloud_controller_tkemenade 11705503435 30566 5663

1721202217.3139813 66647791
cloud0_tkemenade 24957256820 32374 4350

1721202218.3164914 66647832
cloud_controller_tkemenade 11705503435 30598 5672

1721202218.3170302 66647832
cloud0_tkemenade 24957256820 32389 4354

1721202219.3195875 66647879
cloud_controller_tkemenade 11705503435 30624 5681

1721202219.3201413 66647879
cloud0_tkemenade 24957256820 32415 4364

1721202220.3226736 66647916
cloud_controller_tkemenade 11705503435 30653 5686

1721202220.32322 66647916
cloud0_tkemenade 24957256820 32432 4367

1721202221.3258493 66647967
cloud_controller_tkemenade 11705503435 30677 5695

1721202221.3263974 66647967
cloud0_tkemenade 24957256820 32459 4374

1721202222.328974 66648014
cloud_controller_tkemenade 11705503435 30697 5704

1721202222.3295403 66648014
cloud0_tkemenade 24957256820 32488 4379

1721202223.332059 66648060
cloud_controller_tkemenade 11706258207 30726 5713

1721202223.3325784 66648060
cloud0_tkemenade 24957965381 32503 4382

1721202224.3351161 66648125
cloud_controller_tkemenade 11706258207 30739 5719

1721202224.3356786 66648125
cloud0_tkemenade 24957965381 32534 4389

1721202225.338275 66648189
cloud_controller_tkemenade 11706258207 30772 5727

1721202225.3388374 66648189
cloud0_tkemenade 24957965381 32568 4395

1721202226.3413815 66648232
cloud_controller_tkemenade 11706258207 30794 5736

1721202226.3419466 66648232
cloud0_tkemenade 24957965381 32594 4397

1721202227.3446667 66648306
cloud_controller_tkemenade 11706258207 30818 5745

1721202227.3452523 66648306
cloud0_tkemenade 24957965381 32646 4406

1721202228.3475885 66648363
cloud_controller_tkemenade 11706258207 30856 5756

1721202228.348112 66648363
cloud0_tkemenade 24957965381 32669 4411

1721202229.3506172 66648410
cloud_controller_tkemenade 11706258207 30886 5766

1721202229.3511639 66648410
cloud0_tkemenade 24957965381 32689 4412

1721202230.353415 66648460
cloud_controller_tkemenade 11706258207 30922 5774

1721202230.353923 66648460
cloud0_tkemenade 24957965381 32705 4415

1721202230.4543962 66648463
cloud_controller_tkemenade 11707058222 30924 5775

1721202230.45482 66648463
cloud0_tkemenade 24958685701 32706 4415

1721202231.45713 66648510
cloud_controller_tkemenade 11707058222 30948 5784

1721202231.4576626 66648510
cloud0_tkemenade 24958685701 32730 4419

1721202232.45996 66648579
cloud_controller_tkemenade 11707058222 30980 5791

1721202232.460499 66648579
cloud0_tkemenade 24958685701 32758 4424

1721202233.4627748 66648641
cloud_controller_tkemenade 11707058222 31014 5798

1721202233.463317 66648641
cloud0_tkemenade 24958685701 32763 4443

1721202234.4658725 66648727
cloud_controller_tkemenade 11707058222 31030 5804

1721202234.4664423 66648727
cloud0_tkemenade 24958685701 32789 4449

1721202235.4689658 66648820
cloud_controller_tkemenade 11707058222 31070 5809

1721202235.4694796 66648820
cloud0_tkemenade 24958685701 32820 4451

1721202236.4720747 66648921
cloud_controller_tkemenade 11707058222 31107 5813

1721202236.4726396 66648921
cloud0_tkemenade 24958685701 32870 4455

1721202237.4752827 66649041
cloud_controller_tkemenade 11707859949 31140 5822

1721202237.4758248 66649041
cloud0_tkemenade 24959526610 32937 4466

1721202238.4783657 66649096
cloud_controller_tkemenade 11707859949 31162 5837

1721202238.4789195 66649096
cloud0_tkemenade 24959526610 32953 4468

1721202239.4814022 66649165
cloud_controller_tkemenade 11707859949 31188 5846

1721202239.481935 66649165
cloud0_tkemenade 24959526610 32966 4471

1721202240.4845145 66649287
cloud_controller_tkemenade 11707859949 31249 5853

1721202240.485087 66649287
cloud0_tkemenade 24959526610 33011 4479

1721202241.487693 66649347
cloud_controller_tkemenade 11707859949 31273 5863

1721202241.488244 66649347
cloud0_tkemenade 24959526610 33047 4483

1721202242.490789 66649395
cloud_controller_tkemenade 11707859949 31290 5871

1721202242.4913456 66649395
cloud0_tkemenade 24959526610 33069 4487

1721202243.493896 66649456
cloud_controller_tkemenade 11707859949 31322 5886

1721202243.4944823 66649456
cloud0_tkemenade 24959526610 33097 4493

1721202244.4969747 66649524
cloud_controller_tkemenade 11708685964 31341 5893

1721202244.4974499 66649524
cloud0_tkemenade 24960206320 33121 4502

1721202245.4997807 66649572
cloud_controller_tkemenade 11708685964 31374 5900

1721202245.500316 66649572
cloud0_tkemenade 24960206320 33139 4506

1721202246.5028048 66649619
cloud_controller_tkemenade 11708685964 31393 5904

1721202246.50336 66649619
cloud0_tkemenade 24960206320 33158 4510

1721202247.5059924 66649696
cloud_controller_tkemenade 11708685964 31421 5912

1721202247.5065982 66649696
cloud0_tkemenade 24960206320 33204 4520

1721202248.5091379 66649745
cloud_controller_tkemenade 11708685964 31455 5920

1721202248.5096796 66649745
cloud0_tkemenade 24960206320 33223 4524

1721202249.5122378 66649798
cloud_controller_tkemenade 11708685964 31483 5931

1721202249.5127454 66649798
cloud0_tkemenade 24960206320 33252 4526

1721202250.5152633 66649843
cloud_controller_tkemenade 11708685964 31506 5935

1721202250.5158143 66649843
cloud0_tkemenade 24960206320 33270 4528

1721202251.518377 66649895
cloud_controller_tkemenade 11708685964 31536 5944

1721202251.5188956 66649895
cloud0_tkemenade 24960206320 33294 4532

1721202251.619302 66649899
cloud_controller_tkemenade 11709425396 31538 5944

1721202251.6197906 66649899
cloud0_tkemenade 24960817025 33294 4533

1721202252.6221304 66649941
cloud_controller_tkemenade 11709425396 31560 5950

1721202252.6226764 66649942
cloud0_tkemenade 24960817025 33312 4539

1721202253.6251283 66649988
cloud_controller_tkemenade 11709425396 31590 5956

1721202253.6256702 66649988
cloud0_tkemenade 24960817025 33329 4544

1721202254.628213 66650047
cloud_controller_tkemenade 11709425396 31606 5960

1721202254.6286297 66650047
cloud0_tkemenade 24960817025 33366 4546

1721202255.6310253 66650118
cloud_controller_tkemenade 11709425396 31641 5971

1721202255.6315806 66650118
cloud0_tkemenade 24960817025 33406 4549

1721202256.6341386 66650156
cloud_controller_tkemenade 11709425396 31660 5980

1721202256.6346924 66650156
cloud0_tkemenade 24960817025 33427 4558

1721202257.6371655 66650223
cloud_controller_tkemenade 11709425396 31681 5990

1721202257.6377232 66650223
cloud0_tkemenade 24960817025 33480 4564

1721202258.6398118 66650294
cloud_controller_tkemenade 11710164081 31726 5998

1721202258.6403759 66650294
cloud0_tkemenade 24961571164 33503 4568

1721202259.6426044 66650340
cloud_controller_tkemenade 11710164081 31755 6007

1721202259.6432626 66650340
cloud0_tkemenade 24961571164 33519 4571

1721202260.6458116 66650387
cloud_controller_tkemenade 11710164081 31782 6013

1721202260.646386 66650388
cloud0_tkemenade 24961571164 33533 4575

1721202261.6489701 66650437
cloud_controller_tkemenade 11710164081 31814 6020

1721202261.6495306 66650437
cloud0_tkemenade 24961571164 33553 4579

1721202262.6521091 66650483
cloud_controller_tkemenade 11710164081 31838 6028

1721202262.6526685 66650483
cloud0_tkemenade 24961571164 33572 4580

1721202263.655243 66650529
cloud_controller_tkemenade 11710164081 31871 6034

1721202263.6558087 66650529
cloud0_tkemenade 24961571164 33589 4583

1721202264.6584332 66650579
cloud_controller_tkemenade 11710164081 31891 6040

1721202264.6589603 66650579
cloud0_tkemenade 24961571164 33617 4587

1721202265.661572 66650659
cloud_controller_tkemenade 11710941567 31930 6048

1721202265.6620827 66650659
cloud0_tkemenade 24962087463 33648 4596

1721202266.664778 66650748
cloud_controller_tkemenade 11710941567 31972 6055

1721202266.6653688 66650748
cloud0_tkemenade 24962087463 33693 4606

1721202267.6680474 66650821
cloud_controller_tkemenade 11710941567 32000 6063

1721202267.66862 66650821
cloud0_tkemenade 24962087463 33740 4616

1721202268.67116 66650873
cloud_controller_tkemenade 11710941567 32032 6071

1721202268.6717257 66650873
cloud0_tkemenade 24962087463 33763 4620

1721202269.6742685 66650915
cloud_controller_tkemenade 11710941567 32060 6079

1721202269.6748395 66650915
cloud0_tkemenade 24962087463 33775 4625

1721202270.6776366 66651008
cloud_controller_tkemenade 11710941567 32111 6087

1721202270.6781647 66651008
cloud0_tkemenade 24962087463 33818 4636

1721202271.6807935 66651095
cloud_controller_tkemenade 11710941567 32171 6096

1721202271.6813662 66651095
cloud0_tkemenade 24962087463 33840 4643

1721202272.6840153 66651147
cloud_controller_tkemenade 11710941567 32198 6100

1721202272.6845963 66651147
cloud0_tkemenade 24962087463 33865 4649

1721202272.8852625 66651166
cloud_controller_tkemenade 11711929800 32205 6102

1721202272.8855743 66651166
cloud0_tkemenade 24962925051 33872 4651

1721202273.8879237 66651218
cloud_controller_tkemenade 11711929800 32236 6107

1721202273.8884816 66651218
cloud0_tkemenade 24962925051 33900 4657

1721202274.8908622 66651259
cloud_controller_tkemenade 11711929800 32257 6113

1721202274.891426 66651259
cloud0_tkemenade 24962925051 33919 4664

1721202275.8941498 66651344
cloud_controller_tkemenade 11711929800 32300 6119

1721202275.8945377 66651344
cloud0_tkemenade 24962925051 33945 4674

1721202276.896834 66651387
cloud_controller_tkemenade 11711929800 32324 6125

1721202276.897287 66651387
cloud0_tkemenade 24962925051 33966 4680

1721202277.8998566 66651449
cloud_controller_tkemenade 11711929800 32351 6132

1721202277.9003727 66651449
cloud0_tkemenade 24962925051 34001 4694

1721202278.9027243 66651503
cloud_controller_tkemenade 11711929800 32379 6139

1721202278.9032753 66651503
cloud0_tkemenade 24962925051 34028 4701

1721202279.9057584 66651545
cloud_controller_tkemenade 11712686905 32403 6148

1721202279.9062533 66651545
cloud0_tkemenade 24963632914 34044 4705

1721202280.9087281 66651602
cloud_controller_tkemenade 11712686905 32434 6156

1721202280.9093149 66651602
cloud0_tkemenade 24963632914 34072 4711

1721202281.9115374 66651635
cloud_controller_tkemenade 11712686905 32456 6162

1721202281.9120889 66651635
cloud0_tkemenade 24963632914 34084 4717

1721202282.914704 66651691
cloud_controller_tkemenade 11712686905 32486 6170

1721202282.9152615 66651691
cloud0_tkemenade 24963632914 34109 4723

1721202283.9177938 66651755
cloud_controller_tkemenade 11712686905 32512 6178

1721202283.918373 66651755
cloud0_tkemenade 24963632914 34149 4727

1721202284.9208548 66651805
cloud_controller_tkemenade 11712686905 32532 6185

1721202284.921224 66651805
cloud0_tkemenade 24963632914 34175 4732

1721202285.9237516 66651875
cloud_controller_tkemenade 11712686905 32568 6192

1721202285.9243054 66651875
cloud0_tkemenade 24963632914 34206 4739

1721202286.9267852 66651919
cloud_controller_tkemenade 11713421388 32594 6196

1721202286.927313 66651919
cloud0_tkemenade 24964302861 34229 4741

1721202287.9299347 66652006
cloud_controller_tkemenade 11713421388 32631 6204

1721202287.930505 66652007
cloud0_tkemenade 24964302861 34282 4745

1721202288.933035 66652066
cloud_controller_tkemenade 11713421388 32666 6215

1721202288.9335866 66652066
cloud0_tkemenade 24964302861 34307 4751

1721202289.9360852 66652112
cloud_controller_tkemenade 11713421388 32699 6229

1721202289.9366343 66652112
cloud0_tkemenade 24964302861 34322 4753

1721202290.9391525 66652170
cloud_controller_tkemenade 11713421388 32731 6241

1721202290.9397209 66652170
cloud0_tkemenade 24964302861 34347 4758

1721202291.9422514 66652231
cloud_controller_tkemenade 11713421388 32770 6252

1721202291.9427931 66652231
cloud0_tkemenade 24964302861 34369 4761

1721202292.9451754 66652289
cloud_controller_tkemenade 11713421388 32800 6260

1721202292.945721 66652289
cloud0_tkemenade 24964302861 34400 4767

1721202293.9481552 66652330
cloud_controller_tkemenade 11713421388 32825 6269

1721202293.9486635 66652330
cloud0_tkemenade 24964302861 34420 4773

1721202294.0491753 66652344
cloud_controller_tkemenade 11714346467 32828 6270

1721202294.049728 66652344
cloud0_tkemenade 24964989112 34431 4774

1721202295.0522544 66652390
cloud_controller_tkemenade 11714346467 32850 6278

1721202295.0528107 66652390
cloud0_tkemenade 24964989112 34458 4778

1721202296.0553331 66652491
cloud_controller_tkemenade 11714346467 32894 6288

1721202296.0558882 66652491
cloud0_tkemenade 24964989112 34508 4786

1721202297.0586138 66652577
cloud_controller_tkemenade 11714346467 32931 6294

1721202297.0591774 66652577
cloud0_tkemenade 24964989112 34559 4792

1721202298.0618014 66652634
cloud_controller_tkemenade 11714346467 32962 6301

1721202298.0623717 66652635
cloud0_tkemenade 24964989112 34591 4796

1721202299.064924 66652668
cloud_controller_tkemenade 11714346467 32985 6309

1721202299.0654438 66652668
cloud0_tkemenade 24964989112 34607 4799

1721202300.068019 66652727
cloud_controller_tkemenade 11714346467 33026 6317

1721202300.0685685 66652727
cloud0_tkemenade 24964989112 34628 4802

1721202300.971034 66652815
cloud_controller_tkemenade 11715263490 33061 6324

1721202300.9715781 66652815
cloud0_tkemenade 24965912460 34676 4810

1721202301.9741464 66652855
cloud_controller_tkemenade 11715263490 33089 6332

1721202301.9747458 66652855
cloud0_tkemenade 24965912460 34692 4814

1721202302.9775176 66652903
cloud_controller_tkemenade 11715263490 33109 6342

1721202302.9780831 66652903
cloud0_tkemenade 24965912460 34722 4825

1721202303.9807966 66652956
cloud_controller_tkemenade 11715263490 33142 6350

1721202303.9813821 66652956
cloud0_tkemenade 24965912460 34752 4831

1721202304.9839313 66652998
cloud_controller_tkemenade 11715263490 33166 6357

1721202304.9844859 66652998
cloud0_tkemenade 24965912460 34768 4834

1721202305.9869816 66653051
cloud_controller_tkemenade 11715263490 33191 6364

1721202305.9873679 66653051
cloud0_tkemenade 24965912460 34786 4839

1721202306.9898157 66653097
cloud_controller_tkemenade 11715263490 33216 6373

1721202306.9903936 66653098
cloud0_tkemenade 24965912460 34813 4842

1721202307.9932048 66653156
cloud_controller_tkemenade 11715263490 33242 6380

1721202307.9937868 66653156
cloud0_tkemenade 24965912460 34848 4857

1721202308.0942864 66653171
cloud_controller_tkemenade 11715993815 33245 6381

1721202308.0947907 66653171
cloud0_tkemenade 24966582177 34850 4857

1721202309.0975 66653232
cloud_controller_tkemenade 11715993815 33276 6387

1721202309.0980756 66653232
cloud0_tkemenade 24966582177 34884 4865

1721202310.1005757 66653275
cloud_controller_tkemenade 11715993815 33305 6395

1721202310.1011255 66653275
cloud0_tkemenade 24966582177 34897 4868

1721202311.1036904 66653327
cloud_controller_tkemenade 11715993815 33333 6401

1721202311.1042547 66653327
cloud0_tkemenade 24966582177 34926 4875

1721202312.106828 66653375
cloud_controller_tkemenade 11715993815 33367 6411

1721202312.1074545 66653375
cloud0_tkemenade 24966582177 34938 4882

1721202313.1100647 66653434
cloud_controller_tkemenade 11715993815 33388 6416

1721202313.1105952 66653434
cloud0_tkemenade 24966582177 34957 4889

1721202314.113105 66653499
cloud_controller_tkemenade 11715993815 33417 6421

1721202314.1137052 66653499
cloud0_tkemenade 24966582177 34999 4903

1721202315.116208 66653552
cloud_controller_tkemenade 11716723546 33439 6426

1721202315.1167045 66653552
cloud0_tkemenade 24967299644 35028 4913

1721202316.119135 66653638
cloud_controller_tkemenade 11716723546 33471 6437

1721202316.1196833 66653638
cloud0_tkemenade 24967299644 35059 4923

1721202317.1222095 66653689
cloud_controller_tkemenade 11716723546 33493 6443

1721202317.1227934 66653689
cloud0_tkemenade 24967299644 35088 4928

1721202318.1253812 66653768
cloud_controller_tkemenade 11716723546 33527 6450

1721202318.1259267 66653768
cloud0_tkemenade 24967299644 35133 4938

1721202319.1286051 66653827
cloud_controller_tkemenade 11716723546 33558 6460

1721202319.1291611 66653827
cloud0_tkemenade 24967299644 35163 4946

1721202320.1313748 66653865
cloud_controller_tkemenade 11716723546 33587 6467

1721202320.1318893 66653865
cloud0_tkemenade 24967299644 35171 4949

1721202321.1344798 66653916
cloud_controller_tkemenade 11716723546 33613 6475

1721202321.1350262 66653916
cloud0_tkemenade 24967299644 35197 4959

1721202322.1375258 66653969
cloud_controller_tkemenade 11717551130 33652 6484

1721202322.138026 66653969
cloud0_tkemenade 24968010753 35209 4963

1721202323.140601 66654032
cloud_controller_tkemenade 11717551130 33675 6495

1721202323.1411674 66654032
cloud0_tkemenade 24968010753 35235 4969

1721202324.1437986 66654117
cloud_controller_tkemenade 11717551130 33695 6511

1721202324.1443818 66654117
cloud0_tkemenade 24968010753 35267 4976

1721202325.1468809 66654164
cloud_controller_tkemenade 11717551130 33717 6517

1721202325.1474192 66654164
cloud0_tkemenade 24968010753 35279 4979

1721202326.1496954 66654248
cloud_controller_tkemenade 11717551130 33753 6526

1721202326.1500063 66654248
cloud0_tkemenade 24968010753 35330 4989

1721202327.152635 66654357
cloud_controller_tkemenade 11717551130 33795 6532

1721202327.1531656 66654357
cloud0_tkemenade 24968010753 35381 4996

1721202328.1557577 66654403
cloud_controller_tkemenade 11717551130 33820 6540

1721202328.1562846 66654403
cloud0_tkemenade 24968010753 35408 5002

1721202329.158785 66654450
cloud_controller_tkemenade 11717551130 33849 6547

1721202329.159328 66654450
cloud0_tkemenade 24968010753 35426 5005

1721202329.259819 66654459
cloud_controller_tkemenade 11718382855 33856 6547

1721202329.2603288 66654459
cloud0_tkemenade 24968814650 35427 5006

1721202330.2628915 66654529
cloud_controller_tkemenade 11718382855 33895 6561

1721202330.2634642 66654529
cloud0_tkemenade 24968814650 35455 5012

1721202331.266098 66654600
cloud_controller_tkemenade 11718382855 33929 6568

1721202331.2666836 66654600
cloud0_tkemenade 24968814650 35493 5018

1721202332.2692275 66654639
cloud_controller_tkemenade 11718382855 33957 6576

1721202332.2697678 66654639
cloud0_tkemenade 24968814650 35509 5022

1721202333.2723005 66654687
cloud_controller_tkemenade 11718382855 33983 6583

1721202333.2728598 66654687
cloud0_tkemenade 24968814650 35533 5029

1721202334.2754247 66654745
cloud_controller_tkemenade 11718382855 34016 6592

1721202334.2759383 66654745
cloud0_tkemenade 24968814650 35566 5034

1721202335.2784452 66654782
cloud_controller_tkemenade 11718382855 34040 6600

1721202335.278957 66654782
cloud0_tkemenade 24968814650 35583 5036

1721202336.2813349 66654829
cloud_controller_tkemenade 11719228409 34073 6609

1721202336.2818372 66654829
cloud0_tkemenade 24969438822 35596 5039

1721202337.2838712 66654907
cloud_controller_tkemenade 11719228409 34106 6613

1721202337.2844312 66654907
cloud0_tkemenade 24969438822 35629 5041

1721202338.2869742 66654957
cloud_controller_tkemenade 11719228409 34126 6623

1721202338.2875261 66654957
cloud0_tkemenade 24969438822 35659 5047

1721202339.290025 66655018
cloud_controller_tkemenade 11719228409 34162 6633

1721202339.2906044 66655018
cloud0_tkemenade 24969438822 35688 5052

1721202340.2930486 66655056
cloud_controller_tkemenade 11719228409 34185 6638

1721202340.2935152 66655056
cloud0_tkemenade 24969438822 35703 5054

1721202341.2958548 66655112
cloud_controller_tkemenade 11719228409 34213 6648

1721202341.2963643 66655112
cloud0_tkemenade 24969438822 35725 5058

1721202342.298865 66655153
cloud_controller_tkemenade 11719228409 34241 6659

1721202342.2994254 66655153
cloud0_tkemenade 24969438822 35744 5063

1721202343.3017354 66655204
cloud_controller_tkemenade 11719998488 34261 6668

1721202343.3022435 66655204
cloud0_tkemenade 24970048724 35765 5068

1721202344.3047607 66655261
cloud_controller_tkemenade 11719998488 34284 6679

1721202344.3053098 66655261
cloud0_tkemenade 24970048724 35800 5076

1721202345.3077607 66655318
cloud_controller_tkemenade 11719998488 34304 6686

1721202345.3083117 66655318
cloud0_tkemenade 24970048724 35837 5082

1721202346.3108683 66655369
cloud_controller_tkemenade 11719998488 34342 6691

1721202346.3114176 66655369
cloud0_tkemenade 24970048724 35854 5087

1721202347.3138885 66655439
cloud_controller_tkemenade 11719998488 34367 6699

1721202347.3145025 66655441
cloud0_tkemenade 24970048724 35892 5091

1721202348.3170302 66655513
cloud_controller_tkemenade 11719998488 34404 6706

1721202348.3175356 66655513
cloud0_tkemenade 24970048724 35926 5102

1721202349.3199525 66655569
cloud_controller_tkemenade 11719998488 34444 6716

1721202349.3204896 66655569
cloud0_tkemenade 24970048724 35945 5105

1721202350.322649 66655609
cloud_controller_tkemenade 11719998488 34463 6728

1721202350.3231585 66655609
cloud0_tkemenade 24970048724 35959 5108

1721202350.42365 66655619
cloud_controller_tkemenade 11720855263 34467 6729

1721202350.4241557 66655619
cloud0_tkemenade 24970805650 35960 5109

1721202351.4267037 66655670
cloud_controller_tkemenade 11720855263 34491 6736

1721202351.427266 66655670
cloud0_tkemenade 24970805650 35985 5113

1721202352.4297566 66655731
cloud_controller_tkemenade 11720855263 34537 6746

1721202352.430325 66655732
cloud0_tkemenade 24970805650 36002 5119

1721202353.4329355 66655777
cloud_controller_tkemenade 11720855263 34558 6753

1721202353.4334874 66655777
cloud0_tkemenade 24970805650 36028 5122

1721202354.4360924 66655841
cloud_controller_tkemenade 11720855263 34587 6760

1721202354.4366453 66655841
cloud0_tkemenade 24970805650 36065 5128

1721202355.4390495 66655888
cloud_controller_tkemenade 11720855263 34608 6768

1721202355.4395814 66655888
cloud0_tkemenade 24970805650 36089 5132

1721202356.4422064 66655973
cloud_controller_tkemenade 11720855263 34650 6778

1721202356.442775 66655973
cloud0_tkemenade 24970805650 36134 5142

1721202357.4454231 66656075
cloud_controller_tkemenade 11721743535 34691 6791

1721202357.4459279 66656075
cloud0_tkemenade 24971631367 36186 5148

1721202358.448512 66656125
cloud_controller_tkemenade 11721743535 34714 6799

1721202358.449078 66656125
cloud0_tkemenade 24971631367 36216 5156

1721202359.451471 66656176
cloud_controller_tkemenade 11721743535 34747 6805

1721202359.4520338 66656176
cloud0_tkemenade 24971631367 36237 5159

1721202360.45456 66656271
cloud_controller_tkemenade 11721743535 34794 6814

1721202360.4551399 66656271
cloud0_tkemenade 24971631367 36282 5165

1721202361.4577217 66656320
cloud_controller_tkemenade 11721743535 34821 6821

1721202361.4582806 66656320
cloud0_tkemenade 24971631367 36308 5169

1721202362.4607623 66656360
cloud_controller_tkemenade 11721743535 34848 6829

1721202362.4612896 66656360
cloud0_tkemenade 24971631367 36322 5174

1721202363.4636633 66656408
cloud_controller_tkemenade 11721743535 34873 6836

1721202363.4642196 66656408
cloud0_tkemenade 24971631367 36352 5178

1721202364.366363 66656465
cloud_controller_tkemenade 11722570354 34903 6845

1721202364.3668945 66656465
cloud0_tkemenade 24972344460 36380 5184

1721202365.369449 66656494
cloud_controller_tkemenade 11722570354 34925 6852

1721202365.3699987 66656494
cloud0_tkemenade 24972344460 36395 5188

1721202366.3727183 66656535
cloud_controller_tkemenade 11722570354 34953 6856

1721202366.3732731 66656535
cloud0_tkemenade 24972344460 36413 5190

1721202367.3758512 66656615
cloud_controller_tkemenade 11722570354 34990 6864

1721202367.3763938 66656615
cloud0_tkemenade 24972344460 36445 5191

1721202368.3789535 66656657
cloud_controller_tkemenade 11722570354 35009 6870

1721202368.379505 66656657
cloud0_tkemenade 24972344460 36475 5195

1721202369.3820984 66656715
cloud_controller_tkemenade 11722570354 35039 6881

1721202369.3826206 66656716
cloud0_tkemenade 24972344460 36506 5198

1721202370.3851445 66656752
cloud_controller_tkemenade 11722570354 35059 6887

1721202370.385699 66656752
cloud0_tkemenade 24972344460 36523 5200

1721202371.3882167 66656797
cloud_controller_tkemenade 11722570354 35087 6892

1721202371.388775 66656797
cloud0_tkemenade 24972344460 36546 5203

1721202371.4892697 66656805
cloud_controller_tkemenade 11723280276 35091 6893

1721202371.4897702 66656805
cloud0_tkemenade 24972909376 36548 5203

1721202372.4920785 66656846
cloud_controller_tkemenade 11723280276 35119 6902

1721202372.492622 66656846
cloud0_tkemenade 24972909376 36566 5207

1721202373.49499 66656886
cloud_controller_tkemenade 11723280276 35140 6911

1721202373.495536 66656886
cloud0_tkemenade 24972909376 36585 5210

1721202374.4981322 66656949
cloud_controller_tkemenade 11723280276 35165 6917

1721202374.4987128 66656949
cloud0_tkemenade 24972909376 36628 5218

1721202375.5012662 66657004
cloud_controller_tkemenade 11723280276 35189 6927

1721202375.5018444 66657004
cloud0_tkemenade 24972909376 36664 5223

1721202376.504395 66657054
cloud_controller_tkemenade 11723280276 35220 6936

1721202376.504939 66657054
cloud0_tkemenade 24972909376 36686 5224

1721202377.5074885 66657126
cloud_controller_tkemenade 11723280276 35247 6945

1721202377.5080497 66657126
cloud0_tkemenade 24972909376 36726 5230

1721202378.5107253 66657200
cloud_controller_tkemenade 11724017738 35275 6950

1721202378.51124 66657200
cloud0_tkemenade 24973646838 36758 5234

1721202379.513733 66657254
cloud_controller_tkemenade 11724017738 35308 6957

1721202379.5142841 66657255
cloud0_tkemenade 24973646838 36776 5235

1721202380.5168602 66657299
cloud_controller_tkemenade 11724017738 35329 6965

1721202380.5174174 66657299
cloud0_tkemenade 24973646838 36778 5250

1721202381.519949 66657372
cloud_controller_tkemenade 11724017738 35353 6973

1721202381.5205066 66657372
cloud0_tkemenade 24973646838 36798 5254

1721202382.523021 66657457
cloud_controller_tkemenade 11724017738 35394 6983

1721202382.5235376 66657457
cloud0_tkemenade 24973646838 36818 5255

1721202383.5260222 66657497
cloud_controller_tkemenade 11724017738 35413 6990

1721202383.5265405 66657497
cloud0_tkemenade 24973646838 36836 5258

1721202384.5289602 66657560
cloud_controller_tkemenade 11724017738 35435 6999

1721202384.5295103 66657560
cloud0_tkemenade 24973646838 36880 5263

1721202385.5320413 66657597
cloud_controller_tkemenade 11724017738 35454 7005

1721202385.5325243 66657597
cloud0_tkemenade 24973646838 36901 5270

1721202385.6329725 66657615
cloud_controller_tkemenade 11724805841 35454 7005

1721202385.6334786 66657615
cloud0_tkemenade 24974242072 36911 5271

1721202386.6357234 66657716
cloud_controller_tkemenade 11724805841 35507 7012

1721202386.6362646 66657716
cloud0_tkemenade 24974242072 36962 5278

1721202387.6387808 66657777
cloud_controller_tkemenade 11724805841 35536 7023

1721202387.6393032 66657777
cloud0_tkemenade 24974242072 36996 5285

1721202388.641891 66657829
cloud_controller_tkemenade 11724805841 35554 7029

1721202388.6424692 66657829
cloud0_tkemenade 24974242072 37022 5291

1721202389.645003 66657877
cloud_controller_tkemenade 11724805841 35586 7035

1721202389.6455488 66657877
cloud0_tkemenade 24974242072 37038 5295

1721202390.6482868 66657979
cloud_controller_tkemenade 11724805841 35633 7045

1721202390.6488154 66657979
cloud0_tkemenade 24974242072 37090 5301

1721202391.6514502 66658055
cloud_controller_tkemenade 11724805841 35670 7054

1721202391.652026 66658055
cloud0_tkemenade 24974242072 37128 5308

1721202392.6546156 66658140
cloud_controller_tkemenade 11725878142 35723 7059

1721202392.6551502 66658140
cloud0_tkemenade 24975204136 37151 5313

1721202393.6575317 66658199
cloud_controller_tkemenade 11725878142 35753 7067

1721202393.6581054 66658199
cloud0_tkemenade 24975204136 37175 5317

1721202394.6607969 66658253
cloud_controller_tkemenade 11725878142 35781 7073

1721202394.6613488 66658253
cloud0_tkemenade 24975204136 37201 5325

1721202395.6638193 66658295
cloud_controller_tkemenade 11725878142 35810 7085

1721202395.664379 66658295
cloud0_tkemenade 24975204136 37219 5327

1721202396.6670012 66658350
cloud_controller_tkemenade 11725878142 35840 7094

1721202396.667577 66658350
cloud0_tkemenade 24975204136 37242 5331

1721202397.6702695 66658412
cloud_controller_tkemenade 11725878142 35875 7102

1721202397.6708112 66658412
cloud0_tkemenade 24975204136 37266 5335

1721202398.6733236 66658492
cloud_controller_tkemenade 11725878142 35895 7112

1721202398.67386 66658492
cloud0_tkemenade 24975204136 37299 5343

1721202399.6762125 66658565
cloud_controller_tkemenade 11726718688 35932 7126

1721202399.6766958 66658565
cloud0_tkemenade 24975862614 37330 5346

1721202400.6789405 66658603
cloud_controller_tkemenade 11726718688 35953 7132

1721202400.679499 66658603
cloud0_tkemenade 24975862614 37347 5348

1721202401.6821606 66658652
cloud_controller_tkemenade 11726718688 35977 7145

1721202401.6827338 66658652
cloud0_tkemenade 24975862614 37368 5351

1721202402.6853902 66658698
cloud_controller_tkemenade 11726718688 36007 7158

1721202402.6859965 66658698
cloud0_tkemenade 24975862614 37381 5355

1721202403.6885087 66658747
cloud_controller_tkemenade 11726718688 36031 7166

1721202403.6890724 66658747
cloud0_tkemenade 24975862614 37407 5360

1721202404.6914675 66658801
cloud_controller_tkemenade 11726718688 36055 7173

1721202404.692018 66658801
cloud0_tkemenade 24975862614 37441 5363

1721202405.6946652 66658868
cloud_controller_tkemenade 11726718688 36076 7189

1721202405.6952157 66658868
cloud0_tkemenade 24975862614 37480 5368

1721202406.6980293 66658941
cloud_controller_tkemenade 11726718688 36106 7213

1721202406.6986406 66658942
cloud0_tkemenade 24975862614 37506 5374

1721202406.799113 66658956
cloud_controller_tkemenade 11727511862 36108 7213

1721202406.7996604 66658956
cloud0_tkemenade 24976483883 37509 5375

1721202407.8023434 66659034
cloud_controller_tkemenade 11727511862 36137 7233

1721202407.802914 66659034
cloud0_tkemenade 24976483883 37533 5378

1721202408.8057907 66659117
cloud_controller_tkemenade 11727511862 36169 7261

1721202408.8063898 66659117
cloud0_tkemenade 24976483883 37569 5383

1721202409.809273 66659188
cloud_controller_tkemenade 11727511862 36212 7279

1721202409.809841 66659188
cloud0_tkemenade 24976483883 37598 5390

1721202410.812641 66659230
cloud_controller_tkemenade 11727511862 36233 7293

1721202410.8132048 66659230
cloud0_tkemenade 24976483883 37618 5393

1721202411.8159928 66659299
cloud_controller_tkemenade 11727511862 36275 7314

1721202411.8165164 66659299
cloud0_tkemenade 24976483883 37642 5399

1721202412.8191292 66659368
cloud_controller_tkemenade 11727511862 36317 7318

1721202412.8196938 66659368
cloud0_tkemenade 24976483883 37669 5406

1721202413.8220983 66659410
cloud_controller_tkemenade 11728588413 36343 7325

1721202413.822665 66659410
cloud0_tkemenade 24977145415 37686 5411

1721202414.8253345 66659467
cloud_controller_tkemenade 11728588413 36368 7330

1721202414.8259008 66659467
cloud0_tkemenade 24977145415 37720 5417

1721202415.8286023 66659538
cloud_controller_tkemenade 11728588413 36402 7340

1721202415.8291621 66659538
cloud0_tkemenade 24977145415 37756 5423

1721202416.831697 66659627
cloud_controller_tkemenade 11728588413 36440 7349

1721202416.8322718 66659627
cloud0_tkemenade 24977145415 37807 5429

1721202417.8348343 66659689
cloud_controller_tkemenade 11728588413 36476 7359

1721202417.8353975 66659689
cloud0_tkemenade 24977145415 37831 5434

1721202418.8380015 66659741
cloud_controller_tkemenade 11728588413 36493 7366

1721202418.838665 66659742
cloud0_tkemenade 24977145415 37855 5438

1721202419.8412402 66659805
cloud_controller_tkemenade 11728588413 36540 7376

1721202419.8418052 66659805
cloud0_tkemenade 24977145415 37878 5442

1721202420.8442917 66659876
cloud_controller_tkemenade 11729475621 36574 7383

1721202420.8448112 66659876
cloud0_tkemenade 24977970580 37914 5447

1721202421.847089 66659916
cloud_controller_tkemenade 11729475621 36602 7389

1721202421.8476176 66659916
cloud0_tkemenade 24977970580 37933 5456

1721202422.8500948 66659963
cloud_controller_tkemenade 11729475621 36630 7398

1721202422.8506565 66659964
cloud0_tkemenade 24977970580 37959 5467

1721202423.8531728 66660013
cloud_controller_tkemenade 11729475621 36657 7407

1721202423.853736 66660013
cloud0_tkemenade 24977970580 37989 5475

1721202424.8562448 66660060
cloud_controller_tkemenade 11729475621 36679 7416

1721202424.8567932 66660060
cloud0_tkemenade 24977970580 38013 5481

1721202425.859276 66660098
cloud_controller_tkemenade 11729475621 36703 7427

1721202425.8597877 66660098
cloud0_tkemenade 24977970580 38030 5492

1721202426.8621476 66660152
cloud_controller_tkemenade 11729475621 36726 7435

1721202426.8627286 66660152
cloud0_tkemenade 24977970580 38057 5498

1721202427.8651497 66660213
cloud_controller_tkemenade 11730266409 36766 7447

1721202427.8656251 66660213
cloud0_tkemenade 24978664413 38076 5513

1721202428.8680487 66660298
cloud_controller_tkemenade 11730266409 36792 7454

1721202428.8686168 66660298
cloud0_tkemenade 24978664413 38116 5533

1721202429.8710208 66660367
cloud_controller_tkemenade 11730266409 36828 7467

1721202429.8715796 66660367
cloud0_tkemenade 24978664413 38144 5544

1721202430.8740714 66660415
cloud_controller_tkemenade 11730266409 36849 7472

1721202430.8746548 66660416
cloud0_tkemenade 24978664413 38169 5557

1721202431.8771594 66660462
cloud_controller_tkemenade 11730266409 36872 7480

1721202431.877663 66660462
cloud0_tkemenade 24978664413 38192 5570

1721202432.880041 66660507
cloud_controller_tkemenade 11730266409 36901 7488

1721202432.8804862 66660507
cloud0_tkemenade 24978664413 38206 5577

1721202433.8829045 66660575
cloud_controller_tkemenade 11730266409 36924 7497

1721202433.883414 66660575
cloud0_tkemenade 24978664413 38237 5595

1721202434.8858824 66660639
cloud_controller_tkemenade 11731127902 36944 7508

1721202434.8864057 66660639
cloud0_tkemenade 24979662309 38270 5602

1721202435.8891666 66660711
cloud_controller_tkemenade 11731127902 36982 7522

1721202435.8897352 66660711
cloud0_tkemenade 24979662309 38308 5609

1721202436.8922396 66660759
cloud_controller_tkemenade 11731127902 37004 7531

1721202436.8927994 66660759
cloud0_tkemenade 24979662309 38336 5611

1721202437.8953414 66660819
cloud_controller_tkemenade 11731127902 37041 7543

1721202437.8959107 66660819
cloud0_tkemenade 24979662309 38360 5617

1721202438.8984418 66660875
cloud_controller_tkemenade 11731127902 37066 7550

1721202438.8990061 66660875
cloud0_tkemenade 24979662309 38391 5623

1721202439.9017663 66660947
cloud_controller_tkemenade 11731127902 37110 7563

1721202439.90228 66660947
cloud0_tkemenade 24979662309 38415 5629

1721202440.904779 66660999
cloud_controller_tkemenade 11731127902 37134 7568

1721202440.9053397 66660999
cloud0_tkemenade 24979662309 38440 5633

1721202441.9079268 66661066
cloud_controller_tkemenade 11732049835 37175 7576

1721202441.9084487 66661066
cloud0_tkemenade 24980398618 38466 5640

1721202442.9110632 66661114
cloud_controller_tkemenade 11732049835 37205 7583

1721202442.9116235 66661114
cloud0_tkemenade 24980398618 38486 5644

1721202443.9139402 66661160
cloud_controller_tkemenade 11732049835 37231 7593

1721202443.914534 66661160
cloud0_tkemenade 24980398618 38507 5648

1721202444.9169912 66661218
cloud_controller_tkemenade 11732049835 37255 7599

1721202444.9175563 66661218
cloud0_tkemenade 24980398618 38543 5661

1721202445.9201858 66661311
cloud_controller_tkemenade 11732049835 37295 7605

1721202445.9207506 66661311
cloud0_tkemenade 24980398618 38595 5674

1721202446.9235044 66661402
cloud_controller_tkemenade 11732049835 37333 7614

1721202446.9240637 66661402
cloud0_tkemenade 24980398618 38657 5682

1721202447.92657 66661452
cloud_controller_tkemenade 11732049835 37371 7623

1721202447.9271228 66661452
cloud0_tkemenade 24980398618 38677 5687

1721202448.9297843 66661486
cloud_controller_tkemenade 11732049835 37390 7631

1721202448.930361 66661487
cloud0_tkemenade 24980398618 38697 5691

1721202449.0308802 66661502
cloud_controller_tkemenade 11732878398 37391 7632

1721202449.0314345 66661502
cloud0_tkemenade 24981263870 38706 5694

1721202450.03416 66661595
cloud_controller_tkemenade 11732878398 37442 7651

1721202450.03476 66661595
cloud0_tkemenade 24981263870 38737 5703

1721202451.037581 66661673
cloud_controller_tkemenade 11732878398 37480 7665

1721202451.038147 66661673
cloud0_tkemenade 24981263870 38784 5710

1721202452.0411127 66661796
cloud_controller_tkemenade 11732878398 37580 7679

1721202452.0417166 66661796
cloud0_tkemenade 24981263870 38808 5714

1721202453.0444398 66661849
cloud_controller_tkemenade 11732878398 37609 7689

1721202453.0449975 66661849
cloud0_tkemenade 24981263870 38833 5718

1721202454.047734 66661894
cloud_controller_tkemenade 11732878398 37636 7701

1721202454.0482666 66661894
cloud0_tkemenade 24981263870 38859 5724

1721202455.050848 66661942
cloud_controller_tkemenade 11732878398 37662 7707

1721202455.0514066 66661942
cloud0_tkemenade 24981263870 38878 5728

1721202456.0541081 66662007
cloud_controller_tkemenade 11734121875 37699 7716

1721202456.0546467 66662007
cloud0_tkemenade 24982028355 38896 5734

1721202457.0573523 66662059
cloud_controller_tkemenade 11734121875 37727 7726

1721202457.0579233 66662059
cloud0_tkemenade 24982028355 38925 5738

1721202458.060597 66662110
cloud_controller_tkemenade 11734121875 37768 7739

1721202458.0611553 66662110
cloud0_tkemenade 24982028355 38940 5740

1721202459.063683 66662149
cloud_controller_tkemenade 11734121875 37786 7746

1721202459.0642524 66662149
cloud0_tkemenade 24982028355 38966 5744

1721202460.0669277 66662228
cloud_controller_tkemenade 11734121875 37824 7761

1721202460.06749 66662228
cloud0_tkemenade 24982028355 38996 5749

1721202461.070023 66662276
cloud_controller_tkemenade 11734121875 37842 7771

1721202461.0705771 66662277
cloud0_tkemenade 24982028355 39027 5751

1721202462.0732627 66662338
cloud_controller_tkemenade 11734121875 37875 7778

1721202462.0738134 66662338
cloud0_tkemenade 24982028355 39050 5754

1721202463.0765016 66662395
cloud_controller_tkemenade 11734974686 37908 7788

1721202463.0770187 66662395
cloud0_tkemenade 24982614093 39065 5757

1721202464.079596 66662460
cloud_controller_tkemenade 11734974686 37933 7795

1721202464.08016 66662460
cloud0_tkemenade 24982614093 39105 5762

1721202465.0827646 66662513
cloud_controller_tkemenade 11734974686 37961 7800

1721202465.0833313 66662513
cloud0_tkemenade 24982614093 39135 5766

1721202466.086044 66662575
cloud_controller_tkemenade 11734974686 37994 7808

1721202466.086651 66662575
cloud0_tkemenade 24982614093 39166 5770

1721202467.0892658 66662618
cloud_controller_tkemenade 11734974686 38017 7814

1721202467.089785 66662618
cloud0_tkemenade 24982614093 39189 5775

1721202468.092433 66662690
cloud_controller_tkemenade 11734974686 38061 7820

1721202468.0929546 66662690
cloud0_tkemenade 24982614093 39220 5780

1721202469.0954177 66662732
cloud_controller_tkemenade 11734974686 38079 7829

1721202469.0959816 66662732
cloud0_tkemenade 24982614093 39246 5784

1721202470.0985649 66662823
cloud_controller_tkemenade 11734974686 38128 7843

1721202470.099124 66662823
cloud0_tkemenade 24982614093 39269 5795

1721202470.1995907 66662836
cloud_controller_tkemenade 11735872001 38130 7843

1721202470.2001243 66662836
cloud0_tkemenade 24983398437 39275 5797

1721202471.2026854 66662873
cloud_controller_tkemenade 11735872001 38149 7850

1721202471.2032602 66662873
cloud0_tkemenade 24983398437 39299 5801

1721202472.2058525 66662925
cloud_controller_tkemenade 11735872001 38185 7859

1721202472.2064552 66662925
cloud0_tkemenade 24983398437 39321 5809

1721202473.2092326 66662980
cloud_controller_tkemenade 11735872001 38216 7865

1721202473.2097914 66662980
cloud0_tkemenade 24983398437 39351 5817

1721202474.2123427 66663029
cloud_controller_tkemenade 11735872001 38232 7874

1721202474.2129135 66663029
cloud0_tkemenade 24983398437 39376 5830

1721202475.21553 66663071
cloud_controller_tkemenade 11735872001 38257 7883

1721202475.216077 66663071
cloud0_tkemenade 24983398437 39398 5836

1721202476.2186182 66663149
cloud_controller_tkemenade 11735872001 38285 7894

1721202476.2191465 66663149
cloud0_tkemenade 24983398437 39445 5848

1721202477.2219152 66663254
cloud_controller_tkemenade 11735872001 38328 7902

1721202477.2224498 66663255
cloud0_tkemenade 24983398437 39507 5863

1721202477.3228836 66663265
cloud_controller_tkemenade 11736661642 38332 7902

1721202477.323382 66663265
cloud0_tkemenade 24984331372 39509 5863

1721202478.3260612 66663307
cloud_controller_tkemenade 11736661642 38361 7910

1721202478.3266442 66663307
cloud0_tkemenade 24984331372 39527 5877

1721202479.3291683 66663344
cloud_controller_tkemenade 11736661642 38382 7919

1721202479.3297262 66663344
cloud0_tkemenade 24984331372 39542 5882

1721202480.3323505 66663447
cloud_controller_tkemenade 11736661642 38434 7931

1721202480.332911 66663447
cloud0_tkemenade 24984331372 39586 5891

1721202481.3355558 66663514
cloud_controller_tkemenade 11736661642 38456 7940

1721202481.336115 66663514
cloud0_tkemenade 24984331372 39633 5897

1721202482.3386497 66663557
cloud_controller_tkemenade 11736661642 38484 7948

1721202482.3392122 66663557
cloud0_tkemenade 24984331372 39650 5901

1721202483.3418036 66663608
cloud_controller_tkemenade 11736661642 38513 7957

1721202483.342408 66663609
cloud0_tkemenade 24984331372 39673 5906

1721202484.3449118 66663657
cloud_controller_tkemenade 11736661642 38534 7967

1721202484.3454418 66663657
cloud0_tkemenade 24984331372 39697 5912

1721202484.4458535 66663663
cloud_controller_tkemenade 11737481513 38536 7969

1721202484.4463644 66663663
cloud0_tkemenade 24985056759 39699 5913

1721202485.4488819 66663704
cloud_controller_tkemenade 11737481513 38558 7979

1721202485.4494343 66663704
cloud0_tkemenade 24985056759 39723 5919

1721202486.4520195 66663753
cloud_controller_tkemenade 11737481513 38585 7987

1721202486.4525964 66663753
cloud0_tkemenade 24985056759 39740 5925

1721202487.455266 66663818
cloud_controller_tkemenade 11737481513 38617 7999

1721202487.4558322 66663818
cloud0_tkemenade 24985056759 39779 5931

1721202488.4583716 66663868
cloud_controller_tkemenade 11737481513 38642 8009

1721202488.4589183 66663868
cloud0_tkemenade 24985056759 39793 5933

1721202489.4615173 66663943
cloud_controller_tkemenade 11737481513 38664 8020

1721202489.4620807 66663943
cloud0_tkemenade 24985056759 39826 5937

1721202490.4646192 66664025
cloud_controller_tkemenade 11737481513 38696 8032

1721202490.4651787 66664025
cloud0_tkemenade 24985056759 39856 5944

1721202491.367461 66664067
cloud_controller_tkemenade 11738256003 38712 8041

1721202491.3679667 66664067
cloud0_tkemenade 24985714461 39875 5948

1721202492.3704257 66664116
cloud_controller_tkemenade 11738256003 38744 8053

1721202492.370969 66664116
cloud0_tkemenade 24985714461 39895 5950

1721202493.3735101 66664164
cloud_controller_tkemenade 11738256003 38772 8067

1721202493.3740559 66664164
cloud0_tkemenade 24985714461 39912 5954

1721202494.3766017 66664215
cloud_controller_tkemenade 11738256003 38796 8077

1721202494.3771744 66664215
cloud0_tkemenade 24985714461 39943 5959

1721202495.3798528 66664277
cloud_controller_tkemenade 11738256003 38825 8082

1721202495.3804178 66664277
cloud0_tkemenade 24985714461 39984 5963

1721202496.3829951 66664320
cloud_controller_tkemenade 11738256003 38851 8090

1721202496.3835196 66664320
cloud0_tkemenade 24985714461 40004 5966

1721202497.3863704 66664383
cloud_controller_tkemenade 11738256003 38878 8096

1721202497.3869238 66664383
cloud0_tkemenade 24985714461 40043 5978

1721202498.3895707 66664442
cloud_controller_tkemenade 11739068706 38914 8107

1721202498.3900793 66664442
cloud0_tkemenade 24986400949 40064 5982

1721202499.3926494 66664481
cloud_controller_tkemenade 11739068706 38943 8112

1721202499.3932188 66664481
cloud0_tkemenade 24986400949 40083 5985

1721202500.3956697 66664548
cloud_controller_tkemenade 11739068706 38979 8120

1721202500.3962457 66664548
cloud0_tkemenade 24986400949 40112 5996

1721202501.398879 66664591
cloud_controller_tkemenade 11739068706 38996 8125

1721202501.3994389 66664591
cloud0_tkemenade 24986400949 40131 6002

1721202502.4022102 66664661
cloud_controller_tkemenade 11739068706 39041 8133

1721202502.4027991 66664661
cloud0_tkemenade 24986400949 40155 6013

1721202503.4053786 66664689
cloud_controller_tkemenade 11739068706 39062 8137

1721202503.4058955 66664689
cloud0_tkemenade 24986400949 40165 6018

1721202504.408329 66664747
cloud_controller_tkemenade 11739068706 39090 8146

1721202504.408905 66664747
cloud0_tkemenade 24986400949 40195 6025

1721202505.411311 66664797
cloud_controller_tkemenade 11739068706 39117 8151

1721202505.4118798 66664797
cloud0_tkemenade 24986400949 40220 6034

1721202505.5123732 66664806
cloud_controller_tkemenade 11739835151 39118 8153

1721202505.5128741 66664806
cloud0_tkemenade 24987031070 40221 6034

1721202506.5154784 66664897
cloud_controller_tkemenade 11739835151 39164 8161

1721202506.5160656 66664897
cloud0_tkemenade 24987031070 40264 6047

1721202507.5188885 66664980
cloud_controller_tkemenade 11739835151 39191 8172

1721202507.5194433 66664980
cloud0_tkemenade 24987031070 40323 6058

1721202508.5219374 66665009
cloud_controller_tkemenade 11739835151 39211 8182

1721202508.5224912 66665009
cloud0_tkemenade 24987031070 40334 6062

1721202509.5250375 66665049
cloud_controller_tkemenade 11739835151 39236 8190

1721202509.5255935 66665049
cloud0_tkemenade 24987031070 40355 6066

1721202510.528372 66665155
cloud_controller_tkemenade 11739835151 39288 8196

1721202510.5289388 66665155
cloud0_tkemenade 24987031070 40409 6078

1721202511.5316315 66665204
cloud_controller_tkemenade 11739835151 39309 8203

1721202511.5321813 66665204
cloud0_tkemenade 24987031070 40435 6086

1721202512.5344481 66665248
cloud_controller_tkemenade 11739835151 39334 8211

1721202512.534994 66665248
cloud0_tkemenade 24987031070 40454 6092

1721202512.6354427 66665257
cloud_controller_tkemenade 11740713725 39335 8211

1721202512.635963 66665257
cloud0_tkemenade 24987963759 40458 6092

1721202513.6384797 66665306
cloud_controller_tkemenade 11740713725 39366 8218

1721202513.6390283 66665306
cloud0_tkemenade 24987963759 40480 6098

1721202514.6416864 66665344
cloud_controller_tkemenade 11740713725 39391 8223

1721202514.6422474 66665344
cloud0_tkemenade 24987963759 40498 6106

1721202515.6448119 66665393
cloud_controller_tkemenade 11740713725 39419 8232

1721202515.6453664 66665393
cloud0_tkemenade 24987963759 40522 6111

1721202516.6477432 66665446
cloud_controller_tkemenade 11740713725 39441 8240

1721202516.6483138 66665446
cloud0_tkemenade 24987963759 40545 6115

1721202517.6509225 66665503
cloud_controller_tkemenade 11740713725 39468 8247

1721202517.6514537 66665503
cloud0_tkemenade 24987963759 40576 6119

1721202518.65398 66665545
cloud_controller_tkemenade 11740713725 39499 8256

1721202518.6545465 66665545
cloud0_tkemenade 24987963759 40589 6121

1721202519.6571414 66665611
cloud_controller_tkemenade 11740713725 39525 8267

1721202519.6577024 66665611
cloud0_tkemenade 24987963759 40624 6127

1721202519.8584502 66665629
cloud_controller_tkemenade 11741456577 39530 8269

1721202519.8590033 66665629
cloud0_tkemenade 24988575869 40632 6130

1721202520.8616197 66665710
cloud_controller_tkemenade 11741456577 39558 8278

1721202520.862191 66665710
cloud0_tkemenade 24988575869 40652 6152

1721202521.8648138 66665784
cloud_controller_tkemenade 11741456577 39581 8288

1721202521.8653643 66665784
cloud0_tkemenade 24988575869 40666 6161

1721202522.8679307 66665873
cloud_controller_tkemenade 11741456577 39609 8299

1721202522.8684967 66665873
cloud0_tkemenade 24988575869 40688 6164

1721202523.8710413 66665933
cloud_controller_tkemenade 11741456577 39636 8310

1721202523.8717163 66665933
cloud0_tkemenade 24988575869 40719 6167

1721202524.8742704 66665988
cloud_controller_tkemenade 11741456577 39662 8319

1721202524.8748298 66665988
cloud0_tkemenade 24988575869 40744 6173

1721202525.8774264 66666041
cloud_controller_tkemenade 11741456577 39686 8328

1721202525.877994 66666041
cloud0_tkemenade 24988575869 40777 6178

1721202526.8805864 66666107
cloud_controller_tkemenade 11742220787 39716 8334

1721202526.8811116 66666107
cloud0_tkemenade 24989250172 40800 6180

1721202527.8837652 66666168
cloud_controller_tkemenade 11742220787 39746 8343

1721202527.8843207 66666168
cloud0_tkemenade 24989250172 40834 6185

1721202528.8868732 66666226
cloud_controller_tkemenade 11742220787 39785 8353

1721202528.8874247 66666226
cloud0_tkemenade 24989250172 40853 6188

1721202529.8899708 66666279
cloud_controller_tkemenade 11742220787 39819 8365

1721202529.890555 66666280
cloud0_tkemenade 24989250172 40872 6194

1721202530.8931792 66666352
cloud_controller_tkemenade 11742220787 39843 8379

1721202530.8937435 66666352
cloud0_tkemenade 24989250172 40913 6198

1721202531.8962004 66666409
cloud_controller_tkemenade 11742220787 39871 8392

1721202531.8967302 66666409
cloud0_tkemenade 24989250172 40932 6201

1721202532.8993351 66666476
cloud_controller_tkemenade 11742220787 39909 8405

1721202532.8998978 66666476
cloud0_tkemenade 24989250172 40964 6205

1721202533.902466 66666508
cloud_controller_tkemenade 11742220787 39934 8410

1721202533.9030316 66666508
cloud0_tkemenade 24989250172 40979 6209

1721202534.0035388 66666519
cloud_controller_tkemenade 11743123252 39939 8412

1721202534.0040517 66666519
cloud0_tkemenade 24989894355 40980 6210

1721202535.0066164 66666574
cloud_controller_tkemenade 11743123252 39961 8419

1721202535.0071805 66666574
cloud0_tkemenade 24989894355 41009 6216

1721202536.0098484 66666661
cloud_controller_tkemenade 11743123252 39995 8428

1721202536.010445 66666662
cloud0_tkemenade 24989894355 41059 6222

1721202537.0131385 66666756
cloud_controller_tkemenade 11743123252 40028 8438

1721202537.0137184 66666756
cloud0_tkemenade 24989894355 41119 6230

1721202538.0162675 66666810
cloud_controller_tkemenade 11743123252 40064 8447

1721202538.0168204 66666810
cloud0_tkemenade 24989894355 41134 6233

1721202539.019287 66666841
cloud_controller_tkemenade 11743123252 40086 8454

1721202539.0198028 66666841
cloud0_tkemenade 24989894355 41143 6238

1721202540.0221756 66666914
cloud_controller_tkemenade 11743123252 40126 8465

1721202540.0227757 66666914
cloud0_tkemenade 24989894355 41175 6241

1721202541.0254612 66667012
cloud_controller_tkemenade 11743123252 40168 8473

1721202541.0260165 66667012
cloud0_tkemenade 24989894355 41230 6249

1721202541.2266395 66667029
cloud_controller_tkemenade 11744012227 40171 8475

1721202541.227177 66667029
cloud0_tkemenade 24990768364 41237 6250

1721202542.2297947 66667069
cloud_controller_tkemenade 11744012227 40190 8483

1721202542.2303784 66667069
cloud0_tkemenade 24990768364 41253 6252

1721202543.2329504 66667124
cloud_controller_tkemenade 11744012227 40220 8491

1721202543.2335117 66667124
cloud0_tkemenade 24990768364 41276 6259

1721202544.2360024 66667167
cloud_controller_tkemenade 11744012227 40244 8499

1721202544.2365594 66667167
cloud0_tkemenade 24990768364 41295 6265

1721202545.2391047 66667213
cloud_controller_tkemenade 11744012227 40267 8505

1721202545.2396655 66667213
cloud0_tkemenade 24990768364 41317 6269

1721202546.2422144 66667257
cloud_controller_tkemenade 11744012227 40289 8509

1721202546.2427602 66667257
cloud0_tkemenade 24990768364 41332 6276

1721202547.2454188 66667335
cloud_controller_tkemenade 11744012227 40317 8516

1721202547.2459514 66667335
cloud0_tkemenade 24990768364 41377 6282

1721202548.2485015 66667373
cloud_controller_tkemenade 11744012227 40342 8526

1721202548.2490218 66667373
cloud0_tkemenade 24990768364 41389 6287

1721202548.349479 66667377
cloud_controller_tkemenade 11744689129 40344 8527

1721202548.3499522 66667377
cloud0_tkemenade 24991354609 41392 6287

1721202549.35214 66667433
cloud_controller_tkemenade 11744689129 40378 8532

1721202549.3527093 66667433
cloud0_tkemenade 24991354609 41415 6292

1721202550.3548012 66667506
cloud_controller_tkemenade 11744689129 40415 8540

1721202550.3553643 66667506
cloud0_tkemenade 24991354609 41448 6300

1721202551.35793 66667553
cloud_controller_tkemenade 11744689129 40437 8547

1721202551.3585129 66667554
cloud0_tkemenade 24991354609 41473 6302

1721202552.3610759 66667596
cloud_controller_tkemenade 11744689129 40457 8552

1721202552.3616366 66667596
cloud0_tkemenade 24991354609 41489 6307

1721202553.3641913 66667654
cloud_controller_tkemenade 11744689129 40483 8558

1721202553.364736 66667654
cloud0_tkemenade 24991354609 41509 6309

1721202554.3671768 66667702
cloud_controller_tkemenade 11744689129 40509 8563

1721202554.3677258 66667702
cloud0_tkemenade 24991354609 41535 6314

1721202555.2699895 66667765
cloud_controller_tkemenade 11745407583 40532 8569

1721202555.2705219 66667765
cloud0_tkemenade 24992017561 41574 6318

1721202556.2728536 66667809
cloud_controller_tkemenade 11745407583 40557 8576

1721202556.2734153 66667809
cloud0_tkemenade 24992017561 41594 6324

1721202557.2759285 66667862
cloud_controller_tkemenade 11745407583 40582 8583

1721202557.2764947 66667862
cloud0_tkemenade 24992017561 41623 6327

1721202558.2791028 66667925
cloud_controller_tkemenade 11745407583 40616 8591

1721202558.279674 66667925
cloud0_tkemenade 24992017561 41658 6332

1721202559.2822032 66667973
cloud_controller_tkemenade 11745407583 40650 8600

1721202559.2827852 66667973
cloud0_tkemenade 24992017561 41669 6338

1721202560.2852962 66668029
cloud_controller_tkemenade 11745407583 40686 8609

1721202560.2858033 66668029
cloud0_tkemenade 24992017561 41688 6342

1721202561.2884386 66668084
cloud_controller_tkemenade 11745407583 40705 8621

1721202561.2889972 66668084
cloud0_tkemenade 24992017561 41723 6351

1721202562.2915325 66668147
cloud_controller_tkemenade 11745407583 40740 8629

1721202562.2920818 66668147
cloud0_tkemenade 24992017561 41742 6353

1721202562.3925767 66668157
cloud_controller_tkemenade 11746223767 40742 8630

1721202562.3930776 66668157
cloud0_tkemenade 24992640279 41745 6354

1721202563.395502 66668192
cloud_controller_tkemenade 11746223767 40768 8639

1721202563.3960319 66668192
cloud0_tkemenade 24992640279 41754 6359

1721202564.398541 66668248
cloud_controller_tkemenade 11746223767 40794 8645

1721202564.3990996 66668248
cloud0_tkemenade 24992640279 41782 6362

1721202565.4016223 66668294
cloud_controller_tkemenade 11746223767 40821 8652

1721202565.4021845 66668294
cloud0_tkemenade 24992640279 41807 6369

1721202566.4048536 66668371
cloud_controller_tkemenade 11746223767 40855 8663

1721202566.4054098 66668371
cloud0_tkemenade 24992640279 41851 6376

1721202567.4080486 66668461
cloud_controller_tkemenade 11746223767 40893 8674

1721202567.408567 66668461
cloud0_tkemenade 24992640279 41908 6384

1721202568.4110105 66668498
cloud_controller_tkemenade 11746223767 40919 8680

1721202568.4115276 66668498
cloud0_tkemenade 24992640279 41922 6386

1721202569.4139729 66668543
cloud_controller_tkemenade 11747045268 40952 8691

1721202569.414513 66668543
cloud0_tkemenade 24993329479 41934 6389

1721202570.4171412 66668635
cloud_controller_tkemenade 11747045268 41010 8701

1721202570.4177134 66668635
cloud0_tkemenade 24993329479 41970 6393

1721202571.4203389 66668725
cloud_controller_tkemenade 11747045268 41038 8712

1721202571.4209104 66668725
cloud0_tkemenade 24993329479 42016 6402

1721202572.423489 66668832
cloud_controller_tkemenade 11747045268 41085 8721

1721202572.4240332 66668832
cloud0_tkemenade 24993329479 42047 6407

1721202573.4266148 66668916
cloud_controller_tkemenade 11747045268 41121 8729

1721202573.42717 66668916
cloud0_tkemenade 24993329479 42075 6420

1721202574.4296696 66668959
cloud_controller_tkemenade 11747045268 41146 8735

1721202574.4301856 66668959
cloud0_tkemenade 24993329479 42091 6427

1721202575.4327097 66669015
cloud_controller_tkemenade 11747045268 41183 8745

1721202575.4333417 66669015
cloud0_tkemenade 24993329479 42114 6434

1721202576.43582 66669063
cloud_controller_tkemenade 11747045268 41205 8753

1721202576.4363606 66669063
cloud0_tkemenade 24993329479 42132 6440

1721202576.7371626 66669095
cloud_controller_tkemenade 11748015620 41215 8756

1721202576.7376971 66669095
cloud0_tkemenade 24994110494 42150 6442

1721202577.740228 66669145
cloud_controller_tkemenade 11748015620 41242 8762

1721202577.7407758 66669145
cloud0_tkemenade 24994110494 42180 6453

1721202578.7431433 66669192
cloud_controller_tkemenade 11748015620 41266 8772

1721202578.7436907 66669192
cloud0_tkemenade 24994110494 42206 6460

1721202579.746232 66669246
cloud_controller_tkemenade 11748015620 41299 8783

1721202579.7467616 66669246
cloud0_tkemenade 24994110494 42232 6464

1721202580.7491992 66669319
cloud_controller_tkemenade 11748015620 41330 8793

1721202580.749717 66669319
cloud0_tkemenade 24994110494 42268 6479

1721202581.7521644 66669361
cloud_controller_tkemenade 11748015620 41351 8800

1721202581.7526362 66669361
cloud0_tkemenade 24994110494 42292 6484

1721202582.7550225 66669407
cloud_controller_tkemenade 11748015620 41374 8806

1721202582.755557 66669407
cloud0_tkemenade 24994110494 42311 6492

1721202583.7579668 66669470
cloud_controller_tkemenade 11748015620 41402 8817

1721202583.7585218 66669471
cloud0_tkemenade 24994110494 42346 6496

1721202583.8589683 66669477
cloud_controller_tkemenade 11748900758 41404 8817

1721202583.859473 66669477
cloud0_tkemenade 24994999131 42351 6496

1721202584.862232 66669531
cloud_controller_tkemenade 11748900758 41435 8832

1721202584.8628306 66669531
cloud0_tkemenade 24994999131 42371 6500

1721202585.865596 66669608
cloud_controller_tkemenade 11748900758 41468 8837

1721202585.8661742 66669608
cloud0_tkemenade 24994999131 42417 6505

1721202586.8690507 66669654
cloud_controller_tkemenade 11748900758 41493 8843

1721202586.8696249 66669654
cloud0_tkemenade 24994999131 42442 6509

1721202587.8723075 66669704
cloud_controller_tkemenade 11748900758 41516 8848

1721202587.8728745 66669704
cloud0_tkemenade 24994999131 42470 6510

1721202588.8755465 66669756
cloud_controller_tkemenade 11748900758 41553 8861

1721202588.876112 66669756
cloud0_tkemenade 24994999131 42491 6515

1721202589.8786316 66669805
cloud_controller_tkemenade 11748900758 41589 8872

1721202589.8791506 66669805
cloud0_tkemenade 24994999131 42503 6520

1721202590.8816845 66669873
cloud_controller_tkemenade 11749807848 41620 8883

1721202590.8821812 66669873
cloud0_tkemenade 24995728042 42540 6525

1721202591.8848262 66669922
cloud_controller_tkemenade 11749807848 41652 8890

1721202591.8853924 66669922
cloud0_tkemenade 24995728042 42561 6530

1721202592.8880901 66669987
cloud_controller_tkemenade 11749807848 41677 8898

1721202592.8886516 66669987
cloud0_tkemenade 24995728042 42587 6534

1721202593.8912535 66670031
cloud_controller_tkemenade 11749807848 41703 8905

1721202593.8918152 66670031
cloud0_tkemenade 24995728042 42605 6537

1721202594.894576 66670091
cloud_controller_tkemenade 11749807848 41736 8914

1721202594.8951378 66670091
cloud0_tkemenade 24995728042 42634 6540

1721202595.8979533 66670186
cloud_controller_tkemenade 11749807848 41773 8920

1721202595.8985054 66670187
cloud0_tkemenade 24995728042 42685 6548

1721202596.9012887 66670285
cloud_controller_tkemenade 11749807848 41811 8928

1721202596.901864 66670285
cloud0_tkemenade 24995728042 42749 6555

1721202597.9045553 66670328
cloud_controller_tkemenade 11749807848 41835 8935

1721202597.9050655 66670328
cloud0_tkemenade 24995728042 42767 6558

1721202598.0054681 66670330
cloud_controller_tkemenade 11750653693 41836 8936

1721202598.0059366 66670330
cloud0_tkemenade 24996536707 42767 6558

1721202599.008499 66670372
cloud_controller_tkemenade 11750653693 41862 8944

1721202599.009074 66670372
cloud0_tkemenade 24996536707 42784 6564

1721202600.011719 66670445
cloud_controller_tkemenade 11750653693 41908 8957

1721202600.012292 66670445
cloud0_tkemenade 24996536707 42811 6568

1721202601.0150313 66670540
cloud_controller_tkemenade 11750653693 41955 8966

1721202601.0156028 66670540
cloud0_tkemenade 24996536707 42861 6574

1721202602.0182538 66670587
cloud_controller_tkemenade 11750653693 41980 8972

1721202602.01883 66670587
cloud0_tkemenade 24996536707 42886 6578

1721202603.021546 66670647
cloud_controller_tkemenade 11750653693 42006 8981

1721202603.0221112 66670647
cloud0_tkemenade 24996536707 42907 6584

1721202604.0244482 66670691
cloud_controller_tkemenade 11750653693 42031 8986

1721202604.0250077 66670691
cloud0_tkemenade 24996536707 42928 6588

1721202605.0271833 66670730
cloud_controller_tkemenade 11751513678 42059 8996

1721202605.0277255 66670730
cloud0_tkemenade 24997170868 42939 6592

1721202606.0303626 66670774
cloud_controller_tkemenade 11751513678 42078 9005

1721202606.0309274 66670774
cloud0_tkemenade 24997170868 42963 6594

1721202607.0336564 66670834
cloud_controller_tkemenade 11751513678 42105 9011

1721202607.0342197 66670834
cloud0_tkemenade 24997170868 42996 6598

1721202608.036966 66670881
cloud_controller_tkemenade 11751513678 42133 9020

1721202608.0375352 66670881
cloud0_tkemenade 24997170868 43015 6602

1721202609.0402045 66670929
cloud_controller_tkemenade 11751513678 42164 9027

1721202609.0407903 66670929
cloud0_tkemenade 24997170868 43036 6606

1721202610.0435104 66670990
cloud_controller_tkemenade 11751513678 42199 9036

1721202610.0440342 66670990
cloud0_tkemenade 24997170868 43055 6609

1721202611.0467367 66671057
cloud_controller_tkemenade 11751513678 42231 9047

1721202611.047331 66671057
cloud0_tkemenade 24997170868 43095 6614

1721202612.0499783 66671106
cloud_controller_tkemenade 11752310113 42258 9056

1721202612.0505095 66671107
cloud0_tkemenade 24997783510 43113 6618

1721202613.05308 66671153
cloud_controller_tkemenade 11752310113 42285 9067

1721202613.0536282 66671153
cloud0_tkemenade 24997783510 43129 6624

1721202614.0563853 66671221
cloud_controller_tkemenade 11752310113 42308 9085

1721202614.0569522 66671221
cloud0_tkemenade 24997783510 43163 6630

1721202615.059725 66671273
cloud_controller_tkemenade 11752310113 42341 9098

1721202615.0603118 66671273
cloud0_tkemenade 24997783510 43189 6635

1721202616.0632591 66671331
cloud_controller_tkemenade 11752310113 42372 9116

1721202616.0638363 66671331
cloud0_tkemenade 24997783510 43223 6639

1721202617.066541 66671378
cloud_controller_tkemenade 11752310113 42396 9128

1721202617.0671313 66671378
cloud0_tkemenade 24997783510 43249 6644

1721202618.0699353 66671440
cloud_controller_tkemenade 11752310113 42436 9143

1721202618.0704813 66671440
cloud0_tkemenade 24997783510 43273 6649

1721202619.0730426 66671481
cloud_controller_tkemenade 11753219562 42457 9150

1721202619.073591 66671481
cloud0_tkemenade 24998444927 43293 6653

1721202620.0763059 66671537
cloud_controller_tkemenade 11753219562 42507 9164

1721202620.076869 66671537
cloud0_tkemenade 24998444927 43303 6656

1721202621.0794885 66671596
cloud_controller_tkemenade 11753219562 42535 9171

1721202621.0800674 66671596
cloud0_tkemenade 24998444927 43338 6660

1721202622.0826619 66671653
cloud_controller_tkemenade 11753219562 42569 9181

1721202622.083215 66671653
cloud0_tkemenade 24998444927 43368 6662

1721202623.0857768 66671701
cloud_controller_tkemenade 11753219562 42597 9189

1721202623.0863395 66671701
cloud0_tkemenade 24998444927 43384 6667

1721202624.088806 66671761
cloud_controller_tkemenade 11753219562 42622 9193

1721202624.0893388 66671761
cloud0_tkemenade 24998444927 43406 6672

1721202625.0918152 66671800
cloud_controller_tkemenade 11753219562 42648 9203

1721202625.0923495 66671800
cloud0_tkemenade 24998444927 43419 6675

1721202626.0950308 66671897
cloud_controller_tkemenade 11754135352 42684 9212

1721202626.095538 66671897
cloud0_tkemenade 24999103151 43475 6679

1721202627.0982363 66671992
cloud_controller_tkemenade 11754135352 42714 9224

1721202627.0988226 66671992
cloud0_tkemenade 24999103151 43543 6685

1721202628.1011596 66672033
cloud_controller_tkemenade 11754135352 42736 9235

1721202628.101709 66672033
cloud0_tkemenade 24999103151 43562 6687

1721202629.103895 66672068
cloud_controller_tkemenade 11754135352 42760 9242

1721202629.104445 66672068
cloud0_tkemenade 24999103151 43575 6690

1721202630.1069267 66672141
cloud_controller_tkemenade 11754135352 42809 9253

1721202630.1074867 66672141
cloud0_tkemenade 24999103151 43598 6696

1721202631.1099005 66672231
cloud_controller_tkemenade 11754135352 42856 9261

1721202631.1104386 66672231
cloud0_tkemenade 24999103151 43645 6699

1721202632.1129565 66672290
cloud_controller_tkemenade 11754135352 42880 9268

1721202632.1135268 66672290
cloud0_tkemenade 24999103151 43684 6706

1721202633.1158051 66672334
cloud_controller_tkemenade 11754135352 42902 9277

1721202633.116353 66672334
cloud0_tkemenade 24999103151 43705 6711

1721202633.216834 66672344
cloud_controller_tkemenade 11755029773 42905 9277

1721202633.217338 66672344
cloud0_tkemenade 24999928529 43706 6712

1721202634.219806 66672401
cloud_controller_tkemenade 11755029773 42927 9282

1721202634.2203689 66672401
cloud0_tkemenade 24999928529 43729 6716

1721202635.22279 66672444
cloud_controller_tkemenade 11755029773 42957 9290

1721202635.2233324 66672444
cloud0_tkemenade 24999928529 43748 6720

1721202636.2258546 66672480
cloud_controller_tkemenade 11755029773 42983 9295

1721202636.2264328 66672481
cloud0_tkemenade 24999928529 43763 6722

1721202637.2290728 66672540
cloud_controller_tkemenade 11755029773 43009 9304

1721202637.2296412 66672540
cloud0_tkemenade 24999928529 43799 6728

1721202638.2320874 66672573
cloud_controller_tkemenade 11755029773 43030 9313

1721202638.2326307 66672573
cloud0_tkemenade 24999928529 43813 6732

1721202639.2350402 66672627
cloud_controller_tkemenade 11755029773 43057 9318

1721202639.2355907 66672627
cloud0_tkemenade 24999928529 43843 6736

1721202640.2381103 66672670
cloud_controller_tkemenade 11755029773 43086 9328

1721202640.2386906 66672670
cloud0_tkemenade 24999928529 43859 6740

1721202640.4393122 66672679
cloud_controller_tkemenade 11755734404 43091 9330

1721202640.439827 66672679
cloud0_tkemenade 25000477902 43862 6740

1721202641.4422085 66672755
cloud_controller_tkemenade 11755734404 43127 9340

1721202641.442781 66672755
cloud0_tkemenade 25000477902 43906 6749

1721202642.4452283 66672793
cloud_controller_tkemenade 11755734404 43148 9351

1721202642.4457843 66672793
cloud0_tkemenade 25000477902 43929 6753

1721202643.448327 66672829
cloud_controller_tkemenade 11755734404 43172 9361

1721202643.4488764 66672829
cloud0_tkemenade 25000477902 43944 6757

1721202644.4512832 66672893
cloud_controller_tkemenade 11755734404 43194 9367

1721202644.4518344 66672893
cloud0_tkemenade 25000477902 43974 6762

1721202645.4543867 66672963
cloud_controller_tkemenade 11755734404 43228 9378

1721202645.4549365 66672963
cloud0_tkemenade 25000477902 44014 6768

1721202646.4574754 66672995
cloud_controller_tkemenade 11755734404 43248 9387

1721202646.458025 66672995
cloud0_tkemenade 25000477902 44033 6770

1721202647.4604762 66673083
cloud_controller_tkemenade 11756513981 43283 9392

1721202647.4610555 66673083
cloud0_tkemenade 25001226665 44080 6775

1721202648.4634223 66673127
cloud_controller_tkemenade 11756513981 43312 9404

1721202648.46399 66673127
cloud0_tkemenade 25001226665 44099 6779

