1717325013.2092378 338285400
cloud0_tkemenade 19082353150 4320 627
cloud1_tkemenade 13719290067 3156 523

1717325014.2118623 338285880
cloud0_tkemenade 19082353150 4571 640

1717325014.2122376 338285880
cloud1_tkemenade 13719290067 3304 533

1717325015.214512 338286297
cloud0_tkemenade 19082353150 4695 643

1717325015.2150896 338286297
cloud1_tkemenade 13719290067 3495 557

1717325016.2177305 338286654
cloud0_tkemenade 19082353150 4862 649

1717325016.2182567 338286654
cloud1_tkemenade 13719290067 3612 587

1717325017.2208045 338286892
cloud0_tkemenade 19082353150 4966 653

1717325017.2213705 338286893
cloud1_tkemenade 13719290067 3671 607

1717325018.2239738 338287198
cloud0_tkemenade 19082353150 5052 683

1717325018.2245412 338287198
cloud1_tkemenade 13719290067 3785 617

1717325019.227287 338287638
cloud0_tkemenade 19082353150 5186 726

1717325019.227884 338287638
cloud1_tkemenade 13719290067 4023 625

1717325020.2301245 338288108
cloud0_tkemenade 19082353150 5420 757

1717325020.2304697 338288108
cloud1_tkemenade 13719290067 4179 632

1717325021.232742 338288610
cloud0_tkemenade 19082353150 5625 766

1717325021.2333145 338288611
cloud1_tkemenade 13719290067 4225 650

1717325022.2358606 338288904
cloud0_tkemenade 19082353150 5739 776

1717325022.2364113 338288904
cloud1_tkemenade 13719290067 4306 659

1717325023.239057 338289150
cloud0_tkemenade 19082353150 5830 788

1717325023.2395976 338289150
cloud1_tkemenade 13719290067 4377 698

1717325024.2422616 338289408
cloud0_tkemenade 19082353150 5897 817

1717325024.2428062 338289408
cloud1_tkemenade 13719290067 4453 718

1717325025.245298 338289666
cloud0_tkemenade 19082353150 5976 829

1717325025.2458296 338289666
cloud1_tkemenade 13719290067 4532 726

1717325026.2483978 338290000
cloud0_tkemenade 19082353150 6080 836

1717325026.248965 338290000
cloud1_tkemenade 13719290067 4678 734

1717325027.2513592 338290231
cloud0_tkemenade 19082353150 6207 840

1717325027.2518823 338290231
cloud1_tkemenade 13719290067 4723 746

1717325027.4525876 338290252
cloud0_tkemenade 19086271098 6207 840

1717325027.4531868 338290252
cloud1_tkemenade 13722402957 4724 746

1717325028.455778 338290389
cloud0_tkemenade 19086271098 6234 853

1717325028.456234 338290389
cloud1_tkemenade 13722402957 4750 758

1717325029.4588366 338290528
cloud0_tkemenade 19086271098 6254 864

1717325029.459396 338290528
cloud1_tkemenade 13722402957 4766 765

1717325030.4617882 338290676
cloud0_tkemenade 19086271098 6280 874

1717325030.462151 338290676
cloud1_tkemenade 13722402957 4775 769

1717325031.464349 338290949
cloud0_tkemenade 19086271098 6287 874

1717325031.4649315 338290949
cloud1_tkemenade 13722402957 4775 769

1717325032.4674642 338291075
cloud0_tkemenade 19086271098 6287 874

1717325032.4680088 338291075
cloud1_tkemenade 13722402957 4775 769

1717325033.4706883 338291158
cloud0_tkemenade 19086271098 6287 875

1717325033.4712455 338291158
cloud1_tkemenade 13722402957 4776 769

1717325034.473483 338291287
cloud0_tkemenade 19086769761 6287 875

1717325034.4740677 338291287
cloud1_tkemenade 13722728172 4776 769

1717325035.4767818 338291373
cloud0_tkemenade 19086769761 6288 875

1717325035.4773958 338291373
cloud1_tkemenade 13722728172 4777 770

1717325036.4798064 338291468
cloud0_tkemenade 19086769761 6288 875

1717325036.4803514 338291468
cloud1_tkemenade 13722728172 4777 770

1717325037.482728 338291563
cloud0_tkemenade 19086769761 6288 875

1717325037.483292 338291563
cloud1_tkemenade 13722728172 4777 770

1717325038.486108 338291655
cloud0_tkemenade 19086769761 6288 876

1717325038.4866707 338291655
cloud1_tkemenade 13722728172 4777 770

1717325039.4894664 338291778
cloud0_tkemenade 19086769761 6288 876

1717325039.4900222 338291778
cloud1_tkemenade 13722728172 4778 770

1717325040.492645 338291918
cloud0_tkemenade 19086769761 6288 876

1717325040.4931715 338291920
cloud1_tkemenade 13722728172 4778 771

1717325041.4956071 338292162
cloud0_tkemenade 19086769761 6288 877

1717325041.4959693 338292162
cloud1_tkemenade 13722728172 4778 771

1717325041.6967363 338292184
cloud0_tkemenade 19086787295 6289 877

1717325041.6973252 338292184
cloud1_tkemenade 13722745706 4778 771

1717325042.6999304 338292286
cloud0_tkemenade 19086787295 6289 877

1717325042.7004697 338292286
cloud1_tkemenade 13722745706 4778 771

1717325043.7031655 338292388
cloud0_tkemenade 19086787295 6289 877

1717325043.7036948 338292388
cloud1_tkemenade 13722745706 4778 772

1717325044.7063131 338292525
cloud0_tkemenade 19086787295 6289 877

1717325044.7068422 338292525
cloud1_tkemenade 13722745706 4778 772

1717325045.7092173 338292610
cloud0_tkemenade 19086787295 6289 877

1717325045.7097378 338292610
cloud1_tkemenade 13722745706 4778 772

1717325046.7118824 338292697
cloud0_tkemenade 19086787295 6290 877

1717325046.712394 338292697
cloud1_tkemenade 13722745706 4778 772

1717325047.714598 338292777
cloud0_tkemenade 19086787295 6290 877

1717325047.715101 338292777
cloud1_tkemenade 13722745706 4779 772

1717325048.7172933 338292850
cloud0_tkemenade 19086787295 6290 877

1717325048.7178137 338292850
cloud1_tkemenade 13722745706 4779 772

1717325048.9188612 338292888
cloud0_tkemenade 19086791577 6290 877

1717325048.919389 338292888
cloud1_tkemenade 13722754270 4779 772

1717325049.921835 338293003
cloud0_tkemenade 19086791577 6290 877

1717325049.9223528 338293003
cloud1_tkemenade 13722754270 4789 772

1717325050.9244795 338293272
cloud0_tkemenade 19086791577 6301 878

1717325050.9249887 338293272
cloud1_tkemenade 13722754270 4790 773

1717325051.9273312 338293399
cloud0_tkemenade 19086791577 6302 878

1717325051.9278548 338293399
cloud1_tkemenade 13722754270 4790 773

1717325052.9303358 338293526
cloud0_tkemenade 19086791577 6302 878

1717325052.9308405 338293526
cloud1_tkemenade 13722754270 4790 773

1717325053.9332864 338293634
cloud0_tkemenade 19086791577 6302 878

1717325053.9338064 338293634
cloud1_tkemenade 13722754270 4794 773

1717325054.9360907 338293756
cloud0_tkemenade 19086791577 6306 878

1717325054.9366014 338293756
cloud1_tkemenade 13722754270 4795 773

1717325055.9388702 338293848
cloud0_tkemenade 19086875862 6306 880

1717325055.9393485 338293848
cloud1_tkemenade 13722834119 4795 774

1717325056.941866 338293938
cloud0_tkemenade 19086875862 6306 880

1717325056.942353 338293938
cloud1_tkemenade 13722834119 4796 774

1717325057.9448333 338294031
cloud0_tkemenade 19086875862 6306 880

1717325057.945348 338294032
cloud1_tkemenade 13722834119 4796 774

1717325058.9478729 338294139
cloud0_tkemenade 19086875862 6306 880

1717325058.9483953 338294139
cloud1_tkemenade 13722834119 4797 774

1717325059.9507937 338294245
cloud0_tkemenade 19086875862 6307 880

1717325059.9512906 338294245
cloud1_tkemenade 13722834119 4797 774

1717325060.953523 338294529
cloud0_tkemenade 19086875862 6307 880

1717325060.9539921 338294529
cloud1_tkemenade 13722834119 4797 774

1717325061.956439 338294648
cloud0_tkemenade 19086875862 6307 881

1717325061.9569411 338294648
cloud1_tkemenade 13722834119 4798 774

1717325062.959352 338294761
cloud0_tkemenade 19086875862 6307 881

1717325062.9598546 338294761
cloud1_tkemenade 13722834119 4798 774

1717325063.1605902 338294782
cloud0_tkemenade 19086884606 6307 881

1717325063.1611216 338294782
cloud1_tkemenade 13722847235 4798 774

1717325064.1632862 338294874
cloud0_tkemenade 19086884606 6307 881

1717325064.1637874 338294874
cloud1_tkemenade 13722847235 4798 774

1717325065.1658733 338295001
cloud0_tkemenade 19086884606 6308 881

1717325065.1661644 338295001
cloud1_tkemenade 13722847235 4798 775

1717325066.1682081 338295094
cloud0_tkemenade 19086884606 6308 882

1717325066.1687198 338295094
cloud1_tkemenade 13722847235 4799 775

1717325067.17111 338295173
cloud0_tkemenade 19086884606 6308 882

1717325067.1716294 338295173
cloud1_tkemenade 13722847235 4799 775

1717325068.1740708 338295261
cloud0_tkemenade 19086884606 6308 882

1717325068.1745782 338295261
cloud1_tkemenade 13722847235 4799 775

1717325069.1768677 338295357
cloud0_tkemenade 19086884606 6308 882

1717325069.1773987 338295358
cloud1_tkemenade 13722847235 4800 775

1717325070.1796017 338295463
cloud0_tkemenade 19086884606 6309 882

1717325070.1799119 338295463
cloud1_tkemenade 13722847235 4800 775

1717325070.2806907 338295471
cloud0_tkemenade 19086897589 6309 882

1717325070.281023 338295471
cloud1_tkemenade 13722860218 4800 775

1717325071.2831457 338295778
cloud0_tkemenade 19086897589 6309 882

1717325071.28366 338295778
cloud1_tkemenade 13722860218 4800 775

1717325072.2857378 338295842
cloud0_tkemenade 19086897589 6309 882

1717325072.28624 338295842
cloud1_tkemenade 13722860218 4800 775

1717325073.2886777 338295955
cloud0_tkemenade 19086897589 6309 882

1717325073.2891681 338295956
cloud1_tkemenade 13722860218 4801 775

1717325074.291629 338296044
cloud0_tkemenade 19086897589 6310 882

1717325074.2921798 338296044
cloud1_tkemenade 13722860218 4801 775

1717325075.294319 338296155
cloud0_tkemenade 19086897589 6310 882

1717325075.294787 338296155
cloud1_tkemenade 13722860218 4801 776

1717325076.2971888 338296236
cloud0_tkemenade 19086897589 6311 882

1717325076.2976892 338296236
cloud1_tkemenade 13722860218 4801 776

1717325077.2997687 338296346
cloud0_tkemenade 19086897589 6311 882

1717325077.30024 338296346
cloud1_tkemenade 13722860218 4802 776

1717325077.4007227 338296362
cloud0_tkemenade 19086906513 6311 882

1717325077.4012609 338296362
cloud1_tkemenade 13722873605 4802 776

1717325078.4034178 338296446
cloud0_tkemenade 19086906513 6311 882

1717325078.403921 338296446
cloud1_tkemenade 13722873605 4802 776

1717325079.4063065 338296533
cloud0_tkemenade 19086906513 6311 883

1717325079.4067948 338296533
cloud1_tkemenade 13722873605 4802 776

1717325080.4089508 338296645
cloud0_tkemenade 19086906513 6311 883

1717325080.4092846 338296646
cloud1_tkemenade 13722873605 4802 776

1717325081.4115467 338296958
cloud0_tkemenade 19086906513 6311 883

1717325081.4120476 338296958
cloud1_tkemenade 13722873605 4803 776

1717325082.4143288 338297036
cloud0_tkemenade 19086906513 6312 883

1717325082.4148245 338297036
cloud1_tkemenade 13722873605 4803 776

1717325083.417263 338297150
cloud0_tkemenade 19086906513 6312 883

1717325083.417812 338297150
cloud1_tkemenade 13722873605 4803 776

1717325084.4201672 338297270
cloud0_tkemenade 19086906513 6312 883

1717325084.4206758 338297270
cloud1_tkemenade 13722873605 4803 776

1717325084.521053 338297281
cloud0_tkemenade 19086915161 6312 883

1717325084.5215814 338297281
cloud1_tkemenade 13722877929 4803 776

1717325085.524077 338297398
cloud0_tkemenade 19086915161 6313 883

1717325085.5246286 338297398
cloud1_tkemenade 13722877929 4804 776

1717325086.5269535 338297486
cloud0_tkemenade 19086915161 6313 883

1717325086.5274694 338297486
cloud1_tkemenade 13722877929 4804 776

1717325087.5296206 338297585
cloud0_tkemenade 19086915161 6313 883

1717325087.5301325 338297585
cloud1_tkemenade 13722877929 4804 776

1717325088.5324814 338297674
cloud0_tkemenade 19086915161 6313 883

1717325088.532992 338297674
cloud1_tkemenade 13722877929 4805 776

1717325089.5353851 338297785
cloud0_tkemenade 19086915161 6314 883

1717325089.5358787 338297785
cloud1_tkemenade 13722877929 4805 776

1717325090.5379283 338297983
cloud0_tkemenade 19086915161 6314 883

1717325090.5382302 338297983
cloud1_tkemenade 13722877929 4805 776

1717325091.5399752 338298207
cloud0_tkemenade 19086915161 6314 883

1717325091.5402553 338298207
cloud1_tkemenade 13722877929 4805 776

1717325091.6405604 338298221
cloud0_tkemenade 19086923723 6314 883

1717325091.6408396 338298221
cloud1_tkemenade 13722886491 4805 776

1717325092.642917 338298313
cloud0_tkemenade 19086923723 6314 883

1717325092.6434093 338298313
cloud1_tkemenade 13722886491 4805 776

1717325093.6456559 338298450
cloud0_tkemenade 19086923723 6314 883

1717325093.6461496 338298450
cloud1_tkemenade 13722886491 4806 776

1717325094.6484756 338298551
cloud0_tkemenade 19086923723 6314 883

1717325094.6489844 338298551
cloud1_tkemenade 13722886491 4807 776

1717325095.6514566 338298653
cloud0_tkemenade 19086923723 6315 883

1717325095.6519847 338298653
cloud1_tkemenade 13722886491 4807 776

1717325096.654304 338298749
cloud0_tkemenade 19086923723 6315 883

1717325096.6547906 338298749
cloud1_tkemenade 13722886491 4807 776

1717325097.6571004 338298850
cloud0_tkemenade 19086923723 6315 883

1717325097.6576421 338298850
cloud1_tkemenade 13722886491 4808 776

1717325098.6599426 338298940
cloud0_tkemenade 19086923723 6316 884

1717325098.6604655 338298940
cloud1_tkemenade 13722886491 4808 776

1717325098.9613922 338298970
cloud0_tkemenade 19086936430 6316 884

1717325098.9618962 338298970
cloud1_tkemenade 13722899198 4808 776

1717325099.9643145 338299057
cloud0_tkemenade 19086936430 6316 884

1717325099.9648273 338299057
cloud1_tkemenade 13722899198 4808 776

1717325100.9670613 338299369
cloud0_tkemenade 19086936430 6316 884

1717325100.967588 338299369
cloud1_tkemenade 13722899198 4809 776

1717325101.9700406 338299511
cloud0_tkemenade 19086936430 6317 884

1717325101.9705343 338299511
cloud1_tkemenade 13722899198 4809 776

1717325102.9730053 338299586
cloud0_tkemenade 19086936430 6317 884

1717325102.9735267 338299586
cloud1_tkemenade 13722899198 4809 777

1717325103.975896 338299732
cloud0_tkemenade 19086936430 6317 884

1717325103.976195 338299732
cloud1_tkemenade 13722899198 4810 777

1717325104.978395 338299835
cloud0_tkemenade 19086936430 6318 884

1717325104.9789042 338299835
cloud1_tkemenade 13722899198 4810 777

1717325105.9815 338299932
cloud0_tkemenade 19086936430 6318 884

1717325105.9817708 338299932
cloud1_tkemenade 13722899198 4811 777

1717325106.0820382 338299941
cloud0_tkemenade 19086945326 6318 884

1717325106.082302 338299941
cloud1_tkemenade 13722916990 4811 777

1717325107.0844247 338300025
cloud0_tkemenade 19086945326 6319 884

1717325107.0849862 338300025
cloud1_tkemenade 13722916990 4811 777

1717325108.087042 338300126
cloud0_tkemenade 19086945326 6319 884

1717325108.0873787 338300126
cloud1_tkemenade 13722916990 4811 777

1717325109.0896938 338300218
cloud0_tkemenade 19086945326 6319 884

1717325109.090202 338300218
cloud1_tkemenade 13722916990 4812 777

1717325110.092816 338300308
cloud0_tkemenade 19086945326 6320 884

1717325110.0931494 338300309
cloud1_tkemenade 13722916990 4812 777

1717325111.0953426 338300617
cloud0_tkemenade 19086945326 6320 884

1717325111.095853 338300617
cloud1_tkemenade 13722916990 4812 777

1717325112.0996032 338300733
cloud0_tkemenade 19086945326 6320 884

1717325112.1001062 338300733
cloud1_tkemenade 13722916990 4813 777

1717325113.1025434 338300820
cloud0_tkemenade 19086954076 6320 884

1717325113.103058 338300820
cloud1_tkemenade 13722925740 4813 777

1717325114.105491 338300961
cloud0_tkemenade 19086954076 6320 885

1717325114.1059976 338300961
cloud1_tkemenade 13722925740 4813 777

1717325115.10829 338301073
cloud0_tkemenade 19086954076 6320 885

1717325115.1088006 338301073
cloud1_tkemenade 13722925740 4813 777

1717325116.1111681 338301154
cloud0_tkemenade 19086954076 6320 885

1717325116.1116953 338301154
cloud1_tkemenade 13722925740 4813 777

1717325117.1140623 338301261
cloud0_tkemenade 19086954076 6321 885

1717325117.1145709 338301261
cloud1_tkemenade 13722925740 4814 777

1717325118.1168969 338301367
cloud0_tkemenade 19086954076 6321 885

1717325118.117421 338301367
cloud1_tkemenade 13722925740 4814 777

1717325119.1197574 338301461
cloud0_tkemenade 19086954076 6321 885

1717325119.1202786 338301461
cloud1_tkemenade 13722925740 4814 777

1717325120.1224217 338301552
cloud0_tkemenade 19086954076 6321 885

1717325120.1229317 338301552
cloud1_tkemenade 13722925740 4815 777

1717325120.2233567 338301560
cloud0_tkemenade 19086962614 6321 885

1717325120.2236664 338301560
cloud1_tkemenade 13722934278 4815 777

1717325121.2259405 338301881
cloud0_tkemenade 19086962614 6322 885

1717325121.2264483 338301881
cloud1_tkemenade 13722934278 4815 777

1717325122.228805 338301984
cloud0_tkemenade 19086962614 6322 885

1717325122.2293322 338301985
cloud1_tkemenade 13722934278 4815 778

1717325123.2315724 338302059
cloud0_tkemenade 19086962614 6322 885

1717325123.2320814 338302059
cloud1_tkemenade 13722934278 4815 778

1717325124.23442 338302204
cloud0_tkemenade 19086962614 6322 885

1717325124.2349432 338302204
cloud1_tkemenade 13722934278 4816 778

1717325125.2371972 338302336
cloud0_tkemenade 19086962614 6322 885

1717325125.2378228 338302336
cloud1_tkemenade 13722934278 4816 778

1717325126.2400784 338302397
cloud0_tkemenade 19086962614 6323 885

1717325126.240399 338302397
cloud1_tkemenade 13722934278 4816 778

1717325127.2424614 338302515
cloud0_tkemenade 19086962614 6323 885

1717325127.2429595 338302515
cloud1_tkemenade 13722934278 4816 778

1717325127.3433907 338302527
cloud0_tkemenade 19086971498 6323 885

1717325127.3438895 338302527
cloud1_tkemenade 13722943162 4816 778

1717325128.3460152 338302656
cloud0_tkemenade 19086971498 6323 885

1717325128.3463166 338302656
cloud1_tkemenade 13722943162 4816 778

1717325129.3486202 338302737
cloud0_tkemenade 19086971498 6323 885

1717325129.3491352 338302738
cloud1_tkemenade 13722943162 4817 778

1717325130.3512564 338302852
cloud0_tkemenade 19086971498 6324 885

1717325130.3516035 338302852
cloud1_tkemenade 13722943162 4817 778

1717325131.3538315 338303147
cloud0_tkemenade 19086971498 6324 885

1717325131.3543425 338303147
cloud1_tkemenade 13722943162 4817 778

1717325132.356586 338303269
cloud0_tkemenade 19086971498 6324 885

1717325132.3570805 338303269
cloud1_tkemenade 13722943162 4817 778

1717325133.3592455 338303337
cloud0_tkemenade 19086971498 6324 885

1717325133.3597574 338303337
cloud1_tkemenade 13722943162 4818 778

1717325134.3626661 338303450
cloud0_tkemenade 19086971498 6324 886

1717325134.3629835 338303450
cloud1_tkemenade 13722943162 4818 778

1717325134.5634668 338303507
cloud0_tkemenade 19086980277 6324 886

1717325134.5639956 338303507
cloud1_tkemenade 13722951941 4818 778

1717325135.5662305 338303596
cloud0_tkemenade 19086980277 6325 886

1717325135.5667465 338303596
cloud1_tkemenade 13722951941 4818 779

1717325136.5691488 338303672
cloud0_tkemenade 19086980277 6325 886

1717325136.5696695 338303672
cloud1_tkemenade 13722951941 4818 779

1717325137.572184 338303783
cloud0_tkemenade 19086980277 6325 886

1717325137.5727096 338303783
cloud1_tkemenade 13722951941 4819 779

1717325138.5748973 338303871
cloud0_tkemenade 19086980277 6325 886

1717325138.575417 338303871
cloud1_tkemenade 13722951941 4819 779

1717325139.5779216 338303962
cloud0_tkemenade 19086980277 6326 886

1717325139.5784426 338303962
cloud1_tkemenade 13722951941 4819 779

1717325140.5807934 338304143
cloud0_tkemenade 19086980277 6326 886

1717325140.5812707 338304144
cloud1_tkemenade 13722951941 4820 779

1717325141.583581 338304358
cloud0_tkemenade 19086980277 6326 886

1717325141.5840442 338304358
cloud1_tkemenade 13722951941 4820 779

1717325141.684485 338304371
cloud0_tkemenade 19086989111 6326 886

1717325141.684982 338304371
cloud1_tkemenade 13722965192 4820 779

1717325142.6875749 338304480
cloud0_tkemenade 19086989111 6326 886

1717325142.6880798 338304480
cloud1_tkemenade 13722965192 4820 779

1717325143.6904066 338304569
cloud0_tkemenade 19086989111 6326 886

1717325143.6909194 338304569
cloud1_tkemenade 13722965192 4820 779

1717325144.6934817 338304713
cloud0_tkemenade 19086989111 6327 886

1717325144.6939974 338304713
cloud1_tkemenade 13722965192 4821 779

1717325145.6964219 338304795
cloud0_tkemenade 19086989111 6327 886

1717325145.6969264 338304795
cloud1_tkemenade 13722965192 4821 779

1717325146.6989758 338304891
cloud0_tkemenade 19086989111 6327 886

1717325146.6994803 338304891
cloud1_tkemenade 13722965192 4822 779

1717325147.7017496 338304998
cloud0_tkemenade 19086989111 6327 887

1717325147.7020447 338304998
cloud1_tkemenade 13722965192 4822 779

1717325148.7040682 338305109
cloud0_tkemenade 19087002125 6328 887

1717325148.7044632 338305109
cloud1_tkemenade 13722973868 4822 779

1717325149.706349 338305193
cloud0_tkemenade 19087002125 6328 887

1717325149.706845 338305193
cloud1_tkemenade 13722973868 4823 779

1717325150.7091367 338305426
cloud0_tkemenade 19087002125 6328 887

1717325150.7096155 338305426
cloud1_tkemenade 13722973868 4823 779

1717325151.7120574 338305614
cloud0_tkemenade 19087002125 6328 887

1717325151.712554 338305614
cloud1_tkemenade 13722973868 4823 779

1717325152.7145696 338305719
cloud0_tkemenade 19087002125 6329 887

1717325152.7150831 338305719
cloud1_tkemenade 13722973868 4823 779

1717325153.7174602 338305818
cloud0_tkemenade 19087002125 6329 887

1717325153.7180042 338305818
cloud1_tkemenade 13722973868 4823 779

1717325154.7204072 338305913
cloud0_tkemenade 19087002125 6329 887

1717325154.7209108 338305913
cloud1_tkemenade 13722973868 4824 779

1717325155.7232628 338306057
cloud0_tkemenade 19087006536 6329 887

1717325155.7237635 338306057
cloud1_tkemenade 13722982691 4824 779

1717325156.726022 338306134
cloud0_tkemenade 19087006536 6330 887

1717325156.7265415 338306134
cloud1_tkemenade 13722982691 4824 779

1717325157.7288308 338306246
cloud0_tkemenade 19087006536 6330 887

1717325157.7294056 338306247
cloud1_tkemenade 13722982691 4824 779

1717325158.731756 338306345
cloud0_tkemenade 19087006536 6330 887

1717325158.732267 338306345
cloud1_tkemenade 13722982691 4825 780

1717325159.734566 338306424
cloud0_tkemenade 19087006536 6330 887

1717325159.7350776 338306424
cloud1_tkemenade 13722982691 4825 780

1717325160.737265 338306659
cloud0_tkemenade 19087006536 6330 887

1717325160.737792 338306659
cloud1_tkemenade 13722982691 4825 780

1717325161.740071 338306821
cloud0_tkemenade 19087006536 6331 887

1717325161.7405903 338306821
cloud1_tkemenade 13722982691 4825 780

1717325162.7431047 338306928
cloud0_tkemenade 19087006536 6331 887

1717325162.7436194 338306928
cloud1_tkemenade 13722982691 4826 780

1717325162.844103 338306940
cloud0_tkemenade 19087015307 6331 887

1717325162.844579 338306940
cloud1_tkemenade 13722995848 4826 780

1717325163.8470623 338307029
cloud0_tkemenade 19087015307 6331 887

1717325163.8475819 338307029
cloud1_tkemenade 13722995848 4826 780

1717325164.8500593 338307132
cloud0_tkemenade 19087015307 6331 887

1717325164.850581 338307132
cloud1_tkemenade 13722995848 4826 780

1717325165.8531744 338307264
cloud0_tkemenade 19087015307 6331 887

1717325165.853739 338307264
cloud1_tkemenade 13722995848 4826 780

1717325166.8561347 338307344
cloud0_tkemenade 19087015307 6332 887

1717325166.856644 338307344
cloud1_tkemenade 13722995848 4827 780

1717325167.8588965 338307454
cloud0_tkemenade 19087015307 6332 887

1717325167.8593626 338307454
cloud1_tkemenade 13722995848 4827 780

1717325168.8618236 338307550
cloud0_tkemenade 19087015307 6332 887

1717325168.862117 338307550
cloud1_tkemenade 13722995848 4827 780

1717325169.8642719 338307625
cloud0_tkemenade 19087015307 6332 887

1717325169.8647764 338307625
cloud1_tkemenade 13722995848 4828 780

1717325170.2657547 338307669
cloud0_tkemenade 19087019456 6332 887

1717325170.2660549 338307669
cloud1_tkemenade 13723004146 4828 780

1717325171.268077 338307956
cloud0_tkemenade 19087019456 6333 887

1717325171.2684495 338307956
cloud1_tkemenade 13723004146 4829 780

1717325172.2706604 338308046
cloud0_tkemenade 19087019456 6333 887

1717325172.2711685 338308046
cloud1_tkemenade 13723004146 4829 780

1717325173.2736478 338308151
cloud0_tkemenade 19087019456 6334 887

1717325173.2741818 338308151
cloud1_tkemenade 13723004146 4829 780

1717325174.2767231 338308240
cloud0_tkemenade 19087019456 6334 887

1717325174.2772968 338308241
cloud1_tkemenade 13723004146 4830 780

1717325175.2798533 338308347
cloud0_tkemenade 19087019456 6334 887

1717325175.2803297 338308347
cloud1_tkemenade 13723004146 4830 780

1717325176.282761 338308458
cloud0_tkemenade 19087019456 6334 888

1717325176.2832727 338308458
cloud1_tkemenade 13723004146 4831 780

1717325177.2859073 338308544
cloud0_tkemenade 19087019456 6335 888

1717325177.2863894 338308544
cloud1_tkemenade 13723004146 4831 780

1717325177.386834 338308553
cloud0_tkemenade 19087036871 6335 888

1717325177.3873143 338308553
cloud1_tkemenade 13723017207 4831 780

1717325178.3898318 338308659
cloud0_tkemenade 19087036871 6335 888

1717325178.3903341 338308659
cloud1_tkemenade 13723017207 4831 780

1717325179.3930118 338308776
cloud0_tkemenade 19087036871 6335 888

1717325179.3935432 338308776
cloud1_tkemenade 13723017207 4831 780

1717325180.3961604 338308884
cloud0_tkemenade 19087036871 6335 888

1717325180.396775 338308884
cloud1_tkemenade 13723017207 4832 780

1717325181.399327 338309182
cloud0_tkemenade 19087036871 6336 888

1717325181.3998454 338309182
cloud1_tkemenade 13723017207 4832 780

1717325182.4023652 338309266
cloud0_tkemenade 19087036871 6336 888

1717325182.4028893 338309266
cloud1_tkemenade 13723017207 4832 780

1717325183.4054632 338309367
cloud0_tkemenade 19087036871 6336 888

1717325183.4059753 338309367
cloud1_tkemenade 13723017207 4832 780

1717325184.4085956 338309464
cloud0_tkemenade 19087036871 6336 889

1717325184.4090996 338309464
cloud1_tkemenade 13723017207 4833 781

1717325184.5095892 338309474
cloud0_tkemenade 19087045734 6336 889

1717325184.510122 338309474
cloud1_tkemenade 13723030501 4833 781

1717325185.512745 338309561
cloud0_tkemenade 19087045734 6337 889

1717325185.513184 338309561
cloud1_tkemenade 13723030501 4833 781

1717325186.5155444 338309675
cloud0_tkemenade 19087045734 6337 889

1717325186.516049 338309675
cloud1_tkemenade 13723030501 4833 781

1717325187.5187755 338309754
cloud0_tkemenade 19087045734 6337 889

1717325187.5193062 338309754
cloud1_tkemenade 13723030501 4834 781

1717325188.5217986 338309858
cloud0_tkemenade 19087045734 6337 889

1717325188.5223484 338309858
cloud1_tkemenade 13723030501 4834 781

1717325189.5249836 338309961
cloud0_tkemenade 19087045734 6338 889

1717325189.52554 338309962
cloud1_tkemenade 13723030501 4834 781

1717325190.5279036 338310112
cloud0_tkemenade 19087045734 6338 889

1717325190.5284219 338310112
cloud1_tkemenade 13723030501 4835 781

1717325191.5307715 338310334
cloud0_tkemenade 19087045734 6338 889

1717325191.5312767 338310334
cloud1_tkemenade 13723030501 4835 781

1717325191.631717 338310348
cloud0_tkemenade 19087054433 6338 889

1717325191.6322103 338310348
cloud1_tkemenade 13723039200 4835 781

1717325192.634494 338310430
cloud0_tkemenade 19087054433 6338 889

1717325192.6348217 338310430
cloud1_tkemenade 13723039200 4835 781

1717325193.6371963 338310534
cloud0_tkemenade 19087054433 6338 890

1717325193.637711 338310534
cloud1_tkemenade 13723039200 4835 781

1717325194.640254 338310646
cloud0_tkemenade 19087054433 6338 890

1717325194.6407506 338310646
cloud1_tkemenade 13723039200 4835 781

1717325195.6431468 338310744
cloud0_tkemenade 19087054433 6338 890

1717325195.643673 338310744
cloud1_tkemenade 13723039200 4835 782

1717325196.6461675 338310860
cloud0_tkemenade 19087054433 6339 890

1717325196.6465454 338310860
cloud1_tkemenade 13723039200 4836 782

1717325197.6490855 338310937
cloud0_tkemenade 19087054433 6339 890

1717325197.6496158 338310937
cloud1_tkemenade 13723039200 4836 782

1717325198.6520019 338311056
cloud0_tkemenade 19087054433 6339 890

1717325198.6525557 338311056
cloud1_tkemenade 13723039200 4836 782

1717325198.7530591 338311071
cloud0_tkemenade 19087063075 6339 890

1717325198.753611 338311071
cloud1_tkemenade 13723047842 4836 782

1717325199.756196 338311170
cloud0_tkemenade 19087063075 6339 890

1717325199.7567167 338311170
cloud1_tkemenade 13723047842 4836 782

1717325200.7591522 338311398
cloud0_tkemenade 19087063075 6339 890

1717325200.7596617 338311398
cloud1_tkemenade 13723047842 4837 782

1717325201.762302 338311558
cloud0_tkemenade 19087063075 6340 890

1717325201.7627974 338311558
cloud1_tkemenade 13723047842 4837 782

1717325202.7654757 338311642
cloud0_tkemenade 19087063075 6340 890

1717325202.7659822 338311642
cloud1_tkemenade 13723047842 4837 782

1717325203.768864 338311774
cloud0_tkemenade 19087063075 6340 890

1717325203.7694128 338311775
cloud1_tkemenade 13723047842 4837 782

1717325204.7721086 338311896
cloud0_tkemenade 19087063075 6340 890

1717325204.7726202 338311896
cloud1_tkemenade 13723047842 4838 782

1717325205.7752457 338311989
cloud0_tkemenade 19087063075 6341 890

1717325205.775753 338311989
cloud1_tkemenade 13723047842 4838 782

1717325206.0767708 338312026
cloud0_tkemenade 19087071638 6341 890

1717325206.077355 338312028
cloud1_tkemenade 13723056405 4838 782

1717325207.0798228 338312130
cloud0_tkemenade 19087071638 6341 890

1717325207.0803428 338312130
cloud1_tkemenade 13723056405 4838 782

1717325208.0829036 338312243
cloud0_tkemenade 19087071638 6341 890

1717325208.0834222 338312243
cloud1_tkemenade 13723056405 4838 782

1717325209.0860128 338312356
cloud0_tkemenade 19087071638 6342 890

1717325209.086535 338312356
cloud1_tkemenade 13723056405 4839 782

1717325210.089208 338312455
cloud0_tkemenade 19087071638 6342 890

1717325210.089527 338312455
cloud1_tkemenade 13723056405 4839 782

1717325211.0919855 338312736
cloud0_tkemenade 19087071638 6342 890

1717325211.0925026 338312736
cloud1_tkemenade 13723056405 4839 782

1717325212.0952623 338312849
cloud0_tkemenade 19087071638 6342 890

1717325212.0957627 338312849
cloud1_tkemenade 13723056405 4839 782

1717325213.098006 338312940
cloud0_tkemenade 19087071638 6342 890

1717325213.098502 338312940
cloud1_tkemenade 13723056405 4839 782

1717325213.3993626 338312971
cloud0_tkemenade 19087076001 6342 890

1717325213.3998425 338312971
cloud1_tkemenade 13723060768 4840 782

1717325214.4019904 338313097
cloud0_tkemenade 19087076001 6342 890

1717325214.402495 338313097
cloud1_tkemenade 13723060768 4840 782

1717325215.4049425 338313218
cloud0_tkemenade 19087076001 6343 890

1717325215.4054434 338313219
cloud1_tkemenade 13723060768 4840 782

1717325216.407825 338313342
cloud0_tkemenade 19087076001 6343 890

1717325216.4083433 338313342
cloud1_tkemenade 13723060768 4840 782

1717325217.4106371 338313463
cloud0_tkemenade 19087076001 6343 890

1717325217.411085 338313463
cloud1_tkemenade 13723060768 4841 782

1717325218.4133012 338313558
cloud0_tkemenade 19087076001 6343 890

1717325218.4138331 338313558
cloud1_tkemenade 13723060768 4841 782

1717325219.4162197 338313680
cloud0_tkemenade 19087076001 6344 890

1717325219.4167109 338313680
cloud1_tkemenade 13723060768 4841 782

1717325220.4187996 338313808
cloud0_tkemenade 19087076001 6344 890

1717325220.419301 338313808
cloud1_tkemenade 13723060768 4842 782

1717325220.519727 338313854
cloud0_tkemenade 19087084578 6344 890

1717325220.5201352 338313854
cloud1_tkemenade 13723073634 4842 782

1717325221.5222564 338314092
cloud0_tkemenade 19087084578 6344 890

1717325221.5227604 338314092
cloud1_tkemenade 13723073634 4842 782

1717325222.525192 338314170
cloud0_tkemenade 19087084578 6345 890

1717325222.5256877 338314170
cloud1_tkemenade 13723073634 4842 783

1717325223.527907 338314240
cloud0_tkemenade 19087084578 6345 891

1717325223.5283935 338314240
cloud1_tkemenade 13723073634 4842 783

1717325224.530646 338314366
cloud0_tkemenade 19087084578 6345 891

1717325224.5311797 338314366
cloud1_tkemenade 13723073634 4842 783

1717325225.5336475 338314466
cloud0_tkemenade 19087084578 6346 891

1717325225.5341434 338314466
cloud1_tkemenade 13723073634 4842 783

1717325226.5363245 338314553
cloud0_tkemenade 19087084578 6346 891

1717325226.5368235 338314553
cloud1_tkemenade 13723073634 4842 784

1717325227.539126 338314680
cloud0_tkemenade 19087084578 6346 891

1717325227.5396173 338314680
cloud1_tkemenade 13723073634 4843 784

1717325227.7402654 338314702
cloud0_tkemenade 19087097787 6346 891

1717325227.7407746 338314702
cloud1_tkemenade 13723086843 4843 784

1717325228.7429047 338314796
cloud0_tkemenade 19087097787 6346 891

1717325228.7434087 338314796
cloud1_tkemenade 13723086843 4843 784

1717325229.745516 338314918
cloud0_tkemenade 19087097787 6347 891

1717325229.7460067 338314918
cloud1_tkemenade 13723086843 4843 784

1717325230.7482018 338315142
cloud0_tkemenade 19087097787 6347 891

1717325230.748706 338315142
cloud1_tkemenade 13723086843 4843 785

1717325231.7510152 338315308
cloud0_tkemenade 19087097787 6347 891

1717325231.751511 338315308
cloud1_tkemenade 13723086843 4844 785

1717325232.7538626 338315388
cloud0_tkemenade 19087097787 6348 892

1717325232.7543528 338315388
cloud1_tkemenade 13723086843 4844 785

1717325233.7566955 338315474
cloud0_tkemenade 19087097787 6348 892

1717325233.757234 338315474
cloud1_tkemenade 13723086843 4844 785

1717325234.759972 338315604
cloud0_tkemenade 19087111520 6348 892

1717325234.7604542 338315604
cloud1_tkemenade 13723095998 4844 785

1717325235.7628064 338315693
cloud0_tkemenade 19087111520 6348 892

1717325235.7633166 338315693
cloud1_tkemenade 13723095998 4845 785

1717325236.7658467 338315777
cloud0_tkemenade 19087111520 6349 892

1717325236.7663321 338315777
cloud1_tkemenade 13723095998 4845 785

1717325237.7688358 338315914
cloud0_tkemenade 19087111520 6349 892

1717325237.769113 338315914
cloud1_tkemenade 13723095998 4845 786

1717325238.7711616 338316000
cloud0_tkemenade 19087111520 6349 892

1717325238.7716644 338316000
cloud1_tkemenade 13723095998 4845 786

1717325239.774202 338316124
cloud0_tkemenade 19087111520 6349 892

1717325239.7747204 338316124
cloud1_tkemenade 13723095998 4845 786

1717325240.7771695 338316386
cloud0_tkemenade 19087111520 6349 892

1717325240.7776654 338316386
cloud1_tkemenade 13723095998 4846 786

1717325241.7813268 338316532
cloud0_tkemenade 19087111520 6349 892

1717325241.781788 338316532
cloud1_tkemenade 13723095998 4846 786

1717325241.8822026 338316541
cloud0_tkemenade 19087115982 6349 892

1717325241.8824732 338316541
cloud1_tkemenade 13723109385 4846 786

1717325242.884446 338316629
cloud0_tkemenade 19087115982 6350 892

1717325242.8849256 338316629
cloud1_tkemenade 13723109385 4846 786

1717325243.8871014 338316707
cloud0_tkemenade 19087115982 6350 892

1717325243.8875744 338316707
cloud1_tkemenade 13723109385 4846 786

1717325244.889861 338316840
cloud0_tkemenade 19087115982 6350 892

1717325244.8903587 338316840
cloud1_tkemenade 13723109385 4847 786

1717325245.8929057 338316942
cloud0_tkemenade 19087115982 6350 892

1717325245.8934143 338316942
cloud1_tkemenade 13723109385 4847 786

1717325246.8957925 338317012
cloud0_tkemenade 19087115982 6350 892

1717325246.8962297 338317012
cloud1_tkemenade 13723109385 4847 786

1717325247.8987494 338317138
cloud0_tkemenade 19087115982 6351 892

1717325247.89924 338317138
cloud1_tkemenade 13723109385 4847 786

1717325248.9014573 338317315
cloud0_tkemenade 19087115982 6351 892

1717325248.901942 338317315
cloud1_tkemenade 13723109385 4848 786

1717325249.2028239 338317347
cloud0_tkemenade 19087124473 6351 892

1717325249.2033288 338317347
cloud1_tkemenade 13723117876 4848 786

1717325250.20563 338317470
cloud0_tkemenade 19087124473 6351 892

1717325250.2059429 338317470
cloud1_tkemenade 13723117876 4848 786

1717325251.2080905 338317785
cloud0_tkemenade 19087124473 6351 892

1717325251.2085962 338317785
cloud1_tkemenade 13723117876 4848 786

1717325252.2109222 338317861
cloud0_tkemenade 19087124473 6351 892

1717325252.2114322 338317861
cloud1_tkemenade 13723117876 4848 786

1717325253.213878 338317957
cloud0_tkemenade 19087124473 6352 892

1717325253.214388 338317957
cloud1_tkemenade 13723117876 4849 786

1717325254.2167616 338318040
cloud0_tkemenade 19087124473 6352 893

1717325254.2172768 338318041
cloud1_tkemenade 13723117876 4849 786

1717325255.2195919 338318167
cloud0_tkemenade 19087124473 6352 893

1717325255.2200918 338318167
cloud1_tkemenade 13723117876 4849 786

1717325256.2225237 338318244
cloud0_tkemenade 19087124473 6352 893

1717325256.2230265 338318244
cloud1_tkemenade 13723117876 4849 786

1717325256.323502 338318261
cloud0_tkemenade 19087133287 6352 893

1717325256.323975 338318261
cloud1_tkemenade 13723122283 4849 786

1717325257.3263817 338318339
cloud0_tkemenade 19087133287 6353 893

1717325257.3268979 338318339
cloud1_tkemenade 13723122283 4850 786

1717325258.3294368 338318465
cloud0_tkemenade 19087133287 6353 893

1717325258.3299801 338318465
cloud1_tkemenade 13723122283 4850 786

1717325259.3324118 338318576
cloud0_tkemenade 19087133287 6353 893

1717325259.3329096 338318576
cloud1_tkemenade 13723122283 4850 786

1717325260.335108 338318687
cloud0_tkemenade 19087133287 6353 893

1717325260.3354564 338318687
cloud1_tkemenade 13723122283 4851 786

1717325261.337615 338318999
cloud0_tkemenade 19087133287 6353 893

1717325261.3380907 338318999
cloud1_tkemenade 13723122283 4851 786

1717325262.3404763 338319080
cloud0_tkemenade 19087133287 6353 893

1717325262.3409636 338319080
cloud1_tkemenade 13723122283 4851 786

1717325263.343349 338319161
cloud0_tkemenade 19087133287 6353 894

1717325263.3438542 338319161
cloud1_tkemenade 13723122283 4851 786

1717325263.5445263 338319179
cloud0_tkemenade 19087142045 6353 894

1717325263.545004 338319179
cloud1_tkemenade 13723131041 4851 787

1717325264.5472827 338319326
cloud0_tkemenade 19087142045 6353 894

1717325264.5477626 338319326
cloud1_tkemenade 13723131041 4852 787

1717325265.5501158 338319449
cloud0_tkemenade 19087142045 6353 895

1717325265.55059 338319449
cloud1_tkemenade 13723131041 4852 787

1717325266.5530472 338319529
cloud0_tkemenade 19087142045 6353 895

1717325266.5535405 338319529
cloud1_tkemenade 13723131041 4852 787

1717325267.555694 338319607
cloud0_tkemenade 19087142045 6353 895

1717325267.5561953 338319607
cloud1_tkemenade 13723131041 4853 787

1717325268.5586588 338319750
cloud0_tkemenade 19087142045 6353 896

1717325268.5591319 338319750
cloud1_tkemenade 13723131041 4853 787

1717325269.5614731 338319836
cloud0_tkemenade 19087142045 6353 896

1717325269.5619721 338319836
cloud1_tkemenade 13723131041 4853 787

1717325270.5643835 338320016
cloud0_tkemenade 19087142045 6353 896

1717325270.5648515 338320016
cloud1_tkemenade 13723131041 4854 787

1717325270.6652896 338320059
cloud0_tkemenade 19087150940 6353 896

1717325270.6657643 338320059
cloud1_tkemenade 13723148831 4854 787

1717325271.668124 338320263
cloud0_tkemenade 19087150940 6353 896

1717325271.6686144 338320263
cloud1_tkemenade 13723148831 4854 787

1717325272.6708093 338320334
cloud0_tkemenade 19087150940 6353 897

1717325272.6713111 338320334
cloud1_tkemenade 13723148831 4854 787

1717325273.6738322 338320420
cloud0_tkemenade 19087150940 6353 897

1717325273.6743264 338320420
cloud1_tkemenade 13723148831 4854 787

1717325274.6766477 338320523
cloud0_tkemenade 19087150940 6353 897

1717325274.6771393 338320523
cloud1_tkemenade 13723148831 4855 787

1717325275.6794982 338320652
cloud0_tkemenade 19087150940 6353 898

1717325275.6799805 338320652
cloud1_tkemenade 13723148831 4855 787

1717325276.682198 338320745
cloud0_tkemenade 19087150940 6353 898

1717325276.682675 338320745
cloud1_tkemenade 13723148831 4855 787

1717325277.685114 338320814
cloud0_tkemenade 19087150940 6353 898

1717325277.6856081 338320814
cloud1_tkemenade 13723148831 4856 787

1717325277.7860484 338320822
cloud0_tkemenade 19087159768 6353 898

1717325277.7865212 338320822
cloud1_tkemenade 13723157659 4856 787

1717325278.7889318 338320992
cloud0_tkemenade 19087159768 6353 898

1717325278.7894678 338320992
cloud1_tkemenade 13723157659 4856 787

1717325279.791943 338321064
cloud0_tkemenade 19087159768 6353 899

1717325279.792436 338321064
cloud1_tkemenade 13723157659 4856 787

1717325280.794613 338321329
cloud0_tkemenade 19087159768 6353 899

1717325280.7949765 338321329
cloud1_tkemenade 13723157659 4856 787

1717325281.79748 338321511
cloud0_tkemenade 19087159768 6353 899

1717325281.7979705 338321511
cloud1_tkemenade 13723157659 4857 787

1717325282.8002346 338321580
cloud0_tkemenade 19087159768 6353 899

1717325282.800711 338321580
cloud1_tkemenade 13723157659 4857 787

1717325283.8030217 338321673
cloud0_tkemenade 19087159768 6353 900

1717325283.8035219 338321673
cloud1_tkemenade 13723157659 4857 787

1717325284.805869 338321764
cloud0_tkemenade 19087159768 6354 900

1717325284.80637 338321764
cloud1_tkemenade 13723157659 4858 787

1717325285.0069783 338321786
cloud0_tkemenade 19087173164 6354 900

1717325285.0074797 338321786
cloud1_tkemenade 13723166589 4858 787

1717325286.0099347 338321910
cloud0_tkemenade 19087173164 6354 900

1717325286.0104702 338321910
cloud1_tkemenade 13723166589 4858 787

1717325287.0127668 338321986
cloud0_tkemenade 19087173164 6354 900

1717325287.0132904 338321986
cloud1_tkemenade 13723166589 4858 787

1717325288.0156245 338322067
cloud0_tkemenade 19087173164 6354 900

1717325288.016123 338322067
cloud1_tkemenade 13723166589 4859 787

1717325289.0184298 338322208
cloud0_tkemenade 19087173164 6354 901

1717325289.0189366 338322208
cloud1_tkemenade 13723166589 4859 788

1717325290.0212538 338322289
cloud0_tkemenade 19087173164 6354 901

1717325290.0218503 338322289
cloud1_tkemenade 13723166589 4859 788

1717325291.0240045 338322579
cloud0_tkemenade 19087173164 6355 901

1717325291.0245037 338322579
cloud1_tkemenade 13723166589 4860 788

1717325292.0267167 338322718
cloud0_tkemenade 19087173164 6355 901

1717325292.0272074 338322718
cloud1_tkemenade 13723166589 4860 788

1717325292.1276958 338322731
cloud0_tkemenade 19087181748 6355 901

1717325292.1281748 338322731
cloud1_tkemenade 13723179465 4860 788

1717325293.1304035 338322820
cloud0_tkemenade 19087181748 6355 901

1717325293.1309266 338322820
cloud1_tkemenade 13723179465 4860 788

1717325294.1334815 338322913
cloud0_tkemenade 19087181748 6355 902

1717325294.13399 338322913
cloud1_tkemenade 13723179465 4860 788

1717325295.1362689 338323013
cloud0_tkemenade 19087181748 6355 902

1717325295.1367958 338323013
cloud1_tkemenade 13723179465 4861 788

1717325296.1390948 338323115
cloud0_tkemenade 19087181748 6356 902

1717325296.139608 338323115
cloud1_tkemenade 13723179465 4861 788

1717325297.142073 338323204
cloud0_tkemenade 19087181748 6356 902

1717325297.142545 338323204
cloud1_tkemenade 13723179465 4862 789

1717325298.144991 338323288
cloud0_tkemenade 19087181748 6357 902

1717325298.145541 338323288
cloud1_tkemenade 13723179465 4862 789

1717325299.147734 338323437
cloud0_tkemenade 19087181748 6357 902

1717325299.1482332 338323437
cloud1_tkemenade 13723179465 4862 789

1717325299.4490917 338323466
cloud0_tkemenade 19087194185 6357 902

1717325299.4496114 338323466
cloud1_tkemenade 13723191902 4862 789

1717325300.451816 338323585
cloud0_tkemenade 19087194185 6357 902

1717325300.45235 338323585
cloud1_tkemenade 13723191902 4862 789

1717325301.4547412 338323897
cloud0_tkemenade 19087194185 6357 902

1717325301.4550524 338323897
cloud1_tkemenade 13723191902 4863 789

1717325302.4571254 338323976
cloud0_tkemenade 19087194185 6357 903

1717325302.457449 338323976
cloud1_tkemenade 13723191902 4863 789

1717325303.4595535 338324068
cloud0_tkemenade 19087194185 6357 903

1717325303.4600415 338324068
cloud1_tkemenade 13723191902 4864 789

1717325304.4623125 338324154
cloud0_tkemenade 19087194185 6357 903

1717325304.4627986 338324154
cloud1_tkemenade 13723191902 4864 789

1717325305.4652255 338324253
cloud0_tkemenade 19087194185 6358 903

1717325305.4657168 338324253
cloud1_tkemenade 13723191902 4864 789

1717325306.4680185 338324356
cloud0_tkemenade 19087194185 6358 903

1717325306.4685357 338324356
cloud1_tkemenade 13723191902 4864 789

1717325306.6692936 338324379
cloud0_tkemenade 19087202998 6358 903

1717325306.6697707 338324379
cloud1_tkemenade 13723205122 4865 789

1717325307.672094 338324449
cloud0_tkemenade 19087202998 6358 903

1717325307.6725976 338324449
cloud1_tkemenade 13723205122 4865 789

1717325308.6749024 338324562
cloud0_tkemenade 19087202998 6358 904

1717325308.675411 338324562
cloud1_tkemenade 13723205122 4865 789

1717325309.6778026 338324647
cloud0_tkemenade 19087202998 6358 904

1717325309.6783128 338324647
cloud1_tkemenade 13723205122 4865 789

1717325310.6806445 338324860
cloud0_tkemenade 19087202998 6358 904

1717325310.681176 338324864
cloud1_tkemenade 13723205122 4866 789

1717325311.6836436 338325054
cloud0_tkemenade 19087202998 6359 904

1717325311.6841562 338325054
cloud1_tkemenade 13723205122 4866 789

1717325312.686403 338325153
cloud0_tkemenade 19087202998 6359 904

1717325312.6869087 338325153
cloud1_tkemenade 13723205122 4866 790

