1717269174.9618328 331616270
cloud0_tkemenade 18995813033 2746 332
cloud1_tkemenade 13661083091 2754 319

1717269175.964172 331616342
cloud0_tkemenade 18995813033 2746 332

1717269175.9646833 331616342
cloud1_tkemenade 13661083091 2754 319

1717269176.9670646 331616422
cloud0_tkemenade 18995813033 2746 332

1717269176.9675894 331616422
cloud1_tkemenade 13661083091 2754 321

1717269177.9698892 331616526
cloud0_tkemenade 18995813033 2757 333

1717269177.970415 331616526
cloud1_tkemenade 13661083091 2761 321

1717269178.9729817 331616643
cloud0_tkemenade 18995813033 2757 333

1717269178.9735317 331616643
cloud1_tkemenade 13661083091 2762 321

1717269179.9761755 331616776
cloud0_tkemenade 18995813033 2757 333

1717269179.9766908 331616776
cloud1_tkemenade 13661083091 2762 322

1717269180.9790554 331617030
cloud0_tkemenade 18995813033 2758 333

1717269180.979603 331617030
cloud1_tkemenade 13661083091 2762 322

1717269181.9819517 331617155
cloud0_tkemenade 18995813033 2762 333

1717269181.9824538 331617155
cloud1_tkemenade 13661083091 2765 323

1717269182.984885 331617220
cloud0_tkemenade 18995813033 2763 333

1717269182.9854248 331617221
cloud1_tkemenade 13661083091 2766 323

1717269183.9875476 331617320
cloud0_tkemenade 18995813033 2763 334

1717269183.9880662 331617320
cloud1_tkemenade 13661083091 2766 323

1717269184.9906085 331617428
cloud0_tkemenade 18995813033 2763 334

1717269184.9911373 331617428
cloud1_tkemenade 13661083091 2766 324

1717269185.993697 331617498
cloud0_tkemenade 18995813033 2763 334

1717269185.9942348 331617498
cloud1_tkemenade 13661083091 2766 324

1717269186.9969358 331617606
cloud0_tkemenade 18995813033 2763 334

1717269186.9974658 331617607
cloud1_tkemenade 13661083091 2778 325

1717269187.9999766 331617675
cloud0_tkemenade 18995813033 2764 334

1717269188.0004818 331617675
cloud1_tkemenade 13661083091 2779 325

1717269189.002966 331617798
cloud0_tkemenade 18995813033 2765 334

1717269189.0034914 331617798
cloud1_tkemenade 13661083091 2779 325

1717269190.0063312 331617942
cloud0_tkemenade 18995813033 2765 335

1717269190.0066507 331617942
cloud1_tkemenade 13661083091 2780 325

1717269191.0089633 331618181
cloud0_tkemenade 18995813033 2765 335

1717269191.0095172 331618181
cloud1_tkemenade 13661083091 2784 325

1717269191.5108917 331618264
cloud0_tkemenade 18995875901 2775 336

1717269191.5114057 331618264
cloud1_tkemenade 13661172903 2784 325

1717269192.5137744 331618340
cloud0_tkemenade 18995875901 2776 336

1717269192.5142617 331618340
cloud1_tkemenade 13661172903 2784 326

1717269193.5167944 331618418
cloud0_tkemenade 18995875901 2777 336

1717269193.5173974 331618419
cloud1_tkemenade 13661172903 2785 326

1717269194.5198233 331618538
cloud0_tkemenade 18995875901 2777 336

1717269194.5203335 331618538
cloud1_tkemenade 13661172903 2785 326

1717269195.522716 331618611
cloud0_tkemenade 18995875901 2782 336

1717269195.523239 331618611
cloud1_tkemenade 13661172903 2785 326

1717269196.5255394 331618676
cloud0_tkemenade 18995875901 2782 336

1717269196.5260236 331618676
cloud1_tkemenade 13661172903 2786 326

1717269197.5285113 331618738
cloud0_tkemenade 18995875901 2782 336

1717269197.5290222 331618738
cloud1_tkemenade 13661172903 2786 327

1717269198.5313663 331618852
cloud0_tkemenade 18995875901 2782 336

1717269198.531854 331618852
cloud1_tkemenade 13661172903 2787 327

1717269198.6323338 331618862
cloud0_tkemenade 18995906040 2782 336

1717269198.6328428 331618862
cloud1_tkemenade 13661194431 2787 327

1717269199.6352012 331618973
cloud0_tkemenade 18995906040 2783 336

1717269199.6357286 331618973
cloud1_tkemenade 13661194431 2787 327

1717269200.6378913 331619193
cloud0_tkemenade 18995906040 2783 336

1717269200.6383622 331619193
cloud1_tkemenade 13661194431 2787 327

1717269201.6407826 331619372
cloud0_tkemenade 18995906040 2783 336

1717269201.6413238 331619373
cloud1_tkemenade 13661194431 2787 327

1717269202.6436837 331619446
cloud0_tkemenade 18995906040 2785 336

1717269202.6441789 331619446
cloud1_tkemenade 13661194431 2789 327

1717269203.6466405 331619515
cloud0_tkemenade 18995906040 2785 336

1717269203.6469598 331619515
cloud1_tkemenade 13661194431 2789 328

1717269204.649266 331619640
cloud0_tkemenade 18995906040 2786 336

1717269204.6497693 331619640
cloud1_tkemenade 13661194431 2789 328

1717269205.652301 331619703
cloud0_tkemenade 18995906040 2786 336

1717269205.6527328 331619703
cloud1_tkemenade 13661194431 2789 328

1717269205.7531135 331619721
cloud0_tkemenade 18995923741 2786 336

1717269205.753623 331619721
cloud1_tkemenade 13661207706 2789 328

1717269206.756053 331619782
cloud0_tkemenade 18995923741 2786 337

1717269206.756567 331619782
cloud1_tkemenade 13661207706 2789 329

1717269207.7589483 331619853
cloud0_tkemenade 18995923741 2787 337

1717269207.7594583 331619853
cloud1_tkemenade 13661207706 2789 329

1717269208.7620258 331619936
cloud0_tkemenade 18995923741 2787 337

1717269208.762527 331619936
cloud1_tkemenade 13661207706 2790 329

1717269209.7650023 331620052
cloud0_tkemenade 18995923741 2788 337

1717269209.7655718 331620052
cloud1_tkemenade 13661207706 2790 329

1717269210.7678254 331620300
cloud0_tkemenade 18995923741 2788 337

1717269210.7681627 331620300
cloud1_tkemenade 13661207706 2790 329

1717269211.7705424 331620465
cloud0_tkemenade 18995923741 2788 337

1717269211.7710562 331620465
cloud1_tkemenade 13661207706 2791 329

1717269212.773726 331620540
cloud0_tkemenade 18995937038 2788 337

1717269212.7742472 331620540
cloud1_tkemenade 13661221003 2791 329

1717269213.776925 331620613
cloud0_tkemenade 18995937038 2789 337

1717269213.7774699 331620613
cloud1_tkemenade 13661221003 2791 330

1717269214.7799296 331620744
cloud0_tkemenade 18995937038 2789 337

1717269214.780434 331620744
cloud1_tkemenade 13661221003 2791 330

1717269215.7827575 331620810
cloud0_tkemenade 18995937038 2789 337

1717269215.7832966 331620810
cloud1_tkemenade 13661221003 2791 330

1717269216.7857218 331620884
cloud0_tkemenade 18995937038 2790 337

1717269216.7862325 331620884
cloud1_tkemenade 13661221003 2792 330

1717269217.788617 331620947
cloud0_tkemenade 18995937038 2790 337

1717269217.7891197 331620948
cloud1_tkemenade 13661221003 2792 330

1717269218.7914588 331621039
cloud0_tkemenade 18995937038 2790 337

1717269218.791962 331621039
cloud1_tkemenade 13661221003 2792 330

1717269219.7946246 331621152
cloud0_tkemenade 18995937038 2791 337

1717269219.7951555 331621152
cloud1_tkemenade 13661221003 2793 330

1717269219.9958613 331621171
cloud0_tkemenade 18995949850 2791 337

1717269219.9963744 331621171
cloud1_tkemenade 13661233815 2793 330

1717269220.9984481 331621488
cloud0_tkemenade 18995949850 2791 337

1717269220.9989448 331621488
cloud1_tkemenade 13661233815 2793 330

1717269222.0014298 331621606
cloud0_tkemenade 18995949850 2791 337

1717269222.00194 331621606
cloud1_tkemenade 13661233815 2793 330

1717269223.0044184 331621680
cloud0_tkemenade 18995949850 2791 337

1717269223.004925 331621680
cloud1_tkemenade 13661233815 2793 330

1717269224.0075445 331621770
cloud0_tkemenade 18995949850 2792 337

1717269224.0081074 331621770
cloud1_tkemenade 13661233815 2794 330

1717269225.0104632 331621896
cloud0_tkemenade 18995949850 2792 337

1717269225.010952 331621896
cloud1_tkemenade 13661233815 2794 330

1717269226.0135298 331621961
cloud0_tkemenade 18995949850 2792 337

1717269226.0140455 331621961
cloud1_tkemenade 13661233815 2794 330

1717269227.0164828 331622060
cloud0_tkemenade 18995949850 2793 337

1717269227.0169775 331622060
cloud1_tkemenade 13661233815 2794 330

1717269227.1174645 331622071
cloud0_tkemenade 18995958745 2793 337

1717269227.117954 331622071
cloud1_tkemenade 13661238262 2794 330

1717269228.1202846 331622143
cloud0_tkemenade 18995958745 2793 338

1717269228.1207995 331622143
cloud1_tkemenade 13661238262 2794 330

1717269229.1233847 331622224
cloud0_tkemenade 18995958745 2793 338

1717269229.123899 331622224
cloud1_tkemenade 13661238262 2795 330

1717269230.1262841 331622344
cloud0_tkemenade 18995958745 2793 338

1717269230.1266189 331622344
cloud1_tkemenade 13661238262 2795 330

1717269231.12906 331622686
cloud0_tkemenade 18995958745 2794 338

1717269231.1293895 331622686
cloud1_tkemenade 13661238262 2795 330

1717269232.1317356 331622791
cloud0_tkemenade 18995958745 2794 338

1717269232.1322358 331622791
cloud1_tkemenade 13661238262 2796 330

1717269233.1344416 331622856
cloud0_tkemenade 18995958745 2794 339

1717269233.134963 331622856
cloud1_tkemenade 13661238262 2796 330

1717269234.1373131 331622932
cloud0_tkemenade 18995958745 2794 339

1717269234.1378446 331622932
cloud1_tkemenade 13661238262 2796 330

1717269234.338534 331622951
cloud0_tkemenade 18995971835 2795 339

1717269234.3390517 331622951
cloud1_tkemenade 13661246988 2796 330

1717269235.3415725 331623069
cloud0_tkemenade 18995971835 2795 339

1717269235.34209 331623069
cloud1_tkemenade 13661246988 2796 330

1717269236.344573 331623133
cloud0_tkemenade 18995971835 2795 339

1717269236.3450906 331623133
cloud1_tkemenade 13661246988 2797 330

1717269237.3476336 331623216
cloud0_tkemenade 18995971835 2795 339

1717269237.3481534 331623216
cloud1_tkemenade 13661246988 2797 330

1717269238.3505833 331623304
cloud0_tkemenade 18995971835 2795 339

1717269238.3510964 331623304
cloud1_tkemenade 13661246988 2797 330

1717269239.3537004 331623396
cloud0_tkemenade 18995971835 2795 339

1717269239.3542104 331623396
cloud1_tkemenade 13661246988 2797 331

1717269240.3564892 331623514
cloud0_tkemenade 18995971835 2796 340

1717269240.3568144 331623514
cloud1_tkemenade 13661246988 2798 331

1717269241.3589468 331623846
cloud0_tkemenade 18995971835 2796 340

1717269241.359459 331623846
cloud1_tkemenade 13661246988 2798 331

1717269241.4598963 331623855
cloud0_tkemenade 18995985307 2796 340

1717269241.460376 331623855
cloud1_tkemenade 13661260460 2798 331

1717269242.4625149 331623939
cloud0_tkemenade 18995985307 2796 340

1717269242.463001 331623939
cloud1_tkemenade 13661260460 2798 331

1717269243.465489 331624013
cloud0_tkemenade 18995985307 2796 341

1717269243.465995 331624013
cloud1_tkemenade 13661260460 2799 331

1717269244.468362 331624114
cloud0_tkemenade 18995985307 2796 341

1717269244.4688747 331624114
cloud1_tkemenade 13661260460 2799 331

1717269245.4711516 331624225
cloud0_tkemenade 18995985307 2796 341

1717269245.4716706 331624225
cloud1_tkemenade 13661260460 2799 331

1717269246.4738932 331624299
cloud0_tkemenade 18995985307 2796 341

1717269246.4743962 331624299
cloud1_tkemenade 13661260460 2800 331

1717269247.4770281 331624373
cloud0_tkemenade 18995985307 2797 341

1717269247.4775543 331624373
cloud1_tkemenade 13661260460 2800 331

1717269248.4801257 331624456
cloud0_tkemenade 18995994066 2797 342

1717269248.4806178 331624456
cloud1_tkemenade 13661269219 2800 331

1717269249.4828582 331624545
cloud0_tkemenade 18995994066 2797 342

1717269249.4833806 331624545
cloud1_tkemenade 13661269219 2800 332

1717269250.485634 331624698
cloud0_tkemenade 18995994066 2797 342

1717269250.486024 331624698
cloud1_tkemenade 13661269219 2800 332

1717269251.4887228 331624978
cloud0_tkemenade 18995994066 2797 342

1717269251.4892912 331624980
cloud1_tkemenade 13661269219 2800 332

1717269252.4918153 331625073
cloud0_tkemenade 18995994066 2798 342

1717269252.4922903 331625073
cloud1_tkemenade 13661269219 2800 333

1717269253.494621 331625141
cloud0_tkemenade 18995994066 2798 342

1717269253.495095 331625141
cloud1_tkemenade 13661269219 2800 333

1717269254.4972534 331625237
cloud0_tkemenade 18995994066 2798 342

1717269254.497733 331625237
cloud1_tkemenade 13661269219 2800 334

1717269255.5000825 331625323
cloud0_tkemenade 18995994066 2799 342

1717269255.5005982 331625323
cloud1_tkemenade 13661269219 2800 334

1717269255.7012968 331625368
cloud0_tkemenade 18996007347 2799 342

1717269255.7018104 331625368
cloud1_tkemenade 13661282500 2800 334

1717269256.7040567 331625434
cloud0_tkemenade 18996007347 2799 342

1717269256.704572 331625434
cloud1_tkemenade 13661282500 2800 334

1717269257.706974 331625506
cloud0_tkemenade 18996007347 2799 342

1717269257.7073085 331625506
cloud1_tkemenade 13661282500 2800 335

1717269258.7095988 331625586
cloud0_tkemenade 18996007347 2799 342

1717269258.7101073 331625586
cloud1_tkemenade 13661282500 2801 335

1717269259.7126892 331625683
cloud0_tkemenade 18996007347 2799 342

1717269259.71322 331625684
cloud1_tkemenade 13661282500 2801 335

1717269260.7155924 331625907
cloud0_tkemenade 18996007347 2800 342

1717269260.7161155 331625907
cloud1_tkemenade 13661282500 2801 335

1717269261.718432 331626101
cloud0_tkemenade 18996007347 2800 342

1717269261.718764 331626101
cloud1_tkemenade 13661282500 2801 336

1717269262.7212453 331626197
cloud0_tkemenade 18996011864 2800 342

1717269262.721746 331626197
cloud1_tkemenade 13661296053 2801 336

1717269263.7239032 331626268
cloud0_tkemenade 18996011864 2801 342

1717269263.7244158 331626268
cloud1_tkemenade 13661296053 2802 336

1717269264.7267947 331626388
cloud0_tkemenade 18996011864 2801 342

1717269264.7273018 331626388
cloud1_tkemenade 13661296053 2802 336

1717269265.7296965 331626473
cloud0_tkemenade 18996011864 2801 342

1717269265.7302158 331626473
cloud1_tkemenade 13661296053 2802 336

1717269266.7326825 331626570
cloud0_tkemenade 18996011864 2801 342

1717269266.7330115 331626570
cloud1_tkemenade 13661296053 2802 337

1717269267.7351053 331626639
cloud0_tkemenade 18996011864 2802 342

1717269267.735583 331626639
cloud1_tkemenade 13661296053 2802 337

1717269268.7378976 331626719
cloud0_tkemenade 18996011864 2802 342

1717269268.738416 331626719
cloud1_tkemenade 13661296053 2802 337

1717269269.7409897 331626804
cloud0_tkemenade 18996011864 2802 343

1717269269.741489 331626808
cloud1_tkemenade 13661296053 2802 337

1717269269.841943 331626822
cloud0_tkemenade 18996024917 2802 343

1717269269.8424606 331626822
cloud1_tkemenade 13661304755 2802 337

1717269270.8448699 331627053
cloud0_tkemenade 18996024917 2802 343

1717269270.8454099 331627054
cloud1_tkemenade 13661304755 2802 337

1717269271.8479397 331627221
cloud0_tkemenade 18996024917 2802 343

1717269271.8484588 331627221
cloud1_tkemenade 13661304755 2802 337

1717269272.8507543 331627327
cloud0_tkemenade 18996024917 2802 343

1717269272.8512847 331627327
cloud1_tkemenade 13661304755 2802 338

1717269273.8538177 331627413
cloud0_tkemenade 18996024917 2803 343

1717269273.8543572 331627413
cloud1_tkemenade 13661304755 2802 338

1717269274.857028 331627524
cloud0_tkemenade 18996024917 2803 343

1717269274.8576 331627524
cloud1_tkemenade 13661304755 2802 338

1717269275.860097 331627611
cloud0_tkemenade 18996024917 2803 343

1717269275.8606145 331627611
cloud1_tkemenade 13661304755 2803 338

1717269276.8629384 331627691
cloud0_tkemenade 18996024917 2803 343

1717269276.8634408 331627691
cloud1_tkemenade 13661304755 2803 338

1717269277.064189 331627714
cloud0_tkemenade 18996029234 2803 343

1717269277.0647128 331627714
cloud1_tkemenade 13661313389 2803 339

1717269278.0670774 331627786
cloud0_tkemenade 18996029234 2804 343

1717269278.0675814 331627786
cloud1_tkemenade 13661313389 2803 339

1717269279.069988 331627867
cloud0_tkemenade 18996029234 2804 343

1717269279.0704827 331627867
cloud1_tkemenade 13661313389 2803 339

1717269280.073057 331627962
cloud0_tkemenade 18996029234 2804 343

1717269280.073388 331627962
cloud1_tkemenade 13661313389 2803 339

1717269281.0756173 331628230
cloud0_tkemenade 18996029234 2804 343

1717269281.076141 331628230
cloud1_tkemenade 13661313389 2803 339

1717269282.0786057 331628379
cloud0_tkemenade 18996029234 2805 343

1717269282.079107 331628379
cloud1_tkemenade 13661313389 2803 339

1717269283.0815945 331628477
cloud0_tkemenade 18996029234 2805 343

1717269283.0820925 331628477
cloud1_tkemenade 13661313389 2803 340

1717269284.0847912 331628580
cloud0_tkemenade 18996038087 2805 343

1717269284.0858407 331628581
cloud1_tkemenade 13661322242 2803 340

1717269285.0883982 331628687
cloud0_tkemenade 18996038087 2805 343

1717269285.0889373 331628687
cloud1_tkemenade 13661322242 2803 340

1717269286.091381 331628774
cloud0_tkemenade 18996038087 2806 343

1717269286.0918906 331628774
cloud1_tkemenade 13661322242 2803 341

1717269287.0942557 331628885
cloud0_tkemenade 18996038087 2806 343

1717269287.0947561 331628885
cloud1_tkemenade 13661322242 2803 341

1717269288.0967948 331628967
cloud0_tkemenade 18996038087 2807 343

1717269288.0973988 331628967
cloud1_tkemenade 13661322242 2803 341

1717269289.0998535 331629062
cloud0_tkemenade 18996038087 2807 343

1717269289.1003122 331629062
cloud1_tkemenade 13661322242 2803 341

1717269290.1027496 331629157
cloud0_tkemenade 18996038087 2807 343

1717269290.103065 331629157
cloud1_tkemenade 13661322242 2803 342

1717269291.1054838 331629429
cloud0_tkemenade 18996038087 2808 343

1717269291.1059945 331629429
cloud1_tkemenade 13661322242 2803 342

1717269291.4092648 331629492
cloud0_tkemenade 18996050908 2808 343

1717269291.4097784 331629492
cloud1_tkemenade 13661330789 2803 342

1717269292.4124024 331629623
cloud0_tkemenade 18996050908 2808 343

1717269292.4129171 331629623
cloud1_tkemenade 13661330789 2803 342

1717269293.4153795 331629702
cloud0_tkemenade 18996050908 2808 343

1717269293.415906 331629702
cloud1_tkemenade 13661330789 2804 342

1717269294.4182746 331629802
cloud0_tkemenade 18996050908 2809 343

1717269294.4187937 331629802
cloud1_tkemenade 13661330789 2804 343

1717269295.4214015 331629901
cloud0_tkemenade 18996050908 2809 343

1717269295.4219112 331629901
cloud1_tkemenade 13661330789 2804 343

1717269296.4244502 331629978
cloud0_tkemenade 18996050908 2809 343

1717269296.4249494 331629978
cloud1_tkemenade 13661330789 2804 343

1717269297.4271238 331630092
cloud0_tkemenade 18996050908 2810 343

1717269297.4276335 331630092
cloud1_tkemenade 13661330789 2805 343

1717269298.4299667 331630182
cloud0_tkemenade 18996050908 2810 344

1717269298.4304435 331630182
cloud1_tkemenade 13661330789 2805 344

1717269298.5309339 331630194
cloud0_tkemenade 18996063877 2810 344

1717269298.5314286 331630194
cloud1_tkemenade 13661348081 2805 344

1717269299.5338826 331630286
cloud0_tkemenade 18996063877 2810 344

1717269299.5343971 331630286
cloud1_tkemenade 13661348081 2805 344

1717269300.53689 331630429
cloud0_tkemenade 18996063877 2810 344

1717269300.537432 331630432
cloud1_tkemenade 13661348081 2805 344

1717269301.5401604 331630674
cloud0_tkemenade 18996063877 2810 344

1717269301.5406995 331630674
cloud1_tkemenade 13661348081 2805 345

1717269302.543159 331630794
cloud0_tkemenade 18996063877 2810 345

1717269302.5436447 331630794
cloud1_tkemenade 13661348081 2805 345

1717269303.5461617 331630907
cloud0_tkemenade 18996063877 2810 345

1717269303.5466912 331630907
cloud1_tkemenade 13661348081 2805 345

1717269304.5493324 331630990
cloud0_tkemenade 18996063877 2811 345

1717269304.5498433 331630990
cloud1_tkemenade 13661348081 2805 346

1717269305.5524838 331631113
cloud0_tkemenade 18996063877 2812 345

1717269305.5529897 331631113
cloud1_tkemenade 13661348081 2805 347

1717269305.653469 331631128
cloud0_tkemenade 18996077193 2812 345

1717269305.6539726 331631128
cloud1_tkemenade 13661356958 2805 347

1717269306.6562848 331631214
cloud0_tkemenade 18996077193 2812 345

1717269306.6567905 331631214
cloud1_tkemenade 13661356958 2805 347

1717269307.659051 331631336
cloud0_tkemenade 18996077193 2812 345

1717269307.6593623 331631336
cloud1_tkemenade 13661356958 2805 348

1717269308.6618316 331631414
cloud0_tkemenade 18996077193 2813 345

1717269308.6623597 331631414
cloud1_tkemenade 13661356958 2805 348

1717269309.6648037 331631499
cloud0_tkemenade 18996077193 2813 345

1717269309.6653702 331631500
cloud1_tkemenade 13661356958 2805 348

1717269310.6677244 331631702
cloud0_tkemenade 18996077193 2813 345

1717269310.6682422 331631702
cloud1_tkemenade 13661356958 2805 349

1717269311.6705067 331631888
cloud0_tkemenade 18996077193 2813 345

1717269311.6710174 331631888
cloud1_tkemenade 13661356958 2805 349

1717269312.6736364 331631996
cloud0_tkemenade 18996077193 2814 345

1717269312.674164 331631996
cloud1_tkemenade 13661356958 2805 349

1717269312.874805 331632038
cloud0_tkemenade 18996085970 2814 345

1717269312.8753633 331632038
cloud1_tkemenade 13661370124 2805 349

1717269313.8777702 331632124
cloud0_tkemenade 18996085970 2814 345

1717269313.878279 331632124
cloud1_tkemenade 13661370124 2805 350

1717269314.8808577 331632225
cloud0_tkemenade 18996085970 2814 345

1717269314.8813946 331632225
cloud1_tkemenade 13661370124 2805 350

1717269315.8839126 331632319
cloud0_tkemenade 18996085970 2814 345

1717269315.8844175 331632319
cloud1_tkemenade 13661370124 2805 350

1717269316.8869162 331632407
cloud0_tkemenade 18996085970 2814 345

1717269316.8874314 331632407
cloud1_tkemenade 13661370124 2805 351

1717269317.8898866 331632508
cloud0_tkemenade 18996085970 2815 345

1717269317.890388 331632508
cloud1_tkemenade 13661370124 2805 351

1717269318.8930416 331632606
cloud0_tkemenade 18996085970 2815 345

1717269318.8935652 331632606
cloud1_tkemenade 13661370124 2805 351

1717269319.8958316 331632690
cloud0_tkemenade 18996090315 2815 345

1717269319.896325 331632690
cloud1_tkemenade 13661378815 2805 351

1717269320.8985896 331632948
cloud0_tkemenade 18996090315 2815 345

1717269320.8990967 331632948
cloud1_tkemenade 13661378815 2805 352

1717269321.9015248 331633073
cloud0_tkemenade 18996090315 2816 345

1717269321.9020452 331633073
cloud1_tkemenade 13661378815 2805 352

1717269322.9043493 331633163
cloud0_tkemenade 18996090315 2816 346

1717269322.904851 331633163
cloud1_tkemenade 13661378815 2805 353

1717269323.9073155 331633266
cloud0_tkemenade 18996090315 2817 346

1717269323.907813 331633266
cloud1_tkemenade 13661378815 2805 353

1717269324.9104774 331633351
cloud0_tkemenade 18996090315 2817 346

1717269324.9109764 331633351
cloud1_tkemenade 13661378815 2805 353

1717269325.9134111 331633432
cloud0_tkemenade 18996090315 2817 346

1717269325.9139044 331633432
cloud1_tkemenade 13661378815 2805 353

1717269326.9164634 331633510
cloud0_tkemenade 18996090315 2817 346

1717269326.9169767 331633510
cloud1_tkemenade 13661378815 2805 354

1717269327.2178686 331633537
cloud0_tkemenade 18996103260 2817 346

1717269327.2183907 331633537
cloud1_tkemenade 13661391760 2805 354

1717269328.2205 331633636
cloud0_tkemenade 18996103260 2818 346

1717269328.2210093 331633636
cloud1_tkemenade 13661391760 2805 354

1717269329.2234573 331633715
cloud0_tkemenade 18996103260 2818 346

1717269329.223972 331633715
cloud1_tkemenade 13661391760 2805 354

1717269330.2263248 331633814
cloud0_tkemenade 18996103260 2818 346

1717269330.2266634 331633814
cloud1_tkemenade 13661391760 2805 354

1717269331.2289448 331634127
cloud0_tkemenade 18996103260 2818 346

1717269331.2294834 331634128
cloud1_tkemenade 13661391760 2806 354

1717269332.2319012 331634213
cloud0_tkemenade 18996103260 2819 346

1717269332.2323964 331634213
cloud1_tkemenade 13661391760 2806 354

1717269333.234705 331634304
cloud0_tkemenade 18996103260 2819 346

1717269333.2352169 331634304
cloud1_tkemenade 13661391760 2806 354

1717269334.2384899 331634413
cloud0_tkemenade 18996103260 2819 346

1717269334.2389717 331634413
cloud1_tkemenade 13661391760 2806 354

1717269334.339421 331634426
cloud0_tkemenade 18996112220 2819 346

1717269334.3399267 331634426
cloud1_tkemenade 13661396240 2806 354

1717269335.3423724 331634542
cloud0_tkemenade 18996112220 2820 346

1717269335.342895 331634542
cloud1_tkemenade 13661396240 2807 354

1717269336.3454583 331634622
cloud0_tkemenade 18996112220 2820 346

1717269336.3459694 331634622
cloud1_tkemenade 13661396240 2807 355

1717269337.348597 331634712
cloud0_tkemenade 18996112220 2820 346

1717269337.3490927 331634712
cloud1_tkemenade 13661396240 2807 355

1717269338.3515692 331634821
cloud0_tkemenade 18996112220 2820 346

1717269338.3520787 331634821
cloud1_tkemenade 13661396240 2807 355

1717269339.3543487 331634907
cloud0_tkemenade 18996112220 2821 346

1717269339.3548315 331634907
cloud1_tkemenade 13661396240 2807 355

1717269340.357276 331635006
cloud0_tkemenade 18996112220 2821 346

1717269340.357787 331635006
cloud1_tkemenade 13661396240 2807 355

1717269341.3601825 331635291
cloud0_tkemenade 18996112220 2821 346

1717269341.3606741 331635291
cloud1_tkemenade 13661396240 2807 355

1717269341.461117 331635296
cloud0_tkemenade 18996121086 2821 346

1717269341.4616148 331635296
cloud1_tkemenade 13661405106 2807 355

1717269342.4640934 331635379
cloud0_tkemenade 18996121086 2821 346

1717269342.464662 331635379
cloud1_tkemenade 13661405106 2808 355

1717269343.4673104 331635482
cloud0_tkemenade 18996121086 2822 346

1717269343.467837 331635482
cloud1_tkemenade 13661405106 2808 355

1717269344.4702718 331635610
cloud0_tkemenade 18996121086 2822 346

1717269344.4707465 331635610
cloud1_tkemenade 13661405106 2808 355

1717269345.473071 331635696
cloud0_tkemenade 18996121086 2822 346

1717269345.47361 331635696
cloud1_tkemenade 13661405106 2808 355

1717269346.4760973 331635792
cloud0_tkemenade 18996121086 2823 346

1717269346.4765692 331635792
cloud1_tkemenade 13661405106 2809 356

1717269347.4790204 331635871
cloud0_tkemenade 18996121086 2823 346

1717269347.4795303 331635871
cloud1_tkemenade 13661405106 2809 356

1717269348.4820833 331635960
cloud0_tkemenade 18996121086 2823 346

1717269348.4825587 331635960
cloud1_tkemenade 13661405106 2809 356

1717269348.583043 331635975
cloud0_tkemenade 18996129548 2823 346

1717269348.5835211 331635975
cloud1_tkemenade 13661417799 2809 356

1717269349.5860982 331636060
cloud0_tkemenade 18996129548 2823 346

1717269349.5866148 331636060
cloud1_tkemenade 13661417799 2809 356

1717269350.589054 331636215
cloud0_tkemenade 18996129548 2824 346

1717269350.5896132 331636215
cloud1_tkemenade 13661417799 2809 356

1717269351.5921469 331636450
cloud0_tkemenade 18996129548 2824 346

1717269351.59266 331636450
cloud1_tkemenade 13661417799 2810 356

1717269352.595028 331636540
cloud0_tkemenade 18996129548 2824 346

1717269352.5955155 331636540
cloud1_tkemenade 13661417799 2810 356

1717269353.5980418 331636629
cloud0_tkemenade 18996129548 2824 346

1717269353.5984998 331636629
cloud1_tkemenade 13661417799 2810 356

1717269354.60087 331636746
cloud0_tkemenade 18996129548 2825 346

1717269354.601416 331636747
cloud1_tkemenade 13661417799 2811 356

1717269355.6038206 331636834
cloud0_tkemenade 18996129548 2825 346

1717269355.604311 331636834
cloud1_tkemenade 13661417799 2811 356

1717269355.7048097 331636851
cloud0_tkemenade 18996138447 2825 346

1717269355.7053566 331636851
cloud1_tkemenade 13661426698 2811 356

1717269356.7080472 331636939
cloud0_tkemenade 18996138447 2825 346

1717269356.7085571 331636939
cloud1_tkemenade 13661426698 2811 356

1717269357.7108874 331637019
cloud0_tkemenade 18996138447 2826 346

1717269357.711391 331637019
cloud1_tkemenade 13661426698 2811 356

1717269358.71364 331637138
cloud0_tkemenade 18996138447 2826 346

1717269358.714154 331637138
cloud1_tkemenade 13661426698 2812 356

1717269359.7165658 331637231
cloud0_tkemenade 18996138447 2826 346

1717269359.717074 331637231
cloud1_tkemenade 13661426698 2812 356

1717269360.7193768 331637446
cloud0_tkemenade 18996138447 2826 346

1717269360.7198937 331637446
cloud1_tkemenade 13661426698 2812 356

1717269361.72224 331637612
cloud0_tkemenade 18996138447 2827 347

1717269361.7227397 331637612
cloud1_tkemenade 13661426698 2812 356

1717269362.725254 331637705
cloud0_tkemenade 18996138447 2827 347

1717269362.725749 331637705
cloud1_tkemenade 13661426698 2812 356

1717269362.826195 331637716
cloud0_tkemenade 18996151791 2827 347

1717269362.8266945 331637716
cloud1_tkemenade 13661431146 2812 356

1717269363.82909 331637821
cloud0_tkemenade 18996151791 2827 347

1717269363.829618 331637821
cloud1_tkemenade 13661431146 2813 356

1717269364.8321052 331637953
cloud0_tkemenade 18996151791 2828 347

1717269364.8326356 331637953
cloud1_tkemenade 13661431146 2813 356

1717269365.8350105 331638054
cloud0_tkemenade 18996151791 2828 347

1717269365.8355358 331638054
cloud1_tkemenade 13661431146 2813 356

1717269366.8380768 331638131
cloud0_tkemenade 18996151791 2828 347

1717269366.8385928 331638131
cloud1_tkemenade 13661431146 2813 356

1717269367.8411117 331638210
cloud0_tkemenade 18996151791 2828 347

1717269367.8416362 331638210
cloud1_tkemenade 13661431146 2813 356

1717269368.8440845 331638324
cloud0_tkemenade 18996151791 2828 347

1717269368.8446224 331638324
cloud1_tkemenade 13661431146 2814 356

1717269369.8470407 331638418
cloud0_tkemenade 18996151791 2829 347

1717269369.8475528 331638418
cloud1_tkemenade 13661431146 2814 356

1717269370.1483912 331638446
cloud0_tkemenade 18996160017 2829 347

1717269370.1487043 331638446
cloud1_tkemenade 13661439372 2814 356

1717269371.1509597 331638747
cloud0_tkemenade 18996160017 2829 348

1717269371.1513455 331638747
cloud1_tkemenade 13661439372 2814 356

1717269372.1536763 331638830
cloud0_tkemenade 18996160017 2829 348

1717269372.154175 331638830
cloud1_tkemenade 13661439372 2814 356

1717269373.156756 331638907
cloud0_tkemenade 18996160017 2829 348

1717269373.1573038 331638908
cloud1_tkemenade 13661439372 2815 356

1717269374.159706 331638994
cloud0_tkemenade 18996160017 2830 348

1717269374.1602097 331638994
cloud1_tkemenade 13661439372 2816 356

1717269375.1626303 331639138
cloud0_tkemenade 18996160017 2830 348

1717269375.1631467 331639138
cloud1_tkemenade 13661439372 2816 357

1717269376.1654925 331639242
cloud0_tkemenade 18996160017 2830 348

1717269376.1660135 331639242
cloud1_tkemenade 13661439372 2816 357

1717269377.1682255 331639314
cloud0_tkemenade 18996169014 2830 348

1717269377.168755 331639314
cloud1_tkemenade 13661452867 2816 357

1717269378.1711664 331639387
cloud0_tkemenade 18996169014 2831 348

1717269378.171682 331639387
cloud1_tkemenade 13661452867 2816 357

1717269379.1739533 331639513
cloud0_tkemenade 18996169014 2831 348

1717269379.174295 331639513
cloud1_tkemenade 13661452867 2817 357

1717269380.1767902 331639598
cloud0_tkemenade 18996169014 2831 348

1717269380.177348 331639599
cloud1_tkemenade 13661452867 2817 357

1717269381.1800206 331639924
cloud0_tkemenade 18996169014 2832 348

1717269381.1805325 331639924
cloud1_tkemenade 13661452867 2817 357

1717269382.1829274 331640002
cloud0_tkemenade 18996169014 2832 348

1717269382.1834211 331640002
cloud1_tkemenade 13661452867 2817 357

1717269383.1857474 331640090
cloud0_tkemenade 18996169014 2832 348

1717269383.1862528 331640090
cloud1_tkemenade 13661452867 2818 357

1717269384.1888123 331640190
cloud0_tkemenade 18996169014 2832 348

1717269384.190875 331640190
cloud1_tkemenade 13661452867 2818 357

1717269384.291471 331640204
cloud0_tkemenade 18996177689 2832 348

1717269384.2920043 331640204
cloud1_tkemenade 13661461542 2818 357

1717269385.2943265 331640340
cloud0_tkemenade 18996177689 2833 348

1717269385.2948163 331640340
cloud1_tkemenade 13661461542 2819 357

1717269386.2974524 331640427
cloud0_tkemenade 18996177689 2833 348

1717269386.2979555 331640427
cloud1_tkemenade 13661461542 2819 357

1717269387.3001218 331640497
cloud0_tkemenade 18996177689 2833 348

1717269387.300627 331640497
cloud1_tkemenade 13661461542 2819 357

1717269388.3028681 331640578
cloud0_tkemenade 18996177689 2834 348

1717269388.3033702 331640578
cloud1_tkemenade 13661461542 2819 357

1717269389.3059099 331640685
cloud0_tkemenade 18996177689 2834 348

1717269389.3062944 331640685
cloud1_tkemenade 13661461542 2820 357

1717269390.308579 331640784
cloud0_tkemenade 18996177689 2834 349

1717269390.3088965 331640784
cloud1_tkemenade 13661461542 2820 357

1717269391.3109865 331641109
cloud0_tkemenade 18996177689 2834 349

1717269391.3114605 331641109
cloud1_tkemenade 13661461542 2820 357

1717269391.4119139 331641119
cloud0_tkemenade 18996190999 2834 349

1717269391.4124067 331641119
cloud1_tkemenade 13661470415 2820 357

1717269392.414651 331641191
cloud0_tkemenade 18996190999 2834 349

1717269392.4151654 331641191
cloud1_tkemenade 13661470415 2820 357

1717269393.417762 331641262
cloud0_tkemenade 18996190999 2834 349

1717269393.4182596 331641262
cloud1_tkemenade 13661470415 2821 357

1717269394.4208097 331641372
cloud0_tkemenade 18996190999 2834 349

1717269394.42122 331641372
cloud1_tkemenade 13661470415 2821 357

1717269395.4236386 331641481
cloud0_tkemenade 18996190999 2834 350

1717269395.4241474 331641481
cloud1_tkemenade 13661470415 2822 357

1717269396.4264798 331641583
cloud0_tkemenade 18996190999 2834 350

1717269396.426991 331641583
cloud1_tkemenade 13661470415 2822 357

1717269397.4295406 331641684
cloud0_tkemenade 18996190999 2834 350

1717269397.4300354 331641684
cloud1_tkemenade 13661470415 2822 357

1717269398.4327426 331641763
cloud0_tkemenade 18996190999 2834 350

1717269398.4332526 331641763
cloud1_tkemenade 13661470415 2822 357

1717269398.6339161 331641789
cloud0_tkemenade 18996199662 2834 351

1717269398.6344361 331641789
cloud1_tkemenade 13661479078 2823 359

1717269399.636965 331641898
cloud0_tkemenade 18996199662 2834 351

1717269399.6374917 331641898
cloud1_tkemenade 13661479078 2823 359

1717269400.6398427 331642107
cloud0_tkemenade 18996199662 2834 351

1717269400.6401598 331642107
cloud1_tkemenade 13661479078 2823 360

1717269401.6421769 331642308
cloud0_tkemenade 18996199662 2834 351

1717269401.642495 331642308
cloud1_tkemenade 13661479078 2823 360

1717269402.6448169 331642392
cloud0_tkemenade 18996199662 2834 352

1717269402.6451209 331642392
cloud1_tkemenade 13661479078 2823 360

1717269403.6472955 331642454
cloud0_tkemenade 18996199662 2834 352

1717269403.6477976 331642454
cloud1_tkemenade 13661479078 2824 360

1717269404.6509745 331642585
cloud0_tkemenade 18996199662 2834 352

1717269404.6514928 331642585
cloud1_tkemenade 13661479078 2824 360

1717269405.654002 331642701
cloud0_tkemenade 18996199662 2834 353

1717269405.6545079 331642701
cloud1_tkemenade 13661479078 2824 360

1717269405.8550954 331642726
cloud0_tkemenade 18996208481 2834 353

1717269405.8556116 331642726
cloud1_tkemenade 13661501126 2824 360

1717269406.8579066 331642830
cloud0_tkemenade 18996208481 2835 353

1717269406.8583977 331642830
cloud1_tkemenade 13661501126 2825 360

1717269407.8607228 331642903
cloud0_tkemenade 18996208481 2835 353

1717269407.8612738 331642903
cloud1_tkemenade 13661501126 2825 360

1717269408.8636456 331642990
cloud0_tkemenade 18996208481 2835 353

1717269408.8641381 331642990
cloud1_tkemenade 13661501126 2825 360

1717269409.8665042 331643124
cloud0_tkemenade 18996208481 2836 353

1717269409.867013 331643124
cloud1_tkemenade 13661501126 2826 360

1717269410.8711963 331643377
cloud0_tkemenade 18996208481 2836 353

1717269410.8717227 331643377
cloud1_tkemenade 13661501126 2826 360

1717269411.8741243 331643543
cloud0_tkemenade 18996208481 2836 353

1717269411.8746195 331643543
cloud1_tkemenade 13661501126 2826 360

1717269412.8771505 331643636
cloud0_tkemenade 18996217467 2836 353

1717269412.877675 331643636
cloud1_tkemenade 13661514605 2827 360

1717269413.880019 331643709
cloud0_tkemenade 18996217467 2836 354

1717269413.880522 331643709
cloud1_tkemenade 13661514605 2827 360

1717269414.8829937 331643807
cloud0_tkemenade 18996217467 2837 354

1717269414.8835337 331643807
cloud1_tkemenade 13661514605 2827 360

1717269415.8876045 331643930
cloud0_tkemenade 18996217467 2837 354

1717269415.8881073 331643930
cloud1_tkemenade 13661514605 2827 360

1717269416.8907552 331644024
cloud0_tkemenade 18996217467 2837 354

1717269416.891285 331644024
cloud1_tkemenade 13661514605 2828 360

1717269417.8938708 331644101
cloud0_tkemenade 18996217467 2837 355

1717269417.8943691 331644101
cloud1_tkemenade 13661514605 2828 360

1717269418.8968039 331644180
cloud0_tkemenade 18996217467 2837 355

1717269418.897314 331644180
cloud1_tkemenade 13661514605 2828 360

1717269419.8994818 331644307
cloud0_tkemenade 18996217467 2837 355

1717269419.8999925 331644307
cloud1_tkemenade 13661514605 2828 360

1717269420.1005957 331644324
cloud0_tkemenade 18996230077 2837 355

1717269420.1009095 331644324
cloud1_tkemenade 13661518808 2828 360

1717269421.1031604 331644626
cloud0_tkemenade 18996230077 2838 355

1717269421.103678 331644626
cloud1_tkemenade 13661518808 2834 361

1717269422.106174 331644733
cloud0_tkemenade 18996230077 2844 355

1717269422.1066701 331644733
cloud1_tkemenade 13661518808 2835 361

1717269423.1092389 331644811
cloud0_tkemenade 18996230077 2844 355

1717269423.1097414 331644811
cloud1_tkemenade 13661518808 2835 361

1717269424.1122339 331644884
cloud0_tkemenade 18996230077 2845 355

1717269424.1127474 331644884
cloud1_tkemenade 13661518808 2835 361

1717269425.115269 331644995
cloud0_tkemenade 18996230077 2847 355

1717269425.1158092 331644995
cloud1_tkemenade 13661518808 2838 361

1717269426.1183844 331645132
cloud0_tkemenade 18996230077 2847 356

1717269426.118897 331645132
cloud1_tkemenade 13661518808 2838 361

1717269427.1214042 331645200
cloud0_tkemenade 18996230077 2848 356

1717269427.1219056 331645200
cloud1_tkemenade 13661518808 2839 361

1717269427.2223551 331645213
cloud0_tkemenade 18996283136 2848 356

1717269427.2228582 331645213
cloud1_tkemenade 13661571867 2839 361

1717269428.2253034 331645280
cloud0_tkemenade 18996283136 2848 356

1717269428.2257938 331645280
cloud1_tkemenade 13661571867 2839 362

1717269429.2281883 331645366
cloud0_tkemenade 18996283136 2849 356

1717269429.2286882 331645366
cloud1_tkemenade 13661571867 2839 362

1717269430.2308598 331645466
cloud0_tkemenade 18996283136 2849 356

1717269430.2313843 331645466
cloud1_tkemenade 13661571867 2840 362

1717269431.23365 331645788
cloud0_tkemenade 18996283136 2849 356

1717269431.2339427 331645788
cloud1_tkemenade 13661571867 2840 362

1717269432.2362993 331645860
cloud0_tkemenade 18996283136 2849 356

1717269432.2368004 331645860
cloud1_tkemenade 13661571867 2840 362

1717269433.2392921 331645933
cloud0_tkemenade 18996283136 2850 356

1717269433.2397928 331645933
cloud1_tkemenade 13661571867 2840 362

1717269434.2421622 331645991
cloud0_tkemenade 18996283136 2850 356

1717269434.24267 331645991
cloud1_tkemenade 13661571867 2840 362

1717269434.443375 331646020
cloud0_tkemenade 18996291865 2850 356

1717269434.44389 331646020
cloud1_tkemenade 13661580596 2840 362

1717269435.4463935 331646123
cloud0_tkemenade 18996291865 2850 356

1717269435.4469001 331646123
cloud1_tkemenade 13661580596 2841 362

1717269436.4495234 331646252
cloud0_tkemenade 18996291865 2851 356

1717269436.4500477 331646252
cloud1_tkemenade 13661580596 2841 362

1717269437.452326 331646322
cloud0_tkemenade 18996291865 2851 356

1717269437.452846 331646322
cloud1_tkemenade 13661580596 2841 362

1717269438.4551344 331646378
cloud0_tkemenade 18996291865 2851 356

1717269438.4556336 331646378
cloud1_tkemenade 13661580596 2841 362

1717269439.4580355 331646474
cloud0_tkemenade 18996291865 2851 356

1717269439.4585345 331646474
cloud1_tkemenade 13661580596 2841 363

1717269440.460899 331646622
cloud0_tkemenade 18996291865 2851 356

1717269440.4614146 331646624
cloud1_tkemenade 13661580596 2841 363

1717269441.4639301 331646876
cloud0_tkemenade 18996291865 2852 356

1717269441.464444 331646876
cloud1_tkemenade 13661580596 2841 363

1717269441.7652674 331646902
cloud0_tkemenade 18996300593 2852 356

1717269441.765596 331646902
cloud1_tkemenade 13661589324 2841 363

1717269442.767829 331646977
cloud0_tkemenade 18996300593 2852 356

1717269442.7683547 331646977
cloud1_tkemenade 13661589324 2841 363

1717269443.7707174 331647040
cloud0_tkemenade 18996300593 2852 356

1717269443.771215 331647040
cloud1_tkemenade 13661589324 2841 364

1717269444.7736568 331647106
cloud0_tkemenade 18996300593 2853 356

1717269444.7741644 331647106
cloud1_tkemenade 13661589324 2842 364

1717269445.776657 331647198
cloud0_tkemenade 18996300593 2853 356

1717269445.7772393 331647198
cloud1_tkemenade 13661589324 2842 364

1717269446.779771 331647330
cloud0_tkemenade 18996300593 2853 356

1717269446.780271 331647330
cloud1_tkemenade 13661589324 2842 364

1717269447.78272 331647413
cloud0_tkemenade 18996300593 2854 357

1717269447.7832186 331647413
cloud1_tkemenade 13661589324 2842 365

1717269448.7852752 331647492
cloud0_tkemenade 18996313226 2854 357

1717269448.7857842 331647492
cloud1_tkemenade 13661601957 2842 365

1717269449.7882285 331647584
cloud0_tkemenade 18996313226 2854 357

1717269449.7887225 331647584
cloud1_tkemenade 13661601957 2843 365

1717269450.7910106 331647821
cloud0_tkemenade 18996313226 2854 357

1717269450.791339 331647821
cloud1_tkemenade 13661601957 2843 365

1717269451.7937493 331647990
cloud0_tkemenade 18996313226 2854 357

1717269451.794262 331647990
cloud1_tkemenade 13661601957 2843 365

1717269452.7967207 331648062
cloud0_tkemenade 18996313226 2855 357

1717269452.7972472 331648062
cloud1_tkemenade 13661601957 2843 365

1717269453.799728 331648125
cloud0_tkemenade 18996313226 2855 357

1717269453.8003523 331648125
cloud1_tkemenade 13661601957 2843 365

1717269454.8027732 331648210
cloud0_tkemenade 18996313226 2855 357

1717269454.8032641 331648210
cloud1_tkemenade 13661601957 2843 365

1717269455.805576 331648303
cloud0_tkemenade 18996313226 2857 357

1717269455.8060775 331648303
cloud1_tkemenade 13661601957 2844 366

1717269456.0067482 331648329
cloud0_tkemenade 18996326435 2857 357

1717269456.0072432 331648329
cloud1_tkemenade 13661615166 2844 366

1717269457.0096948 331648494
cloud0_tkemenade 18996326435 2857 357

1717269457.0102024 331648494
cloud1_tkemenade 13661615166 2883 368

1717269458.0127218 331648610
cloud0_tkemenade 18996326435 2858 357

1717269458.013251 331648618
cloud1_tkemenade 13661615166 2919 373

1717269459.0156436 331648753
cloud0_tkemenade 18996326435 2858 357

1717269459.0161555 331648753
cloud1_tkemenade 13661615166 2989 410

1717269460.0186656 331648926
cloud0_tkemenade 18996326435 2858 357

1717269460.0189826 331648926
cloud1_tkemenade 13661615166 3065 451

1717269461.0212395 331649281
cloud0_tkemenade 18996326435 2858 357

1717269461.0217378 331649281
cloud1_tkemenade 13661615166 3148 463

1717269462.0240865 331649568
cloud0_tkemenade 18996326435 2908 366

1717269462.024579 331649568
cloud1_tkemenade 13661615166 3259 476

1717269463.0274558 331649718
cloud0_tkemenade 18996326435 2961 389

1717269463.0279346 331649718
cloud1_tkemenade 13661615166 3288 492

1717269463.128441 331649748
cloud0_tkemenade 18996961402 2976 397

1717269463.128994 331649748
cloud1_tkemenade 13664276425 3300 494

1717269464.1311436 331649909
cloud0_tkemenade 18996961402 3056 421

1717269464.1316261 331649909
cloud1_tkemenade 13664276425 3316 505

1717269465.133905 331650100
cloud0_tkemenade 18996961402 3165 440

1717269465.1344275 331650100
cloud1_tkemenade 13664276425 3327 507

1717269466.136841 331650258
cloud0_tkemenade 18996961402 3221 454

1717269466.1373608 331650259
cloud1_tkemenade 13664276425 3335 513

1717269467.1397717 331650505
cloud0_tkemenade 18996961402 3265 468

1717269467.1402946 331650505
cloud1_tkemenade 13664276425 3406 521

1717269468.1424701 331650677
cloud0_tkemenade 18996961402 3273 471

1717269468.1429608 331650677
cloud1_tkemenade 13664276425 3502 529

1717269469.1454232 331650821
cloud0_tkemenade 18996961402 3286 476

1717269469.1459165 331650821
cloud1_tkemenade 13664276425 3573 546

1717269470.1482286 331651185
cloud0_tkemenade 18999071150 3322 482

1717269470.1485465 331651185
cloud1_tkemenade 13666992368 3810 558

1717269471.1506598 331651709
cloud0_tkemenade 18999071150 3419 492

1717269471.1511798 331651709
cloud1_tkemenade 13666992368 3961 570

1717269472.153555 331651932
cloud0_tkemenade 18999071150 3473 510

1717269472.154067 331651932
cloud1_tkemenade 13666992368 4050 584

1717269473.156421 331652324
cloud0_tkemenade 18999071150 3606 518

1717269473.1569288 331652324
cloud1_tkemenade 13666992368 4237 613

1717269474.1591175 331652766
cloud0_tkemenade 18999071150 3818 526

1717269474.1596203 331652766
cloud1_tkemenade 13666992368 4419 627

