1720965779.1572576 53589110
cloud0_tkemenade 21461234106 9238 1218

1720965780.1598427 53589273
cloud0_tkemenade 21461234106 9338 1219

1720965781.162635 53589412
cloud0_tkemenade 21461234106 9433 1221

1720965782.1653392 53589518
cloud0_tkemenade 21461234106 9489 1257

1720965783.1680884 53589673
cloud0_tkemenade 21463955375 9591 1262

1720965784.171003 53589820
cloud0_tkemenade 21463955375 9689 1266

1720965785.17398 53589972
cloud0_tkemenade 21463955375 9790 1269

1720965786.1767457 53590108
cloud0_tkemenade 21463955375 9889 1271

1720965787.179464 53590270
cloud0_tkemenade 21463955375 9987 1272

1720965788.1821787 53590403
cloud0_tkemenade 21463955375 10058 1277

1720965789.1847038 53590510
cloud0_tkemenade 21463955375 10112 1285

1720965790.188439 53590653
cloud0_tkemenade 21463955375 10185 1306

1720965790.2891648 53590668
cloud0_tkemenade 21466487540 10192 1310

1720965791.2919042 53590795
cloud0_tkemenade 21466487540 10271 1315

1720965792.2949078 53590948
cloud0_tkemenade 21466487540 10367 1319

1720965793.2978532 53591080
cloud0_tkemenade 21466487540 10454 1321

1720965794.300448 53591208
cloud0_tkemenade 21466487540 10527 1324

1720965795.3030105 53591314
cloud0_tkemenade 21466487540 10588 1328

1720965796.3057547 53591446
cloud0_tkemenade 21466487540 10685 1328

1720965797.3083417 53591577
cloud0_tkemenade 21468759855 10751 1332

1720965798.3111713 53591705
cloud0_tkemenade 21468759855 10841 1335

1720965799.3140588 53591818
cloud0_tkemenade 21468759855 10900 1343

1720965800.3167994 53591950
cloud0_tkemenade 21468759855 10959 1346

1720965801.319557 53592078
cloud0_tkemenade 21468759855 11056 1348

1720965802.3222108 53592220
cloud0_tkemenade 21468759855 11143 1358

1720965803.324805 53592352
cloud0_tkemenade 21468759855 11237 1361

1720965804.3273876 53592502
cloud0_tkemenade 21471163622 11336 1361

1720965805.3297298 53592647
cloud0_tkemenade 21471163622 11435 1361

1720965806.3322515 53592777
cloud0_tkemenade 21471163622 11535 1361

1720965807.334874 53592889
cloud0_tkemenade 21471163622 11605 1371

1720965808.3376827 53593024
cloud0_tkemenade 21471163622 11690 1376

1720965809.3402007 53593154
cloud0_tkemenade 21471163622 11781 1379

1720965810.342825 53593321
cloud0_tkemenade 21471163622 11873 1381

1720965811.3455575 53593460
cloud0_tkemenade 21471163622 11969 1383

1720965811.4462805 53593483
cloud0_tkemenade 21473846271 11978 1384

1720965812.4491246 53593621
cloud0_tkemenade 21473846271 12067 1384

1720965813.4520812 53593756
cloud0_tkemenade 21473846271 12154 1395

1720965814.4546258 53593884
cloud0_tkemenade 21473846271 12241 1407

1720965815.4571493 53594023
cloud0_tkemenade 21473846271 12336 1410

1720965816.459472 53594158
cloud0_tkemenade 21473846271 12433 1414

1720965817.4619412 53594308
cloud0_tkemenade 21473846271 12530 1416

1720965818.4645143 53594430
cloud0_tkemenade 21476556775 12597 1424

1720965819.4673452 53594578
cloud0_tkemenade 21476556775 12695 1426

1720965820.4700725 53594728
cloud0_tkemenade 21476556775 12789 1431

1720965821.4730532 53594866
cloud0_tkemenade 21476556775 12886 1434

1720965822.4758513 53595019
cloud0_tkemenade 21476556775 12983 1436

1720965823.4786103 53595158
cloud0_tkemenade 21476556775 13078 1440

1720965824.4808547 53595290
cloud0_tkemenade 21476556775 13174 1443

1720965825.4832952 53595441
cloud0_tkemenade 21479474725 13273 1444

1720965826.485795 53595576
cloud0_tkemenade 21479474725 13372 1444

1720965827.4883132 53595697
cloud0_tkemenade 21479474725 13455 1445

1720965828.4911537 53595816
cloud0_tkemenade 21479474725 13524 1457

1720965829.4940388 53595944
cloud0_tkemenade 21479474725 13604 1468

1720965830.4968994 53596113
cloud0_tkemenade 21479474725 13695 1474

1720965831.4996722 53596191
cloud0_tkemenade 21479474725 13735 1477

1720965832.5023654 53596246
cloud0_tkemenade 21479474725 13735 1477

1720965832.7032733 53596255
cloud0_tkemenade 21481359617 13735 1477

1720965833.7058594 53596305
cloud0_tkemenade 21481359617 13735 1477

1720965834.7083206 53596354
cloud0_tkemenade 21481359617 13738 1477

1720965835.7108908 53596401
cloud0_tkemenade 21481359617 13739 1477

1720965836.713586 53596442
cloud0_tkemenade 21481359617 13739 1477

1720965837.716333 53596490
cloud0_tkemenade 21481359617 13739 1477

1720965838.7189128 53596535
cloud0_tkemenade 21481359617 13739 1478

1720965839.6213822 53596589
cloud0_tkemenade 21481378191 13739 1479

1720965840.6240547 53596652
cloud0_tkemenade 21481378191 13739 1479

1720965841.626812 53596709
cloud0_tkemenade 21481378191 13757 1480

1720965842.6294312 53596757
cloud0_tkemenade 21481378191 13758 1480

1720965843.6320868 53596814
cloud0_tkemenade 21481378191 13758 1480

1720965844.6347208 53596862
cloud0_tkemenade 21481378191 13762 1480

1720965845.6372857 53596912
cloud0_tkemenade 21481378191 13762 1480

1720965846.6396637 53596945
cloud0_tkemenade 21481378191 13762 1480

1720965846.740393 53596952
cloud0_tkemenade 21481451309 13762 1480

1720965847.7428203 53597017
cloud0_tkemenade 21481451309 13762 1480

1720965848.7454152 53597075
cloud0_tkemenade 21481451309 13763 1480

1720965849.7480133 53597130
cloud0_tkemenade 21481451309 13763 1480

1720965850.7506673 53597184
cloud0_tkemenade 21481451309 13763 1480

1720965851.7533321 53597223
cloud0_tkemenade 21481451309 13763 1480

1720965852.756028 53597284
cloud0_tkemenade 21481451309 13763 1480

1720965853.7585974 53597326
cloud0_tkemenade 21481451309 13764 1480

1720965853.8593175 53597329
cloud0_tkemenade 21481457436 13764 1480

1720965854.8619459 53597386
cloud0_tkemenade 21481457436 13764 1480

1720965855.8646338 53597438
cloud0_tkemenade 21481457436 13765 1480

1720965856.8670242 53597469
cloud0_tkemenade 21481457436 13765 1480

1720965857.8696687 53597531
cloud0_tkemenade 21481457436 13765 1480

1720965858.872315 53597574
cloud0_tkemenade 21481457436 13765 1480

1720965859.874788 53597626
cloud0_tkemenade 21481457436 13768 1482

1720965860.8775759 53597697
cloud0_tkemenade 21481482281 13770 1482

1720965861.88001 53597737
cloud0_tkemenade 21481482281 13770 1482

1720965862.882657 53597787
cloud0_tkemenade 21481482281 13770 1482

1720965863.8852584 53597837
cloud0_tkemenade 21481482281 13771 1482

1720965864.8877602 53597892
cloud0_tkemenade 21481482281 13771 1482

1720965865.8904138 53597938
cloud0_tkemenade 21481482281 13771 1482

1720965866.893066 53597968
cloud0_tkemenade 21481482281 13772 1482

1720965867.895752 53598020
cloud0_tkemenade 21481482281 13772 1482

1720965868.0965974 53598030
cloud0_tkemenade 21481488283 13772 1482

1720965869.0992177 53598089
cloud0_tkemenade 21481488283 13772 1482

1720965870.1019566 53598152
cloud0_tkemenade 21481488283 13772 1482

1720965871.1044493 53598222
cloud0_tkemenade 21481488283 13772 1482

1720965872.1067321 53598287
cloud0_tkemenade 21481488283 13772 1482

1720965873.109409 53598321
cloud0_tkemenade 21481488283 13773 1482

1720965874.1120007 53598368
cloud0_tkemenade 21481488283 13773 1482

1720965875.1146622 53598413
cloud0_tkemenade 21481491388 13773 1482

1720965876.1172535 53598451
cloud0_tkemenade 21481491388 13773 1483

1720965877.1199093 53598503
cloud0_tkemenade 21481491388 13773 1483

1720965878.1226084 53598546
cloud0_tkemenade 21481491388 13774 1483

1720965879.1253204 53598592
cloud0_tkemenade 21481491388 13774 1483

1720965880.1277924 53598659
cloud0_tkemenade 21481491388 13774 1483

1720965881.1304126 53598712
cloud0_tkemenade 21481491388 13775 1483

1720965882.0326939 53598758
cloud0_tkemenade 21481500658 13775 1483

1720965883.03504 53598810
cloud0_tkemenade 21481500658 13775 1483

1720965884.0377233 53598861
cloud0_tkemenade 21481500658 13775 1483

1720965885.0403361 53598916
cloud0_tkemenade 21481500658 13776 1483

1720965886.0429146 53598969
cloud0_tkemenade 21481500658 13776 1484

1720965887.0453932 53598996
cloud0_tkemenade 21481500658 13777 1484

1720965888.048106 53599046
cloud0_tkemenade 21481500658 13777 1484

1720965889.0503666 53599084
cloud0_tkemenade 21481500658 13777 1484

1720965889.1510644 53599095
cloud0_tkemenade 21481509769 13777 1484

1720965890.1534789 53599177
cloud0_tkemenade 21481509769 13777 1484

1720965891.156228 53599238
cloud0_tkemenade 21481509769 13777 1484

1720965892.1589265 53599281
cloud0_tkemenade 21481509769 13777 1484

1720965893.161713 53599329
cloud0_tkemenade 21481509769 13778 1484

1720965894.16429 53599377
cloud0_tkemenade 21481509769 13778 1484

1720965895.1668124 53599417
cloud0_tkemenade 21481509769 13778 1484

1720965896.1691527 53599460
cloud0_tkemenade 21481509769 13778 1484

1720965896.2698283 53599465
cloud0_tkemenade 21481512819 13778 1484

1720965897.272197 53599509
cloud0_tkemenade 21481512819 13779 1484

1720965898.2747724 53599550
cloud0_tkemenade 21481512819 13779 1484

1720965899.2774694 53599599
cloud0_tkemenade 21481512819 13779 1484

1720965900.2801816 53599660
cloud0_tkemenade 21481512819 13779 1484

1720965901.2828152 53599722
cloud0_tkemenade 21481512819 13779 1484

1720965902.2854884 53599765
cloud0_tkemenade 21481512819 13779 1484

1720965903.2879531 53599816
cloud0_tkemenade 21481512819 13780 1484

1720965903.4894884 53599833
cloud0_tkemenade 21481518821 13780 1484

1720965904.4919868 53599890
cloud0_tkemenade 21481518821 13780 1484

1720965905.4945524 53599936
cloud0_tkemenade 21481518821 13780 1484

1720965906.4971154 53599980
cloud0_tkemenade 21481518821 13780 1484

1720965907.4996147 53600036
cloud0_tkemenade 21481518821 13780 1484

1720965908.5023518 53600096
cloud0_tkemenade 21481518821 13780 1484

1720965909.5048401 53600140
cloud0_tkemenade 21481518821 13781 1484

1720965910.5073643 53600221
cloud0_tkemenade 21481518821 13781 1484

1720965910.6080918 53600227
cloud0_tkemenade 21481521868 13781 1484

1720965911.6104233 53600277
cloud0_tkemenade 21481521868 13781 1484

1720965912.613003 53600341
cloud0_tkemenade 21481521868 13781 1484

1720965913.6152484 53600374
cloud0_tkemenade 21481521868 13781 1484

1720965914.6177182 53600420
cloud0_tkemenade 21481521868 13781 1484

1720965915.6202772 53600470
cloud0_tkemenade 21481521868 13782 1484

1720965916.6228786 53600514
cloud0_tkemenade 21481521868 13783 1484

1720965917.5252733 53600562
cloud0_tkemenade 21481531100 13783 1485

1720965918.5277135 53600604
cloud0_tkemenade 21481531100 13783 1485

1720965919.5302098 53600644
cloud0_tkemenade 21481531100 13783 1485

1720965920.532797 53600709
cloud0_tkemenade 21481531100 13783 1485

1720965921.535529 53600749
cloud0_tkemenade 21481531100 13783 1485

1720965922.5382185 53600803
cloud0_tkemenade 21481531100 13783 1485

1720965923.54055 53600841
cloud0_tkemenade 21481531100 13784 1485

1720965924.5431654 53600898
cloud0_tkemenade 21481531100 13784 1485

1720965924.6438768 53600905
cloud0_tkemenade 21481534145 13784 1485

1720965925.6464005 53600954
cloud0_tkemenade 21481534145 13784 1485

1720965926.6490831 53601006
cloud0_tkemenade 21481534145 13785 1485

1720965927.6515675 53601058
cloud0_tkemenade 21481534145 13785 1485

1720965928.654222 53601100
cloud0_tkemenade 21481534145 13785 1485

1720965929.6567264 53601143
cloud0_tkemenade 21481534145 13785 1485

1720965930.6593177 53601219
cloud0_tkemenade 21481534145 13785 1485

1720965931.6617448 53601266
cloud0_tkemenade 21481540307 13785 1486

1720965932.6642559 53601320
cloud0_tkemenade 21481540307 13785 1486

1720965933.6669197 53601365
cloud0_tkemenade 21481540307 13785 1487

1720965934.6695147 53601416
cloud0_tkemenade 21481540307 13785 1487

1720965935.6719532 53601467
cloud0_tkemenade 21481540307 13785 1487

1720965936.674624 53601506
cloud0_tkemenade 21481540307 13785 1487

1720965937.6772695 53601554
cloud0_tkemenade 21481540307 13785 1488

1720965938.6798542 53601602
cloud0_tkemenade 21481546459 13785 1488

1720965939.682429 53601645
cloud0_tkemenade 21481546459 13785 1488

1720965940.6851053 53601709
cloud0_tkemenade 21481546459 13785 1488

1720965941.687296 53601777
cloud0_tkemenade 21481546459 13785 1489

1720965942.6899676 53601832
cloud0_tkemenade 21481546459 13785 1489

1720965943.6927128 53601873
cloud0_tkemenade 21481546459 13785 1489

1720965944.695289 53601934
cloud0_tkemenade 21481546459 13785 1489

1720965945.6978638 53601971
cloud0_tkemenade 21481546459 13785 1490

1720965945.798532 53601977
cloud0_tkemenade 21481552563 13785 1490

1720965946.801114 53602015
cloud0_tkemenade 21481552563 13785 1490

1720965947.803762 53602074
cloud0_tkemenade 21481552563 13785 1490

1720965948.8063567 53602118
cloud0_tkemenade 21481552563 13785 1490

1720965949.8090017 53602172
cloud0_tkemenade 21481552563 13785 1491

1720965950.81141 53602244
cloud0_tkemenade 21481552563 13785 1491

1720965951.8140633 53602303
cloud0_tkemenade 21481552563 13785 1491

1720965952.8165429 53602355
cloud0_tkemenade 21481558750 13785 1492

1720965953.8191195 53602396
cloud0_tkemenade 21481558750 13785 1492

1720965954.8217914 53602444
cloud0_tkemenade 21481558750 13785 1493

1720965955.824335 53602492
cloud0_tkemenade 21481558750 13785 1493

1720965956.8270185 53602535
cloud0_tkemenade 21481558750 13785 1493

1720965957.8296938 53602589
cloud0_tkemenade 21481558750 13785 1494

1720965958.8322499 53602629
cloud0_tkemenade 21481558750 13785 1494

1720965959.7346578 53602676
cloud0_tkemenade 21481564921 13785 1494

1720965960.736994 53602733
cloud0_tkemenade 21481564921 13785 1494

1720965961.7395709 53602794
cloud0_tkemenade 21481564921 13785 1494

1720965962.7420316 53602829
cloud0_tkemenade 21481564921 13785 1495

1720965963.7445197 53602888
cloud0_tkemenade 21481564921 13785 1495

1720965964.7469177 53602937
cloud0_tkemenade 21481564921 13785 1495

1720965965.749616 53602970
cloud0_tkemenade 21481564921 13786 1495

1720965966.7521946 53603016
cloud0_tkemenade 21481564921 13786 1495

1720965966.8529098 53603023
cloud0_tkemenade 21481571009 13786 1495

1720965967.8554828 53603087
cloud0_tkemenade 21481571009 13786 1495

1720965968.858193 53603140
cloud0_tkemenade 21481571009 13786 1495

1720965969.8609476 53603188
cloud0_tkemenade 21481571009 13787 1495

1720965970.863701 53603248
cloud0_tkemenade 21481571009 13787 1495

1720965971.8665376 53603330
cloud0_tkemenade 21481571009 13787 1495

1720965972.86924 53603386
cloud0_tkemenade 21481571009 13787 1496

1720965973.8718302 53603426
cloud0_tkemenade 21481571009 13787 1496

1720965973.9724553 53603436
cloud0_tkemenade 21481577145 13787 1496

1720965974.9749951 53603503
cloud0_tkemenade 21481577145 13787 1496

1720965975.977614 53603550
cloud0_tkemenade 21481577145 13787 1496

1720965976.980275 53603592
cloud0_tkemenade 21481577145 13788 1496

1720965977.9828665 53603643
cloud0_tkemenade 21481577145 13788 1496

1720965978.9855838 53603684
cloud0_tkemenade 21481577145 13788 1496

1720965979.9881418 53603749
cloud0_tkemenade 21481577145 13788 1496

1720965980.9908745 53603799
cloud0_tkemenade 21481577145 13788 1496

1720965981.0915704 53603808
cloud0_tkemenade 21481580199 13788 1496

1720965982.0939093 53603870
cloud0_tkemenade 21481580199 13789 1496

1720965983.0964463 53603920
cloud0_tkemenade 21481580199 13789 1496

1720965984.0989523 53603979
cloud0_tkemenade 21481580199 13789 1496

1720965985.1016586 53604026
cloud0_tkemenade 21481580199 13789 1496

1720965986.1040297 53604068
cloud0_tkemenade 21481580199 13790 1496

1720965987.1066222 53604103
cloud0_tkemenade 21481580199 13790 1496

1720965988.1090882 53604156
cloud0_tkemenade 21481580199 13790 1496

1720965988.3100452 53604173
cloud0_tkemenade 21481586229 13790 1496

1720965989.3125563 53604207
cloud0_tkemenade 21481586229 13790 1496

1720965990.3151252 53604270
cloud0_tkemenade 21481586229 13790 1496

1720965991.3177009 53604344
cloud0_tkemenade 21481586229 13790 1496

1720965992.320391 53604406
cloud0_tkemenade 21481586229 13790 1496

1720965993.3229213 53604449
cloud0_tkemenade 21481586229 13790 1496

1720965994.3255732 53604496
cloud0_tkemenade 21481586229 13790 1497

1720965995.227896 53604536
cloud0_tkemenade 21481589335 13790 1497

1720965996.2301085 53604588
cloud0_tkemenade 21481589335 13790 1497

1720965997.2325099 53604622
cloud0_tkemenade 21481589335 13790 1497

1720965998.2350569 53604669
cloud0_tkemenade 21481589335 13790 1497

1720965999.2376454 53604707
cloud0_tkemenade 21481589335 13790 1497

1720966000.2400858 53604762
cloud0_tkemenade 21481589335 13790 1498

1720966001.2425845 53604811
cloud0_tkemenade 21481589335 13791 1498

1720966002.2451444 53604873
cloud0_tkemenade 21481589335 13791 1498

1720966002.345706 53604882
cloud0_tkemenade 21481595431 13791 1498

1720966003.3482857 53604931
cloud0_tkemenade 21481595431 13791 1498

1720966004.3507743 53604979
cloud0_tkemenade 21481595431 13791 1498

1720966005.3533843 53605016
cloud0_tkemenade 21481595431 13791 1498

1720966006.356078 53605060
cloud0_tkemenade 21481595431 13792 1498

1720966007.3586676 53605099
cloud0_tkemenade 21481595431 13792 1498

1720966008.3614104 53605157
cloud0_tkemenade 21481595431 13792 1498

1720966009.36404 53605198
cloud0_tkemenade 21481598503 13792 1498

1720966010.3665915 53605262
cloud0_tkemenade 21481598503 13793 1498

1720966011.3692405 53605322
cloud0_tkemenade 21481598503 13793 1498

1720966012.37176 53605378
cloud0_tkemenade 21481598503 13793 1498

1720966013.3744879 53605438
cloud0_tkemenade 21481598503 13793 1498

1720966014.3770373 53605494
cloud0_tkemenade 21481598503 13794 1498

1720966015.3797107 53605529
cloud0_tkemenade 21481598503 13794 1498

1720966016.3822353 53605580
cloud0_tkemenade 21481604729 13794 1498

1720966017.3849227 53605624
cloud0_tkemenade 21481604729 13794 1498

1720966018.387515 53605666
cloud0_tkemenade 21481604729 13795 1498

1720966019.390221 53605708
cloud0_tkemenade 21481604729 13795 1498

1720966020.3928683 53605770
cloud0_tkemenade 21481604729 13795 1498

1720966021.3955677 53605823
cloud0_tkemenade 21481604729 13795 1498

1720966022.3982608 53605874
cloud0_tkemenade 21481604729 13795 1498

1720966023.400914 53605929
cloud0_tkemenade 21481604729 13795 1498

1720966023.501608 53605940
cloud0_tkemenade 21481607788 13795 1498

1720966024.5042775 53605995
cloud0_tkemenade 21481607788 13795 1499

1720966025.5068743 53606027
cloud0_tkemenade 21481607788 13796 1499

1720966026.509537 53606082
cloud0_tkemenade 21481607788 13796 1499

1720966027.5122256 53606130
cloud0_tkemenade 21481607788 13796 1499

1720966028.5148554 53606210
cloud0_tkemenade 21481607788 13796 1499

1720966029.5175328 53606257
cloud0_tkemenade 21481607788 13796 1499

1720966030.5200024 53606326
cloud0_tkemenade 21481613879 13796 1499

1720966031.5221906 53606390
cloud0_tkemenade 21481613879 13796 1499

1720966032.5246658 53606451
cloud0_tkemenade 21481613879 13797 1499

1720966033.5272126 53606508
cloud0_tkemenade 21481613879 13797 1499

1720966034.5298376 53606570
cloud0_tkemenade 21481613879 13797 1499

1720966035.5323243 53606608
cloud0_tkemenade 21481613879 13797 1499

1720966036.5347815 53606658
cloud0_tkemenade 21481613879 13798 1499

1720966037.5373404 53606703
cloud0_tkemenade 21481620064 13798 1499

1720966038.5397577 53606751
cloud0_tkemenade 21481620064 13798 1499

1720966039.5423813 53606792
cloud0_tkemenade 21481620064 13798 1499

1720966040.5449994 53606852
cloud0_tkemenade 21481620064 13799 1499

1720966041.5475416 53606906
cloud0_tkemenade 21481620064 13799 1499

1720966042.5502157 53606952
cloud0_tkemenade 21481620064 13799 1500

1720966043.5527408 53607000
cloud0_tkemenade 21481620064 13799 1500

1720966044.5552335 53607054
cloud0_tkemenade 21481620064 13799 1500

1720966044.655959 53607059
cloud0_tkemenade 21481626176 13799 1500

1720966045.6584709 53607104
cloud0_tkemenade 21481626176 13799 1500

1720966046.6611722 53607148
cloud0_tkemenade 21481626176 13799 1500

1720966047.6636634 53607187
cloud0_tkemenade 21481626176 13800 1500

1720966048.6662555 53607228
cloud0_tkemenade 21481626176 13800 1500

1720966049.6688428 53607282
cloud0_tkemenade 21481626176 13800 1500

1720966050.6714382 53607343
cloud0_tkemenade 21481626176 13800 1500

1720966051.674122 53607412
cloud0_tkemenade 21481629266 13800 1500

1720966052.676662 53607457
cloud0_tkemenade 21481629266 13800 1500

1720966053.6790147 53607532
cloud0_tkemenade 21481629266 13800 1500

1720966054.681733 53607592
cloud0_tkemenade 21481629266 13801 1500

1720966055.6842737 53607633
cloud0_tkemenade 21481629266 13801 1500

1720966056.6867602 53607671
cloud0_tkemenade 21481629266 13802 1500

1720966057.6892848 53607719
cloud0_tkemenade 21481629266 13802 1500

1720966058.691757 53607764
cloud0_tkemenade 21481629266 13802 1500

1720966058.8927634 53607786
cloud0_tkemenade 21481635268 13802 1500

1720966059.8953397 53607831
cloud0_tkemenade 21481635268 13802 1500

1720966060.898034 53607885
cloud0_tkemenade 21481635268 13803 1500

1720966061.9006655 53607950
cloud0_tkemenade 21481635268 13803 1500

1720966062.9031427 53607994
cloud0_tkemenade 21481635268 13803 1501

1720966063.9057045 53608046
cloud0_tkemenade 21481635268 13803 1501

1720966064.9083645 53608102
cloud0_tkemenade 21481635268 13803 1501

1720966065.910892 53608140
cloud0_tkemenade 21481644561 13804 1501

1720966066.9135747 53608183
cloud0_tkemenade 21481644561 13804 1501

1720966067.9162524 53608230
cloud0_tkemenade 21481644561 13804 1501

1720966068.9188492 53608278
cloud0_tkemenade 21481644561 13804 1501

1720966069.9215689 53608338
cloud0_tkemenade 21481644561 13804 1501

1720966070.9242444 53608393
cloud0_tkemenade 21481644561 13805 1501

1720966071.9268825 53608460
cloud0_tkemenade 21481644561 13805 1501

1720966072.829333 53608509
cloud0_tkemenade 21481647658 13805 1501

1720966073.831964 53608561
cloud0_tkemenade 21481647658 13805 1501

1720966074.8345714 53608638
cloud0_tkemenade 21481647658 13805 1501

1720966075.8371928 53608678
cloud0_tkemenade 21481647658 13805 1501

1720966076.839303 53608716
cloud0_tkemenade 21481647658 13806 1501

1720966077.8417406 53608770
cloud0_tkemenade 21481647658 13806 1501

1720966078.8440852 53608812
cloud0_tkemenade 21481647658 13806 1501

1720966079.8467011 53608870
cloud0_tkemenade 21481647658 13806 1501

1720966079.9473846 53608875
cloud0_tkemenade 21481650711 13806 1501

1720966080.949958 53608926
cloud0_tkemenade 21481650711 13807 1501

1720966081.9526014 53608990
cloud0_tkemenade 21481650711 13807 1501

1720966082.9552588 53609036
cloud0_tkemenade 21481650711 13807 1501

1720966083.9579334 53609088
cloud0_tkemenade 21481650711 13807 1501

1720966084.960536 53609155
cloud0_tkemenade 21481650711 13807 1501

1720966085.9631622 53609185
cloud0_tkemenade 21481650711 13808 1501

1720966086.9657006 53609227
cloud0_tkemenade 21481656892 13808 1501

1720966087.968366 53609298
cloud0_tkemenade 21481656892 13808 1501

1720966088.9709105 53609351
cloud0_tkemenade 21481656892 13808 1501

1720966089.9735014 53609412
cloud0_tkemenade 21481656892 13812 1502

1720966090.975844 53609457
cloud0_tkemenade 21481656892 13812 1502

1720966091.9784253 53609521
cloud0_tkemenade 21481656892 13812 1502

1720966092.980897 53609568
cloud0_tkemenade 21481656892 13813 1502

1720966093.983376 53609626
cloud0_tkemenade 21481675422 13813 1502

1720966094.9859838 53609717
cloud0_tkemenade 21481675422 13813 1502

1720966095.9884975 53609758
cloud0_tkemenade 21481675422 13813 1502

1720966096.99106 53609794
cloud0_tkemenade 21481675422 13814 1502

1720966097.9937606 53609849
cloud0_tkemenade 21481675422 13814 1503

1720966098.9961715 53609881
cloud0_tkemenade 21481675422 13814 1503

1720966099.9987283 53609942
cloud0_tkemenade 21481675422 13814 1503

1720966101.0012977 53610000
cloud0_tkemenade 21481675422 13814 1503

1720966101.1020093 53610008
cloud0_tkemenade 21481681507 13814 1503

1720966102.1043255 53610059
cloud0_tkemenade 21481681507 13815 1503

1720966103.1067924 53610108
cloud0_tkemenade 21481681507 13815 1503

1720966104.109419 53610152
cloud0_tkemenade 21481681507 13815 1503

1720966105.1119587 53610228
cloud0_tkemenade 21481681507 13815 1503

1720966106.1144536 53610266
cloud0_tkemenade 21481681507 13815 1503

1720966107.1170626 53610302
cloud0_tkemenade 21481681507 13816 1503

1720966108.119706 53610352
cloud0_tkemenade 21481687603 13816 1503

1720966109.1220071 53610386
cloud0_tkemenade 21481687603 13816 1503

1720966110.1244519 53610449
cloud0_tkemenade 21481687603 13816 1503

1720966111.1271157 53610520
cloud0_tkemenade 21481687603 13816 1503

1720966112.1297123 53610574
cloud0_tkemenade 21481687603 13816 1503

1720966113.1323314 53610637
cloud0_tkemenade 21481687603 13817 1503

1720966114.1349473 53610676
cloud0_tkemenade 21481687603 13817 1503

1720966115.137612 53610769
cloud0_tkemenade 21481690704 13817 1503

1720966116.1401122 53610805
cloud0_tkemenade 21481690704 13817 1503

1720966117.1427064 53610846
cloud0_tkemenade 21481690704 13818 1503

1720966118.145476 53610904
cloud0_tkemenade 21481690704 13818 1503

1720966119.1480603 53610936
cloud0_tkemenade 21481690704 13818 1503

1720966120.1506057 53611000
cloud0_tkemenade 21481690704 13818 1503

1720966121.1531382 53611051
cloud0_tkemenade 21481690704 13819 1503

1720966122.1557987 53611104
cloud0_tkemenade 21481690704 13819 1503

1720966122.2564738 53611121
cloud0_tkemenade 21481696771 13819 1503

1720966123.2589145 53611170
cloud0_tkemenade 21481696771 13819 1503

1720966124.2617018 53611214
cloud0_tkemenade 21481696771 13820 1503

1720966125.2643707 53611297
cloud0_tkemenade 21481696771 13820 1503

1720966126.2668762 53611340
cloud0_tkemenade 21481696771 13820 1503

1720966127.269554 53611383
cloud0_tkemenade 21481696771 13820 1504

1720966128.2721066 53611433
cloud0_tkemenade 21481696771 13820 1504

1720966129.2747326 53611467
cloud0_tkemenade 21481702951 13820 1504

1720966130.2774413 53611534
cloud0_tkemenade 21481702951 13821 1504

1720966131.28009 53611590
cloud0_tkemenade 21481702951 13821 1504

1720966132.2826052 53611632
cloud0_tkemenade 21481702951 13821 1504

1720966133.285222 53611694
cloud0_tkemenade 21481702951 13830 1504

1720966134.2877126 53611732
cloud0_tkemenade 21481702951 13831 1504

1720966135.290391 53611795
cloud0_tkemenade 21481702951 13831 1504

1720966136.2930083 53611860
cloud0_tkemenade 21481702951 13835 1505

1720966136.3935559 53611862
cloud0_tkemenade 21481752169 13835 1505

1720966137.396131 53611905
cloud0_tkemenade 21481752169 13835 1505

1720966138.3988407 53611958
cloud0_tkemenade 21481752169 13835 1505

1720966139.401464 53611993
cloud0_tkemenade 21481752169 13835 1505

1720966140.404036 53612063
cloud0_tkemenade 21481752169 13836 1505

1720966141.4066193 53612116
cloud0_tkemenade 21481752169 13836 1505

1720966142.4092937 53612161
cloud0_tkemenade 21481752169 13836 1505

1720966143.4117355 53612230
cloud0_tkemenade 21481752169 13836 1505

1720966143.5124366 53612237
cloud0_tkemenade 21481755218 13836 1505

1720966144.5150087 53612284
cloud0_tkemenade 21481755218 13836 1505

1720966145.5176911 53612337
cloud0_tkemenade 21481755218 13836 1505

1720966146.5204225 53612394
cloud0_tkemenade 21481755218 13837 1505

1720966147.523138 53612435
cloud0_tkemenade 21481755218 13837 1505

1720966148.5258017 53612508
cloud0_tkemenade 21481755218 13837 1505

1720966149.528403 53612554
cloud0_tkemenade 21481755218 13837 1505

1720966150.5310497 53612610
cloud0_tkemenade 21481758268 13837 1505

1720966151.533722 53612659
cloud0_tkemenade 21481758268 13838 1505

1720966152.5364792 53612724
cloud0_tkemenade 21481758268 13838 1505

1720966153.5391676 53612779
cloud0_tkemenade 21481758268 13838 1505

1720966154.541858 53612816
cloud0_tkemenade 21481758268 13838 1505

1720966155.544462 53612871
cloud0_tkemenade 21481758268 13838 1505

1720966156.5470057 53612923
cloud0_tkemenade 21481758268 13838 1505

1720966157.54967 53612958
cloud0_tkemenade 21481758268 13838 1505

1720966157.650368 53612978
cloud0_tkemenade 21481761341 13838 1505

1720966158.6528049 53613022
cloud0_tkemenade 21481761341 13839 1505

1720966159.6553671 53613060
cloud0_tkemenade 21481761341 13839 1505

1720966160.657997 53613132
cloud0_tkemenade 21481761341 13839 1505

1720966161.6605937 53613188
cloud0_tkemenade 21481761341 13839 1505

1720966162.6631253 53613237
cloud0_tkemenade 21481761341 13839 1505

1720966163.6656604 53613286
cloud0_tkemenade 21481761341 13840 1506

1720966164.6683195 53613348
cloud0_tkemenade 21481770625 13840 1506

1720966165.670929 53613400
cloud0_tkemenade 21481770625 13840 1506

1720966166.6736093 53613458
cloud0_tkemenade 21481770625 13841 1506

1720966167.6762655 53613492
cloud0_tkemenade 21481770625 13841 1506

1720966168.6788886 53613532
cloud0_tkemenade 21481770625 13841 1506

1720966169.6815631 53613573
cloud0_tkemenade 21481770625 13841 1506

1720966170.6842306 53613646
cloud0_tkemenade 21481770625 13841 1506

1720966171.6867776 53613698
cloud0_tkemenade 21481776826 13842 1506

1720966172.6893773 53613753
cloud0_tkemenade 21481776826 13842 1506

1720966173.6919672 53613812
cloud0_tkemenade 21481776826 13842 1506

1720966174.694637 53613861
cloud0_tkemenade 21481776826 13842 1506

1720966175.6974053 53613916
cloud0_tkemenade 21481776826 13842 1506

1720966176.6999726 53613984
cloud0_tkemenade 21481776826 13842 1506

1720966177.7025406 53614016
cloud0_tkemenade 21481776826 13842 1507

1720966178.7051733 53614077
cloud0_tkemenade 21481776826 13842 1507

1720966178.8059075 53614084
cloud0_tkemenade 21481779868 13842 1507

1720966179.808292 53614126
cloud0_tkemenade 21481779868 13842 1507

1720966180.8107934 53614187
cloud0_tkemenade 21481779868 13842 1508

1720966181.813462 53614243
cloud0_tkemenade 21481779868 13842 1508

1720966182.8160594 53614286
cloud0_tkemenade 21481779868 13842 1509

1720966183.818549 53614339
cloud0_tkemenade 21481779868 13842 1509

1720966184.8210602 53614394
cloud0_tkemenade 21481779868 13842 1509

1720966185.723229 53614446
cloud0_tkemenade 21481786063 13842 1509

1720966186.7255523 53614492
cloud0_tkemenade 21481786063 13842 1510

1720966187.728168 53614522
cloud0_tkemenade 21481786063 13842 1510

1720966188.7307737 53614577
cloud0_tkemenade 21481786063 13842 1510

1720966189.733409 53614619
cloud0_tkemenade 21481786063 13842 1511

1720966190.7360158 53614694
cloud0_tkemenade 21481786063 13842 1511

1720966191.7386038 53614737
cloud0_tkemenade 21481786063 13842 1511

1720966192.7411726 53614781
cloud0_tkemenade 21481786063 13842 1512

1720966192.841874 53614791
cloud0_tkemenade 21481795215 13842 1512

1720966193.8444538 53614854
cloud0_tkemenade 21481795215 13842 1512

1720966194.8469276 53614899
cloud0_tkemenade 21481795215 13842 1513

1720966195.8494635 53614958
cloud0_tkemenade 21481795215 13842 1513

1720966196.8520224 53615006
cloud0_tkemenade 21481795215 13842 1513

1720966197.8546667 53615055
cloud0_tkemenade 21481795215 13842 1513

1720966198.857243 53615109
cloud0_tkemenade 21481795215 13842 1513

1720966199.8597872 53615150
cloud0_tkemenade 21481795215 13842 1514

1720966200.0607579 53615169
cloud0_tkemenade 21481801214 13842 1514

1720966201.063352 53615233
cloud0_tkemenade 21481801214 13842 1514

1720966202.065975 53615298
cloud0_tkemenade 21481801214 13848 1515

1720966203.0686667 53615344
cloud0_tkemenade 21481801214 13848 1515

1720966204.0712643 53615407
cloud0_tkemenade 21481801214 13848 1516

1720966205.0740392 53615463
cloud0_tkemenade 21481801214 13850 1516

1720966206.0767052 53615529
cloud0_tkemenade 21481801214 13850 1516

1720966207.0791981 53615580
cloud0_tkemenade 21481835103 13850 1517

1720966208.0817971 53615664
cloud0_tkemenade 21481835103 13851 1517

1720966209.0844934 53615726
cloud0_tkemenade 21481835103 13851 1517

1720966210.086924 53615784
cloud0_tkemenade 21481835103 13851 1517

1720966211.0896034 53615850
cloud0_tkemenade 21481835103 13851 1517

1720966212.0922182 53615928
cloud0_tkemenade 21481835103 13852 1518

1720966213.0947943 53615982
cloud0_tkemenade 21481835103 13852 1518

1720966214.097314 53616034
cloud0_tkemenade 21481844401 13852 1518

1720966215.1002548 53616095
cloud0_tkemenade 21481844401 13852 1518

1720966216.10277 53616156
cloud0_tkemenade 21481844401 13852 1518

1720966217.1053457 53616197
cloud0_tkemenade 21481844401 13852 1518

1720966218.1080444 53616258
cloud0_tkemenade 21481844401 13852 1518

1720966219.110551 53616314
cloud0_tkemenade 21481844401 13852 1518

1720966220.1130593 53616353
cloud0_tkemenade 21481844401 13852 1518

1720966221.115547 53616420
cloud0_tkemenade 21481844401 13853 1518

1720966221.3165247 53616431
cloud0_tkemenade 21481847413 13853 1519

1720966222.3208675 53616486
cloud0_tkemenade 21481847413 13853 1519

1720966223.3239257 53616534
cloud0_tkemenade 21481847413 13853 1519

1720966224.3266158 53616590
cloud0_tkemenade 21481847413 13853 1519

1720966225.3292367 53616632
cloud0_tkemenade 21481847413 13853 1519

1720966226.33165 53616690
cloud0_tkemenade 21481847413 13853 1519

1720966227.3343482 53616723
cloud0_tkemenade 21481847413 13853 1519

1720966228.2367215 53616769
cloud0_tkemenade 21481850511 13853 1519

1720966229.239287 53616820
cloud0_tkemenade 21481850511 13853 1519

1720966230.2421253 53616870
cloud0_tkemenade 21481850511 13853 1519

1720966231.2446878 53616950
cloud0_tkemenade 21481850511 13853 1520

1720966232.247336 53617017
cloud0_tkemenade 21481850511 13853 1520

1720966233.2498736 53617060
cloud0_tkemenade 21481850511 13853 1520

1720966234.2524078 53617110
cloud0_tkemenade 21481850511 13853 1520

1720966235.2549968 53617158
cloud0_tkemenade 21481850511 13853 1520

1720966235.3557603 53617170
cloud0_tkemenade 21481853558 13853 1520

1720966236.3584287 53617218
cloud0_tkemenade 21481853558 13853 1521

1720966237.361039 53617262
cloud0_tkemenade 21481853558 13854 1521

1720966238.3637276 53617329
cloud0_tkemenade 21481853558 13854 1521

1720966239.366209 53617394
cloud0_tkemenade 21481853558 13854 1521

1720966240.3688595 53617458
cloud0_tkemenade 21481853558 13854 1521

1720966241.371346 53617528
cloud0_tkemenade 21481853558 13854 1521

1720966242.373696 53617602
cloud0_tkemenade 21481862732 13854 1522

1720966243.3763123 53617652
cloud0_tkemenade 21481862732 13854 1522

1720966244.3787975 53617714
cloud0_tkemenade 21481862732 13854 1522

1720966245.3814585 53617791
cloud0_tkemenade 21481862732 13855 1522

1720966246.3841317 53617862
cloud0_tkemenade 21481862732 13855 1522

1720966247.3867962 53617922
cloud0_tkemenade 21481862732 13855 1522

1720966248.3894868 53617988
cloud0_tkemenade 21481862732 13855 1522

1720966249.3920128 53618047
cloud0_tkemenade 21481862732 13855 1522

1720966249.4927006 53618053
cloud0_tkemenade 21481865762 13855 1522

1720966250.4952898 53618125
cloud0_tkemenade 21481865762 13856 1522

1720966251.4980128 53618193
cloud0_tkemenade 21481865762 13856 1522

1720966252.500788 53618247
cloud0_tkemenade 21481865762 13856 1522

1720966253.5034535 53618303
cloud0_tkemenade 21481865762 13856 1522

1720966254.5059824 53618358
cloud0_tkemenade 21481865762 13856 1522

1720966255.5084076 53618430
cloud0_tkemenade 21481865762 13856 1522

1720966256.5109158 53618495
cloud0_tkemenade 21481865762 13856 1522

1720966256.6116192 53618500
cloud0_tkemenade 21481868777 13856 1522

1720966257.6142502 53618553
cloud0_tkemenade 21481868777 13857 1522

1720966258.61697 53618627
cloud0_tkemenade 21481868777 13857 1522

1720966259.6196659 53618674
cloud0_tkemenade 21481868777 13857 1522

1720966260.622384 53618735
cloud0_tkemenade 21481868777 13857 1522

1720966261.6249654 53618809
cloud0_tkemenade 21481868777 13857 1522

1720966262.6276393 53618869
cloud0_tkemenade 21481868777 13858 1522

1720966263.6303663 53618937
cloud0_tkemenade 21481874862 13858 1522

1720966264.632894 53618996
cloud0_tkemenade 21481874862 13858 1522

1720966265.6355588 53619060
cloud0_tkemenade 21481874862 13858 1522

1720966266.638121 53619132
cloud0_tkemenade 21481874862 13859 1522

1720966267.6407201 53619205
cloud0_tkemenade 21481874862 13859 1522

1720966268.6432734 53619270
cloud0_tkemenade 21481874862 13859 1522

1720966269.6459696 53619323
cloud0_tkemenade 21481874862 13859 1522

1720966270.6483352 53619382
cloud0_tkemenade 21481874862 13859 1522

1720966270.7489722 53619394
cloud0_tkemenade 21481877913 13859 1522

1720966271.7513013 53619477
cloud0_tkemenade 21481877913 13860 1523

1720966272.7536612 53619539
cloud0_tkemenade 21481877913 13860 1523

1720966273.7560072 53619599
cloud0_tkemenade 21481877913 13860 1523

1720966274.758375 53619662
cloud0_tkemenade 21481877913 13860 1523

1720966275.760936 53619724
cloud0_tkemenade 21481877913 13861 1523

1720966276.7636101 53619778
cloud0_tkemenade 21481877913 13861 1523

1720966277.7658525 53619820
cloud0_tkemenade 21481877913 13861 1523

1720966277.866371 53619828
cloud0_tkemenade 21481886994 13861 1523

1720966278.8687074 53619882
cloud0_tkemenade 21481886994 13861 1523

1720966279.8713899 53619942
cloud0_tkemenade 21481886994 13861 1523

1720966280.8741405 53619996
cloud0_tkemenade 21481886994 13861 1523

1720966281.8768563 53620059
cloud0_tkemenade 21481886994 13861 1523

1720966282.8794124 53620106
cloud0_tkemenade 21481886994 13862 1523

1720966283.8820148 53620148
cloud0_tkemenade 21481886994 13862 1523

1720966284.8846889 53620209
cloud0_tkemenade 21481890079 13862 1523

1720966285.8870912 53620267
cloud0_tkemenade 21481890079 13862 1523

1720966286.8897514 53620322
cloud0_tkemenade 21481890079 13862 1523

1720966287.8921795 53620358
cloud0_tkemenade 21481890079 13863 1523

1720966288.8945808 53620422
cloud0_tkemenade 21481890079 13863 1523

1720966289.897168 53620480
cloud0_tkemenade 21481890079 13863 1523

1720966290.899683 53620542
cloud0_tkemenade 21481890079 13863 1523

1720966291.9023771 53620618
cloud0_tkemenade 21481890079 13864 1523

1720966292.003103 53620621
cloud0_tkemenade 21481896157 13864 1523

1720966293.0055947 53620658
cloud0_tkemenade 21481896157 13864 1523

1720966294.0081766 53620716
cloud0_tkemenade 21481896157 13864 1523

1720966295.0107667 53620771
cloud0_tkemenade 21481896157 13864 1523

1720966296.0133924 53620837
cloud0_tkemenade 21481896157 13864 1523

1720966297.0158803 53620880
cloud0_tkemenade 21481896157 13865 1523

1720966298.0185292 53620925
cloud0_tkemenade 21481896157 13865 1523

1720966298.9208734 53620969
cloud0_tkemenade 21481899225 13865 1523

1720966299.9234197 53621034
cloud0_tkemenade 21481899225 13865 1523

1720966300.9260392 53621088
cloud0_tkemenade 21481899225 13866 1523

1720966301.9287643 53621152
cloud0_tkemenade 21481899225 13866 1523

1720966302.9312232 53621196
cloud0_tkemenade 21481899225 13866 1523

1720966303.9337547 53621242
cloud0_tkemenade 21481899225 13866 1523

1720966304.9363074 53621300
cloud0_tkemenade 21481899225 13866 1523

1720966305.9387484 53621353
cloud0_tkemenade 21481905398 13867 1523

1720966306.9413562 53621410
cloud0_tkemenade 21481905398 13867 1523

1720966307.9435449 53621454
cloud0_tkemenade 21481905398 13867 1523

1720966308.946083 53621497
cloud0_tkemenade 21481905398 13867 1523

1720966309.9484742 53621555
cloud0_tkemenade 21481905398 13867 1523

1720966310.9510405 53621616
cloud0_tkemenade 21481905398 13867 1523

1720966311.9536827 53621682
cloud0_tkemenade 21481905398 13868 1523

1720966312.9559069 53621720
cloud0_tkemenade 21481905398 13868 1523

1720966313.056569 53621726
cloud0_tkemenade 21481908451 13868 1523

1720966314.0590801 53621772
cloud0_tkemenade 21481908451 13868 1523

1720966315.0617633 53621824
cloud0_tkemenade 21481908451 13868 1523

1720966316.0644107 53621878
cloud0_tkemenade 21481908451 13868 1523

1720966317.06715 53621937
cloud0_tkemenade 21481908451 13868 1523

1720966318.069909 53621974
cloud0_tkemenade 21481908451 13869 1523

1720966319.072343 53622021
cloud0_tkemenade 21481908451 13869 1524

1720966320.0748317 53622091
cloud0_tkemenade 21481908451 13869 1524

1720966320.1755385 53622097
cloud0_tkemenade 21481914586 13869 1524

1720966321.178168 53622148
cloud0_tkemenade 21481914586 13869 1524

1720966322.1809385 53622203
cloud0_tkemenade 21481914586 13869 1524

1720966323.1836348 53622238
cloud0_tkemenade 21481914586 13869 1524

1720966324.1863465 53622294
cloud0_tkemenade 21481914586 13870 1524

1720966325.1890092 53622348
cloud0_tkemenade 21481914586 13870 1524

1720966326.1916912 53622405
cloud0_tkemenade 21481914586 13870 1524

1720966327.1951325 53622447
cloud0_tkemenade 21481917672 13870 1524

1720966328.197836 53622500
cloud0_tkemenade 21481917672 13871 1524

1720966329.2005193 53622546
cloud0_tkemenade 21481917672 13871 1524

1720966330.2035272 53622604
cloud0_tkemenade 21481917672 13871 1524

1720966331.2062857 53622660
cloud0_tkemenade 21481917672 13871 1524

1720966332.2091637 53622733
cloud0_tkemenade 21481917672 13871 1524

1720966333.211995 53622777
cloud0_tkemenade 21481917672 13871 1524

1720966334.2148113 53622828
cloud0_tkemenade 21481917672 13872 1524

1720966334.315614 53622838
cloud0_tkemenade 21481923780 13872 1524

1720966335.3184507 53622905
cloud0_tkemenade 21481923780 13872 1524

1720966336.3214421 53622960
cloud0_tkemenade 21481923780 13872 1524

1720966337.3241143 53623007
cloud0_tkemenade 21481923780 13872 1524

1720966338.3269083 53623050
cloud0_tkemenade 21481923780 13872 1524

1720966339.3296294 53623103
cloud0_tkemenade 21481923780 13872 1524

1720966340.332375 53623169
cloud0_tkemenade 21481923780 13873 1524

1720966341.2351062 53623220
cloud0_tkemenade 21481926874 13873 1524

1720966342.23787 53623274
cloud0_tkemenade 21481926874 13873 1524

1720966343.2406728 53623313
cloud0_tkemenade 21481926874 13873 1524

1720966344.2433155 53623351
cloud0_tkemenade 21481926874 13873 1524

1720966345.2462668 53623409
cloud0_tkemenade 21481926874 13873 1524

1720966346.249293 53623461
cloud0_tkemenade 21481926874 13874 1524

1720966347.2520335 53623511
cloud0_tkemenade 21481926874 13874 1524

1720966348.2544916 53623552
cloud0_tkemenade 21481926874 13874 1524

1720966348.3552291 53623563
cloud0_tkemenade 21481929918 13874 1524

1720966349.3580155 53623605
cloud0_tkemenade 21481929918 13874 1524

1720966350.3609726 53623670
cloud0_tkemenade 21481929918 13874 1524

1720966351.3639069 53623753
cloud0_tkemenade 21481929918 13874 1525

1720966352.366775 53623810
cloud0_tkemenade 21481929918 13875 1525

1720966353.3696387 53623840
cloud0_tkemenade 21481929918 13875 1525

1720966354.372442 53623898
cloud0_tkemenade 21481929918 13875 1525

1720966355.3752866 53623952
cloud0_tkemenade 21481929918 13875 1525

1720966355.4760795 53623957
cloud0_tkemenade 21481936018 13875 1525

1720966356.4789424 53624009
cloud0_tkemenade 21481936018 13875 1525

1720966357.4818096 53624049
cloud0_tkemenade 21481936018 13876 1525

1720966358.4846005 53624090
cloud0_tkemenade 21481936018 13876 1525

1720966359.4875026 53624135
cloud0_tkemenade 21481936018 13876 1525

1720966360.4903657 53624203
cloud0_tkemenade 21481936018 13876 1525

1720966361.493165 53624272
cloud0_tkemenade 21481936018 13877 1525

1720966362.496026 53624341
cloud0_tkemenade 21481942198 13877 1525

1720966363.4989023 53624378
cloud0_tkemenade 21481942198 13877 1525

1720966364.5017264 53624428
cloud0_tkemenade 21481942198 13877 1526

1720966365.5045056 53624483
cloud0_tkemenade 21481942198 13877 1526

1720966366.5073884 53624532
cloud0_tkemenade 21481942198 13878 1526

1720966367.510192 53624580
cloud0_tkemenade 21481942198 13878 1526

1720966368.512937 53624620
cloud0_tkemenade 21481942198 13878 1526

1720966369.5158026 53624666
cloud0_tkemenade 21481942198 13878 1526

1720966369.6165857 53624672
cloud0_tkemenade 21481948244 13878 1526

1720966370.6195307 53624742
cloud0_tkemenade 21481948244 13878 1526

1720966371.6224833 53624800
cloud0_tkemenade 21481948244 13878 1526

1720966372.6252902 53624857
cloud0_tkemenade 21481948244 13878 1526

1720966373.6280718 53624893
cloud0_tkemenade 21481948244 13879 1526

1720966374.6309023 53624945
cloud0_tkemenade 21481948244 13879 1526

1720966375.6338005 53624991
cloud0_tkemenade 21481948244 13879 1526

1720966376.6367497 53625050
cloud0_tkemenade 21481948244 13879 1526

1720966376.7375157 53625057
cloud0_tkemenade 21481951243 13879 1526

1720966377.7400343 53625097
cloud0_tkemenade 21481951243 13879 1527

1720966378.7429082 53625138
cloud0_tkemenade 21481951243 13879 1527

