1720966528.846313 53642650
cloud0_tkemenade 21508462539 9237 1130

1720966529.8490932 53642790
cloud0_tkemenade 21508462539 9334 1131

1720966530.851898 53642932
cloud0_tkemenade 21508462539 9429 1132

1720966531.854645 53643074
cloud0_tkemenade 21508462539 9510 1144

1720966532.5567083 53643173
cloud0_tkemenade 21511116277 9580 1152

1720966533.5590787 53643319
cloud0_tkemenade 21511116277 9675 1155

1720966534.5619526 53643456
cloud0_tkemenade 21511116277 9774 1159

1720966535.5645008 53643592
cloud0_tkemenade 21511116277 9873 1164

1720966536.5673094 53643744
cloud0_tkemenade 21511116277 9972 1170

1720966537.5699344 53643846
cloud0_tkemenade 21511116277 10015 1179

1720966538.5725498 53643959
cloud0_tkemenade 21511116277 10084 1188

1720966539.5753465 53644089
cloud0_tkemenade 21513631554 10170 1192

1720966540.578071 53644215
cloud0_tkemenade 21513631554 10252 1199

1720966541.58092 53644366
cloud0_tkemenade 21513631554 10346 1201

1720966542.5834906 53644512
cloud0_tkemenade 21513631554 10439 1202

1720966543.586266 53644615
cloud0_tkemenade 21513631554 10491 1206

1720966544.5891268 53644719
cloud0_tkemenade 21513631554 10554 1213

1720966545.5918818 53644862
cloud0_tkemenade 21513631554 10645 1215

1720966546.5943696 53644986
cloud0_tkemenade 21513631554 10714 1218

1720966546.6950223 53645001
cloud0_tkemenade 21515832598 10724 1219

1720966547.6976402 53645134
cloud0_tkemenade 21515832598 10808 1222

1720966548.7002861 53645238
cloud0_tkemenade 21515832598 10870 1228

1720966549.703007 53645362
cloud0_tkemenade 21515832598 10952 1233

1720966550.7058632 53645516
cloud0_tkemenade 21515832598 11047 1234

1720966551.7087305 53645673
cloud0_tkemenade 21515832598 11146 1234

1720966552.711335 53645820
cloud0_tkemenade 21515832598 11246 1234

1720966553.7137544 53645965
cloud0_tkemenade 21518432611 11344 1234

1720966554.7164054 53646108
cloud0_tkemenade 21518432611 11443 1234

1720966555.7190616 53646227
cloud0_tkemenade 21518432611 11523 1236

1720966556.7219718 53646362
cloud0_tkemenade 21518432611 11606 1239

1720966557.724858 53646489
cloud0_tkemenade 21518432611 11697 1240

1720966558.7275577 53646636
cloud0_tkemenade 21518432611 11788 1243

1720966559.7301402 53646761
cloud0_tkemenade 21518432611 11879 1246

1720966560.6324816 53646893
cloud0_tkemenade 21520987863 11963 1248

1720966561.6351209 53647038
cloud0_tkemenade 21520987863 12056 1251

1720966562.637773 53647183
cloud0_tkemenade 21520987863 12150 1254

1720966563.6400294 53647330
cloud0_tkemenade 21520987863 12248 1255

1720966564.642367 53647469
cloud0_tkemenade 21520987863 12348 1255

1720966565.6445591 53647601
cloud0_tkemenade 21520987863 12448 1255

1720966566.6469753 53647737
cloud0_tkemenade 21520987863 12528 1259

1720966567.6492345 53647875
cloud0_tkemenade 21520987863 12610 1265

1720966567.7498147 53647894
cloud0_tkemenade 21523680783 12618 1267

1720966568.752334 53648036
cloud0_tkemenade 21523680783 12706 1278

1720966569.7551346 53648172
cloud0_tkemenade 21523680783 12806 1278

1720966570.7578757 53648315
cloud0_tkemenade 21523680783 12905 1279

1720966571.760393 53648472
cloud0_tkemenade 21523680783 13002 1280

1720966572.7630374 53648625
cloud0_tkemenade 21523680783 13103 1280

1720966573.7657206 53648776
cloud0_tkemenade 21523680783 13201 1281

1720966574.7683382 53648921
cloud0_tkemenade 21523680783 13301 1281

1720966574.8689923 53648938
cloud0_tkemenade 21526614437 13311 1281

1720966575.8711095 53649088
cloud0_tkemenade 21526614437 13411 1281

1720966576.8738914 53649212
cloud0_tkemenade 21526614437 13471 1290

1720966577.8765924 53649346
cloud0_tkemenade 21526614437 13554 1295

1720966578.879202 53649482
cloud0_tkemenade 21526614437 13643 1303

1720966579.8818722 53649584
cloud0_tkemenade 21526614437 13713 1308

1720966580.8845327 53649628
cloud0_tkemenade 21526614437 13714 1308

1720966581.887094 53649698
cloud0_tkemenade 21526614437 13714 1308

1720966581.9878175 53649707
cloud0_tkemenade 21528241111 13714 1308

1720966582.9904268 53649753
cloud0_tkemenade 21528241111 13718 1308

1720966583.9929888 53649800
cloud0_tkemenade 21528241111 13718 1308

1720966584.9955735 53649850
cloud0_tkemenade 21528241111 13718 1309

1720966585.9981666 53649893
cloud0_tkemenade 21528241111 13719 1309

1720966587.0007517 53649954
cloud0_tkemenade 21528241111 13719 1309

1720966588.0032446 53650012
cloud0_tkemenade 21528241111 13719 1309

1720966589.0057778 53650053
cloud0_tkemenade 21528262691 13719 1310

1720966590.0081625 53650112
cloud0_tkemenade 21528262691 13735 1311

1720966591.010637 53650155
cloud0_tkemenade 21528262691 13735 1311

1720966592.0131886 53650242
cloud0_tkemenade 21528262691 13735 1311

1720966593.015809 53650301
cloud0_tkemenade 21528262691 13736 1311

1720966594.0184374 53650351
cloud0_tkemenade 21528262691 13740 1311

1720966595.021081 53650393
cloud0_tkemenade 21528262691 13740 1311

1720966596.0235124 53650444
cloud0_tkemenade 21528334264 13741 1311

1720966597.0260715 53650491
cloud0_tkemenade 21528334264 13741 1311

1720966598.0286624 53650540
cloud0_tkemenade 21528334264 13741 1311

1720966599.0311604 53650596
cloud0_tkemenade 21528334264 13741 1311

1720966600.0337682 53650639
cloud0_tkemenade 21528334264 13742 1311

1720966601.0361845 53650673
cloud0_tkemenade 21528334264 13742 1311

1720966602.0387094 53650755
cloud0_tkemenade 21528334264 13742 1311

1720966603.0412774 53650799
cloud0_tkemenade 21528334264 13743 1311

1720966603.1419954 53650805
cloud0_tkemenade 21528340318 13743 1311

1720966604.1442955 53650845
cloud0_tkemenade 21528340318 13743 1311

1720966605.1468773 53650891
cloud0_tkemenade 21528340318 13743 1311

1720966606.1494987 53650940
cloud0_tkemenade 21528340318 13744 1311

1720966607.1520526 53650995
cloud0_tkemenade 21528340318 13744 1312

1720966608.1546085 53651051
cloud0_tkemenade 21528340318 13746 1312

1720966609.1571734 53651100
cloud0_tkemenade 21528340318 13749 1312

1720966610.1595395 53651170
cloud0_tkemenade 21528365141 13749 1313

1720966611.162089 53651213
cloud0_tkemenade 21528365141 13749 1313

1720966612.1647453 53651284
cloud0_tkemenade 21528365141 13750 1313

1720966613.1674588 53651345
cloud0_tkemenade 21528365141 13750 1313

1720966614.170126 53651399
cloud0_tkemenade 21528365141 13750 1313

1720966615.172851 53651441
cloud0_tkemenade 21528365141 13750 1313

1720966616.175394 53651485
cloud0_tkemenade 21528365141 13751 1313

1720966617.177682 53651541
cloud0_tkemenade 21528371299 13751 1313

1720966618.1800556 53651607
cloud0_tkemenade 21528371299 13751 1313

1720966619.182584 53651653
cloud0_tkemenade 21528371299 13751 1313

1720966620.1851187 53651694
cloud0_tkemenade 21528371299 13752 1313

1720966621.187723 53651758
cloud0_tkemenade 21528371299 13758 1313

1720966622.1904225 53651840
cloud0_tkemenade 21528371299 13758 1313

1720966623.1930323 53651886
cloud0_tkemenade 21528371299 13759 1313

1720966624.1955702 53651941
cloud0_tkemenade 21528371299 13759 1314

1720966624.2962208 53651946
cloud0_tkemenade 21528398993 13759 1314

1720966625.2986271 53651989
cloud0_tkemenade 21528398993 13762 1314

1720966626.3012397 53652034
cloud0_tkemenade 21528398993 13762 1314

1720966627.303552 53652083
cloud0_tkemenade 21528398993 13762 1314

1720966628.3061635 53652150
cloud0_tkemenade 21528398993 13762 1314

1720966629.308652 53652199
cloud0_tkemenade 21528398993 13763 1314

1720966630.3110812 53652242
cloud0_tkemenade 21528398993 13763 1314

1720966631.3137546 53652285
cloud0_tkemenade 21528411372 13763 1314

1720966632.3163078 53652360
cloud0_tkemenade 21528411372 13763 1314

1720966633.3188443 53652410
cloud0_tkemenade 21528411372 13763 1314

1720966634.3215501 53652469
cloud0_tkemenade 21528411372 13764 1314

1720966635.3241866 53652506
cloud0_tkemenade 21528411372 13765 1314

1720966636.3267474 53652546
cloud0_tkemenade 21528411372 13765 1314

1720966637.3293386 53652594
cloud0_tkemenade 21528411372 13765 1314

1720966638.231612 53652658
cloud0_tkemenade 21528417563 13765 1314

1720966639.234199 53652704
cloud0_tkemenade 21528417563 13765 1314

1720966640.2366054 53652758
cloud0_tkemenade 21528417563 13765 1314

1720966641.2392898 53652789
cloud0_tkemenade 21528417563 13766 1314

1720966642.2419527 53652852
cloud0_tkemenade 21528417563 13766 1314

1720966643.2447507 53652899
cloud0_tkemenade 21528417563 13766 1314

1720966644.2473903 53652956
cloud0_tkemenade 21528417563 13766 1314

1720966645.249951 53652998
cloud0_tkemenade 21528417563 13767 1314

1720966645.3506467 53653003
cloud0_tkemenade 21528423660 13767 1314

1720966646.3532312 53653046
cloud0_tkemenade 21528423660 13767 1314

1720966647.3557894 53653086
cloud0_tkemenade 21528423660 13767 1314

1720966648.3584104 53653155
cloud0_tkemenade 21528423660 13767 1314

1720966649.3609586 53653198
cloud0_tkemenade 21528423660 13768 1314

1720966650.363519 53653244
cloud0_tkemenade 21528423660 13768 1314

1720966651.3660796 53653287
cloud0_tkemenade 21528423660 13768 1314

1720966652.3686736 53653349
cloud0_tkemenade 21528426747 13768 1314

1720966653.3712761 53653407
cloud0_tkemenade 21528426747 13768 1314

1720966654.3739681 53653453
cloud0_tkemenade 21528426747 13768 1314

1720966655.3766842 53653494
cloud0_tkemenade 21528426747 13769 1314

1720966656.3792 53653536
cloud0_tkemenade 21528426747 13769 1314

1720966657.3818073 53653586
cloud0_tkemenade 21528426747 13769 1314

1720966658.3842537 53653642
cloud0_tkemenade 21528426747 13770 1314

1720966659.3865979 53653688
cloud0_tkemenade 21528426747 13770 1314

1720966659.487319 53653694
cloud0_tkemenade 21528432833 13770 1314

1720966660.489742 53653746
cloud0_tkemenade 21528432833 13770 1314

1720966661.4921434 53653785
cloud0_tkemenade 21528432833 13770 1314

1720966662.4947362 53653847
cloud0_tkemenade 21528432833 13771 1314

1720966663.4974196 53653909
cloud0_tkemenade 21528432833 13771 1314

1720966664.5001307 53653955
cloud0_tkemenade 21528432833 13771 1314

1720966665.5028234 53653997
cloud0_tkemenade 21528432833 13771 1314

1720966666.505431 53654041
cloud0_tkemenade 21528432833 13771 1314

1720966666.6061406 53654048
cloud0_tkemenade 21528435880 13771 1314

1720966667.6086893 53654098
cloud0_tkemenade 21528435880 13772 1314

1720966668.611356 53654167
cloud0_tkemenade 21528435880 13772 1314

1720966669.614016 53654210
cloud0_tkemenade 21528435880 13772 1315

1720966670.6167078 53654268
cloud0_tkemenade 21528435880 13772 1315

1720966671.6193168 53654310
cloud0_tkemenade 21528435880 13773 1315

1720966672.6220007 53654368
cloud0_tkemenade 21528435880 13773 1315

1720966673.5244818 53654422
cloud0_tkemenade 21528445198 13773 1315

1720966674.5270853 53654465
cloud0_tkemenade 21528445198 13773 1315

1720966675.5298095 53654510
cloud0_tkemenade 21528445198 13773 1315

1720966676.5323157 53654546
cloud0_tkemenade 21528445198 13774 1315

1720966677.5350523 53654598
cloud0_tkemenade 21528445198 13774 1315

1720966678.537787 53654659
cloud0_tkemenade 21528445198 13774 1315

1720966679.5403824 53654714
cloud0_tkemenade 21528445198 13774 1315

1720966680.5429459 53654756
cloud0_tkemenade 21528445198 13775 1315

1720966680.6436539 53654761
cloud0_tkemenade 21528451309 13775 1315

1720966681.6460006 53654812
cloud0_tkemenade 21528451309 13775 1315

1720966682.648619 53654869
cloud0_tkemenade 21528451309 13775 1315

1720966683.65113 53654928
cloud0_tkemenade 21528451309 13775 1315

1720966684.6537821 53654981
cloud0_tkemenade 21528451309 13775 1315

1720966685.6564085 53655031
cloud0_tkemenade 21528451309 13776 1316

1720966686.6589105 53655069
cloud0_tkemenade 21528451309 13777 1316

1720966687.6613317 53655150
cloud0_tkemenade 21528460557 13777 1316

1720966688.6637437 53655214
cloud0_tkemenade 21528460557 13777 1316

1720966689.6664193 53655266
cloud0_tkemenade 21528460557 13777 1316

1720966690.6691232 53655317
cloud0_tkemenade 21528460557 13777 1316

1720966691.671796 53655360
cloud0_tkemenade 21528460557 13778 1316

1720966692.6745563 53655418
cloud0_tkemenade 21528460557 13778 1316

1720966693.6773005 53655511
cloud0_tkemenade 21528460557 13778 1316

1720966694.6799388 53655574
cloud0_tkemenade 21528463677 13778 1316

1720966695.6823273 53655630
cloud0_tkemenade 21528463677 13778 1316

1720966696.6849933 53655670
cloud0_tkemenade 21528463677 13778 1316

1720966697.6875434 53655720
cloud0_tkemenade 21528463677 13779 1316

1720966698.690197 53655775
cloud0_tkemenade 21528463677 13779 1316

1720966699.6929579 53655831
cloud0_tkemenade 21528463677 13779 1316

1720966700.695547 53655875
cloud0_tkemenade 21528463677 13779 1316

1720966701.698158 53655913
cloud0_tkemenade 21528463677 13779 1316

1720966701.7988656 53655920
cloud0_tkemenade 21528466714 13779 1316

1720966702.8015387 53655983
cloud0_tkemenade 21528466714 13779 1316

1720966703.80397 53656038
cloud0_tkemenade 21528466714 13780 1316

1720966704.8067014 53656098
cloud0_tkemenade 21528466714 13780 1316

1720966705.8092802 53656137
cloud0_tkemenade 21528466714 13781 1316

1720966706.8118563 53656179
cloud0_tkemenade 21528466714 13781 1316

1720966707.8143759 53656227
cloud0_tkemenade 21528466714 13781 1316

1720966708.816922 53656278
cloud0_tkemenade 21528472872 13781 1316

1720966709.8194654 53656342
cloud0_tkemenade 21528472872 13782 1316

1720966710.822102 53656390
cloud0_tkemenade 21528472872 13782 1316

1720966711.8246255 53656450
cloud0_tkemenade 21528472872 13782 1317

1720966712.827223 53656502
cloud0_tkemenade 21528472872 13782 1317

1720966713.8298824 53656556
cloud0_tkemenade 21528472872 13782 1317

1720966714.8325527 53656619
cloud0_tkemenade 21528472872 13782 1317

1720966715.8351495 53656661
cloud0_tkemenade 21528478981 13783 1317

1720966716.8377564 53656704
cloud0_tkemenade 21528478981 13783 1317

1720966717.8401177 53656740
cloud0_tkemenade 21528478981 13783 1317

1720966718.842599 53656794
cloud0_tkemenade 21528478981 13783 1317

1720966719.8452015 53656858
cloud0_tkemenade 21528478981 13784 1317

1720966720.8472788 53656910
cloud0_tkemenade 21528478981 13784 1317

1720966721.8498535 53656964
cloud0_tkemenade 21528478981 13784 1317

1720966722.8525567 53657018
cloud0_tkemenade 21528478981 13784 1317

1720966723.0534673 53657035
cloud0_tkemenade 21528484972 13784 1317

1720966724.055976 53657075
cloud0_tkemenade 21528484972 13785 1317

1720966725.0586164 53657133
cloud0_tkemenade 21528484972 13785 1317

1720966726.0613518 53657174
cloud0_tkemenade 21528484972 13785 1317

1720966727.064003 53657222
cloud0_tkemenade 21528484972 13785 1317

1720966728.0667083 53657271
cloud0_tkemenade 21528484972 13785 1317

1720966729.0693457 53657320
cloud0_tkemenade 21528484972 13785 1317

1720966730.07179 53657379
cloud0_tkemenade 21528484972 13786 1317

1720966730.1725116 53657384
cloud0_tkemenade 21528491043 13786 1317

1720966731.1751072 53657433
cloud0_tkemenade 21528491043 13786 1317

1720966732.1777596 53657480
cloud0_tkemenade 21528491043 13786 1317

1720966733.1803503 53657542
cloud0_tkemenade 21528491043 13786 1317

1720966734.1828098 53657588
cloud0_tkemenade 21528491043 13786 1317

1720966735.1852837 53657644
cloud0_tkemenade 21528491043 13787 1317

1720966736.1877604 53657684
cloud0_tkemenade 21528491043 13787 1317

1720966737.190396 53657725
cloud0_tkemenade 21528491043 13787 1317

1720966737.3912802 53657736
cloud0_tkemenade 21528494027 13787 1317

1720966738.3935292 53657778
cloud0_tkemenade 21528494027 13787 1317

1720966739.396158 53657830
cloud0_tkemenade 21528494027 13787 1317

1720966740.3986232 53657887
cloud0_tkemenade 21528494027 13788 1317

1720966741.4012125 53657935
cloud0_tkemenade 21528494027 13788 1317

1720966742.4036806 53657992
cloud0_tkemenade 21528494027 13788 1317

1720966743.4062107 53658042
cloud0_tkemenade 21528494027 13788 1317

1720966744.4088008 53658091
cloud0_tkemenade 21528497127 13788 1317

1720966745.411035 53658149
cloud0_tkemenade 21528497127 13789 1317

1720966746.4135933 53658199
cloud0_tkemenade 21528497127 13789 1317

1720966747.4161646 53658244
cloud0_tkemenade 21528497127 13789 1317

1720966748.4188023 53658306
cloud0_tkemenade 21528497127 13789 1317

1720966749.4214175 53658359
cloud0_tkemenade 21528497127 13789 1318

1720966750.4240654 53658410
cloud0_tkemenade 21528497127 13789 1318

1720966751.326439 53658464
cloud0_tkemenade 21528503341 13789 1318

1720966752.3289998 53658522
cloud0_tkemenade 21528503341 13790 1318

1720966753.331668 53658575
cloud0_tkemenade 21528503341 13790 1318

1720966754.3343337 53658620
cloud0_tkemenade 21528503341 13790 1318

1720966755.3370965 53658677
cloud0_tkemenade 21528503341 13790 1318

1720966756.3395157 53658722
cloud0_tkemenade 21528503341 13790 1318

1720966757.3421865 53658754
cloud0_tkemenade 21528503341 13791 1318

1720966758.3446336 53658804
cloud0_tkemenade 21528503341 13791 1318

1720966758.4453433 53658810
cloud0_tkemenade 21528509449 13791 1318

1720966759.4477515 53658862
cloud0_tkemenade 21528509449 13791 1318

1720966760.4503598 53658914
cloud0_tkemenade 21528509449 13791 1318

1720966761.4530516 53658971
cloud0_tkemenade 21528509449 13791 1318

1720966762.4557028 53659027
cloud0_tkemenade 21528509449 13792 1318

1720966763.4583828 53659081
cloud0_tkemenade 21528509449 13792 1318

1720966764.460967 53659132
cloud0_tkemenade 21528509449 13792 1318

1720966765.463605 53659184
cloud0_tkemenade 21528512547 13792 1318

1720966766.4663162 53659233
cloud0_tkemenade 21528512547 13792 1318

1720966767.4689903 53659260
cloud0_tkemenade 21528512547 13792 1318

1720966768.4716735 53659313
cloud0_tkemenade 21528512547 13793 1318

1720966769.4743621 53659367
cloud0_tkemenade 21528512547 13793 1318

1720966770.4770262 53659422
cloud0_tkemenade 21528512547 13793 1318

1720966771.4794505 53659479
cloud0_tkemenade 21528512547 13793 1318

1720966772.4819767 53659539
cloud0_tkemenade 21528518761 13794 1318

1720966773.4844878 53659595
cloud0_tkemenade 21528518761 13794 1318

1720966774.4871182 53659641
cloud0_tkemenade 21528518761 13794 1318

1720966775.489771 53659692
cloud0_tkemenade 21528518761 13794 1318

1720966776.4924173 53659738
cloud0_tkemenade 21528518761 13794 1318

1720966777.4949741 53659778
cloud0_tkemenade 21528518761 13795 1318

1720966778.497579 53659826
cloud0_tkemenade 21528518761 13795 1318

1720966779.500042 53659879
cloud0_tkemenade 21528518761 13795 1318

1720966779.7009113 53659898
cloud0_tkemenade 21528521776 13795 1318

1720966780.703412 53659954
cloud0_tkemenade 21528521776 13796 1319

1720966781.7060947 53660003
cloud0_tkemenade 21528521776 13796 1319

1720966782.7087393 53660063
cloud0_tkemenade 21528521776 13796 1319

1720966783.7111957 53660110
cloud0_tkemenade 21528521776 13796 1319

1720966784.7138808 53660165
cloud0_tkemenade 21528521776 13796 1319

1720966785.7165854 53660215
cloud0_tkemenade 21528521776 13796 1319

1720966786.7191806 53660263
cloud0_tkemenade 21528521776 13797 1319

1720966786.8198702 53660268
cloud0_tkemenade 21528530933 13797 1319

1720966787.822432 53660310
cloud0_tkemenade 21528530933 13797 1319

1720966788.8251157 53660366
cloud0_tkemenade 21528530933 13797 1319

1720966789.8274465 53660416
cloud0_tkemenade 21528530933 13797 1319

1720966790.829843 53660480
cloud0_tkemenade 21528530933 13798 1319

1720966791.832623 53660532
cloud0_tkemenade 21528530933 13798 1319

1720966792.8352127 53660584
cloud0_tkemenade 21528530933 13798 1319

1720966793.837706 53660637
cloud0_tkemenade 21528530933 13798 1319

1720966794.0385678 53660648
cloud0_tkemenade 21528533901 13798 1319

1720966795.0410187 53660694
cloud0_tkemenade 21528533901 13799 1319

1720966796.0435405 53660750
cloud0_tkemenade 21528533901 13799 1319

1720966797.046197 53660792
cloud0_tkemenade 21528533901 13799 1319

1720966798.0487943 53660831
cloud0_tkemenade 21528533901 13799 1319

1720966799.0513737 53660889
cloud0_tkemenade 21528533901 13799 1319

1720966800.0539143 53660934
cloud0_tkemenade 21528533901 13799 1319

1720966801.0562618 53660982
cloud0_tkemenade 21528533901 13799 1320

1720966801.1569228 53660993
cloud0_tkemenade 21528539974 13799 1320

1720966802.1592968 53661057
cloud0_tkemenade 21528539974 13799 1320

1720966803.1618512 53661107
cloud0_tkemenade 21528539974 13799 1320

1720966804.164361 53661161
cloud0_tkemenade 21528539974 13799 1320

1720966805.1670022 53661204
cloud0_tkemenade 21528539974 13799 1321

1720966806.1696503 53661252
cloud0_tkemenade 21528539974 13799 1321

1720966807.1719944 53661297
cloud0_tkemenade 21528539974 13799 1322

1720966808.1744752 53661348
cloud0_tkemenade 21528539974 13799 1322

1720966808.2750974 53661363
cloud0_tkemenade 21528546089 13799 1322

1720966809.2776701 53661416
cloud0_tkemenade 21528546089 13799 1322

1720966810.2801619 53661469
cloud0_tkemenade 21528546089 13799 1323

1720966811.2827709 53661516
cloud0_tkemenade 21528546089 13799 1323

1720966812.285382 53661578
cloud0_tkemenade 21528546089 13799 1323

1720966813.2878668 53661633
cloud0_tkemenade 21528546089 13799 1323

1720966814.290349 53661683
cloud0_tkemenade 21528546089 13799 1323

1720966815.2931924 53661725
cloud0_tkemenade 21528546089 13799 1323

1720966815.3938441 53661734
cloud0_tkemenade 21528549138 13799 1323

1720966816.3961272 53661797
cloud0_tkemenade 21528549138 13799 1324

1720966817.3986363 53661838
cloud0_tkemenade 21528549138 13800 1324

1720966818.4011736 53661869
cloud0_tkemenade 21528549138 13800 1324

1720966819.4036126 53661930
cloud0_tkemenade 21528549138 13800 1324

1720966820.4061663 53661978
cloud0_tkemenade 21528549138 13800 1324

1720966821.408744 53662027
cloud0_tkemenade 21528549138 13800 1324

1720966822.411104 53662098
cloud0_tkemenade 21528549138 13800 1324

1720966822.511662 53662104
cloud0_tkemenade 21528555231 13800 1324

1720966823.5142384 53662142
cloud0_tkemenade 21528555231 13800 1324

1720966824.5166457 53662186
cloud0_tkemenade 21528555231 13800 1325

1720966825.5186887 53662235
cloud0_tkemenade 21528555231 13800 1325

1720966826.5212984 53662299
cloud0_tkemenade 21528555231 13800 1325

1720966827.5238645 53662332
cloud0_tkemenade 21528555231 13800 1325

1720966828.5264351 53662371
cloud0_tkemenade 21528555231 13800 1325

1720966829.42885 53662433
cloud0_tkemenade 21528558308 13800 1325

1720966830.4314797 53662492
cloud0_tkemenade 21528558308 13800 1326

1720966831.4340703 53662556
cloud0_tkemenade 21528558308 13800 1326

1720966832.4364831 53662629
cloud0_tkemenade 21528558308 13800 1326

1720966833.4386842 53662680
cloud0_tkemenade 21528558308 13800 1326

1720966834.441144 53662729
cloud0_tkemenade 21528558308 13800 1327

1720966835.4436631 53662775
cloud0_tkemenade 21528558308 13800 1327

1720966836.4463496 53662826
cloud0_tkemenade 21528558308 13800 1327

1720966836.5470297 53662836
cloud0_tkemenade 21528564437 13800 1327

1720966837.5495474 53662878
cloud0_tkemenade 21528564437 13800 1327

1720966838.5521889 53662911
cloud0_tkemenade 21528564437 13800 1327

1720966839.5548122 53662969
cloud0_tkemenade 21528564437 13804 1328

1720966840.5573287 53663022
cloud0_tkemenade 21528564437 13804 1328

1720966841.5598423 53663086
cloud0_tkemenade 21528564437 13805 1328

1720966842.5624218 53663144
cloud0_tkemenade 21528564437 13805 1328

1720966843.5650365 53663205
cloud0_tkemenade 21528582979 13805 1328

1720966844.567693 53663253
cloud0_tkemenade 21528582979 13805 1328

1720966845.570429 53663300
cloud0_tkemenade 21528582979 13805 1329

1720966846.5731804 53663362
cloud0_tkemenade 21528582979 13805 1329

1720966847.5756803 53663410
cloud0_tkemenade 21528582979 13805 1329

1720966848.5783558 53663452
cloud0_tkemenade 21528582979 13805 1329

1720966849.5808668 53663505
cloud0_tkemenade 21528582979 13805 1329

1720966850.583093 53663568
cloud0_tkemenade 21528589128 13805 1330

1720966851.5856445 53663631
cloud0_tkemenade 21528589128 13805 1330

1720966852.5882854 53663682
cloud0_tkemenade 21528589128 13805 1330

1720966853.590826 53663734
cloud0_tkemenade 21528589128 13806 1330

1720966854.593442 53663782
cloud0_tkemenade 21528589128 13806 1330

1720966855.595876 53663821
cloud0_tkemenade 21528589128 13806 1330

1720966856.5983303 53663871
cloud0_tkemenade 21528589128 13806 1330

1720966857.6006806 53663905
cloud0_tkemenade 21528589128 13806 1330

1720966857.701388 53663911
cloud0_tkemenade 21528592171 13806 1330

1720966858.7039318 53663960
cloud0_tkemenade 21528592171 13806 1330

1720966859.706548 53664013
cloud0_tkemenade 21528592171 13807 1330

1720966860.709119 53664063
cloud0_tkemenade 21528592171 13807 1331

1720966861.7117927 53664120
cloud0_tkemenade 21528592171 13807 1331

1720966862.7144885 53664172
cloud0_tkemenade 21528592171 13807 1331

1720966863.7172534 53664237
cloud0_tkemenade 21528592171 13807 1331

1720966864.6194093 53664292
cloud0_tkemenade 21528598354 13807 1331

1720966865.6219006 53664334
cloud0_tkemenade 21528598354 13808 1331

1720966866.6245258 53664387
cloud0_tkemenade 21528598354 13808 1331

1720966867.6271398 53664434
cloud0_tkemenade 21528598354 13808 1331

1720966868.6298091 53664490
cloud0_tkemenade 21528598354 13808 1331

1720966869.6324215 53664546
cloud0_tkemenade 21528598354 13808 1331

1720966870.6350546 53664606
cloud0_tkemenade 21528598354 13808 1331

1720966871.6376827 53664661
cloud0_tkemenade 21528598354 13809 1331

1720966871.738403 53664676
cloud0_tkemenade 21528604461 13809 1331

1720966872.7407844 53664734
cloud0_tkemenade 21528604461 13809 1331

1720966873.7434216 53664796
cloud0_tkemenade 21528604461 13809 1331

1720966874.7461 53664848
cloud0_tkemenade 21528604461 13809 1332

1720966875.7487972 53664883
cloud0_tkemenade 21528604461 13809 1332

1720966876.7513485 53664942
cloud0_tkemenade 21528604461 13809 1332

1720966877.7537901 53664977
cloud0_tkemenade 21528604461 13810 1332

1720966878.7561867 53665030
cloud0_tkemenade 21528604461 13810 1333

1720966878.8569076 53665035
cloud0_tkemenade 21528613603 13810 1333

1720966879.8593915 53665099
cloud0_tkemenade 21528613603 13810 1333

1720966880.8620486 53665151
cloud0_tkemenade 21528613603 13810 1333

1720966881.8647265 53665209
cloud0_tkemenade 21528613603 13810 1333

1720966882.8674471 53665266
cloud0_tkemenade 21528613603 13820 1334

1720966883.8702364 53665327
cloud0_tkemenade 21528613603 13820 1334

1720966884.872806 53665380
cloud0_tkemenade 21528613603 13820 1334

1720966885.8750334 53665434
cloud0_tkemenade 21528650640 13824 1334

1720966886.8776457 53665488
cloud0_tkemenade 21528650640 13824 1334

1720966887.8800538 53665527
cloud0_tkemenade 21528650640 13824 1334

1720966888.8826435 53665572
cloud0_tkemenade 21528650640 13824 1335

1720966889.8851078 53665636
cloud0_tkemenade 21528650640 13824 1335

1720966890.8877535 53665679
cloud0_tkemenade 21528650640 13824 1335

1720966891.8904192 53665732
cloud0_tkemenade 21528650640 13824 1335

1720966892.8928869 53665790
cloud0_tkemenade 21528650640 13824 1335

1720966892.993491 53665797
cloud0_tkemenade 21528662724 13824 1335

1720966893.9956894 53665850
cloud0_tkemenade 21528662724 13825 1335

1720966894.9981902 53665902
cloud0_tkemenade 21528662724 13825 1335

1720966896.0008883 53665940
cloud0_tkemenade 21528662724 13825 1335

1720966897.0035388 53665988
cloud0_tkemenade 21528662724 13825 1335

1720966898.0061297 53666035
cloud0_tkemenade 21528662724 13825 1335

1720966899.008605 53666077
cloud0_tkemenade 21528662724 13825 1335

1720966900.0111609 53666153
cloud0_tkemenade 21528668881 13826 1335

1720966901.0137498 53666197
cloud0_tkemenade 21528668881 13826 1335

1720966902.0164008 53666255
cloud0_tkemenade 21528668881 13826 1336

1720966903.0189593 53666308
cloud0_tkemenade 21528668881 13826 1336

1720966904.0216286 53666353
cloud0_tkemenade 21528668881 13826 1336

1720966905.0241716 53666418
cloud0_tkemenade 21528668881 13826 1336

1720966906.026759 53666456
cloud0_tkemenade 21528668881 13826 1336

1720966906.928953 53666508
cloud0_tkemenade 21528671957 13826 1336

1720966907.9312418 53666543
cloud0_tkemenade 21528671957 13827 1336

1720966908.9338953 53666593
cloud0_tkemenade 21528671957 13827 1336

1720966909.9363616 53666663
cloud0_tkemenade 21528671957 13827 1336

1720966910.938901 53666710
cloud0_tkemenade 21528671957 13827 1336

1720966911.9416702 53666772
cloud0_tkemenade 21528671957 13827 1337

1720966912.9441574 53666824
cloud0_tkemenade 21528671957 13827 1337

1720966913.9465895 53666868
cloud0_tkemenade 21528671957 13827 1337

1720966914.0473156 53666874
cloud0_tkemenade 21528677999 13827 1337

1720966915.049872 53666937
cloud0_tkemenade 21528677999 13827 1337

1720966916.0524082 53666979
cloud0_tkemenade 21528677999 13828 1337

1720966917.055016 53667036
cloud0_tkemenade 21528677999 13828 1338

1720966918.0577114 53667078
cloud0_tkemenade 21528677999 13828 1338

1720966919.060379 53667120
cloud0_tkemenade 21528677999 13828 1338

1720966920.062896 53667180
cloud0_tkemenade 21528677999 13828 1338

1720966921.0652466 53667229
cloud0_tkemenade 21528684166 13828 1338

1720966922.067795 53667281
cloud0_tkemenade 21528684166 13829 1338

1720966923.0703783 53667340
cloud0_tkemenade 21528684166 13829 1338

1720966924.0728054 53667384
cloud0_tkemenade 21528684166 13829 1338

1720966925.0752418 53667441
cloud0_tkemenade 21528684166 13829 1338

1720966926.0778909 53667480
cloud0_tkemenade 21528684166 13829 1338

1720966927.080568 53667530
cloud0_tkemenade 21528684166 13829 1338

1720966928.0829308 53667592
cloud0_tkemenade 21528690335 13830 1338

1720966929.085492 53667644
cloud0_tkemenade 21528690335 13830 1338

1720966930.0880709 53667715
cloud0_tkemenade 21528690335 13830 1338

1720966931.0906334 53667762
cloud0_tkemenade 21528690335 13830 1338

1720966932.0933774 53667821
cloud0_tkemenade 21528690335 13831 1338

1720966933.09608 53667878
cloud0_tkemenade 21528690335 13831 1338

1720966934.0987175 53667922
cloud0_tkemenade 21528690335 13831 1338

1720966935.1013198 53667984
cloud0_tkemenade 21528690335 13831 1338

1720966935.2018535 53667988
cloud0_tkemenade 21528693364 13831 1338

1720966936.204266 53668040
cloud0_tkemenade 21528693364 13831 1338

1720966937.2069728 53668091
cloud0_tkemenade 21528693364 13831 1339

1720966938.209634 53668142
cloud0_tkemenade 21528693364 13831 1339

1720966939.2123086 53668192
cloud0_tkemenade 21528693364 13832 1339

1720966940.2148128 53668256
cloud0_tkemenade 21528693364 13832 1339

1720966941.2175677 53668308
cloud0_tkemenade 21528693364 13832 1339

1720966942.119846 53668354
cloud0_tkemenade 21528702559 13832 1340

1720966943.1225789 53668407
cloud0_tkemenade 21528702559 13833 1340

1720966944.1252158 53668446
cloud0_tkemenade 21528702559 13833 1340

1720966945.1278553 53668493
cloud0_tkemenade 21528702559 13833 1340

1720966946.1304476 53668550
cloud0_tkemenade 21528702559 13834 1340

1720966947.1330626 53668601
cloud0_tkemenade 21528702559 13834 1340

1720966948.13546 53668637
cloud0_tkemenade 21528702559 13834 1340

1720966949.138042 53668684
cloud0_tkemenade 21528702559 13834 1340

1720966949.2387083 53668694
cloud0_tkemenade 21528708629 13834 1340

1720966950.2413058 53668763
cloud0_tkemenade 21528708629 13835 1340

1720966951.2437947 53668812
cloud0_tkemenade 21528708629 13835 1340

1720966952.2464912 53668888
cloud0_tkemenade 21528708629 13835 1340

1720966953.249162 53668940
cloud0_tkemenade 21528708629 13835 1340

1720966954.251734 53668974
cloud0_tkemenade 21528708629 13835 1340

1720966955.2542691 53669024
cloud0_tkemenade 21528708629 13835 1340

1720966956.2569714 53669084
cloud0_tkemenade 21528708629 13836 1340

1720966956.357707 53669088
cloud0_tkemenade 21528714733 13836 1340

1720966957.3601677 53669149
cloud0_tkemenade 21528714733 13836 1340

1720966958.3627925 53669187
cloud0_tkemenade 21528714733 13836 1340

1720966959.3652704 53669226
cloud0_tkemenade 21528714733 13836 1340

1720966960.3678014 53669296
cloud0_tkemenade 21528714733 13837 1340

1720966961.370476 53669344
cloud0_tkemenade 21528714733 13837 1340

1720966962.3730378 53669406
cloud0_tkemenade 21528714733 13837 1340

1720966963.3755567 53669472
cloud0_tkemenade 21528717804 13837 1340

1720966964.378037 53669506
cloud0_tkemenade 21528717804 13837 1340

1720966965.380625 53669552
cloud0_tkemenade 21528717804 13838 1340

1720966966.383099 53669604
cloud0_tkemenade 21528717804 13838 1341

1720966967.38577 53669654
cloud0_tkemenade 21528717804 13838 1341

1720966968.3880455 53669698
cloud0_tkemenade 21528717804 13838 1341

1720966969.390414 53669735
cloud0_tkemenade 21528717804 13838 1341

1720966970.3929162 53669811
cloud0_tkemenade 21528717804 13838 1341

1720966970.5937855 53669820
cloud0_tkemenade 21528723801 13838 1341

1720966971.5963974 53669875
cloud0_tkemenade 21528723801 13839 1341

1720966972.599079 53669931
cloud0_tkemenade 21528723801 13839 1341

1720966973.6017158 53669977
cloud0_tkemenade 21528723801 13839 1341

1720966974.604354 53670011
cloud0_tkemenade 21528723801 13839 1341

1720966975.6069407 53670066
cloud0_tkemenade 21528723801 13840 1341

1720966976.6095862 53670134
cloud0_tkemenade 21528723801 13840 1341

1720966977.612174 53670192
cloud0_tkemenade 21528729983 13840 1341

1720966978.6147034 53670226
cloud0_tkemenade 21528729983 13840 1341

1720966979.6173053 53670272
cloud0_tkemenade 21528729983 13840 1341

1720966980.619887 53670323
cloud0_tkemenade 21528729983 13840 1341

1720966981.6223795 53670378
cloud0_tkemenade 21528729983 13841 1341

1720966982.6250768 53670431
cloud0_tkemenade 21528729983 13841 1341

1720966983.6277325 53670487
cloud0_tkemenade 21528729983 13841 1341

1720966984.6302166 53670534
cloud0_tkemenade 21528733017 13841 1341

1720966985.6326344 53670578
cloud0_tkemenade 21528733017 13841 1341

1720966986.635221 53670628
cloud0_tkemenade 21528733017 13842 1341

1720966987.6378212 53670698
cloud0_tkemenade 21528733017 13842 1341

1720966988.6400864 53670748
cloud0_tkemenade 21528733017 13842 1341

1720966989.6425602 53670792
cloud0_tkemenade 21528733017 13842 1341

1720966990.6451626 53670863
cloud0_tkemenade 21528733017 13842 1341

1720966991.6478505 53670915
cloud0_tkemenade 21528733017 13842 1341

1720966991.848808 53670933
cloud0_tkemenade 21528739010 13843 1341

1720966992.8513799 53670984
cloud0_tkemenade 21528739010 13843 1341

1720966993.8539789 53671035
cloud0_tkemenade 21528739010 13843 1341

1720966994.8564985 53671071
cloud0_tkemenade 21528739010 13843 1341

1720966995.8590283 53671119
cloud0_tkemenade 21528739010 13843 1341

1720966996.861754 53671182
cloud0_tkemenade 21528739010 13844 1341

1720966997.8644636 53671235
cloud0_tkemenade 21528739010 13844 1341

1720966998.8668578 53671276
cloud0_tkemenade 21528742095 13844 1341

1720966999.8692465 53671317
cloud0_tkemenade 21528742095 13844 1342

1720967000.8716967 53671379
cloud0_tkemenade 21528742095 13844 1342

1720967001.8742027 53671444
cloud0_tkemenade 21528742095 13844 1342

1720967002.8768659 53671487
cloud0_tkemenade 21528742095 13844 1342

1720967003.8793485 53671538
cloud0_tkemenade 21528742095 13844 1342

1720967004.8816557 53671579
cloud0_tkemenade 21528742095 13844 1342

1720967005.88409 53671621
cloud0_tkemenade 21528742095 13845 1342

1720967006.0850272 53671632
cloud0_tkemenade 21528748044 13845 1342

1720967007.0876412 53671694
cloud0_tkemenade 21528748044 13845 1342

1720967008.0901892 53671746
cloud0_tkemenade 21528748044 13845 1342

1720967009.0928655 53671781
cloud0_tkemenade 21528748044 13845 1342

1720967010.09544 53671836
cloud0_tkemenade 21528748044 13845 1342

1720967011.0979865 53671890
cloud0_tkemenade 21528748044 13845 1342

1720967012.1005392 53671949
cloud0_tkemenade 21528748044 13845 1342

1720967013.1029108 53672009
cloud0_tkemenade 21528748044 13845 1342

1720967013.3038478 53672017
cloud0_tkemenade 21528748044 13846 1342

1720967014.3064241 53672065
cloud0_tkemenade 21528748044 13846 1342

1720967015.3090196 53672102
cloud0_tkemenade 21528748044 13846 1342

1720967016.3113823 53672149
cloud0_tkemenade 21528748044 13847 1342

1720967017.3138688 53672210
cloud0_tkemenade 21528748044 13847 1342

1720967018.3162491 53672261
cloud0_tkemenade 21528748044 13847 1342

1720967019.3186212 53672306
cloud0_tkemenade 21528748044 13847 1342

1720967020.3210268 53672370
cloud0_tkemenade 21528757131 13848 1342

1720967021.3233645 53672424
cloud0_tkemenade 21528757131 13848 1342

1720967022.3260133 53672473
cloud0_tkemenade 21528757131 13849 1342

1720967023.3284883 53672535
cloud0_tkemenade 21528757131 13849 1342

1720967024.3309135 53672582
cloud0_tkemenade 21528757131 13849 1342

1720967025.333534 53672629
cloud0_tkemenade 21528757131 13849 1342

1720967026.3360004 53672668
cloud0_tkemenade 21528757131 13849 1342

1720967027.338437 53672727
cloud0_tkemenade 21528757131 13849 1342

1720967027.4391081 53672732
cloud0_tkemenade 21528760178 13849 1342

1720967028.4417317 53672782
cloud0_tkemenade 21528760178 13850 1342

1720967029.444142 53672822
cloud0_tkemenade 21528760178 13850 1342

1720967030.4466012 53672882
cloud0_tkemenade 21528760178 13850 1343

1720967031.449375 53672931
cloud0_tkemenade 21528760178 13850 1343

1720967032.4519022 53672980
cloud0_tkemenade 21528760178 13851 1343

1720967033.4545336 53673033
cloud0_tkemenade 21528760178 13851 1343

1720967034.4569192 53673079
cloud0_tkemenade 21528769468 13851 1343

1720967035.459382 53673117
cloud0_tkemenade 21528769468 13851 1343

1720967036.4620056 53673166
cloud0_tkemenade 21528769468 13851 1343

1720967037.4647381 53673206
cloud0_tkemenade 21528769468 13851 1343

1720967038.467482 53673263
cloud0_tkemenade 21528769468 13851 1343

1720967039.470218 53673297
cloud0_tkemenade 21528769468 13851 1343

1720967040.4727552 53673350
cloud0_tkemenade 21528769468 13852 1343

1720967041.4753358 53673408
cloud0_tkemenade 21528772560 13852 1343

1720967042.4779792 53673459
cloud0_tkemenade 21528772560 13852 1343

1720967043.4806826 53673518
cloud0_tkemenade 21528772560 13852 1343

1720967044.4833086 53673573
cloud0_tkemenade 21528772560 13852 1343

1720967045.4855673 53673620
cloud0_tkemenade 21528772560 13852 1343

1720967046.4880493 53673662
cloud0_tkemenade 21528772560 13853 1343

1720967047.4906387 53673709
cloud0_tkemenade 21528772560 13853 1343

1720967048.4931448 53673778
cloud0_tkemenade 21528772560 13853 1343

1720967048.5938044 53673784
cloud0_tkemenade 21528775620 13853 1343

1720967049.596399 53673826
cloud0_tkemenade 21528775620 13853 1343

1720967050.5989282 53673887
cloud0_tkemenade 21528775620 13853 1344

1720967051.6015074 53673946
cloud0_tkemenade 21528775620 13853 1344

1720967052.6040223 53673997
cloud0_tkemenade 21528775620 13853 1344

1720967053.6066167 53674074
cloud0_tkemenade 21528775620 13854 1344

1720967054.6093433 53674114
cloud0_tkemenade 21528775620 13854 1344

1720967055.6117425 53674166
cloud0_tkemenade 21528781812 13854 1344

1720967056.6143734 53674223
cloud0_tkemenade 21528781812 13854 1344

1720967057.61697 53674264
cloud0_tkemenade 21528781812 13854 1344

1720967058.619497 53674330
cloud0_tkemenade 21528781812 13854 1345

1720967059.6220052 53674370
cloud0_tkemenade 21528781812 13854 1345

1720967060.624587 53674440
cloud0_tkemenade 21528781812 13854 1345

1720967061.6271043 53674500
cloud0_tkemenade 21528781812 13854 1345

1720967062.5294535 53674547
cloud0_tkemenade 21528784906 13854 1345

1720967063.5318358 53674603
cloud0_tkemenade 21528784906 13854 1345

1720967064.5344443 53674647
cloud0_tkemenade 21528784906 13854 1345

1720967065.5371037 53674693
cloud0_tkemenade 21528784906 13855 1345

1720967066.5397508 53674737
cloud0_tkemenade 21528784906 13855 1346

1720967067.5424247 53674771
cloud0_tkemenade 21528784906 13855 1346

1720967068.5450153 53674834
cloud0_tkemenade 21528784906 13856 1346

1720967069.5469677 53674872
cloud0_tkemenade 21528784906 13856 1346

1720967069.64764 53674879
cloud0_tkemenade 21528794050 13856 1346

1720967070.6502707 53674936
cloud0_tkemenade 21528794050 13856 1346

1720967071.6526198 53674992
cloud0_tkemenade 21528794050 13856 1346

1720967072.6552267 53675064
cloud0_tkemenade 21528794050 13856 1346

1720967073.6578572 53675119
cloud0_tkemenade 21528794050 13856 1346

1720967074.6605043 53675164
cloud0_tkemenade 21528794050 13856 1346

1720967075.6630335 53675196
cloud0_tkemenade 21528794050 13856 1347

1720967076.6652443 53675243
cloud0_tkemenade 21528797137 13856 1347

1720967077.6677358 53675287
cloud0_tkemenade 21528797137 13856 1347

1720967078.6704133 53675350
cloud0_tkemenade 21528797137 13856 1347

1720967079.6729636 53675384
cloud0_tkemenade 21528797137 13856 1347

1720967080.675502 53675449
cloud0_tkemenade 21528797137 13856 1347

1720967081.6781683 53675509
cloud0_tkemenade 21528797137 13856 1347

1720967082.6806846 53675564
cloud0_tkemenade 21528797137 13857 1347

1720967083.6829019 53675616
cloud0_tkemenade 21528797137 13857 1347

1720967083.8837965 53675634
cloud0_tkemenade 21528800141 13857 1347

1720967084.8862128 53675669
cloud0_tkemenade 21528800141 13857 1347

1720967085.8887162 53675718
cloud0_tkemenade 21528800141 13857 1347

1720967086.8912272 53675764
cloud0_tkemenade 21528800141 13857 1348

1720967087.8938785 53675810
cloud0_tkemenade 21528800141 13857 1348

1720967088.896408 53675874
cloud0_tkemenade 21528800141 13857 1348

1720967089.898773 53675916
cloud0_tkemenade 21528800141 13857 1348

1720967090.901036 53675976
cloud0_tkemenade 21528800141 13857 1348

1720967091.001718 53675981
cloud0_tkemenade 21528803181 13857 1348

1720967092.003923 53676040
cloud0_tkemenade 21528803181 13857 1348

1720967093.0065622 53676095
cloud0_tkemenade 21528803181 13857 1349

1720967094.0092537 53676155
cloud0_tkemenade 21528803181 13857 1349

1720967095.0119112 53676197
cloud0_tkemenade 21528803181 13857 1349

1720967096.0145738 53676232
cloud0_tkemenade 21528803181 13858 1349

1720967097.0172088 53676289
cloud0_tkemenade 21528803181 13858 1349

1720967098.019763 53676349
cloud0_tkemenade 21528809331 13858 1349

1720967099.0224 53676416
cloud0_tkemenade 21528809331 13858 1349

1720967100.0248923 53676464
cloud0_tkemenade 21528809331 13858 1349

1720967101.027219 53676508
cloud0_tkemenade 21528809331 13860 1349

1720967102.0298347 53676563
cloud0_tkemenade 21528809331 13860 1349

1720967103.032478 53676612
cloud0_tkemenade 21528809331 13860 1349

1720967104.0351417 53676671
cloud0_tkemenade 21528809331 13860 1349

1720967105.0375733 53676728
cloud0_tkemenade 21528809331 13861 1349

1720967105.138319 53676734
cloud0_tkemenade 21528818339 13861 1349

1720967106.1408048 53676764
cloud0_tkemenade 21528818339 13861 1349

1720967107.1432698 53676819
cloud0_tkemenade 21528818339 13861 1349

1720967108.1459074 53676882
cloud0_tkemenade 21528818339 13861 1349

1720967109.148508 53676949
cloud0_tkemenade 21528818339 13861 1350

1720967110.1510456 53677015
cloud0_tkemenade 21528818339 13861 1350

1720967111.1535137 53677064
cloud0_tkemenade 21528818339 13862 1350

1720967112.1559436 53677139
cloud0_tkemenade 21528818339 13862 1350

1720967112.2566574 53677145
cloud0_tkemenade 21528824447 13862 1350

1720967113.2590184 53677196
cloud0_tkemenade 21528824447 13862 1350

1720967114.2617316 53677255
cloud0_tkemenade 21528824447 13862 1350

1720967115.2643538 53677298
cloud0_tkemenade 21528824447 13862 1350

1720967116.2669153 53677330
cloud0_tkemenade 21528824447 13863 1350

1720967117.269513 53677376
cloud0_tkemenade 21528824447 13863 1350

1720967118.2719684 53677421
cloud0_tkemenade 21528824447 13863 1350

1720967119.2744806 53677480
cloud0_tkemenade 21528827511 13863 1350

1720967120.2769904 53677534
cloud0_tkemenade 21528827511 13863 1350

1720967121.279496 53677582
cloud0_tkemenade 21528827511 13863 1351

1720967122.2821178 53677634
cloud0_tkemenade 21528827511 13863 1351

1720967123.28598 53677684
cloud0_tkemenade 21528827511 13863 1351

1720967124.2886753 53677747
cloud0_tkemenade 21528827511 13863 1351

1720967125.2912993 53677782
cloud0_tkemenade 21528827511 13863 1351

1720967126.2936277 53677827
cloud0_tkemenade 21528827511 13864 1351

1720967126.3942242 53677831
cloud0_tkemenade 21528833595 13864 1351

1720967127.3964355 53677884
cloud0_tkemenade 21528833595 13864 1351

1720967128.399019 53677932
cloud0_tkemenade 21528833595 13864 1351

