1713793928.5497158 1072825535
cloud0_tkemenade 25702499 2752 347
cloud1_tkemenade 23968989 2654 341

1713793929.5523577 1072825883
cloud0_tkemenade 25702499 2753 347

1713793929.552927 1072825883
cloud1_tkemenade 23968989 2684 342

1713793930.5555928 1072826189
cloud0_tkemenade 25702499 2753 347

1713793930.556152 1072826189
cloud1_tkemenade 23968989 2685 342

1713793931.5586708 1072826421
cloud0_tkemenade 25702499 2754 347

1713793931.559207 1072826421
cloud1_tkemenade 23968989 2686 344

1713793932.561671 1072826661
cloud0_tkemenade 25702499 2757 347

1713793932.5622268 1072826661
cloud1_tkemenade 23968989 2687 344

1713793933.5647047 1072826917
cloud0_tkemenade 25702499 2757 347

1713793933.5652366 1072826917
cloud1_tkemenade 23968989 2687 344

1713793934.5675883 1072827167
cloud0_tkemenade 25702499 2757 347

1713793934.5679452 1072827167
cloud1_tkemenade 23968989 2688 344

1713793935.5704508 1072827399
cloud0_tkemenade 25702499 2758 347

1713793935.5710194 1072827399
cloud1_tkemenade 23968989 2691 344

1713793936.573328 1072827614
cloud0_tkemenade 25702499 2760 348

1713793936.5738504 1072827614
cloud1_tkemenade 23968989 2692 344

1713793937.5764058 1072827858
cloud0_tkemenade 25702499 2761 349

1713793937.576943 1072827858
cloud1_tkemenade 23968989 2692 344

1713793938.5795798 1072828125
cloud0_tkemenade 25702499 2761 349

1713793938.580103 1072828125
cloud1_tkemenade 23968989 2693 344

1713793939.582687 1072828346
cloud0_tkemenade 25702499 2762 349

1713793939.5831783 1072828346
cloud1_tkemenade 23968989 2693 344

1713793940.5855021 1072828633
cloud0_tkemenade 25702499 2762 349

1713793940.5860205 1072828633
cloud1_tkemenade 23968989 2693 345

1713793941.5885725 1072828841
cloud0_tkemenade 25702499 2762 350

1713793941.5891197 1072828841
cloud1_tkemenade 23968989 2694 345

1713793942.5916147 1072829085
cloud0_tkemenade 25702499 2762 350

1713793942.592124 1072829085
cloud1_tkemenade 23968989 2694 345

1713793943.5946648 1072829321
cloud0_tkemenade 25702499 2762 350

1713793943.5952015 1072829321
cloud1_tkemenade 23968989 2694 345

1713793944.5978057 1072829601
cloud0_tkemenade 25702499 2763 350

1713793944.5983553 1072829601
cloud1_tkemenade 23968989 2694 346

1713793945.600793 1072829965
cloud0_tkemenade 25702499 2773 359

1713793945.6013002 1072829965
cloud1_tkemenade 23968989 2703 347

1713793946.6040792 1072830195
cloud0_tkemenade 25702499 2773 359

1713793946.6046312 1072830195
cloud1_tkemenade 23968989 2703 347

1713793947.6072752 1072830472
cloud0_tkemenade 25702499 2773 359

1713793947.6078165 1072830472
cloud1_tkemenade 23968989 2704 347

1713793948.6104002 1072830794
cloud0_tkemenade 25702499 2774 359

1713793948.6109297 1072830794
cloud1_tkemenade 23968989 2704 347

1713793949.614872 1072831029
cloud0_tkemenade 25813003 2777 359

1713793949.6154394 1072831030
cloud1_tkemenade 24042658 2708 347

1713793950.618031 1072831282
cloud0_tkemenade 25813003 2778 359

1713793950.618566 1072831282
cloud1_tkemenade 24042658 2708 347

1713793951.6212993 1072831517
cloud0_tkemenade 25813003 2778 359

1713793951.621832 1072831517
cloud1_tkemenade 24042658 2708 347

1713793952.6243935 1072831757
cloud0_tkemenade 25813003 2779 359

1713793952.6249475 1072831757
cloud1_tkemenade 24042658 2708 348

1713793953.6274796 1072832021
cloud0_tkemenade 25813003 2779 359

1713793953.6280146 1072832021
cloud1_tkemenade 24042658 2709 348

1713793954.6304843 1072832285
cloud0_tkemenade 25813003 2790 362

1713793954.6310065 1072832285
cloud1_tkemenade 24042658 2709 348

1713793955.6335433 1072832523
cloud0_tkemenade 25813003 2791 362

1713793955.6340728 1072832523
cloud1_tkemenade 24042658 2710 348

1713793956.6366332 1072832746
cloud0_tkemenade 25813003 2791 363

1713793956.6371686 1072832746
cloud1_tkemenade 24042658 2711 348

1713793956.8378208 1072832793
cloud0_tkemenade 25891381 2791 363

1713793956.838345 1072832793
cloud1_tkemenade 24060075 2711 348

1713793957.840699 1072833070
cloud0_tkemenade 25891381 2792 363

1713793957.8411674 1072833070
cloud1_tkemenade 24060075 2711 348

1713793958.8436253 1072833351
cloud0_tkemenade 25891381 2797 368

1713793958.8441527 1072833351
cloud1_tkemenade 24060075 2722 349

1713793959.846778 1072833568
cloud0_tkemenade 25891381 2797 368

1713793959.8473127 1072833570
cloud1_tkemenade 24060075 2722 349

1713793960.8500462 1072833844
cloud0_tkemenade 25891381 2798 369

1713793960.8505843 1072833844
cloud1_tkemenade 24060075 2723 349

1713793961.853217 1072834081
cloud0_tkemenade 25891381 2798 369

1713793961.8537452 1072834081
cloud1_tkemenade 24060075 2728 349

1713793962.8562598 1072834350
cloud0_tkemenade 25891381 2798 369

1713793962.8565845 1072834350
cloud1_tkemenade 24060075 2728 349

1713793963.8588717 1072834619
cloud0_tkemenade 25954135 2799 369

1713793963.8594356 1072834621
cloud1_tkemenade 24140759 2728 349

1713793964.861877 1072834886
cloud0_tkemenade 25954135 2799 369

1713793964.862434 1072834886
cloud1_tkemenade 24140759 2729 349

1713793965.8650322 1072835129
cloud0_tkemenade 25954135 2799 371

1713793965.86557 1072835129
cloud1_tkemenade 24140759 2729 350

1713793966.868066 1072835409
cloud0_tkemenade 25954135 2799 371

1713793966.8686042 1072835409
cloud1_tkemenade 24140759 2729 351

1713793967.8712456 1072835661
cloud0_tkemenade 25954135 2800 371

1713793967.871601 1072835661
cloud1_tkemenade 24140759 2730 351

1713793968.874076 1072835906
cloud0_tkemenade 25954135 2800 371

1713793968.874595 1072835906
cloud1_tkemenade 24140759 2730 351

1713793969.8772125 1072836148
cloud0_tkemenade 25954135 2800 372

1713793969.8777268 1072836148
cloud1_tkemenade 24140759 2730 351

1713793970.8801112 1072836398
cloud0_tkemenade 25954135 2800 372

1713793970.8806357 1072836398
cloud1_tkemenade 24140759 2730 351

1713793970.9811013 1072836434
cloud0_tkemenade 25972185 2800 372

1713793970.9815938 1072836434
cloud1_tkemenade 24158809 2730 351

1713793971.9840424 1072836677
cloud0_tkemenade 25972185 2800 373

1713793971.9845707 1072836677
cloud1_tkemenade 24158809 2731 351

1713793972.9870706 1072836926
cloud0_tkemenade 25972185 2801 373

1713793972.9876297 1072836927
cloud1_tkemenade 24158809 2731 351

1713793973.9899592 1072837155
cloud0_tkemenade 25972185 2819 374

1713793973.9904957 1072837155
cloud1_tkemenade 24158809 2732 351

1713793974.992941 1072837581
cloud0_tkemenade 25972185 2820 374

1713793974.9934804 1072837581
cloud1_tkemenade 24158809 2732 351

1713793975.9959698 1072837841
cloud0_tkemenade 25972185 2820 374

1713793975.996469 1072837841
cloud1_tkemenade 24158809 2732 351

1713793976.9991517 1072838079
cloud0_tkemenade 25972185 2820 374

1713793976.999699 1072838080
cloud1_tkemenade 24158809 2733 351

1713793978.0023186 1072838361
cloud0_tkemenade 25972185 2825 375

1713793978.0028372 1072838361
cloud1_tkemenade 24158809 2733 351

1713793978.203462 1072838419
cloud0_tkemenade 26100343 2825 375

1713793978.2040048 1072838419
cloud1_tkemenade 24172540 2733 351

1713793979.2063737 1072838704
cloud0_tkemenade 26100343 2826 375

1713793979.2069101 1072838704
cloud1_tkemenade 24172540 2734 351

1713793980.209713 1072838946
cloud0_tkemenade 26100343 2826 375

1713793980.2102535 1072838946
cloud1_tkemenade 24172540 2734 351

1713793981.2127216 1072839205
cloud0_tkemenade 26100343 2826 375

1713793981.2132533 1072839205
cloud1_tkemenade 24172540 2734 351

1713793982.215689 1072839426
cloud0_tkemenade 26100343 2827 375

1713793982.2162237 1072839426
cloud1_tkemenade 24172540 2735 351

1713793983.2187276 1072839682
cloud0_tkemenade 26100343 2827 375

1713793983.2192469 1072839682
cloud1_tkemenade 24172540 2735 351

1713793984.2217052 1072839921
cloud0_tkemenade 26100343 2828 376

1713793984.2222395 1072839921
cloud1_tkemenade 24172540 2735 351

1713793985.2246897 1072840157
cloud0_tkemenade 26100343 2828 376

1713793985.2251825 1072840157
cloud1_tkemenade 24172540 2736 351

1713793985.32564 1072840183
cloud0_tkemenade 26118707 2828 376

1713793985.3261788 1072840183
cloud1_tkemenade 24186313 2736 351

1713793986.3286164 1072840431
cloud0_tkemenade 26118707 2829 376

1713793986.3291438 1072840431
cloud1_tkemenade 24186313 2736 351

1713793987.331898 1072840634
cloud0_tkemenade 26118707 2829 376

1713793987.3324149 1072840634
cloud1_tkemenade 24186313 2736 351

1713793988.3349748 1072840943
cloud0_tkemenade 26118707 2829 376

1713793988.3355405 1072840945
cloud1_tkemenade 24186313 2736 351

1713793989.3389559 1072841172
cloud0_tkemenade 26118707 2830 376

1713793989.3395333 1072841173
cloud1_tkemenade 24186313 2736 352

1713793990.3419526 1072841409
cloud0_tkemenade 26118707 2830 376

1713793990.3424742 1072841409
cloud1_tkemenade 24186313 2737 352

1713793991.3449478 1072841664
cloud0_tkemenade 26118707 2830 377

1713793991.3454707 1072841664
cloud1_tkemenade 24186313 2737 352

1713793992.3481116 1072841869
cloud0_tkemenade 26118707 2830 377

1713793992.348642 1072841869
cloud1_tkemenade 24186313 2737 352

1713793992.449131 1072841892
cloud0_tkemenade 26132182 2830 377

1713793992.4496408 1072841892
cloud1_tkemenade 24195296 2737 352

1713793993.452097 1072842146
cloud0_tkemenade 26132182 2830 377

1713793993.4526467 1072842146
cloud1_tkemenade 24195296 2738 352

1713793994.4552758 1072842393
cloud0_tkemenade 26132182 2831 377

1713793994.4558103 1072842393
cloud1_tkemenade 24195296 2738 352

1713793995.4583192 1072842620
cloud0_tkemenade 26132182 2831 377

1713793995.4588435 1072842620
cloud1_tkemenade 24195296 2738 352

1713793996.461255 1072842838
cloud0_tkemenade 26132182 2831 377

1713793996.4617684 1072842838
cloud1_tkemenade 24195296 2738 352

1713793997.4643145 1072843055
cloud0_tkemenade 26132182 2831 377

1713793997.464817 1072843055
cloud1_tkemenade 24195296 2739 352

1713793998.467414 1072843347
cloud0_tkemenade 26132182 2832 377

1713793998.467937 1072843347
cloud1_tkemenade 24195296 2739 352

1713793999.4705937 1072843547
cloud0_tkemenade 26132182 2832 377

1713793999.4711258 1072843547
cloud1_tkemenade 24195296 2740 353

1713793999.571587 1072843569
cloud0_tkemenade 26141258 2832 377

1713793999.572062 1072843569
cloud1_tkemenade 24213448 2740 353

1713794000.57468 1072843818
cloud0_tkemenade 26141258 2832 378

1713794000.5752091 1072843818
cloud1_tkemenade 24213448 2740 353

1713794001.577769 1072844053
cloud0_tkemenade 26141258 2833 378

1713794001.5782816 1072844053
cloud1_tkemenade 24213448 2740 353

1713794002.5806942 1072844283
cloud0_tkemenade 26141258 2833 378

1713794002.5812013 1072844283
cloud1_tkemenade 24213448 2741 353

1713794003.5837717 1072844536
cloud0_tkemenade 26141258 2833 378

1713794003.584296 1072844536
cloud1_tkemenade 24213448 2741 353

1713794004.5868492 1072844803
cloud0_tkemenade 26141258 2833 378

1713794004.58743 1072844805
cloud1_tkemenade 24213448 2741 353

1713794005.5900197 1072845207
cloud0_tkemenade 26141258 2834 378

1713794005.5905426 1072845207
cloud1_tkemenade 24213448 2741 353

1713794006.592861 1072845439
cloud0_tkemenade 26155186 2834 378

1713794006.5933764 1072845439
cloud1_tkemenade 24218090 2741 353

1713794007.595723 1072845698
cloud0_tkemenade 26155186 2834 378

1713794007.5962553 1072845698
cloud1_tkemenade 24218090 2742 353

1713794008.5989537 1072846032
cloud0_tkemenade 26155186 2834 378

1713794008.5995126 1072846033
cloud1_tkemenade 24218090 2742 353

1713794009.602082 1072846232
cloud0_tkemenade 26155186 2834 378

1713794009.6024094 1072846232
cloud1_tkemenade 24218090 2742 353

1713794010.6049218 1072846490
cloud0_tkemenade 26155186 2835 378

1713794010.605432 1072846490
cloud1_tkemenade 24218090 2742 353

1713794011.6080418 1072846744
cloud0_tkemenade 26155186 2835 378

1713794011.608564 1072846744
cloud1_tkemenade 24218090 2743 353

1713794012.6112802 1072846983
cloud0_tkemenade 26155186 2835 378

1713794012.6118774 1072846983
cloud1_tkemenade 24218090 2743 353

1713794013.614626 1072847273
cloud0_tkemenade 26155186 2835 379

1713794013.61518 1072847273
cloud1_tkemenade 24218090 2743 353

1713794013.9163597 1072847373
cloud0_tkemenade 26163965 2835 379

1713794013.9169044 1072847373
cloud1_tkemenade 24226869 2743 353

1713794014.91952 1072847583
cloud0_tkemenade 26163965 2836 379

1713794014.920047 1072847583
cloud1_tkemenade 24226869 2743 353

1713794015.9225628 1072847829
cloud0_tkemenade 26163965 2836 379

1713794015.9230871 1072847829
cloud1_tkemenade 24226869 2744 353

1713794016.9255407 1072848049
cloud0_tkemenade 26163965 2836 379

1713794016.9260702 1072848049
cloud1_tkemenade 24226869 2744 353

1713794017.9287162 1072848329
cloud0_tkemenade 26163965 2836 379

1713794017.92923 1072848329
cloud1_tkemenade 24226869 2744 354

1713794018.9316387 1072848603
cloud0_tkemenade 26163965 2837 379

1713794018.9321501 1072848603
cloud1_tkemenade 24226869 2745 354

1713794019.9345684 1072848823
cloud0_tkemenade 26163965 2837 379

1713794019.9350822 1072848823
cloud1_tkemenade 24226869 2745 354

1713794020.937617 1072849081
cloud0_tkemenade 26163965 2837 379

1713794020.938129 1072849081
cloud1_tkemenade 24226869 2745 354

1713794021.1388862 1072849159
cloud0_tkemenade 26172829 2837 379

1713794021.139435 1072849159
cloud1_tkemenade 24240165 2745 354

1713794022.1419878 1072849362
cloud0_tkemenade 26172829 2837 379

1713794022.142512 1072849362
cloud1_tkemenade 24240165 2745 354

1713794023.145055 1072849637
cloud0_tkemenade 26172829 2837 379

1713794023.1453984 1072849637
cloud1_tkemenade 24240165 2745 354

1713794024.1479607 1072849887
cloud0_tkemenade 26172829 2838 379

1713794024.1484938 1072849887
cloud1_tkemenade 24240165 2746 354

1713794025.1511335 1072850103
cloud0_tkemenade 26172829 2838 379

1713794025.151715 1072850104
cloud1_tkemenade 24240165 2746 354

1713794026.1542356 1072850417
cloud0_tkemenade 26172829 2838 379

1713794026.154766 1072850417
cloud1_tkemenade 24240165 2746 354

1713794027.1572375 1072850726
cloud0_tkemenade 26172829 2838 379

1713794027.1577423 1072850726
cloud1_tkemenade 24240165 2746 354

1713794028.160163 1072851081
cloud0_tkemenade 26172829 2839 379

1713794028.160664 1072851081
cloud1_tkemenade 24240165 2746 355

1713794028.2611277 1072851130
cloud0_tkemenade 26181960 2839 379

1713794028.2614934 1072851130
cloud1_tkemenade 24249296 2746 355

1713794029.2638652 1072851457
cloud0_tkemenade 26181960 2839 380

1713794029.2643988 1072851457
cloud1_tkemenade 24249296 2746 355

1713794030.2670197 1072851786
cloud0_tkemenade 26181960 2839 380

1713794030.267583 1072851788
cloud1_tkemenade 24249296 2747 355

1713794031.270086 1072852157
cloud0_tkemenade 26181960 2840 380

1713794031.270614 1072852157
cloud1_tkemenade 24249296 2747 355

1713794032.2731838 1072852475
cloud0_tkemenade 26181960 2840 380

1713794032.2737007 1072852475
cloud1_tkemenade 24249296 2747 355

1713794033.2761552 1072852852
cloud0_tkemenade 26181960 2840 380

1713794033.2766778 1072852852
cloud1_tkemenade 24249296 2748 355

1713794034.2793665 1072853201
cloud0_tkemenade 26181960 2841 380

1713794034.2798736 1072853201
cloud1_tkemenade 24249296 2748 355

1713794035.2826123 1072853737
cloud0_tkemenade 26181960 2841 380

1713794035.2831347 1072853737
cloud1_tkemenade 24249296 2748 355

1713794035.3836284 1072853776
cloud0_tkemenade 26196701 2841 380

1713794035.3841283 1072853776
cloud1_tkemenade 24259123 2748 355

1713794036.3866022 1072854129
cloud0_tkemenade 26196701 2841 380

1713794036.3871248 1072854129
cloud1_tkemenade 24259123 2749 355

1713794037.3896189 1072854461
cloud0_tkemenade 26196701 2842 380

1713794037.3901107 1072854461
cloud1_tkemenade 24259123 2749 355

1713794038.3925073 1072854867
cloud0_tkemenade 26196701 2842 381

1713794038.3928444 1072854867
cloud1_tkemenade 24259123 2749 355

1713794039.3952453 1072855169
cloud0_tkemenade 26196701 2842 381

1713794039.3956928 1072855169
cloud1_tkemenade 24259123 2749 355

1713794040.3981674 1072855490
cloud0_tkemenade 26196701 2842 381

1713794040.3986816 1072855490
cloud1_tkemenade 24259123 2750 355

1713794041.4011917 1072855844
cloud0_tkemenade 26196701 2842 381

1713794041.401693 1072855844
cloud1_tkemenade 24259123 2750 355

1713794042.404122 1072856077
cloud0_tkemenade 26196701 2843 381

1713794042.4046428 1072856077
cloud1_tkemenade 24259123 2750 355

1713794042.5051653 1072856109
cloud0_tkemenade 26211256 2843 381

1713794042.5057309 1072856109
cloud1_tkemenade 24268826 2750 355

1713794043.5083563 1072856351
cloud0_tkemenade 26211256 2843 381

1713794043.508891 1072856351
cloud1_tkemenade 24268826 2750 355

1713794044.5116386 1072856608
cloud0_tkemenade 26211256 2843 381

1713794044.512157 1072856608
cloud1_tkemenade 24268826 2751 355

1713794045.5146425 1072856837
cloud0_tkemenade 26211256 2843 381

1713794045.5151708 1072856837
cloud1_tkemenade 24268826 2751 355

1713794046.5177333 1072857098
cloud0_tkemenade 26211256 2843 382

1713794046.5182307 1072857098
cloud1_tkemenade 24268826 2751 356

1713794047.520826 1072857311
cloud0_tkemenade 26211256 2843 382

1713794047.5213451 1072857311
cloud1_tkemenade 24268826 2751 356

1713794048.5247283 1072857602
cloud0_tkemenade 26211256 2844 382

1713794048.5250666 1072857602
cloud1_tkemenade 24268826 2751 356

1713794049.5273597 1072857914
cloud0_tkemenade 26211256 2844 382

1713794049.5278826 1072857914
cloud1_tkemenade 24268826 2751 356

1713794049.7285395 1072857975
cloud0_tkemenade 26220159 2844 382

1713794049.729079 1072857975
cloud1_tkemenade 24277729 2752 356

1713794050.7315028 1072858261
cloud0_tkemenade 26220159 2844 382

1713794050.7320087 1072858261
cloud1_tkemenade 24277729 2752 356

1713794051.7344565 1072858533
cloud0_tkemenade 26220159 2845 382

1713794051.7349703 1072858533
cloud1_tkemenade 24277729 2752 356

1713794052.7375286 1072858737
cloud0_tkemenade 26220159 2845 382

1713794052.7380412 1072858737
cloud1_tkemenade 24277729 2753 356

1713794053.7405174 1072859042
cloud0_tkemenade 26220159 2845 382

1713794053.7410233 1072859042
cloud1_tkemenade 24277729 2753 356

1713794054.7435017 1072859325
cloud0_tkemenade 26220159 2846 382

1713794054.7440293 1072859325
cloud1_tkemenade 24277729 2753 356

1713794055.7464993 1072859650
cloud0_tkemenade 26220159 2846 382

1713794055.746995 1072859650
cloud1_tkemenade 24277729 2753 356

1713794056.7493284 1072859975
cloud0_tkemenade 26220159 2846 382

1713794056.7498271 1072859975
cloud1_tkemenade 24277729 2754 356

1713794056.9505253 1072860090
cloud0_tkemenade 26229332 2846 382

1713794056.951038 1072860090
cloud1_tkemenade 24291489 2754 356

1713794057.9535785 1072860422
cloud0_tkemenade 26229332 2846 382

1713794057.9540968 1072860422
cloud1_tkemenade 24291489 2754 356

1713794058.956469 1072860797
cloud0_tkemenade 26229332 2846 383

1713794058.9569817 1072860797
cloud1_tkemenade 24291489 2755 356

1713794059.959474 1072861115
cloud0_tkemenade 26229332 2846 383

1713794059.9599845 1072861115
cloud1_tkemenade 24291489 2756 356

1713794060.9623532 1072861467
cloud0_tkemenade 26229332 2847 383

1713794060.9628506 1072861467
cloud1_tkemenade 24291489 2756 356

1713794061.965232 1072861825
cloud0_tkemenade 26229332 2847 383

1713794061.9657364 1072861825
cloud1_tkemenade 24291489 2756 356

1713794062.9682844 1072862145
cloud0_tkemenade 26229332 2847 383

1713794062.9688172 1072862145
cloud1_tkemenade 24291489 2757 357

1713794063.9712594 1072862478
cloud0_tkemenade 26239431 2848 383

1713794063.971813 1072862478
cloud1_tkemenade 24311687 2757 357

1713794064.9742365 1072862917
cloud0_tkemenade 26239431 2848 383

1713794064.9747572 1072862917
cloud1_tkemenade 24311687 2757 357

1713794065.9772186 1072863259
cloud0_tkemenade 26239431 2848 383

1713794065.9777446 1072863259
cloud1_tkemenade 24311687 2758 357

1713794066.9804373 1072863602
cloud0_tkemenade 26239431 2849 383

1713794066.9809542 1072863602
cloud1_tkemenade 24311687 2758 357

1713794067.9834726 1072863973
cloud0_tkemenade 26239431 2849 383

1713794067.983993 1072863973
cloud1_tkemenade 24311687 2758 357

1713794068.986507 1072864328
cloud0_tkemenade 26239431 2849 383

1713794068.9870434 1072864328
cloud1_tkemenade 24311687 2758 357

1713794069.9895084 1072864551
cloud0_tkemenade 26239431 2849 383

1713794069.990029 1072864551
cloud1_tkemenade 24311687 2758 357

1713794070.9925983 1072864798
cloud0_tkemenade 26239431 2850 383

1713794070.9931152 1072864798
cloud1_tkemenade 24311687 2759 357

1713794071.1936836 1072864857
cloud0_tkemenade 26253812 2850 383

1713794071.1942275 1072864857
cloud1_tkemenade 24321274 2759 357

1713794072.1967232 1072865085
cloud0_tkemenade 26253812 2850 383

1713794072.1972578 1072865085
cloud1_tkemenade 24321274 2759 357

1713794073.1998029 1072865304
cloud0_tkemenade 26253812 2850 383

1713794073.200329 1072865304
cloud1_tkemenade 24321274 2759 358

1713794074.202773 1072865605
cloud0_tkemenade 26253812 2852 383

1713794074.203285 1072865607
cloud1_tkemenade 24321274 2759 358

1713794075.2057836 1072865823
cloud0_tkemenade 26253812 2852 383

1713794075.20629 1072865823
cloud1_tkemenade 24321274 2759 358

1713794076.2087774 1072866069
cloud0_tkemenade 26253812 2852 383

1713794076.2092795 1072866069
cloud1_tkemenade 24321274 2759 358

1713794077.2118478 1072866275
cloud0_tkemenade 26253812 2852 383

1713794077.2123685 1072866275
cloud1_tkemenade 24321274 2760 358

1713794078.2149456 1072866539
cloud0_tkemenade 26253812 2853 384

1713794078.2156718 1072866540
cloud1_tkemenade 24321274 2760 358

1713794078.316139 1072866575
cloud0_tkemenade 26271986 2853 384

1713794078.316679 1072866575
cloud1_tkemenade 24330361 2760 358

1713794079.319179 1072866813
cloud0_tkemenade 26271986 2853 384

1713794079.3196836 1072866813
cloud1_tkemenade 24330361 2760 358

1713794080.322131 1072867040
cloud0_tkemenade 26271986 2854 384

1713794080.3226407 1072867040
cloud1_tkemenade 24330361 2761 359

1713794081.325082 1072867306
cloud0_tkemenade 26271986 2854 384

1713794081.3255985 1072867306
cloud1_tkemenade 24330361 2761 359

1713794082.3280985 1072867531
cloud0_tkemenade 26271986 2854 384

1713794082.3286567 1072867531
cloud1_tkemenade 24330361 2761 359

1713794083.3312564 1072867750
cloud0_tkemenade 26271986 2855 384

1713794083.3318348 1072867750
cloud1_tkemenade 24330361 2762 359

1713794084.3343148 1072868038
cloud0_tkemenade 26271986 2855 384

1713794084.3348284 1072868038
cloud1_tkemenade 24330361 2762 359

1713794085.3371859 1072868244
cloud0_tkemenade 26271986 2855 384

1713794085.3377047 1072868244
cloud1_tkemenade 24330361 2762 359

1713794085.5383217 1072868284
cloud0_tkemenade 26280962 2855 384

1713794085.5386605 1072868284
cloud1_tkemenade 24343826 2762 359

1713794086.5409214 1072868535
cloud0_tkemenade 26280962 2856 384

1713794086.5412488 1072868535
cloud1_tkemenade 24343826 2763 359

1713794087.5434573 1072868745
cloud0_tkemenade 26280962 2856 384

1713794087.543966 1072868745
cloud1_tkemenade 24343826 2763 359

1713794088.5464418 1072869016
cloud0_tkemenade 26280962 2856 384

1713794088.5469773 1072869016
cloud1_tkemenade 24343826 2763 359

1713794089.5494456 1072869275
cloud0_tkemenade 26280962 2857 384

1713794089.5499656 1072869275
cloud1_tkemenade 24343826 2763 359

1713794090.5525484 1072869515
cloud0_tkemenade 26280962 2857 384

1713794090.553084 1072869515
cloud1_tkemenade 24343826 2763 359

1713794091.5557327 1072869771
cloud0_tkemenade 26280962 2857 384

1713794091.5562708 1072869771
cloud1_tkemenade 24343826 2764 359

1713794092.558903 1072870008
cloud0_tkemenade 26294760 2858 384

1713794092.5594478 1072870009
cloud1_tkemenade 24353025 2764 359

1713794093.5619838 1072870248
cloud0_tkemenade 26294760 2858 384

1713794093.5624888 1072870248
cloud1_tkemenade 24353025 2764 359

1713794094.5650284 1072870611
cloud0_tkemenade 26294760 2858 384

1713794094.5655744 1072870611
cloud1_tkemenade 24353025 2764 360

1713794095.5681677 1072870941
cloud0_tkemenade 26294760 2858 385

1713794095.5687032 1072870941
cloud1_tkemenade 24353025 2764 360

1713794096.5714233 1072871179
cloud0_tkemenade 26294760 2858 385

1713794096.5719402 1072871179
cloud1_tkemenade 24353025 2764 360

1713794097.574846 1072871472
cloud0_tkemenade 26294760 2858 385

1713794097.5752625 1072871472
cloud1_tkemenade 24353025 2764 360

1713794098.5776234 1072871807
cloud0_tkemenade 26294760 2859 385

1713794098.5779376 1072871807
cloud1_tkemenade 24353025 2764 360

1713794099.5798607 1072872066
cloud0_tkemenade 26294760 2859 385

1713794099.5803857 1072872066
cloud1_tkemenade 24353025 2765 360

1713794099.6808336 1072872094
cloud0_tkemenade 26304064 2859 385

1713794099.6813307 1072872094
cloud1_tkemenade 24362329 2765 360

1713794100.683755 1072872331
cloud0_tkemenade 26304064 2859 385

1713794100.6842742 1072872331
cloud1_tkemenade 24362329 2765 360

1713794101.6869369 1072872603
cloud0_tkemenade 26304064 2859 385

1713794101.6875288 1072872606
cloud1_tkemenade 24362329 2765 360

1713794102.6901414 1072872868
cloud0_tkemenade 26304064 2859 385

1713794102.6906629 1072872868
cloud1_tkemenade 24362329 2765 361

1713794103.6933136 1072873127
cloud0_tkemenade 26304064 2859 385

1713794103.693835 1072873127
cloud1_tkemenade 24362329 2765 361

1713794104.696633 1072873378
cloud0_tkemenade 26304064 2859 386

1713794104.6971433 1072873378
cloud1_tkemenade 24362329 2765 361

1713794105.6997736 1072873577
cloud0_tkemenade 26304064 2859 386

1713794105.7002883 1072873577
cloud1_tkemenade 24362329 2765 361

1713794106.7026691 1072873813
cloud0_tkemenade 26304064 2859 386

1713794106.703177 1072873813
cloud1_tkemenade 24362329 2766 361

1713794106.9037542 1072873874
cloud0_tkemenade 26308533 2859 386

1713794106.9042807 1072873874
cloud1_tkemenade 24371268 2766 361

1713794107.9066818 1072874106
cloud0_tkemenade 26308533 2859 386

1713794107.9071343 1072874106
cloud1_tkemenade 24371268 2766 361

1713794108.9095767 1072874377
cloud0_tkemenade 26308533 2860 386

1713794108.9101164 1072874377
cloud1_tkemenade 24371268 2766 361

1713794109.9127462 1072874612
cloud0_tkemenade 26308533 2860 386

1713794109.9132683 1072874612
cloud1_tkemenade 24371268 2766 361

1713794110.9158936 1072874854
cloud0_tkemenade 26308533 2860 387

1713794110.9164288 1072874854
cloud1_tkemenade 24371268 2766 362

1713794111.918991 1072875119
cloud0_tkemenade 26308533 2860 387

1713794111.9195347 1072875121
cloud1_tkemenade 24371268 2766 362

1713794112.9221623 1072875347
cloud0_tkemenade 26308533 2860 387

1713794112.9226565 1072875347
cloud1_tkemenade 24371268 2767 362

1713794113.9251359 1072875623
cloud0_tkemenade 26308533 2860 387

1713794113.9256444 1072875623
cloud1_tkemenade 24371268 2767 362

1713794114.1263833 1072875670
cloud0_tkemenade 26317518 2860 387

1713794114.1269217 1072875670
cloud1_tkemenade 24380253 2767 362

1713794115.1292982 1072875903
cloud0_tkemenade 26317518 2860 387

1713794115.129822 1072875903
cloud1_tkemenade 24380253 2767 362

1713794116.1321974 1072876131
cloud0_tkemenade 26317518 2860 387

1713794116.1327147 1072876131
cloud1_tkemenade 24380253 2767 362

1713794117.1353877 1072876406
cloud0_tkemenade 26317518 2861 387

1713794117.135883 1072876406
cloud1_tkemenade 24380253 2767 362

1713794118.1385324 1072876652
cloud0_tkemenade 26317518 2861 387

1713794118.139049 1072876652
cloud1_tkemenade 24380253 2767 362

1713794119.1416478 1072876907
cloud0_tkemenade 26317518 2861 388

1713794119.1421673 1072876907
cloud1_tkemenade 24380253 2768 362

1713794120.144623 1072877153
cloud0_tkemenade 26317518 2861 388

1713794120.1451406 1072877153
cloud1_tkemenade 24380253 2768 362

1713794121.1476953 1072877381
cloud0_tkemenade 26317518 2861 388

1713794121.1481845 1072877381
cloud1_tkemenade 24380253 2768 362

1713794121.2486193 1072877407
cloud0_tkemenade 26326549 2861 388

1713794121.2491457 1072877407
cloud1_tkemenade 24384768 2768 362

1713794122.2516997 1072877681
cloud0_tkemenade 26326549 2862 388

1713794122.2522118 1072877681
cloud1_tkemenade 24384768 2769 362

1713794123.2547429 1072877913
cloud0_tkemenade 26326549 2862 388

1713794123.2552617 1072877913
cloud1_tkemenade 24384768 2769 362

1713794124.2577145 1072878134
cloud0_tkemenade 26326549 2862 388

1713794124.2582295 1072878134
cloud1_tkemenade 24384768 2769 362

1713794125.260824 1072878597
cloud0_tkemenade 26326549 2862 388

1713794125.2613287 1072878597
cloud1_tkemenade 24384768 2769 363

1713794126.2637107 1072878838
cloud0_tkemenade 26326549 2863 388

1713794126.264226 1072878838
cloud1_tkemenade 24384768 2769 363

1713794127.2666938 1072879114
cloud0_tkemenade 26326549 2863 388

1713794127.2672067 1072879114
cloud1_tkemenade 24384768 2769 363

1713794128.2694802 1072879396
cloud0_tkemenade 26326549 2863 388

1713794128.2699502 1072879396
cloud1_tkemenade 24384768 2770 363

1713794128.3703754 1072879450
cloud0_tkemenade 26335672 2863 388

1713794128.3708432 1072879450
cloud1_tkemenade 24398453 2770 363

1713794129.3734615 1072879705
cloud0_tkemenade 26335672 2863 388

1713794129.3739743 1072879705
cloud1_tkemenade 24398453 2770 363

1713794130.3765986 1072879947
cloud0_tkemenade 26335672 2863 388

1713794130.3771203 1072879947
cloud1_tkemenade 24398453 2770 364

1713794131.3797197 1072880180
cloud0_tkemenade 26335672 2863 389

1713794131.3802292 1072880180
cloud1_tkemenade 24398453 2770 364

1713794132.382899 1072880422
cloud0_tkemenade 26335672 2863 389

1713794132.3834705 1072880424
cloud1_tkemenade 24398453 2770 364

1713794133.3860097 1072880637
cloud0_tkemenade 26335672 2864 389

1713794133.3865316 1072880637
cloud1_tkemenade 24398453 2771 364

1713794134.3890443 1072880910
cloud0_tkemenade 26335672 2864 389

1713794134.389563 1072880910
cloud1_tkemenade 24398453 2771 364

1713794135.3922434 1072881139
cloud0_tkemenade 26335672 2864 389

1713794135.3927453 1072881139
cloud1_tkemenade 24398453 2771 364

1713794135.5934277 1072881186
cloud0_tkemenade 26349099 2865 389

1713794135.5939403 1072881186
cloud1_tkemenade 24407404 2771 364

1713794136.5964797 1072881451
cloud0_tkemenade 26349099 2865 389

1713794136.597006 1072881451
cloud1_tkemenade 24407404 2772 364

1713794137.5997114 1072881672
cloud0_tkemenade 26349099 2865 389

1713794137.6002214 1072881672
cloud1_tkemenade 24407404 2772 364

1713794138.6028833 1072881974
cloud0_tkemenade 26349099 2865 389

1713794138.6034741 1072881975
cloud1_tkemenade 24407404 2772 364

1713794139.6061618 1072882191
cloud0_tkemenade 26349099 2865 389

1713794139.6066663 1072882191
cloud1_tkemenade 24407404 2773 364

1713794140.6092517 1072882453
cloud0_tkemenade 26349099 2865 389

1713794140.609755 1072882453
cloud1_tkemenade 24407404 2773 364

1713794141.6122625 1072882705
cloud0_tkemenade 26349099 2866 390

1713794141.612755 1072882705
cloud1_tkemenade 24407404 2773 365

1713794142.6152365 1072882932
cloud0_tkemenade 26349099 2866 390

1713794142.6157799 1072882932
cloud1_tkemenade 24407404 2773 365

1713794142.9167104 1072883023
cloud0_tkemenade 26357907 2866 390

1713794142.9172606 1072883023
cloud1_tkemenade 24420616 2773 365

1713794143.9197571 1072883267
cloud0_tkemenade 26357907 2866 390

1713794143.9202654 1072883267
cloud1_tkemenade 24420616 2773 365

1713794144.922705 1072883525
cloud0_tkemenade 26357907 2866 390

1713794144.9232166 1072883525
cloud1_tkemenade 24420616 2774 365

1713794145.9255676 1072883744
cloud0_tkemenade 26357907 2867 390

1713794145.9261081 1072883744
cloud1_tkemenade 24420616 2774 365

1713794146.928608 1072883985
cloud0_tkemenade 26357907 2867 390

1713794146.9291484 1072883985
cloud1_tkemenade 24420616 2774 365

1713794147.9314299 1072884209
cloud0_tkemenade 26357907 2867 390

1713794147.9319432 1072884209
cloud1_tkemenade 24420616 2775 365

1713794148.934457 1072884440
cloud0_tkemenade 26357907 2868 390

1713794148.9348567 1072884440
cloud1_tkemenade 24420616 2775 365

1713794149.9370062 1072884686
cloud0_tkemenade 26357907 2868 390

1713794149.9374955 1072884686
cloud1_tkemenade 24420616 2775 365

1713794150.0378947 1072884710
cloud0_tkemenade 26367029 2868 390

1713794150.0384192 1072884710
cloud1_tkemenade 24429738 2775 365

1713794151.0407152 1072884957
cloud0_tkemenade 26367029 2868 390

1713794151.0412345 1072884957
cloud1_tkemenade 24429738 2776 365

1713794152.0437717 1072885240
cloud0_tkemenade 26367029 2869 390

1713794152.044276 1072885240
cloud1_tkemenade 24429738 2776 365

1713794153.0466633 1072885472
cloud0_tkemenade 26367029 2869 390

1713794153.0471864 1072885472
cloud1_tkemenade 24429738 2776 365

1713794154.0498064 1072885683
cloud0_tkemenade 26367029 2869 390

1713794154.0503237 1072885683
cloud1_tkemenade 24429738 2776 365

1713794155.0529652 1072886153
cloud0_tkemenade 26367029 2870 390

1713794155.0534582 1072886153
cloud1_tkemenade 24429738 2776 366

1713794156.0561662 1072886406
cloud0_tkemenade 26367029 2870 390

1713794156.056681 1072886406
cloud1_tkemenade 24429738 2776 366

1713794157.0592015 1072886693
cloud0_tkemenade 26376282 2870 391

1713794157.0596669 1072886693
cloud1_tkemenade 24443618 2777 366

1713794158.0621414 1072886965
cloud0_tkemenade 26376282 2871 391

1713794158.062533 1072886965
cloud1_tkemenade 24443618 2777 366

1713794159.0650148 1072887257
cloud0_tkemenade 26376282 2871 391

1713794159.0655396 1072887257
cloud1_tkemenade 24443618 2777 367

1713794160.0682566 1072887511
cloud0_tkemenade 26376282 2871 391

1713794160.0687852 1072887511
cloud1_tkemenade 24443618 2777 367

1713794161.071368 1072887735
cloud0_tkemenade 26376282 2871 391

1713794161.0718825 1072887735
cloud1_tkemenade 24443618 2777 367

1713794162.0744457 1072887983
cloud0_tkemenade 26376282 2872 391

1713794162.0749106 1072887983
cloud1_tkemenade 24443618 2778 367

1713794163.0774314 1072888235
cloud0_tkemenade 26376282 2872 392

1713794163.077929 1072888235
cloud1_tkemenade 24443618 2778 367

1713794164.080495 1072888477
cloud0_tkemenade 26376282 2873 392

1713794164.0809996 1072888477
cloud1_tkemenade 24443618 2779 367

1713794164.2816863 1072888524
cloud0_tkemenade 26398765 2873 392

1713794164.282189 1072888524
cloud1_tkemenade 24457108 2779 367

1713794165.2845356 1072888748
cloud0_tkemenade 26398765 2873 392

1713794165.2850482 1072888748
cloud1_tkemenade 24457108 2779 367

1713794166.2875774 1072888982
cloud0_tkemenade 26398765 2873 392

1713794166.2880998 1072888982
cloud1_tkemenade 24457108 2779 367

1713794167.290605 1072889192
cloud0_tkemenade 26398765 2873 392

1713794167.2911747 1072889192
cloud1_tkemenade 24457108 2779 367

1713794168.2937722 1072889458
cloud0_tkemenade 26398765 2874 392

1713794168.2942724 1072889458
cloud1_tkemenade 24457108 2780 367

1713794169.296737 1072889694
cloud0_tkemenade 26398765 2874 392

1713794169.2972314 1072889694
cloud1_tkemenade 24457108 2780 367

1713794170.3006186 1072890045
cloud0_tkemenade 26398765 2874 392

1713794170.301122 1072890045
cloud1_tkemenade 24457108 2780 367

1713794171.3036957 1072890253
cloud0_tkemenade 26398765 2874 392

1713794171.3041863 1072890253
cloud1_tkemenade 24457108 2781 367

1713794171.404599 1072890285
cloud0_tkemenade 26403367 2874 392

1713794171.4049196 1072890285
cloud1_tkemenade 24466312 2781 367

1713794172.4071672 1072890529
cloud0_tkemenade 26403367 2874 393

1713794172.4077094 1072890529
cloud1_tkemenade 24466312 2781 367

1713794173.4101615 1072890754
cloud0_tkemenade 26403367 2874 393

1713794173.4106874 1072890754
cloud1_tkemenade 24466312 2781 367

1713794174.413079 1072891009
cloud0_tkemenade 26403367 2875 393

1713794174.4135911 1072891009
cloud1_tkemenade 24466312 2782 367

1713794175.4160373 1072891241
cloud0_tkemenade 26403367 2875 393

1713794175.416542 1072891241
cloud1_tkemenade 24466312 2782 367

1713794176.4189975 1072891459
cloud0_tkemenade 26403367 2875 393

1713794176.4195528 1072891460
cloud1_tkemenade 24466312 2782 367

1713794177.4219933 1072891730
cloud0_tkemenade 26403367 2875 393

1713794177.4225125 1072891730
cloud1_tkemenade 24466312 2782 367

1713794178.4248915 1072891961
cloud0_tkemenade 26403367 2876 393

1713794178.4253998 1072891961
cloud1_tkemenade 24466312 2782 367

1713794178.6261103 1072892023
cloud0_tkemenade 26416902 2876 393

1713794178.6266372 1072892023
cloud1_tkemenade 24470823 2782 367

1713794179.62901 1072892225
cloud0_tkemenade 26416902 2876 393

1713794179.629516 1072892225
cloud1_tkemenade 24470823 2783 367

1713794180.6319191 1072892464
cloud0_tkemenade 26416902 2876 393

1713794180.6324263 1072892464
cloud1_tkemenade 24470823 2783 367

1713794181.6348832 1072892683
cloud0_tkemenade 26416902 2877 393

1713794181.6354134 1072892683
cloud1_tkemenade 24470823 2783 367

1713794182.6379166 1072892932
cloud0_tkemenade 26416902 2877 393

1713794182.6384308 1072892932
cloud1_tkemenade 24470823 2784 367

1713794183.6410422 1072893136
cloud0_tkemenade 26416902 2877 393

1713794183.6415517 1072893136
cloud1_tkemenade 24470823 2784 367

1713794184.6443713 1072893431
cloud0_tkemenade 26416902 2877 393

1713794184.645004 1072893431
cloud1_tkemenade 24470823 2784 367

1713794185.647626 1072893766
cloud0_tkemenade 26416902 2877 393

1713794185.6481273 1072893766
cloud1_tkemenade 24470823 2784 367

1713794185.8488207 1072893801
cloud0_tkemenade 26421455 2877 393

1713794185.8493514 1072893801
cloud1_tkemenade 24479929 2784 367

1713794186.851773 1072894071
cloud0_tkemenade 26421455 2877 394

1713794186.8522816 1072894071
cloud1_tkemenade 24479929 2785 367

1713794187.8549519 1072894350
cloud0_tkemenade 26421455 2878 394

1713794187.8554792 1072894353
cloud1_tkemenade 24479929 2785 367

1713794188.8579865 1072894680
cloud0_tkemenade 26421455 2878 394

1713794188.8584979 1072894680
cloud1_tkemenade 24479929 2785 367

1713794189.860918 1072894880
cloud0_tkemenade 26421455 2878 394

1713794189.8614185 1072894880
cloud1_tkemenade 24479929 2785 367

1713794190.8640819 1072895110
cloud0_tkemenade 26421455 2878 394

1713794190.86458 1072895110
cloud1_tkemenade 24479929 2785 367

1713794191.86717 1072895323
cloud0_tkemenade 26421455 2878 394

1713794191.867687 1072895323
cloud1_tkemenade 24479929 2786 367

1713794192.8703184 1072895576
cloud0_tkemenade 26430574 2878 394

1713794192.8708372 1072895576
cloud1_tkemenade 24489048 2786 367

1713794193.873261 1072895838
cloud0_tkemenade 26430574 2878 395

1713794193.8737652 1072895838
cloud1_tkemenade 24489048 2786 368

1713794194.8762765 1072896059
cloud0_tkemenade 26430574 2878 395

1713794194.8767948 1072896059
cloud1_tkemenade 24489048 2786 368

1713794195.8793344 1072896271
cloud0_tkemenade 26430574 2879 395

1713794195.8798563 1072896271
cloud1_tkemenade 24489048 2786 368

1713794196.8824234 1072896507
cloud0_tkemenade 26430574 2879 395

1713794196.8829463 1072896507
cloud1_tkemenade 24489048 2786 368

1713794197.8854456 1072896761
cloud0_tkemenade 26430574 2879 395

1713794197.8859565 1072896761
cloud1_tkemenade 24489048 2787 368

1713794198.8885024 1072897029
cloud0_tkemenade 26430574 2880 395

1713794198.8888302 1072897029
cloud1_tkemenade 24489048 2787 368

1713794199.8939428 1072897231
cloud0_tkemenade 26430574 2880 395

1713794199.89554 1072897232
cloud1_tkemenade 24489048 2788 368

1713794200.096139 1072897304
cloud0_tkemenade 26444034 2880 395

1713794200.096467 1072897304
cloud1_tkemenade 24502508 2788 368

1713794201.0989337 1072897545
cloud0_tkemenade 26444034 2881 395

1713794201.0995061 1072897546
cloud1_tkemenade 24502508 2788 368

1713794202.1020443 1072897785
cloud0_tkemenade 26444034 2881 395

1713794202.102574 1072897785
cloud1_tkemenade 24502508 2788 368

1713794203.1050115 1072898039
cloud0_tkemenade 26444034 2881 395

1713794203.105509 1072898039
cloud1_tkemenade 24502508 2789 368

1713794204.1079688 1072898305
cloud0_tkemenade 26444034 2881 395

1713794204.1084788 1072898305
cloud1_tkemenade 24502508 2789 368

1713794205.1109202 1072898542
cloud0_tkemenade 26444034 2882 395

1713794205.1114888 1072898544
cloud1_tkemenade 24502508 2789 368

1713794206.1140797 1072898774
cloud0_tkemenade 26444034 2882 395

1713794206.1146092 1072898774
cloud1_tkemenade 24502508 2789 369

1713794207.1167912 1072899039
cloud0_tkemenade 26444034 2882 395

1713794207.117217 1072899039
cloud1_tkemenade 24502508 2790 369

1713794207.2176166 1072899063
cloud0_tkemenade 26452941 2882 395

1713794207.2180285 1072899063
cloud1_tkemenade 24515869 2790 369

1713794208.2205431 1072899329
cloud0_tkemenade 26452941 2883 396

1713794208.2210586 1072899329
cloud1_tkemenade 24515869 2790 369

1713794209.223707 1072899557
cloud0_tkemenade 26452941 2883 396

1713794209.2242172 1072899557
cloud1_tkemenade 24515869 2790 369

1713794210.226885 1072899804
cloud0_tkemenade 26452941 2883 396

1713794210.2272 1072899804
cloud1_tkemenade 24515869 2790 369

1713794211.229623 1072900042
cloud0_tkemenade 26452941 2884 396

1713794211.230158 1072900042
cloud1_tkemenade 24515869 2791 369

1713794212.2324555 1072900269
cloud0_tkemenade 26452941 2884 396

1713794212.232957 1072900269
cloud1_tkemenade 24515869 2791 369

1713794213.2353168 1072900525
cloud0_tkemenade 26452941 2884 396

1713794213.2358694 1072900525
cloud1_tkemenade 24515869 2791 369

1713794214.2381957 1072900741
cloud0_tkemenade 26452941 2885 396

1713794214.2386572 1072900741
cloud1_tkemenade 24515869 2792 369

1713794214.339085 1072900776
cloud0_tkemenade 26470964 2885 396

1713794214.3398314 1072900777
cloud1_tkemenade 24524880 2792 369

1713794215.3423083 1072901238
cloud0_tkemenade 26470964 2885 396

1713794215.3428366 1072901238
cloud1_tkemenade 24524880 2792 369

1713794216.3453948 1072901470
cloud0_tkemenade 26470964 2885 396

1713794216.3459144 1072901470
cloud1_tkemenade 24524880 2792 369

1713794217.3484519 1072901736
cloud0_tkemenade 26470964 2886 396

1713794217.3489635 1072901736
cloud1_tkemenade 24524880 2792 369

1713794218.351465 1072902028
cloud0_tkemenade 26470964 2886 396

1713794218.3519962 1072902028
cloud1_tkemenade 24524880 2793 369

1713794219.3545027 1072902290
cloud0_tkemenade 26470964 2886 396

1713794219.3550327 1072902290
cloud1_tkemenade 24524880 2793 369

1713794220.3575034 1072902551
cloud0_tkemenade 26470964 2887 396

1713794220.358045 1072902551
cloud1_tkemenade 24524880 2793 369

1713794221.3603768 1072902787
cloud0_tkemenade 26470964 2887 396

1713794221.360893 1072902787
cloud1_tkemenade 24524880 2794 369

1713794221.4613633 1072902809
cloud0_tkemenade 26480032 2887 396

1713794221.4619238 1072902809
cloud1_tkemenade 24533948 2794 369

1713794222.4645462 1072903074
cloud0_tkemenade 26480032 2887 396

1713794222.4650111 1072903074
cloud1_tkemenade 24533948 2794 369

1713794223.4675856 1072903321
cloud0_tkemenade 26480032 2888 396

1713794223.4681237 1072903321
cloud1_tkemenade 24533948 2794 369

1713794224.4706488 1072903599
cloud0_tkemenade 26480032 2933 399

1713794224.4711711 1072903599
cloud1_tkemenade 24533948 2795 369

1713794225.4735422 1072903862
cloud0_tkemenade 26480032 2957 404

1713794225.4740496 1072903862
cloud1_tkemenade 24533948 2795 369

1713794226.4766076 1072904087
cloud0_tkemenade 26480032 2958 404

1713794226.477125 1072904087
cloud1_tkemenade 24533948 2796 369

1713794227.4793775 1072904311
cloud0_tkemenade 26480032 2961 405

1713794227.4798634 1072904311
cloud1_tkemenade 24533948 2796 369

1713794228.482146 1072904591
cloud0_tkemenade 26480032 2961 405

1713794228.482654 1072904591
cloud1_tkemenade 24533948 2796 369

