1713803214.3946211 34735
cloud0_tkemenade 30344012 2866 353
cloud1_tkemenade 27956106 2827 352

1713803215.3974628 34744
cloud0_tkemenade 30344012 2866 353

1713803215.3979633 34744
cloud1_tkemenade 27956106 2828 353

1713803216.4002645 34749
cloud0_tkemenade 30344012 2867 353

1713803216.4005346 34749
cloud1_tkemenade 27956106 2828 353

1713803217.4026597 34772
cloud0_tkemenade 30344012 2871 354

1713803217.4031992 34772
cloud1_tkemenade 27956106 2829 353

1713803218.4056783 34777
cloud0_tkemenade 30344012 2872 354

1713803218.4062119 34777
cloud1_tkemenade 27956106 2834 353

1713803219.4086013 34797
cloud0_tkemenade 30344012 2872 354

1713803219.4091477 34797
cloud1_tkemenade 27956106 2836 354

1713803220.4115024 34800
cloud0_tkemenade 30344012 2873 354

1713803220.4120214 34800
cloud1_tkemenade 27956106 2836 355

1713803221.414464 34804
cloud0_tkemenade 30344012 2873 354

1713803221.4149735 34804
cloud1_tkemenade 27956106 2837 355

1713803222.4174814 34826
cloud0_tkemenade 30344012 2873 355

1713803222.418004 34826
cloud1_tkemenade 27956106 2837 355

1713803223.4205053 34840
cloud0_tkemenade 30344012 2873 355

1713803223.4210386 34840
cloud1_tkemenade 27956106 2838 355

1713803224.4234867 34842
cloud0_tkemenade 30344012 2874 355

1713803224.4239504 34842
cloud1_tkemenade 27956106 2839 355

1713803225.4264834 34864
cloud0_tkemenade 30344012 2883 356

1713803225.427004 34864
cloud1_tkemenade 27956106 2846 358

1713803226.429505 34866
cloud0_tkemenade 30344012 2883 356

1713803226.429913 34866
cloud1_tkemenade 27956106 2847 358

1713803227.432417 34875
cloud0_tkemenade 30344012 2884 356

1713803227.432956 34876
cloud1_tkemenade 27956106 2847 358

1713803228.4354546 34883
cloud0_tkemenade 30344012 2888 356

1713803228.4359636 34883
cloud1_tkemenade 27956106 2847 358

1713803229.4382987 34898
cloud0_tkemenade 30344012 2888 357

1713803229.438788 34898
cloud1_tkemenade 27956106 2851 359

1713803230.4411745 34904
cloud0_tkemenade 30344012 2888 358

1713803230.4416873 34904
cloud1_tkemenade 27956106 2852 359

1713803231.4441526 34906
cloud0_tkemenade 30344012 2889 358

1713803231.4445784 34906
cloud1_tkemenade 27956106 2853 360

1713803232.4470384 34950
cloud0_tkemenade 30344012 2889 358

1713803232.4475594 34950
cloud1_tkemenade 27956106 2864 360

1713803233.4500651 35000
cloud0_tkemenade 30344012 2899 358

1713803233.450589 35000
cloud1_tkemenade 27956106 2864 360

1713803234.4529953 35004
cloud0_tkemenade 30344012 2899 358

1713803234.4534335 35004
cloud1_tkemenade 27956106 2865 360

1713803235.4558702 35005
cloud0_tkemenade 30344012 2901 359

1713803235.4563253 35005
cloud1_tkemenade 27956106 2866 360

1713803235.9576032 35016
cloud0_tkemenade 30391813 2901 359

1713803235.9581165 35016
cloud1_tkemenade 28015858 2870 360

1713803236.9605708 35030
cloud0_tkemenade 30391813 2906 359

1713803236.9611032 35030
cloud1_tkemenade 28015858 2871 361

1713803237.9636064 35030
cloud0_tkemenade 30391813 2906 360

1713803237.9640462 35030
cloud1_tkemenade 28015858 2871 361

1713803238.9665475 35035
cloud0_tkemenade 30391813 2906 360

1713803238.9669886 35035
cloud1_tkemenade 28015858 2872 361

1713803239.9694986 35045
cloud0_tkemenade 30391813 2907 360

1713803239.969961 35045
cloud1_tkemenade 28015858 2872 361

1713803240.9724576 35061
cloud0_tkemenade 30391813 2908 360

1713803240.9729874 35062
cloud1_tkemenade 28015858 2886 361

1713803241.975627 35177
cloud0_tkemenade 30391813 2942 362

1713803241.9761345 35177
cloud1_tkemenade 28015858 2958 362

1713803242.978653 35248
cloud0_tkemenade 30693037 2996 363

1713803242.9789715 35248
cloud1_tkemenade 28304912 2958 363

1713803243.9812086 35250
cloud0_tkemenade 30693037 2996 363

1713803243.9816492 35250
cloud1_tkemenade 28304912 2959 363

1713803244.9841497 35254
cloud0_tkemenade 30693037 2997 363

1713803244.984578 35254
cloud1_tkemenade 28304912 2960 363

1713803245.9870996 35264
cloud0_tkemenade 30693037 2998 363

1713803245.9875543 35264
cloud1_tkemenade 28304912 2964 363

1713803246.9901037 35280
cloud0_tkemenade 30693037 3003 363

1713803246.9906113 35280
cloud1_tkemenade 28304912 2965 363

1713803247.993011 35282
cloud0_tkemenade 30693037 3004 363

1713803247.9934561 35282
cloud1_tkemenade 28304912 2965 363

1713803248.9958684 35286
cloud0_tkemenade 30693037 3004 363

1713803248.9962883 35286
cloud1_tkemenade 28304912 2965 363

1713803249.9986386 35292
cloud0_tkemenade 30693037 3005 363

1713803249.9990697 35292
cloud1_tkemenade 28304912 2966 363

1713803250.1997693 35302
cloud0_tkemenade 30719746 3005 363

1713803250.20023 35302
cloud1_tkemenade 28328653 2966 363

1713803251.2027423 35307
cloud0_tkemenade 30719746 3007 364

1713803251.2031631 35307
cloud1_tkemenade 28328653 2966 363

1713803252.2056496 35319
cloud0_tkemenade 30719746 3008 364

1713803252.2061634 35319
cloud1_tkemenade 28328653 2966 364

1713803253.2086856 35328
cloud0_tkemenade 30719746 3008 364

1713803253.209178 35328
cloud1_tkemenade 28328653 2967 364

1713803254.211595 35333
cloud0_tkemenade 30719746 3008 364

1713803254.2120502 35333
cloud1_tkemenade 28328653 2967 364

1713803255.2144861 35335
cloud0_tkemenade 30719746 3009 364

1713803255.2148843 35335
cloud1_tkemenade 28328653 2967 364

1713803256.2173398 35339
cloud0_tkemenade 30719746 3009 364

1713803256.2177742 35339
cloud1_tkemenade 28328653 2968 364

1713803257.2201614 35351
cloud0_tkemenade 30719746 3009 365

1713803257.2206185 35351
cloud1_tkemenade 28328653 2968 365

1713803257.321117 35356
cloud0_tkemenade 30737756 3009 365

1713803257.3215616 35356
cloud1_tkemenade 28340660 2968 365

1713803258.3240206 35360
cloud0_tkemenade 30737756 3009 365

1713803258.3244753 35360
cloud1_tkemenade 28340660 2968 365

1713803259.3269384 35365
cloud0_tkemenade 30737756 3010 365

1713803259.3273513 35365
cloud1_tkemenade 28340660 2968 365

1713803260.3298292 35380
cloud0_tkemenade 30737756 3010 365

1713803260.3302817 35380
cloud1_tkemenade 28340660 2968 366

1713803261.3327472 35389
cloud0_tkemenade 30737756 3010 366

1713803261.3331635 35389
cloud1_tkemenade 28340660 2968 366

1713803262.3355727 35406
cloud0_tkemenade 30737756 3010 366

1713803262.3360384 35406
cloud1_tkemenade 28340660 2968 366

1713803263.3385167 35411
cloud0_tkemenade 30737756 3010 366

1713803263.3389285 35411
cloud1_tkemenade 28340660 2968 367

1713803264.341293 35430
cloud0_tkemenade 30737756 3010 366

1713803264.3417754 35430
cloud1_tkemenade 28340660 2968 367

1713803264.4422581 35431
cloud0_tkemenade 30743751 3010 366

1713803264.4426892 35431
cloud1_tkemenade 28346655 2968 367

1713803265.4449766 35436
cloud0_tkemenade 30743751 3010 367

1713803265.445403 35436
cloud1_tkemenade 28346655 2968 367

1713803266.4478624 35438
cloud0_tkemenade 30743751 3010 367

1713803266.448263 35438
cloud1_tkemenade 28346655 2968 367

1713803267.4506893 35450
cloud0_tkemenade 30743751 3010 367

1713803267.4511795 35450
cloud1_tkemenade 28346655 2968 368

1713803268.453604 35454
cloud0_tkemenade 30743751 3010 367

1713803268.4540305 35454
cloud1_tkemenade 28346655 2968 369

1713803269.4564457 35462
cloud0_tkemenade 30743751 3010 368

1713803269.4569147 35462
cloud1_tkemenade 28346655 2968 369

1713803270.4593468 35464
cloud0_tkemenade 30743751 3011 368

1713803270.4597712 35464
cloud1_tkemenade 28346655 2968 369

1713803271.4622006 35470
cloud0_tkemenade 30743751 3011 368

1713803271.46261 35470
cloud1_tkemenade 28346655 2968 370

1713803271.5630765 35482
cloud0_tkemenade 30752586 3011 368

1713803271.5633674 35482
cloud1_tkemenade 28364325 2972 373

1713803272.5656514 35509
cloud0_tkemenade 30752586 3021 369

1713803272.5661614 35509
cloud1_tkemenade 28364325 2976 373

1713803273.5686462 35520
cloud0_tkemenade 30752586 3021 369

1713803273.5691593 35520
cloud1_tkemenade 28364325 2977 374

1713803274.5715225 35547
cloud0_tkemenade 30752586 3021 370

1713803274.5720146 35547
cloud1_tkemenade 28364325 2977 374

1713803275.574419 35563
cloud0_tkemenade 30752586 3021 370

1713803275.5749192 35563
cloud1_tkemenade 28364325 2981 374

1713803276.577395 35578
cloud0_tkemenade 30752586 3026 370

1713803276.577851 35578
cloud1_tkemenade 28364325 2981 374

1713803277.5801883 35602
cloud0_tkemenade 30752586 3026 371

1713803277.5807188 35603
cloud1_tkemenade 28364325 2982 375

1713803278.5829868 35622
cloud0_tkemenade 30807837 3026 371

1713803278.5834804 35622
cloud1_tkemenade 28413437 2982 375

1713803279.585817 35644
cloud0_tkemenade 30807837 3027 371

1713803279.5863352 35644
cloud1_tkemenade 28413437 2982 376

1713803280.5887291 35658
cloud0_tkemenade 30807837 3027 371

1713803280.589211 35658
cloud1_tkemenade 28413437 2982 376

1713803281.5916438 35668
cloud0_tkemenade 30807837 3027 372

1713803281.5921104 35668
cloud1_tkemenade 28413437 2983 376

1713803282.5945215 35684
cloud0_tkemenade 30807837 3027 372

1713803282.5950212 35684
cloud1_tkemenade 28413437 2983 376

1713803283.5973768 35705
cloud0_tkemenade 30807837 3027 372

1713803283.597836 35705
cloud1_tkemenade 28413437 2983 376

1713803284.6001918 35728
cloud0_tkemenade 30807837 3027 372

1713803284.600716 35728
cloud1_tkemenade 28413437 2983 376

1713803285.603121 35740
cloud0_tkemenade 30807837 3028 373

1713803285.6035974 35740
cloud1_tkemenade 28413437 2983 376

1713803285.8042881 35744
cloud0_tkemenade 30819779 3028 373

1713803285.8047693 35744
cloud1_tkemenade 28422393 2983 377

1713803286.8071153 35751
cloud0_tkemenade 30819779 3028 373

1713803286.8075674 35751
cloud1_tkemenade 28422393 2983 377

1713803287.8098724 35768
cloud0_tkemenade 30819779 3028 373

1713803287.8103368 35768
cloud1_tkemenade 28422393 2984 377

1713803288.8127804 35773
cloud0_tkemenade 30819779 3028 373

1713803288.8132606 35773
cloud1_tkemenade 28422393 2984 377

1713803289.8157017 35781
cloud0_tkemenade 30819779 3028 374

1713803289.8161573 35781
cloud1_tkemenade 28422393 2985 377

1713803290.8185523 35790
cloud0_tkemenade 30819779 3029 374

1713803290.818999 35790
cloud1_tkemenade 28422393 2985 377

1713803291.8214421 35797
cloud0_tkemenade 30819779 3030 374

1713803291.8218873 35797
cloud1_tkemenade 28422393 2985 377

1713803292.824035 35817
cloud0_tkemenade 30819779 3030 374

1713803292.8244886 35817
cloud1_tkemenade 28422393 2986 377

1713803292.924987 35826
cloud0_tkemenade 30828858 3030 374

1713803292.9254391 35826
cloud1_tkemenade 28431472 2986 377

1713803293.9278822 35833
cloud0_tkemenade 30828858 3030 374

1713803293.9283354 35833
cloud1_tkemenade 28431472 2986 377

1713803294.9307215 35852
cloud0_tkemenade 30828858 3030 374

1713803294.93122 35852
cloud1_tkemenade 28431472 2986 377

1713803295.9336467 35860
cloud0_tkemenade 30828858 3031 374

1713803295.934089 35860
cloud1_tkemenade 28431472 2986 377

1713803296.9365125 35867
cloud0_tkemenade 30828858 3031 374

1713803296.9369998 35867
cloud1_tkemenade 28431472 2986 377

1713803297.939392 35881
cloud0_tkemenade 30828858 3031 375

1713803297.939854 35881
cloud1_tkemenade 28431472 2987 378

1713803298.9422755 35888
cloud0_tkemenade 30828858 3032 375

1713803298.9427445 35888
cloud1_tkemenade 28431472 2987 378

1713803299.9448085 35904
cloud0_tkemenade 30828858 3032 375

1713803299.945274 35904
cloud1_tkemenade 28431472 2987 378

1713803300.1459627 35909
cloud0_tkemenade 30837838 3032 375

1713803300.1464229 35909
cloud1_tkemenade 28437458 2987 378

1713803301.1488962 35912
cloud0_tkemenade 30837838 3032 375

1713803301.1493702 35912
cloud1_tkemenade 28437458 2988 378

1713803302.151842 35916
cloud0_tkemenade 30837838 3033 375

1713803302.1522584 35916
cloud1_tkemenade 28437458 2988 378

1713803303.1547716 35930
cloud0_tkemenade 30837838 3033 376

1713803303.1552413 35930
cloud1_tkemenade 28437458 2988 379

1713803304.1575575 35930
cloud0_tkemenade 30837838 3033 376

1713803304.1579747 35930
cloud1_tkemenade 28437458 2989 379

1713803305.1604567 35947
cloud0_tkemenade 30837838 3033 376

1713803305.160938 35948
cloud1_tkemenade 28437458 2989 379

1713803306.1633966 35950
cloud0_tkemenade 30837838 3034 376

1713803306.1637988 35950
cloud1_tkemenade 28437458 2989 379

1713803307.166163 35952
cloud0_tkemenade 30837838 3034 376

1713803307.1665828 35952
cloud1_tkemenade 28437458 2990 379

1713803307.3672655 35957
cloud0_tkemenade 30847127 3034 376

1713803307.3677182 35957
cloud1_tkemenade 28449844 2990 379

1713803308.3700042 35966
cloud0_tkemenade 30847127 3034 376

1713803308.3704832 35966
cloud1_tkemenade 28449844 2990 379

1713803309.3729815 35972
cloud0_tkemenade 30847127 3035 376

1713803309.373431 35972
cloud1_tkemenade 28449844 2991 379

1713803310.3758378 35978
cloud0_tkemenade 30847127 3035 377

1713803310.376293 35978
cloud1_tkemenade 28449844 2991 379

1713803311.3787656 35982
cloud0_tkemenade 30847127 3036 377

1713803311.3791604 35982
cloud1_tkemenade 28449844 2991 379

1713803312.3816297 35986
cloud0_tkemenade 30847127 3036 377

1713803312.3820279 35986
cloud1_tkemenade 28449844 2992 379

1713803313.3844995 35997
cloud0_tkemenade 30847127 3036 377

1713803313.3850236 35997
cloud1_tkemenade 28449844 2992 379

1713803314.3874338 36002
cloud0_tkemenade 30847127 3037 377

1713803314.3878765 36002
cloud1_tkemenade 28449844 2992 379

1713803314.48834 36006
cloud0_tkemenade 30859123 3037 377

1713803314.4888036 36006
cloud1_tkemenade 28455842 2992 379

1713803315.4911919 36018
cloud0_tkemenade 30859123 3037 377

1713803315.4916935 36018
cloud1_tkemenade 28455842 2993 379

1713803316.494125 36022
cloud0_tkemenade 30859123 3037 377

1713803316.4945126 36022
cloud1_tkemenade 28455842 2993 379

1713803317.4969783 36028
cloud0_tkemenade 30859123 3038 377

1713803317.4974 36028
cloud1_tkemenade 28455842 2994 379

1713803318.499843 36038
cloud0_tkemenade 30859123 3038 377

1713803318.5003083 36038
cloud1_tkemenade 28455842 2994 379

1713803319.5027647 36041
cloud0_tkemenade 30859123 3038 377

1713803319.5031862 36041
cloud1_tkemenade 28455842 2994 379

1713803320.5056398 36044
cloud0_tkemenade 30859123 3039 377

1713803320.506048 36044
cloud1_tkemenade 28455842 2995 379

1713803321.5082388 36048
cloud0_tkemenade 30859123 3039 377

1713803321.5086322 36048
cloud1_tkemenade 28455842 2995 379

1713803321.7092626 36056
cloud0_tkemenade 30865163 3039 377

1713803321.7096734 36056
cloud1_tkemenade 28464903 2995 379

1713803322.71209 36059
cloud0_tkemenade 30865163 3039 377

1713803322.7124891 36059
cloud1_tkemenade 28464903 2995 379

1713803323.7148588 36070
cloud0_tkemenade 30865163 3040 377

1713803323.715311 36070
cloud1_tkemenade 28464903 2995 379

1713803324.7177222 36074
cloud0_tkemenade 30865163 3040 377

1713803324.7181327 36074
cloud1_tkemenade 28464903 2996 379

1713803325.7206082 36090
cloud0_tkemenade 30865163 3041 377

1713803325.7211368 36090
cloud1_tkemenade 28464903 2996 379

1713803326.723628 36100
cloud0_tkemenade 30865163 3041 377

1713803326.7240727 36100
cloud1_tkemenade 28464903 2996 379

1713803327.7265413 36102
cloud0_tkemenade 30865163 3041 377

1713803327.7269292 36102
cloud1_tkemenade 28464903 2997 379

1713803328.7292569 36120
cloud0_tkemenade 30865163 3041 377

1713803328.7297559 36120
cloud1_tkemenade 28464903 2997 379

1713803328.930443 36124
cloud0_tkemenade 30871232 3041 377

1713803328.9308887 36124
cloud1_tkemenade 28470972 2997 379

1713803329.9331348 36130
cloud0_tkemenade 30871232 3042 378

1713803329.9335322 36130
cloud1_tkemenade 28470972 2997 380

1713803330.9359868 36132
cloud0_tkemenade 30871232 3042 378

1713803330.9363809 36132
cloud1_tkemenade 28470972 2998 380

1713803331.9387639 36138
cloud0_tkemenade 30871232 3043 378

1713803331.9391496 36138
cloud1_tkemenade 28470972 2998 380

1713803332.9416604 36158
cloud0_tkemenade 30871232 3043 378

1713803332.942157 36158
cloud1_tkemenade 28470972 2998 380

1713803333.944545 36175
cloud0_tkemenade 30871232 3043 378

1713803333.9450266 36175
cloud1_tkemenade 28470972 2999 380

1713803334.9472704 36182
cloud0_tkemenade 30871232 3044 378

1713803334.9477487 36182
cloud1_tkemenade 28470972 2999 380

1713803335.9501545 36197
cloud0_tkemenade 30871232 3044 378

1713803335.9506269 36197
cloud1_tkemenade 28470972 2999 380

1713803336.0510895 36198
cloud0_tkemenade 30883299 3044 378

1713803336.0514889 36198
cloud1_tkemenade 28480022 2999 380

1713803337.0539157 36200
cloud0_tkemenade 30883299 3044 378

1713803337.0543096 36200
cloud1_tkemenade 28480022 3000 380

1713803338.0567713 36205
cloud0_tkemenade 30883299 3045 378

1713803338.057193 36205
cloud1_tkemenade 28480022 3000 380

1713803339.0597494 36217
cloud0_tkemenade 30883299 3045 378

1713803339.0602434 36217
cloud1_tkemenade 28480022 3001 380

1713803340.06264 36227
cloud0_tkemenade 30883299 3045 378

1713803340.0630968 36227
cloud1_tkemenade 28480022 3001 380

1713803341.0654945 36230
cloud0_tkemenade 30883299 3046 378

1713803341.0659008 36230
cloud1_tkemenade 28480022 3001 380

1713803342.0683305 36234
cloud0_tkemenade 30883299 3046 378

1713803342.0687191 36234
cloud1_tkemenade 28480022 3002 380

1713803343.0711555 36240
cloud0_tkemenade 30883299 3047 378

1713803343.0716155 36240
cloud1_tkemenade 28480022 3002 380

1713803343.1720383 36242
cloud0_tkemenade 30892213 3047 378

1713803343.1724918 36242
cloud1_tkemenade 28488936 3002 380

1713803344.1749058 36261
cloud0_tkemenade 30892213 3047 378

1713803344.175369 36261
cloud1_tkemenade 28488936 3002 380

1713803345.177588 36263
cloud0_tkemenade 30892213 3047 378

1713803345.1779735 36263
cloud1_tkemenade 28488936 3002 380

1713803346.180481 36277
cloud0_tkemenade 30892213 3047 378

1713803346.1809711 36277
cloud1_tkemenade 28488936 3003 380

1713803347.183386 36280
cloud0_tkemenade 30892213 3048 378

1713803347.1837883 36280
cloud1_tkemenade 28488936 3003 380

1713803348.1862328 36283
cloud0_tkemenade 30892213 3048 378

1713803348.1866424 36283
cloud1_tkemenade 28488936 3003 380

1713803349.1889963 36293
cloud0_tkemenade 30892213 3048 378

1713803349.1894932 36293
cloud1_tkemenade 28488936 3004 380

1713803350.1919272 36303
cloud0_tkemenade 30892213 3049 378

1713803350.1923738 36303
cloud1_tkemenade 28488936 3004 380

1713803350.3930707 36304
cloud0_tkemenade 30898201 3049 378

1713803350.3935125 36304
cloud1_tkemenade 28494924 3004 380

1713803351.3959262 36308
cloud0_tkemenade 30898201 3049 378

1713803351.3963315 36308
cloud1_tkemenade 28494924 3004 380

1713803352.3987808 36311
cloud0_tkemenade 30898201 3049 378

1713803352.3991795 36311
cloud1_tkemenade 28494924 3005 381

1713803353.4014523 36321
cloud0_tkemenade 30898201 3050 378

1713803353.4019015 36321
cloud1_tkemenade 28494924 3005 381

1713803354.4042134 36324
cloud0_tkemenade 30898201 3050 378

1713803354.4046485 36324
cloud1_tkemenade 28494924 3005 381

1713803355.4069512 36326
cloud0_tkemenade 30898201 3050 378

1713803355.407338 36326
cloud1_tkemenade 28494924 3006 381

1713803356.409558 36338
cloud0_tkemenade 30898201 3051 378

1713803356.4100192 36338
cloud1_tkemenade 28494924 3006 381

1713803357.4122903 36340
cloud0_tkemenade 30898201 3051 378

1713803357.4127276 36340
cloud1_tkemenade 28494924 3006 381

1713803357.5131996 36347
cloud0_tkemenade 30904205 3051 378

1713803357.5136352 36347
cloud1_tkemenade 28503930 3006 381

1713803358.5160754 36352
cloud0_tkemenade 30904205 3051 378

1713803358.5165725 36352
cloud1_tkemenade 28503930 3007 381

1713803359.519067 36365
cloud0_tkemenade 30904205 3051 378

1713803359.5195203 36365
cloud1_tkemenade 28503930 3007 381

1713803360.5219688 36368
cloud0_tkemenade 30904205 3051 379

1713803360.522394 36368
cloud1_tkemenade 28503930 3007 381

1713803361.524849 36372
cloud0_tkemenade 30904205 3052 379

1713803361.5252488 36372
cloud1_tkemenade 28503930 3008 381

1713803362.5276444 36376
cloud0_tkemenade 30904205 3052 379

1713803362.5280583 36376
cloud1_tkemenade 28503930 3008 381

1713803363.5305598 36386
cloud0_tkemenade 30904205 3052 379

1713803363.5310588 36386
cloud1_tkemenade 28503930 3008 381

1713803364.5334074 36388
cloud0_tkemenade 30904205 3053 379

1713803364.533818 36388
cloud1_tkemenade 28503930 3008 381

1713803364.7343924 36393
cloud0_tkemenade 30913312 3053 379

1713803364.734829 36393
cloud1_tkemenade 28510001 3008 381

1713803365.7369962 36398
cloud0_tkemenade 30913312 3053 379

1713803365.7374153 36398
cloud1_tkemenade 28510001 3008 382

1713803366.7398813 36420
cloud0_tkemenade 30913312 3053 379

1713803366.740386 36420
cloud1_tkemenade 28510001 3008 382

1713803367.742854 36424
cloud0_tkemenade 30913312 3053 379

1713803367.7432785 36424
cloud1_tkemenade 28510001 3009 382

1713803368.7456863 36436
cloud0_tkemenade 30913312 3054 379

1713803368.746155 36436
cloud1_tkemenade 28510001 3009 382

1713803369.7486155 36443
cloud0_tkemenade 30913312 3054 379

1713803369.7490623 36443
cloud1_tkemenade 28510001 3009 382

1713803370.7514696 36450
cloud0_tkemenade 30913312 3055 379

1713803370.7518692 36450
cloud1_tkemenade 28510001 3009 382

1713803371.7542274 36456
cloud0_tkemenade 30913312 3055 379

1713803371.7546685 36456
cloud1_tkemenade 28510001 3010 382

1713803371.8551233 36457
cloud0_tkemenade 30919397 3055 379

1713803371.855526 36457
cloud1_tkemenade 28519129 3010 382

1713803372.8579285 36461
cloud0_tkemenade 30919397 3055 379

1713803372.8583744 36461
cloud1_tkemenade 28519129 3010 382

1713803373.8608873 36471
cloud0_tkemenade 30919397 3055 379

1713803373.861341 36471
cloud1_tkemenade 28519129 3010 382

1713803374.8638055 36475
cloud0_tkemenade 30919397 3056 379

1713803374.8642282 36475
cloud1_tkemenade 28519129 3010 382

1713803375.8666995 36478
cloud0_tkemenade 30919397 3056 379

1713803375.8670807 36478
cloud1_tkemenade 28519129 3011 382

1713803376.86958 36493
cloud0_tkemenade 30919397 3056 382

1713803376.870048 36493
cloud1_tkemenade 28519129 3011 382

1713803377.8725321 36497
cloud0_tkemenade 30919397 3056 382

1713803377.8729537 36497
cloud1_tkemenade 28519129 3012 382

1713803378.8753607 36508
cloud0_tkemenade 30919397 3057 382

1713803378.8758664 36508
cloud1_tkemenade 28519129 3012 382

1713803378.9763377 36513
cloud0_tkemenade 30934244 3057 382

1713803378.9769208 36513
cloud1_tkemenade 28525067 3012 382

1713803379.9793718 36526
cloud0_tkemenade 30934244 3057 382

1713803379.9798207 36526
cloud1_tkemenade 28525067 3012 382

1713803380.9822817 36528
cloud0_tkemenade 30934244 3058 382

1713803380.9826732 36528
cloud1_tkemenade 28525067 3012 382

1713803381.9851687 36532
cloud0_tkemenade 30934244 3058 382

1713803381.9855676 36532
cloud1_tkemenade 28525067 3013 382

1713803382.988024 36538
cloud0_tkemenade 30934244 3058 382

1713803382.9884143 36538
cloud1_tkemenade 28525067 3013 382

1713803383.9908247 36548
cloud0_tkemenade 30934244 3059 382

1713803383.9912767 36548
cloud1_tkemenade 28525067 3013 382

1713803384.9937258 36552
cloud0_tkemenade 30934244 3059 382

1713803384.994142 36552
cloud1_tkemenade 28525067 3014 382

1713803385.996571 36555
cloud0_tkemenade 30934244 3060 382

1713803385.996988 36555
cloud1_tkemenade 28525067 3014 383

1713803386.0974426 36559
cloud0_tkemenade 30943222 3060 382

1713803386.0978673 36559
cloud1_tkemenade 28534045 3014 383

1713803387.10026 36582
cloud0_tkemenade 30943222 3060 382

1713803387.100751 36583
cloud1_tkemenade 28534045 3014 383

1713803388.1032312 36585
cloud0_tkemenade 30943222 3060 382

1713803388.103665 36585
cloud1_tkemenade 28534045 3015 383

1713803389.1061227 36596
cloud0_tkemenade 30943222 3061 382

1713803389.1066258 36596
cloud1_tkemenade 28534045 3015 383

1713803390.1091127 36608
cloud0_tkemenade 30943222 3061 382

1713803390.1095579 36608
cloud1_tkemenade 28534045 3015 383

1713803391.1120358 36613
cloud0_tkemenade 30943222 3062 382

1713803391.1124403 36613
cloud1_tkemenade 28534045 3015 383

1713803392.1148548 36619
cloud0_tkemenade 30943222 3062 382

1713803392.115269 36619
cloud1_tkemenade 28534045 3016 383

1713803393.1174319 36630
cloud0_tkemenade 30943222 3063 382

1713803393.1178892 36630
cloud1_tkemenade 28534045 3016 383

1713803393.2182953 36640
cloud0_tkemenade 30952214 3063 382

1713803393.2187228 36640
cloud1_tkemenade 28540040 3016 383

1713803394.2209365 36679
cloud0_tkemenade 30952214 3063 382

1713803394.2214282 36679
cloud1_tkemenade 28540040 3016 383

1713803395.2237985 36690
cloud0_tkemenade 30952214 3063 382

1713803395.2242632 36690
cloud1_tkemenade 28540040 3016 383

1713803396.2264261 36700
cloud0_tkemenade 30952214 3064 382

1713803396.2268722 36700
cloud1_tkemenade 28540040 3017 383

1713803397.2293015 36717
cloud0_tkemenade 30952214 3064 382

1713803397.2297924 36717
cloud1_tkemenade 28540040 3017 384

1713803398.232203 36725
cloud0_tkemenade 30952214 3064 382

1713803398.2326617 36726
cloud1_tkemenade 28540040 3017 384

1713803399.2349153 36741
cloud0_tkemenade 30952214 3064 382

1713803399.2355149 36741
cloud1_tkemenade 28540040 3018 384

1713803400.2379177 36753
cloud0_tkemenade 30952214 3065 382

1713803400.2383873 36753
cloud1_tkemenade 28540040 3018 384

1713803400.4390135 36758
cloud0_tkemenade 30958209 3065 382

1713803400.4394677 36758
cloud1_tkemenade 28549032 3018 384

1713803401.441844 36767
cloud0_tkemenade 30958209 3065 382

1713803401.4422941 36767
cloud1_tkemenade 28549032 3018 384

1713803402.4447522 36776
cloud0_tkemenade 30958209 3066 382

1713803402.4452007 36776
cloud1_tkemenade 28549032 3019 384

1713803403.447568 36788
cloud0_tkemenade 30958209 3066 382

1713803403.4480484 36788
cloud1_tkemenade 28549032 3019 384

1713803404.4500828 36808
cloud0_tkemenade 30958209 3066 382

1713803404.4505787 36808
cloud1_tkemenade 28549032 3019 384

1713803405.4529867 36816
cloud0_tkemenade 30958209 3067 382

1713803405.453413 36816
cloud1_tkemenade 28549032 3020 384

1713803406.4557252 36828
cloud0_tkemenade 30958209 3067 383

1713803406.4561467 36828
cloud1_tkemenade 28549032 3020 384

1713803407.4583254 36850
cloud0_tkemenade 30958209 3067 383

1713803407.4588194 36850
cloud1_tkemenade 28549032 3020 384

1713803407.6594987 36856
cloud0_tkemenade 30967211 3067 383

1713803407.6599433 36856
cloud1_tkemenade 28555033 3020 384

1713803408.662285 36862
cloud0_tkemenade 30967211 3068 383

1713803408.6627514 36862
cloud1_tkemenade 28555033 3021 384

1713803409.6650345 36875
cloud0_tkemenade 30967211 3068 383

1713803409.6655295 36875
cloud1_tkemenade 28555033 3021 385

1713803410.6678758 36877
cloud0_tkemenade 30967211 3068 383

1713803410.6682901 36877
cloud1_tkemenade 28555033 3021 385

1713803411.670703 36880
cloud0_tkemenade 30967211 3068 383

1713803411.6710854 36880
cloud1_tkemenade 28555033 3022 385

1713803412.67347 36884
cloud0_tkemenade 30967211 3068 384

1713803412.6739001 36884
cloud1_tkemenade 28555033 3022 385

1713803413.676331 36890
cloud0_tkemenade 30967211 3069 384

1713803413.676768 36890
cloud1_tkemenade 28555033 3022 386

1713803414.6791537 36900
cloud0_tkemenade 30967211 3069 384

1713803414.6796458 36900
cloud1_tkemenade 28555033 3022 386

1713803414.7801032 36903
cloud0_tkemenade 30976103 3069 384

1713803414.7805266 36903
cloud1_tkemenade 28566889 3022 386

1713803415.7829664 36906
cloud0_tkemenade 30976103 3069 384

1713803415.7833655 36906
cloud1_tkemenade 28566889 3022 386

1713803416.785699 36910
cloud0_tkemenade 30976103 3070 384

1713803416.7860956 36910
cloud1_tkemenade 28566889 3023 386

1713803417.7885215 36933
cloud0_tkemenade 30976103 3071 384

1713803417.7890394 36933
cloud1_tkemenade 28566889 3024 386

1713803418.791465 36959
cloud0_tkemenade 30976103 3071 384

1713803418.7919443 36959
cloud1_tkemenade 28566889 3024 386

1713803419.7943914 36972
cloud0_tkemenade 30976103 3072 384

1713803419.7948778 36972
cloud1_tkemenade 28566889 3024 386

1713803420.7971714 36974
cloud0_tkemenade 30976103 3072 384

1713803420.7975805 36974
cloud1_tkemenade 28566889 3025 386

1713803421.7999847 36979
cloud0_tkemenade 30976103 3073 384

1713803421.8003888 36979
cloud1_tkemenade 28566889 3025 386

1713803422.1011522 36989
cloud0_tkemenade 30987765 3073 384

1713803422.1016185 36989
cloud1_tkemenade 28575635 3025 386

1713803423.103971 36994
cloud0_tkemenade 30987765 3073 384

1713803423.1044035 36994
cloud1_tkemenade 28575635 3025 387

1713803424.106841 36995
cloud0_tkemenade 30987765 3073 384

1713803424.1072443 36995
cloud1_tkemenade 28575635 3026 387

1713803425.1097534 37009
cloud0_tkemenade 30987765 3073 384

1713803425.1102352 37009
cloud1_tkemenade 28575635 3026 387

1713803426.1126926 37030
cloud0_tkemenade 30987765 3074 384

1713803426.1131215 37030
cloud1_tkemenade 28575635 3026 387

1713803427.1155682 37036
cloud0_tkemenade 30987765 3074 384

1713803427.1159892 37036
cloud1_tkemenade 28575635 3026 387

1713803428.11827 37049
cloud0_tkemenade 30987765 3074 384

1713803428.1187441 37049
cloud1_tkemenade 28575635 3026 388

1713803429.1211321 37056
cloud0_tkemenade 30987765 3074 384

1713803429.1215925 37056
cloud1_tkemenade 28575635 3026 388

1713803429.3222566 37065
cloud0_tkemenade 30990734 3074 384

1713803429.322773 37065
cloud1_tkemenade 28584542 3027 388

1713803430.3251815 37070
cloud0_tkemenade 30990734 3075 384

1713803430.3256235 37070
cloud1_tkemenade 28584542 3027 388

1713803431.3280323 37071
cloud0_tkemenade 30990734 3076 384

1713803431.3284261 37071
cloud1_tkemenade 28584542 3027 388

1713803432.3308768 37073
cloud0_tkemenade 30990734 3076 384

1713803432.3312795 37073
cloud1_tkemenade 28584542 3028 388

1713803433.3336606 37077
cloud0_tkemenade 30990734 3076 384

1713803433.334103 37077
cloud1_tkemenade 28584542 3028 388

1713803434.3366368 37094
cloud0_tkemenade 30990734 3076 384

1713803434.3371665 37094
cloud1_tkemenade 28584542 3028 389

1713803435.3395786 37098
cloud0_tkemenade 30990734 3076 384

1713803435.3400137 37098
cloud1_tkemenade 28584542 3028 389

1713803436.3424177 37104
cloud0_tkemenade 30990734 3076 384

1713803436.3428733 37104
cloud1_tkemenade 28584542 3028 389

1713803436.4433274 37105
cloud0_tkemenade 30996740 3076 384

1713803436.443716 37105
cloud1_tkemenade 28593552 3028 389

1713803437.4461842 37109
cloud0_tkemenade 30996740 3077 384

1713803437.4465775 37109
cloud1_tkemenade 28593552 3028 389

1713803438.4490016 37130
cloud0_tkemenade 30996740 3077 385

1713803438.4494796 37130
cloud1_tkemenade 28593552 3028 390

1713803439.452011 37143
cloud0_tkemenade 30996740 3077 385

1713803439.4523878 37143
cloud1_tkemenade 28593552 3028 390

1713803440.454706 37154
cloud0_tkemenade 30996740 3077 386

1713803440.4551265 37154
cloud1_tkemenade 28593552 3028 391

1713803441.457605 37160
cloud0_tkemenade 30996740 3077 386

1713803441.4579983 37160
cloud1_tkemenade 28593552 3028 391

1713803442.460461 37167
cloud0_tkemenade 30996740 3077 387

1713803442.4608605 37167
cloud1_tkemenade 28593552 3028 392

1713803443.4633386 37174
cloud0_tkemenade 31008723 3077 387

1713803443.4637957 37174
cloud1_tkemenade 28602539 3028 392

1713803444.466199 37186
cloud0_tkemenade 31008723 3077 387

1713803444.4665203 37186
cloud1_tkemenade 28602539 3028 392

1713803445.4688737 37191
cloud0_tkemenade 31008723 3077 388

1713803445.4693024 37191
cloud1_tkemenade 28602539 3028 392

1713803446.4717128 37204
cloud0_tkemenade 31008723 3077 388

1713803446.4721696 37204
cloud1_tkemenade 28602539 3028 393

1713803447.4746382 37214
cloud0_tkemenade 31008723 3077 388

1713803447.4751213 37214
cloud1_tkemenade 28602539 3028 393

1713803448.4775746 37234
cloud0_tkemenade 31008723 3077 388

1713803448.478062 37234
cloud1_tkemenade 28602539 3028 393

1713803449.4805403 37251
cloud0_tkemenade 31008723 3077 389

1713803449.4810526 37251
cloud1_tkemenade 28602539 3028 394

1713803450.483465 37257
cloud0_tkemenade 31008723 3077 389

1713803450.4839168 37257
cloud1_tkemenade 28602539 3028 394

1713803450.5843592 37264
cloud0_tkemenade 31014975 3077 389

1713803450.584776 37264
cloud1_tkemenade 28608791 3028 394

1713803451.5871687 37270
cloud0_tkemenade 31014975 3077 390

1713803451.5875604 37270
cloud1_tkemenade 28608791 3028 394

1713803452.5898974 37283
cloud0_tkemenade 31014975 3077 390

1713803452.5903988 37283
cloud1_tkemenade 28608791 3028 395

1713803453.5928764 37299
cloud0_tkemenade 31014975 3077 390

1713803453.5933611 37299
cloud1_tkemenade 28608791 3028 395

1713803454.595815 37307
cloud0_tkemenade 31014975 3077 390

1713803454.5962853 37307
cloud1_tkemenade 28608791 3028 396

1713803455.598732 37312
cloud0_tkemenade 31014975 3077 391

1713803455.5991197 37312
cloud1_tkemenade 28608791 3028 396

1713803456.6015096 37312
cloud0_tkemenade 31014975 3077 391

1713803456.6018815 37312
cloud1_tkemenade 28608791 3028 396

1713803457.6042864 37314
cloud0_tkemenade 31014975 3077 391

1713803457.6047432 37315
cloud1_tkemenade 28608791 3028 396

1713803457.8054285 37320
cloud0_tkemenade 31021540 3077 391

1713803457.8058448 37320
cloud1_tkemenade 28615356 3028 396

1713803458.808273 37332
cloud0_tkemenade 31021540 3077 392

1713803458.808809 37332
cloud1_tkemenade 28615356 3028 397

1713803459.8112755 37341
cloud0_tkemenade 31021540 3077 392

1713803459.8118527 37341
cloud1_tkemenade 28615356 3028 397

1713803460.8142617 37344
cloud0_tkemenade 31021540 3077 392

1713803460.814707 37344
cloud1_tkemenade 28615356 3028 397

1713803461.8171144 37351
cloud0_tkemenade 31021540 3077 393

1713803461.8176098 37351
cloud1_tkemenade 28615356 3028 398

1713803462.8201075 37360
cloud0_tkemenade 31021540 3077 393

1713803462.8205974 37360
cloud1_tkemenade 28615356 3028 399

1713803463.823095 37366
cloud0_tkemenade 31021540 3077 393

1713803463.8235483 37366
cloud1_tkemenade 28615356 3028 399

1713803464.8258004 37375
cloud0_tkemenade 31021540 3077 394

1713803464.8262658 37375
cloud1_tkemenade 28615356 3028 399

1713803464.926664 37378
cloud0_tkemenade 31030562 3077 394

1713803464.9271226 37378
cloud1_tkemenade 28624378 3028 399

1713803465.9296098 37382
cloud0_tkemenade 31030562 3077 394

1713803465.9300203 37382
cloud1_tkemenade 28624378 3028 400

1713803466.9324465 37386
cloud0_tkemenade 31030562 3077 395

1713803466.9328606 37386
cloud1_tkemenade 28624378 3028 400

1713803467.9353034 37389
cloud0_tkemenade 31030562 3077 395

1713803467.9356925 37389
cloud1_tkemenade 28624378 3028 400

1713803468.9381351 37401
cloud0_tkemenade 31030562 3077 395

1713803468.9386258 37401
cloud1_tkemenade 28624378 3028 401

1713803469.941115 37421
cloud0_tkemenade 31030562 3077 396

1713803469.9415727 37421
cloud1_tkemenade 28624378 3028 401

1713803470.9439223 37425
cloud0_tkemenade 31030562 3077 396

1713803470.9443305 37425
cloud1_tkemenade 28624378 3028 402

1713803471.9466884 37426
cloud0_tkemenade 31030562 3077 397

1713803471.9470875 37426
cloud1_tkemenade 28624378 3028 402

1713803472.2479777 37432
cloud0_tkemenade 31039332 3077 397

1713803472.2484143 37432
cloud1_tkemenade 28633148 3028 402

1713803473.250742 37434
cloud0_tkemenade 31039332 3077 397

1713803473.2511756 37434
cloud1_tkemenade 28633148 3028 402

1713803474.2536454 37437
cloud0_tkemenade 31039332 3077 397

1713803474.254056 37437
cloud1_tkemenade 28633148 3029 403

1713803475.2564943 37447
cloud0_tkemenade 31039332 3077 398

1713803475.2569969 37447
cloud1_tkemenade 28633148 3029 403

1713803476.259393 37455
cloud0_tkemenade 31039332 3077 398

1713803476.2597823 37455
cloud1_tkemenade 28633148 3029 403

1713803477.2622223 37457
cloud0_tkemenade 31039332 3077 398

1713803477.2626007 37457
cloud1_tkemenade 28633148 3029 403

1713803478.2650433 37461
cloud0_tkemenade 31039332 3077 399

1713803478.2654543 37461
cloud1_tkemenade 28633148 3029 403

1713803479.267821 37481
cloud0_tkemenade 31039332 3077 399

1713803479.26833 37481
cloud1_tkemenade 28633148 3030 403

1713803479.468984 37490
cloud0_tkemenade 31045266 3077 399

1713803479.4694457 37490
cloud1_tkemenade 28642049 3030 403

1713803480.4718416 37506
cloud0_tkemenade 31045266 3077 400

1713803480.4723547 37506
cloud1_tkemenade 28642049 3030 403

1713803481.4747794 37510
cloud0_tkemenade 31045266 3077 401

1713803481.4751952 37510
cloud1_tkemenade 28642049 3031 403

1713803482.477638 37514
cloud0_tkemenade 31045266 3077 401

1713803482.4780443 37514
cloud1_tkemenade 28642049 3031 403

1713803483.4804983 37516
cloud0_tkemenade 31045266 3077 401

1713803483.4809275 37517
cloud1_tkemenade 28642049 3032 403

1713803484.4833822 37520
cloud0_tkemenade 31045266 3077 401

1713803484.4837725 37520
cloud1_tkemenade 28642049 3032 403

1713803485.4861538 37531
cloud0_tkemenade 31045266 3077 402

1713803485.4866507 37531
cloud1_tkemenade 28642049 3032 404

1713803486.4890814 37538
cloud0_tkemenade 31045266 3077 402

1713803486.4895082 37538
cloud1_tkemenade 28642049 3032 404

1713803486.589897 37541
cloud0_tkemenade 31054266 3077 402

1713803486.590314 37541
cloud1_tkemenade 28651049 3032 404

1713803487.5926156 37545
cloud0_tkemenade 31054266 3077 403

1713803487.5930002 37545
cloud1_tkemenade 28651049 3033 404

1713803488.5954392 37548
cloud0_tkemenade 31054266 3077 403

1713803488.5958586 37548
cloud1_tkemenade 28651049 3033 404

1713803489.5980744 37583
cloud0_tkemenade 31054266 3077 403

1713803489.598578 37583
cloud1_tkemenade 28651049 3033 404

1713803490.601011 37592
cloud0_tkemenade 31054266 3077 403

1713803490.6015103 37592
cloud1_tkemenade 28651049 3033 404

1713803491.603853 37595
cloud0_tkemenade 31054266 3078 403

1713803491.604249 37595
cloud1_tkemenade 28651049 3033 404

1713803492.6065836 37601
cloud0_tkemenade 31054266 3078 403

1713803492.6070123 37601
cloud1_tkemenade 28651049 3033 405

1713803493.609377 37604
cloud0_tkemenade 31054266 3078 404

1713803493.609823 37604
cloud1_tkemenade 28651049 3033 406

1713803493.8104517 37613
cloud0_tkemenade 31063088 3078 404

1713803493.8108819 37613
cloud1_tkemenade 28659871 3033 406

1713803494.8132982 37616
cloud0_tkemenade 31063088 3079 404

1713803494.813704 37616
cloud1_tkemenade 28659871 3034 406

1713803495.8161328 37626
cloud0_tkemenade 31063088 3079 404

1713803495.8166249 37626
cloud1_tkemenade 28659871 3034 406

1713803496.819152 37631
cloud0_tkemenade 31063088 3079 404

1713803496.8195403 37631
cloud1_tkemenade 28659871 3034 406

1713803497.821995 37634
cloud0_tkemenade 31063088 3079 404

1713803497.8224154 37634
cloud1_tkemenade 28659871 3034 406

1713803498.8248684 37642
cloud0_tkemenade 31063088 3080 404

1713803498.8253133 37642
cloud1_tkemenade 28659871 3034 406

1713803499.8277853 37660
cloud0_tkemenade 31063088 3080 405

1713803499.8283021 37660
cloud1_tkemenade 28659871 3035 406

1713803500.8306518 37670
cloud0_tkemenade 31063088 3080 405

1713803500.8311412 37670
cloud1_tkemenade 28659871 3035 406

1713803500.9316058 37676
cloud0_tkemenade 31072256 3081 405

1713803500.9320245 37676
cloud1_tkemenade 28665983 3035 406

1713803501.9344673 37680
cloud0_tkemenade 31072256 3081 405

1713803501.9348881 37680
cloud1_tkemenade 28665983 3036 407

1713803502.9373472 37686
cloud0_tkemenade 31072256 3082 405

1713803502.9377491 37686
cloud1_tkemenade 28665983 3036 407

1713803503.9401631 37693
cloud0_tkemenade 31072256 3082 405

1713803503.9406385 37693
cloud1_tkemenade 28665983 3037 407

1713803504.9431202 37695
cloud0_tkemenade 31072256 3082 405

1713803504.9435728 37695
cloud1_tkemenade 28665983 3037 407

1713803505.946046 37707
cloud0_tkemenade 31072256 3083 405

1713803505.946532 37707
cloud1_tkemenade 28665983 3038 407

1713803506.9489875 37710
cloud0_tkemenade 31072256 3083 405

1713803506.9494057 37710
cloud1_tkemenade 28665983 3038 407

1713803507.9518256 37722
cloud0_tkemenade 31072256 3084 405

1713803507.9522636 37722
cloud1_tkemenade 28665983 3039 407

1713803508.0527341 37723
cloud0_tkemenade 31084194 3084 405

1713803508.0531511 37723
cloud1_tkemenade 28680906 3039 407

1713803509.0555806 37724
cloud0_tkemenade 31084194 3084 405

1713803509.0560002 37724
cloud1_tkemenade 28680906 3039 407

1713803510.058413 37753
cloud0_tkemenade 31084194 3084 405

1713803510.0589113 37753
cloud1_tkemenade 28680906 3039 407

1713803511.0614395 37762
cloud0_tkemenade 31084194 3085 405

1713803511.0619323 37762
cloud1_tkemenade 28680906 3040 407

1713803512.0644155 37767
cloud0_tkemenade 31084194 3085 405

1713803512.0648806 37767
cloud1_tkemenade 28680906 3040 407

1713803513.0673406 37772
cloud0_tkemenade 31084194 3085 405

1713803513.0677936 37772
cloud1_tkemenade 28680906 3041 407

1713803514.070289 37774
cloud0_tkemenade 31084194 3086 405

1713803514.070714 37774
cloud1_tkemenade 28680906 3041 407

