1713794359.0688305 1072979891
cloud0_tkemenade 26859364 2622 306
cloud1_tkemenade 24543088 2608 326

1713794360.0712829 1072980388
cloud0_tkemenade 26859364 2622 306

1713794360.071788 1072980388
cloud1_tkemenade 24543088 2608 327

1713794361.0741515 1072980887
cloud0_tkemenade 26859364 2623 306

1713794361.074659 1072980887
cloud1_tkemenade 24543088 2609 327

1713794362.0768964 1072981393
cloud0_tkemenade 26859364 2623 306

1713794362.077395 1072981393
cloud1_tkemenade 24543088 2609 327

1713794363.079833 1072981839
cloud0_tkemenade 26859364 2624 306

1713794363.0803294 1072981839
cloud1_tkemenade 24543088 2612 333

1713794364.082357 1072982689
cloud0_tkemenade 26859364 2624 306

1713794364.0826907 1072982689
cloud1_tkemenade 24543088 2613 333

1713794365.0849388 1072983761
cloud0_tkemenade 26859364 2624 306

1713794365.0852332 1072983761
cloud1_tkemenade 24543088 2613 333

1713794366.088501 1072985325
cloud0_tkemenade 26859364 2625 306

1713794366.0888262 1072985325
cloud1_tkemenade 24543088 2614 333

1713794367.0908208 1072987195
cloud0_tkemenade 26859364 2625 306

1713794367.0911222 1072987195
cloud1_tkemenade 24543088 2614 333

1713794368.0932605 1072989111
cloud0_tkemenade 26859364 2631 306

1713794368.0935926 1072989111
cloud1_tkemenade 24543088 2620 334

1713794369.0954163 1072991029
cloud0_tkemenade 26859364 2632 306

1713794369.0957353 1072991029
cloud1_tkemenade 24543088 2620 334

1713794370.0977123 1072992953
cloud0_tkemenade 26859364 2632 306

1713794370.0980184 1072992953
cloud1_tkemenade 24543088 2620 334

1713794371.0999753 1072994883
cloud0_tkemenade 26859364 2634 306

1713794371.1002953 1072994883
cloud1_tkemenade 24543088 2621 334

1713794372.1020412 1072996770
cloud0_tkemenade 26859364 2636 307

1713794372.1023571 1072996770
cloud1_tkemenade 24543088 2623 334

1713794373.1040432 1072998624
cloud0_tkemenade 26859364 2636 307

1713794373.104348 1072998624
cloud1_tkemenade 24543088 2625 334

1713794374.1060264 1073000508
cloud0_tkemenade 26859364 2637 307

1713794374.1063335 1073000508
cloud1_tkemenade 24543088 2625 334

1713794375.1080215 1073002389
cloud0_tkemenade 26859364 2637 308

1713794375.1083214 1073002389
cloud1_tkemenade 24543088 2625 334

1713794376.1099792 1073004216
cloud0_tkemenade 26859364 2637 308

1713794376.1102686 1073004216
cloud1_tkemenade 24543088 2633 334

1713794377.1118474 1073006029
cloud0_tkemenade 26859364 2638 308

1713794377.1121626 1073006029
cloud1_tkemenade 24543088 2634 334

1713794378.1140227 1073007347
cloud0_tkemenade 26859364 2640 308

1713794378.1143026 1073007347
cloud1_tkemenade 24543088 2634 335

1713794379.116377 1073007849
cloud0_tkemenade 26859364 2640 308

1713794379.1168244 1073007849
cloud1_tkemenade 24543088 2636 335

1713794380.1192331 1073008327
cloud0_tkemenade 26859364 2652 309

1713794380.119528 1073008330
cloud1_tkemenade 24543088 2636 336

1713794380.2198386 1073008387
cloud0_tkemenade 27005185 2652 309

1713794380.220331 1073008387
cloud1_tkemenade 24648403 2636 336

1713794381.222704 1073008895
cloud0_tkemenade 27005185 2653 309

1713794381.2232246 1073008895
cloud1_tkemenade 24648403 2636 336

1713794382.225588 1073009408
cloud0_tkemenade 27005185 2653 309

1713794382.2261033 1073009408
cloud1_tkemenade 24648403 2636 337

1713794383.228488 1073009934
cloud0_tkemenade 27005185 2654 310

1713794383.2289083 1073009934
cloud1_tkemenade 24648403 2642 338

1713794384.2312672 1073010611
cloud0_tkemenade 27005185 2658 310

1713794384.2316368 1073010611
cloud1_tkemenade 24648403 2642 338

1713794385.2337418 1073012394
cloud0_tkemenade 27005185 2658 310

1713794385.2340841 1073012394
cloud1_tkemenade 24648403 2644 338

1713794386.2361677 1073014327
cloud0_tkemenade 27005185 2659 310

1713794386.236485 1073014327
cloud1_tkemenade 24648403 2646 338

1713794387.243433 1073016163
cloud0_tkemenade 27005185 2660 310

1713794387.2437897 1073016163
cloud1_tkemenade 24648403 2646 338

1713794387.3474169 1073016355
cloud0_tkemenade 27069316 2660 310

1713794387.3478272 1073016355
cloud1_tkemenade 24733911 2646 338

1713794388.3500035 1073017680
cloud0_tkemenade 27069316 2661 310

1713794388.3505647 1073017680
cloud1_tkemenade 24733911 2646 338

1713794389.3529198 1073018117
cloud0_tkemenade 27069316 2661 310

1713794389.353275 1073018117
cloud1_tkemenade 24733911 2647 338

1713794390.3554468 1073018699
cloud0_tkemenade 27069316 2661 310

1713794390.355801 1073018699
cloud1_tkemenade 24733911 2647 338

1713794391.3582513 1073019035
cloud0_tkemenade 27069316 2661 311

1713794391.3588092 1073019035
cloud1_tkemenade 24733911 2647 338

1713794392.3616338 1073019310
cloud0_tkemenade 27069316 2661 311

1713794392.3622024 1073019310
cloud1_tkemenade 24733911 2648 338

1713794393.364994 1073019555
cloud0_tkemenade 27069316 2662 312

1713794393.3655915 1073019555
cloud1_tkemenade 24733911 2648 339

1713794394.368179 1073019889
cloud0_tkemenade 27096919 2663 312

1713794394.3685308 1073019889
cloud1_tkemenade 24750473 2648 339

1713794395.3709588 1073020329
cloud0_tkemenade 27096919 2663 312

1713794395.3715441 1073020329
cloud1_tkemenade 24750473 2648 339

1713794396.3743002 1073020555
cloud0_tkemenade 27096919 2664 312

1713794396.3746688 1073020555
cloud1_tkemenade 24750473 2648 339

1713794397.3771837 1073020862
cloud0_tkemenade 27096919 2664 312

1713794397.3777509 1073020862
cloud1_tkemenade 24750473 2649 339

1713794398.3804529 1073021137
cloud0_tkemenade 27096919 2664 313

1713794398.3810184 1073021137
cloud1_tkemenade 24750473 2649 340

1713794399.3836613 1073021429
cloud0_tkemenade 27096919 2679 313

1713794399.384235 1073021429
cloud1_tkemenade 24750473 2649 340

1713794400.3870006 1073021667
cloud0_tkemenade 27096919 2679 314

1713794400.3875911 1073021668
cloud1_tkemenade 24750473 2649 340

1713794401.3902094 1073021933
cloud0_tkemenade 27096919 2679 314

1713794401.3907802 1073021933
cloud1_tkemenade 24750473 2650 340

1713794401.5914726 1073021974
cloud0_tkemenade 27178026 2679 314

1713794401.5920208 1073021974
cloud1_tkemenade 24763990 2650 340

1713794402.5947056 1073022255
cloud0_tkemenade 27178026 2680 314

1713794402.5952678 1073022255
cloud1_tkemenade 24763990 2650 340

1713794403.598133 1073022481
cloud0_tkemenade 27178026 2684 314

1713794403.5987096 1073022481
cloud1_tkemenade 24763990 2650 341

1713794404.6015666 1073022754
cloud0_tkemenade 27178026 2684 314

1713794404.602102 1073022754
cloud1_tkemenade 24763990 2650 341

1713794405.6048915 1073022979
cloud0_tkemenade 27178026 2684 314

1713794405.605437 1073022979
cloud1_tkemenade 24763990 2650 342

1713794406.6081111 1073023208
cloud0_tkemenade 27178026 2685 314

1713794406.6086338 1073023208
cloud1_tkemenade 24763990 2650 342

1713794407.6114872 1073023477
cloud0_tkemenade 27178026 2685 314

1713794407.6120148 1073023477
cloud1_tkemenade 24763990 2650 342

1713794408.614691 1073023753
cloud0_tkemenade 27178026 2686 314

1713794408.615183 1073023753
cloud1_tkemenade 24763990 2650 343

1713794408.7156672 1073023779
cloud0_tkemenade 27209232 2686 315

1713794408.7162282 1073023779
cloud1_tkemenade 24777364 2650 343

1713794409.718886 1073024101
cloud0_tkemenade 27209232 2687 315

1713794409.719468 1073024105
cloud1_tkemenade 24777364 2651 343

1713794410.7221951 1073024383
cloud0_tkemenade 27209232 2687 315

1713794410.722751 1073024383
cloud1_tkemenade 24777364 2651 343

1713794411.725497 1073024625
cloud0_tkemenade 27209232 2688 315

1713794411.7260356 1073024625
cloud1_tkemenade 24777364 2651 344

1713794412.7287998 1073024884
cloud0_tkemenade 27209232 2688 315

1713794412.7293472 1073024884
cloud1_tkemenade 24777364 2652 344

1713794413.7320793 1073025135
cloud0_tkemenade 27209232 2689 315

1713794413.732629 1073025135
cloud1_tkemenade 24777364 2652 344

1713794414.7353752 1073025387
cloud0_tkemenade 27209232 2689 315

1713794414.7359135 1073025387
cloud1_tkemenade 24777364 2653 344

1713794415.7385788 1073025613
cloud0_tkemenade 27209232 2690 316

1713794415.7391207 1073025613
cloud1_tkemenade 24777364 2653 345

1713794415.93991 1073025678
cloud0_tkemenade 27236251 2690 316

1713794415.940483 1073025678
cloud1_tkemenade 24799880 2653 345

1713794416.9430902 1073025932
cloud0_tkemenade 27236251 2690 316

1713794416.9435737 1073025933
cloud1_tkemenade 24799880 2653 345

1713794417.9464679 1073026226
cloud0_tkemenade 27236251 2690 316

1713794417.9470398 1073026226
cloud1_tkemenade 24799880 2653 346

1713794418.949741 1073026457
cloud0_tkemenade 27236251 2690 317

1713794418.9502926 1073026457
cloud1_tkemenade 24799880 2653 346

1713794419.9530432 1073026763
cloud0_tkemenade 27236251 2690 317

1713794419.9535968 1073026763
cloud1_tkemenade 24799880 2653 346

1713794420.9563646 1073027010
cloud0_tkemenade 27236251 2690 317

1713794420.9569242 1073027010
cloud1_tkemenade 24799880 2653 347

1713794421.959629 1073027229
cloud0_tkemenade 27236251 2691 317

1713794421.9601836 1073027229
cloud1_tkemenade 24799880 2653 347

1713794422.9629574 1073027535
cloud0_tkemenade 27245350 2691 317

1713794422.9635649 1073027537
cloud1_tkemenade 24813528 2654 347

1713794423.96635 1073027741
cloud0_tkemenade 27245350 2691 317

1713794423.9669123 1073027741
cloud1_tkemenade 24813528 2654 347

1713794424.9695518 1073028137
cloud0_tkemenade 27245350 2692 317

1713794424.9700606 1073028137
cloud1_tkemenade 24813528 2654 347

1713794425.9725761 1073028410
cloud0_tkemenade 27245350 2692 317

1713794425.9731445 1073028410
cloud1_tkemenade 24813528 2655 347

1713794426.9758933 1073028683
cloud0_tkemenade 27245350 2693 317

1713794426.976445 1073028683
cloud1_tkemenade 24813528 2655 347

1713794427.9790938 1073029010
cloud0_tkemenade 27245350 2693 318

1713794427.9796472 1073029010
cloud1_tkemenade 24813528 2655 348

1713794428.982354 1073029308
cloud0_tkemenade 27245350 2693 318

1713794428.9828646 1073029308
cloud1_tkemenade 24813528 2655 348

1713794429.9853163 1073029553
cloud0_tkemenade 27245350 2693 318

1713794429.9858499 1073029553
cloud1_tkemenade 24813528 2656 348

1713794430.086356 1073029581
cloud0_tkemenade 27259027 2693 318

1713794430.0868843 1073029581
cloud1_tkemenade 24827205 2656 348

1713794431.0897448 1073029813
cloud0_tkemenade 27259027 2694 318

1713794431.0902905 1073029813
cloud1_tkemenade 24827205 2656 348

1713794432.0931122 1073030039
cloud0_tkemenade 27259027 2694 318

1713794432.0936449 1073030039
cloud1_tkemenade 24827205 2656 348

1713794433.096287 1073030285
cloud0_tkemenade 27259027 2695 318

1713794433.0968225 1073030285
cloud1_tkemenade 24827205 2657 348

1713794434.0995903 1073030553
cloud0_tkemenade 27259027 2695 318

1713794434.1001306 1073030553
cloud1_tkemenade 24827205 2657 348

1713794435.1028996 1073030783
cloud0_tkemenade 27259027 2695 318

1713794435.103441 1073030783
cloud1_tkemenade 24827205 2657 348

1713794436.1061518 1073031023
cloud0_tkemenade 27259027 2696 318

1713794436.1066883 1073031023
cloud1_tkemenade 24827205 2657 349

1713794437.1093578 1073031218
cloud0_tkemenade 27259027 2696 318

1713794437.1098971 1073031218
cloud1_tkemenade 24827205 2658 349

1713794437.3105977 1073031301
cloud0_tkemenade 27272482 2696 318

1713794437.3111634 1073031301
cloud1_tkemenade 24840660 2658 349

1713794438.313619 1073031593
cloud0_tkemenade 27272482 2696 318

1713794438.3141625 1073031593
cloud1_tkemenade 24840660 2658 349

1713794439.3169544 1073031830
cloud0_tkemenade 27272482 2697 318

1713794439.3175051 1073031830
cloud1_tkemenade 24840660 2659 349

1713794440.3199074 1073032081
cloud0_tkemenade 27272482 2697 318

1713794440.320433 1073032081
cloud1_tkemenade 24840660 2659 349

1713794441.323122 1073032306
cloud0_tkemenade 27272482 2697 318

1713794441.3236995 1073032307
cloud1_tkemenade 24840660 2659 349

1713794442.326397 1073032537
cloud0_tkemenade 27272482 2698 318

1713794442.3269184 1073032537
cloud1_tkemenade 24840660 2659 349

1713794443.3295043 1073032763
cloud0_tkemenade 27272482 2698 318

1713794443.330043 1073032763
cloud1_tkemenade 24840660 2660 350

1713794444.33252 1073033019
cloud0_tkemenade 27272482 2699 318

1713794444.3330252 1073033019
cloud1_tkemenade 24840660 2660 350

1713794444.4334688 1073033047
cloud0_tkemenade 27286187 2699 318

1713794444.4339623 1073033047
cloud1_tkemenade 24854365 2660 350

1713794445.4362586 1073033261
cloud0_tkemenade 27286187 2699 318

1713794445.4367514 1073033261
cloud1_tkemenade 24854365 2660 350

1713794446.4391184 1073033575
cloud0_tkemenade 27286187 2699 318

1713794446.4394293 1073033576
cloud1_tkemenade 24854365 2660 350

1713794447.4416041 1073033833
cloud0_tkemenade 27286187 2700 318

1713794447.4420733 1073033833
cloud1_tkemenade 24854365 2661 350

1713794448.4445271 1073034074
cloud0_tkemenade 27286187 2700 318

1713794448.4450321 1073034074
cloud1_tkemenade 24854365 2661 351

1713794449.4474218 1073034303
cloud0_tkemenade 27286187 2700 318

1713794449.4479344 1073034303
cloud1_tkemenade 24854365 2661 351

1713794450.45062 1073034590
cloud0_tkemenade 27286187 2701 318

1713794450.4511223 1073034590
cloud1_tkemenade 24854365 2661 351

1713794451.4535806 1073034827
cloud0_tkemenade 27286187 2701 318

1713794451.454036 1073034827
cloud1_tkemenade 24854365 2662 351

1713794451.5544767 1073034853
cloud0_tkemenade 27295411 2701 318

1713794451.5549839 1073034853
cloud1_tkemenade 24868201 2662 351

1713794452.5573518 1073035112
cloud0_tkemenade 27295411 2701 318

1713794452.5578628 1073035112
cloud1_tkemenade 24868201 2662 351

1713794453.5602362 1073035330
cloud0_tkemenade 27295411 2702 318

1713794453.5607224 1073035330
cloud1_tkemenade 24868201 2662 351

1713794454.5632203 1073035641
cloud0_tkemenade 27295411 2702 318

1713794454.563734 1073035641
cloud1_tkemenade 24868201 2663 351

1713794455.566166 1073035963
cloud0_tkemenade 27295411 2702 318

1713794455.566665 1073035963
cloud1_tkemenade 24868201 2663 351

1713794456.5688713 1073036175
cloud0_tkemenade 27295411 2702 319

1713794456.5691977 1073036175
cloud1_tkemenade 24868201 2663 351

1713794457.5714161 1073036480
cloud0_tkemenade 27295411 2702 319

1713794457.5719225 1073036480
cloud1_tkemenade 24868201 2663 351

1713794458.5742772 1073036779
cloud0_tkemenade 27295411 2702 319

1713794458.5747638 1073036779
cloud1_tkemenade 24868201 2664 351

1713794458.6751413 1073036814
cloud0_tkemenade 27304442 2702 319

1713794458.675657 1073036814
cloud1_tkemenade 24877232 2664 351

1713794459.6780176 1073037035
cloud0_tkemenade 27304442 2703 319

1713794459.6785197 1073037035
cloud1_tkemenade 24877232 2664 351

1713794460.6809728 1073037280
cloud0_tkemenade 27304442 2703 319

1713794460.6814656 1073037280
cloud1_tkemenade 24877232 2664 352

1713794461.6839702 1073037529
cloud0_tkemenade 27304442 2703 319

1713794461.6844625 1073037529
cloud1_tkemenade 24877232 2664 352

1713794462.687045 1073037794
cloud0_tkemenade 27304442 2703 319

1713794462.6875927 1073037795
cloud1_tkemenade 24877232 2664 352

1713794463.6899197 1073038035
cloud0_tkemenade 27304442 2704 319

1713794463.6904194 1073038035
cloud1_tkemenade 24877232 2664 352

1713794464.6928084 1073038259
cloud0_tkemenade 27304442 2704 319

1713794464.6932933 1073038259
cloud1_tkemenade 24877232 2665 352

1713794465.6954856 1073038467
cloud0_tkemenade 27304442 2704 319

1713794465.6959445 1073038467
cloud1_tkemenade 24877232 2665 352

1713794465.7963805 1073038489
cloud0_tkemenade 27313585 2704 319

1713794465.7968595 1073038489
cloud1_tkemenade 24886375 2665 352

1713794466.7989519 1073038711
cloud0_tkemenade 27313585 2705 319

1713794466.7994835 1073038713
cloud1_tkemenade 24886375 2665 352

1713794467.8017824 1073038981
cloud0_tkemenade 27313585 2705 319

1713794467.802284 1073038981
cloud1_tkemenade 24886375 2665 352

1713794468.8044856 1073039537
cloud0_tkemenade 27313585 2705 319

1713794468.8049924 1073039537
cloud1_tkemenade 24886375 2665 352

1713794469.8073833 1073040051
cloud0_tkemenade 27313585 2705 319

1713794469.8078904 1073040051
cloud1_tkemenade 24886375 2666 352

1713794470.8103206 1073040665
cloud0_tkemenade 27313585 2705 319

1713794470.810975 1073040665
cloud1_tkemenade 24886375 2668 352

1713794471.813358 1073041285
cloud0_tkemenade 27313585 2705 320

1713794471.813664 1073041285
cloud1_tkemenade 24886375 2668 352

1713794472.815691 1073041771
cloud0_tkemenade 27313585 2706 320

1713794472.8161702 1073041771
cloud1_tkemenade 24886375 2669 352

1713794473.016821 1073041845
cloud0_tkemenade 27328686 2706 320

1713794473.0173516 1073041845
cloud1_tkemenade 24906510 2669 352

1713794474.019868 1073042130
cloud0_tkemenade 27328686 2706 320

1713794474.020384 1073042130
cloud1_tkemenade 24906510 2669 352

1713794475.0225723 1073042576
cloud0_tkemenade 27328686 2706 320

1713794475.0230887 1073042576
cloud1_tkemenade 24906510 2670 352

1713794476.0256102 1073043111
cloud0_tkemenade 27328686 2706 321

1713794476.0261233 1073043111
cloud1_tkemenade 24906510 2670 352

1713794477.0284834 1073043648
cloud0_tkemenade 27328686 2706 321

1713794477.0289958 1073043648
cloud1_tkemenade 24906510 2670 353

1713794478.0314221 1073044197
cloud0_tkemenade 27328686 2706 321

1713794478.031932 1073044197
cloud1_tkemenade 24906510 2671 353

1713794479.0344336 1073044639
cloud0_tkemenade 27328686 2706 322

1713794479.0347443 1073044639
cloud1_tkemenade 24906510 2671 353

1713794480.0368822 1073045193
cloud0_tkemenade 27328686 2706 322

1713794480.0371947 1073045193
cloud1_tkemenade 24906510 2671 353

1713794480.1374419 1073045273
cloud0_tkemenade 27338850 2706 322

1713794480.1377654 1073045273
cloud1_tkemenade 24921756 2671 353

1713794481.139398 1073046379
cloud0_tkemenade 27338850 2706 323

1713794481.1397028 1073046379
cloud1_tkemenade 24921756 2672 353

1713794482.1414695 1073047114
cloud0_tkemenade 27338850 2706 323

1713794482.1417747 1073047114
cloud1_tkemenade 24921756 2672 353

1713794483.1437097 1073048858
cloud0_tkemenade 27338850 2706 323

1713794483.144008 1073048858
cloud1_tkemenade 24921756 2672 353

1713794484.1459556 1073050754
cloud0_tkemenade 27338850 2706 323

1713794484.1462674 1073050754
cloud1_tkemenade 24921756 2672 353

1713794485.1481106 1073052683
cloud0_tkemenade 27338850 2706 324

1713794485.148425 1073052683
cloud1_tkemenade 24921756 2673 353

1713794486.1504152 1073054601
cloud0_tkemenade 27338850 2706 325

1713794486.1507318 1073054601
cloud1_tkemenade 24921756 2673 353

1713794487.155413 1073056503
cloud0_tkemenade 27338850 2706 325

1713794487.1557357 1073056503
cloud1_tkemenade 24921756 2673 353

1713794487.256388 1073056694
cloud0_tkemenade 27365631 2706 325

1713794487.2567103 1073056694
cloud1_tkemenade 24939610 2673 353

1713794488.2587328 1073058600
cloud0_tkemenade 27365631 2706 325

1713794488.259041 1073058600
cloud1_tkemenade 24939610 2673 353

1713794489.2674088 1073060494
cloud0_tkemenade 27365631 2706 325

1713794489.2677395 1073060494
cloud1_tkemenade 24939610 2673 353

1713794490.2738435 1073062369
cloud0_tkemenade 27365631 2706 325

1713794490.2741632 1073062369
cloud1_tkemenade 24939610 2673 353

1713794491.2761438 1073064302
cloud0_tkemenade 27365631 2707 326

1713794491.27646 1073064302
cloud1_tkemenade 24939610 2674 353

1713794492.2784066 1073066222
cloud0_tkemenade 27365631 2708 326

1713794492.2787268 1073066222
cloud1_tkemenade 24939610 2674 353

1713794493.280724 1073068129
cloud0_tkemenade 27365631 2709 326

1713794493.2810192 1073068129
cloud1_tkemenade 24939610 2675 353

1713794494.28289 1073069957
cloud0_tkemenade 27365631 2710 326

1713794494.2831922 1073069957
cloud1_tkemenade 24939610 2675 353

1713794494.3834245 1073070134
cloud0_tkemenade 27412254 2710 326

1713794494.383772 1073070134
cloud1_tkemenade 24958259 2675 353

1713794495.3862386 1073071488
cloud0_tkemenade 27412254 2711 326

1713794495.3865354 1073071488
cloud1_tkemenade 24958259 2676 353

1713794496.388605 1073072075
cloud0_tkemenade 27412254 2711 327

1713794496.3891132 1073072075
cloud1_tkemenade 24958259 2676 353

1713794497.3915417 1073072595
cloud0_tkemenade 27412254 2711 327

1713794497.3918538 1073072595
cloud1_tkemenade 24958259 2676 353

1713794498.3940341 1073073212
cloud0_tkemenade 27412254 2711 327

1713794498.3945444 1073073212
cloud1_tkemenade 24958259 2676 354

1713794499.396963 1073073720
cloud0_tkemenade 27412254 2712 327

1713794499.3974626 1073073720
cloud1_tkemenade 24958259 2676 354

1713794500.399576 1073074379
cloud0_tkemenade 27412254 2712 328

1713794500.3998854 1073074379
cloud1_tkemenade 24958259 2676 354

1713794501.4018726 1073074898
cloud0_tkemenade 27412254 2713 328

1713794501.4023685 1073074898
cloud1_tkemenade 24958259 2677 354

1713794501.502809 1073074943
cloud0_tkemenade 27442670 2713 328

1713794501.5033526 1073074944
cloud1_tkemenade 24976509 2677 354

1713794502.505563 1073076384
cloud0_tkemenade 27442670 2713 328

1713794502.5058775 1073076384
cloud1_tkemenade 24976509 2677 354

1713794503.5077822 1073078291
cloud0_tkemenade 27442670 2713 328

1713794503.508097 1073078291
cloud1_tkemenade 24976509 2681 355

1713794504.5101001 1073080199
cloud0_tkemenade 27442670 2713 328

1713794504.5104349 1073080199
cloud1_tkemenade 24976509 2681 355

1713794505.5123405 1073082111
cloud0_tkemenade 27442670 2713 328

1713794505.5126657 1073082111
cloud1_tkemenade 24976509 2681 355

1713794506.5146785 1073084021
cloud0_tkemenade 27442670 2713 328

1713794506.5150418 1073084021
cloud1_tkemenade 24976509 2681 355

1713794507.5170515 1073085945
cloud0_tkemenade 27442670 2714 328

1713794507.5173774 1073085945
cloud1_tkemenade 24976509 2681 355

1713794508.523417 1073087854
cloud0_tkemenade 27442670 2714 328

1713794508.523732 1073087854
cloud1_tkemenade 24976509 2682 355

1713794508.6250553 1073088040
cloud0_tkemenade 27452013 2714 328

1713794508.6253855 1073088040
cloud1_tkemenade 25032568 2682 355

1713794509.6273499 1073089927
cloud0_tkemenade 27452013 2715 328

1713794509.6276693 1073089927
cloud1_tkemenade 25032568 2682 355

1713794510.6296015 1073091704
cloud0_tkemenade 27452013 2715 328

1713794510.6299098 1073091704
cloud1_tkemenade 25032568 2683 355

1713794511.632065 1073093262
cloud0_tkemenade 27452013 2715 328

1713794511.632372 1073093262
cloud1_tkemenade 25032568 2683 356

1713794512.6343074 1073094866
cloud0_tkemenade 27452013 2715 328

1713794512.6346145 1073094866
cloud1_tkemenade 25032568 2683 356

1713794513.6365736 1073096541
cloud0_tkemenade 27452013 2716 328

1713794513.6368792 1073096541
cloud1_tkemenade 25032568 2683 356

1713794514.639403 1073098232
cloud0_tkemenade 27452013 2716 329

1713794514.639714 1073098232
cloud1_tkemenade 25032568 2683 356

1713794515.64166 1073099831
cloud0_tkemenade 27452013 2716 329

1713794515.6419704 1073099831
cloud1_tkemenade 25032568 2683 356

1713794515.8424559 1073100137
cloud0_tkemenade 27480712 2716 329

1713794515.8427973 1073100137
cloud1_tkemenade 25051701 2683 356

1713794516.8446598 1073101763
cloud0_tkemenade 27480712 2716 329

1713794516.8449802 1073101763
cloud1_tkemenade 25051701 2684 356

1713794517.8468485 1073103405
cloud0_tkemenade 27480712 2716 329

1713794517.847143 1073103405
cloud1_tkemenade 25051701 2684 356

1713794518.8490376 1073105055
cloud0_tkemenade 27480712 2716 329

1713794518.8493524 1073105055
cloud1_tkemenade 25051701 2684 356

1713794519.8512359 1073106742
cloud0_tkemenade 27480712 2718 329

1713794519.8515332 1073106742
cloud1_tkemenade 25051701 2684 356

1713794520.8534086 1073108391
cloud0_tkemenade 27480712 2718 329

1713794520.8537087 1073108391
cloud1_tkemenade 25051701 2684 356

1713794521.8561082 1073109968
cloud0_tkemenade 27480712 2718 329

1713794521.8564103 1073109968
cloud1_tkemenade 25051701 2684 356

1713794522.8583438 1073111462
cloud0_tkemenade 27509577 2719 329

1713794522.8586526 1073111462
cloud1_tkemenade 25061322 2684 356

1713794523.8625932 1073112953
cloud0_tkemenade 27509577 2719 329

1713794523.8629498 1073112953
cloud1_tkemenade 25061322 2684 356

1713794524.8652384 1073114406
cloud0_tkemenade 27509577 2719 329

1713794524.8655803 1073114406
cloud1_tkemenade 25061322 2684 356

1713794525.8678179 1073115805
cloud0_tkemenade 27509577 2719 329

1713794525.8681655 1073115805
cloud1_tkemenade 25061322 2684 356

1713794526.8702831 1073117230
cloud0_tkemenade 27509577 2719 329

1713794526.8706217 1073117230
cloud1_tkemenade 25061322 2684 357

1713794527.8730044 1073118641
cloud0_tkemenade 27509577 2721 329

1713794527.8733392 1073118641
cloud1_tkemenade 25061322 2684 357

1713794528.875481 1073119741
cloud0_tkemenade 27509577 2721 329

1713794528.8758152 1073119741
cloud1_tkemenade 25061322 2685 357

1713794529.8779519 1073120766
cloud0_tkemenade 27509577 2721 329

1713794529.8782878 1073120766
cloud1_tkemenade 25061322 2685 357

1713794530.0793052 1073120962
cloud0_tkemenade 27527511 2721 329

1713794530.0797365 1073120962
cloud1_tkemenade 25079256 2685 357

1713794531.0820067 1073121917
cloud0_tkemenade 27527511 2721 329

1713794531.0823421 1073121917
cloud1_tkemenade 25079256 2685 357

1713794532.0844948 1073122967
cloud0_tkemenade 27527511 2721 329

1713794532.0848749 1073122967
cloud1_tkemenade 25079256 2685 357

1713794533.0868597 1073124025
cloud0_tkemenade 27527511 2721 329

1713794533.087274 1073124025
cloud1_tkemenade 25079256 2686 357

1713794534.0896094 1073125095
cloud0_tkemenade 27527511 2721 329

1713794534.089942 1073125095
cloud1_tkemenade 25079256 2686 357

1713794535.0926166 1073126083
cloud0_tkemenade 27527511 2722 329

1713794535.092973 1073126083
cloud1_tkemenade 25079256 2686 357

1713794536.095054 1073127041
cloud0_tkemenade 27527511 2722 329

1713794536.0954335 1073127047
cloud1_tkemenade 25079256 2686 357

1713794537.0975907 1073128069
cloud0_tkemenade 27527511 2722 329

1713794537.097994 1073128069
cloud1_tkemenade 25079256 2686 357

1713794537.199289 1073128168
cloud0_tkemenade 27536384 2722 329

1713794537.1996558 1073128168
cloud1_tkemenade 25088129 2686 357

1713794538.201611 1073129160
cloud0_tkemenade 27536384 2722 329

1713794538.2019248 1073129160
cloud1_tkemenade 25088129 2686 357

1713794539.2039182 1073130195
cloud0_tkemenade 27536384 2722 329

1713794539.2042325 1073130195
cloud1_tkemenade 25088129 2686 357

1713794540.2060668 1073131249
cloud0_tkemenade 27536384 2722 329

1713794540.2063756 1073131249
cloud1_tkemenade 25088129 2686 357

1713794541.2087567 1073132279
cloud0_tkemenade 27536384 2723 329

1713794541.209076 1073132279
cloud1_tkemenade 25088129 2686 358

1713794542.2109392 1073133236
cloud0_tkemenade 27536384 2723 329

1713794542.2112255 1073133236
cloud1_tkemenade 25088129 2686 358

1713794543.2130342 1073134168
cloud0_tkemenade 27536384 2723 329

1713794543.2133267 1073134168
cloud1_tkemenade 25088129 2686 358

1713794544.2158046 1073135095
cloud0_tkemenade 27536384 2723 329

1713794544.2160742 1073135095
cloud1_tkemenade 25088129 2686 358

1713794544.3163488 1073135196
cloud0_tkemenade 27545219 2723 329

1713794544.3166475 1073135196
cloud1_tkemenade 25096964 2686 358

1713794545.3186102 1073136079
cloud0_tkemenade 27545219 2723 329

1713794545.3188963 1073136079
cloud1_tkemenade 25096964 2686 358

1713794546.3207386 1073136824
cloud0_tkemenade 27545219 2723 329

1713794546.3210275 1073136824
cloud1_tkemenade 25096964 2686 358

1713794547.322936 1073137556
cloud0_tkemenade 27545219 2724 329

1713794547.3232374 1073137556
cloud1_tkemenade 25096964 2686 359

1713794548.3249352 1073138306
cloud0_tkemenade 27545219 2724 329

1713794548.3251925 1073138306
cloud1_tkemenade 25096964 2686 359

1713794549.3271072 1073139042
cloud0_tkemenade 27545219 2724 329

1713794549.3274086 1073139042
cloud1_tkemenade 25096964 2686 359

1713794550.329244 1073139771
cloud0_tkemenade 27545219 2724 329

1713794550.3295305 1073139771
cloud1_tkemenade 25096964 2686 359

1713794551.331407 1073140550
cloud0_tkemenade 27545219 2724 329

1713794551.3317096 1073140550
cloud1_tkemenade 25096964 2686 359

1713794551.5320385 1073140692
cloud0_tkemenade 27553343 2724 329

1713794551.5323598 1073140692
cloud1_tkemenade 25105088 2686 359

1713794552.5341616 1073141348
cloud0_tkemenade 27553343 2724 329

1713794552.534452 1073141348
cloud1_tkemenade 25105088 2686 359

1713794553.5362782 1073142073
cloud0_tkemenade 27553343 2725 329

1713794553.5365765 1073142073
cloud1_tkemenade 25105088 2686 360

1713794554.5385506 1073142847
cloud0_tkemenade 27553343 2725 330

1713794554.5388536 1073142847
cloud1_tkemenade 25105088 2686 360

1713794555.540656 1073143584
cloud0_tkemenade 27553343 2725 330

1713794555.5409484 1073143584
cloud1_tkemenade 25105088 2686 360

1713794556.542827 1073144301
cloud0_tkemenade 27553343 2725 330

1713794556.5431354 1073144301
cloud1_tkemenade 25105088 2687 360

1713794557.5464916 1073144990
cloud0_tkemenade 27553343 2726 330

1713794557.5469751 1073144990
cloud1_tkemenade 25105088 2687 360

1713794558.548924 1073145710
cloud0_tkemenade 27553343 2726 330

1713794558.5492375 1073145710
cloud1_tkemenade 25105088 2687 360

1713794558.6495147 1073145777
cloud0_tkemenade 27576971 2726 330

1713794558.6498234 1073145777
cloud1_tkemenade 25120840 2687 360

1713794559.6513941 1073146470
cloud0_tkemenade 27576971 2726 330

1713794559.6516812 1073146470
cloud1_tkemenade 25120840 2687 361

1713794560.6535852 1073147209
cloud0_tkemenade 27576971 2726 330

1713794560.6538606 1073147209
cloud1_tkemenade 25120840 2687 361

1713794561.6557596 1073147852
cloud0_tkemenade 27576971 2726 331

1713794561.6560304 1073147852
cloud1_tkemenade 25120840 2687 361

1713794562.6584282 1073148466
cloud0_tkemenade 27576971 2726 331

1713794562.65901 1073148466
cloud1_tkemenade 25120840 2687 361

1713794563.6612358 1073149120
cloud0_tkemenade 27576971 2726 331

1713794563.6616993 1073149120
cloud1_tkemenade 25120840 2688 361

1713794564.6638203 1073149772
cloud0_tkemenade 27576971 2726 331

1713794564.6641872 1073149772
cloud1_tkemenade 25120840 2688 361

1713794565.666441 1073150330
cloud0_tkemenade 27576971 2726 331

1713794565.666987 1073150330
cloud1_tkemenade 25120840 2688 361

1713794565.86767 1073150456
cloud0_tkemenade 27584502 2726 331

1713794565.8680413 1073150456
cloud1_tkemenade 25135902 2688 361

1713794566.870823 1073151061
cloud0_tkemenade 27584502 2726 331

1713794566.871442 1073151064
cloud1_tkemenade 25135902 2688 361

1713794567.8737261 1073151628
cloud0_tkemenade 27584502 2727 331

1713794567.87417 1073151628
cloud1_tkemenade 25135902 2689 361

1713794568.8764467 1073152260
cloud0_tkemenade 27584502 2727 331

1713794568.8769627 1073152260
cloud1_tkemenade 25135902 2689 361

1713794569.879576 1073152718
cloud0_tkemenade 27584502 2727 331

1713794569.8800712 1073152718
cloud1_tkemenade 25135902 2689 362

1713794570.8824327 1073153176
cloud0_tkemenade 27584502 2727 331

1713794570.882921 1073153176
cloud1_tkemenade 25135902 2689 362

1713794571.885327 1073153605
cloud0_tkemenade 27584502 2727 332

1713794571.8858309 1073153605
cloud1_tkemenade 25135902 2690 362

1713794572.8881526 1073153937
cloud0_tkemenade 27584502 2728 332

1713794572.88863 1073153937
cloud1_tkemenade 25135902 2690 362

1713794573.0893025 1073154020
cloud0_tkemenade 27601393 2728 332

1713794573.0898042 1073154020
cloud1_tkemenade 25152793 2690 362

1713794574.092046 1073154350
cloud0_tkemenade 27601393 2728 332

1713794574.0925436 1073154350
cloud1_tkemenade 25152793 2690 362

1713794575.0948577 1073154996
cloud0_tkemenade 27601393 2728 332

1713794575.0952203 1073154996
cloud1_tkemenade 25152793 2691 362

1713794576.0976856 1073155593
cloud0_tkemenade 27601393 2728 332

1713794576.0982294 1073155593
cloud1_tkemenade 25152793 2691 362

1713794577.1006708 1073157153
cloud0_tkemenade 27601393 2728 333

1713794577.1010377 1073157153
cloud1_tkemenade 25152793 2692 362

1713794578.1110196 1073158657
cloud0_tkemenade 27601393 2729 334

1713794578.111368 1073158663
cloud1_tkemenade 25152793 2693 362

1713794579.1135116 1073160146
cloud0_tkemenade 27601393 2729 334

1713794579.1138673 1073160146
cloud1_tkemenade 25152793 2694 362

1713794580.1160398 1073161834
cloud0_tkemenade 27601393 2730 334

1713794580.1163666 1073161834
cloud1_tkemenade 25152793 2694 362

1713794580.217181 1073162011
cloud0_tkemenade 27631370 2730 334

1713794580.2175376 1073162011
cloud1_tkemenade 25182770 2695 362

1713794581.2212205 1073163776
cloud0_tkemenade 27631370 2730 334

1713794581.2215512 1073163776
cloud1_tkemenade 25182770 2695 362

1713794582.227422 1073165506
cloud0_tkemenade 27631370 2731 334

1713794582.227763 1073165506
cloud1_tkemenade 25182770 2695 362

1713794583.2299714 1073167112
cloud0_tkemenade 27631370 2732 336

1713794583.230325 1073167112
cloud1_tkemenade 25182770 2697 363

1713794584.2325084 1073168673
cloud0_tkemenade 27631370 2733 336

1713794584.2328675 1073168673
cloud1_tkemenade 25182770 2698 364

1713794585.235863 1073170234
cloud0_tkemenade 27631370 2733 336

1713794585.2362545 1073170234
cloud1_tkemenade 25182770 2698 364

1713794586.2409527 1073171842
cloud0_tkemenade 27631370 2733 336

1713794586.2413852 1073171842
cloud1_tkemenade 25182770 2699 364

1713794587.2507899 1073173551
cloud0_tkemenade 27631370 2733 336

1713794587.2511315 1073173551
cloud1_tkemenade 25182770 2699 365

1713794587.553628 1073174088
cloud0_tkemenade 27677520 2733 336

1713794587.5539958 1073174088
cloud1_tkemenade 25256611 2699 365

1713794588.5574346 1073175874
cloud0_tkemenade 27677520 2734 336

1713794588.5577836 1073175874
cloud1_tkemenade 25256611 2699 365

1713794589.5599759 1073177686
cloud0_tkemenade 27677520 2734 336

1713794589.5603313 1073177686
cloud1_tkemenade 25256611 2700 365

1713794590.5754437 1073179539
cloud0_tkemenade 27677520 2734 336

1713794590.5757997 1073179539
cloud1_tkemenade 25256611 2700 365

1713794591.5852294 1073181280
cloud0_tkemenade 27677520 2736 336

1713794591.5864387 1073181280
cloud1_tkemenade 25256611 2701 366

1713794592.5905058 1073182926
cloud0_tkemenade 27677520 2737 336

1713794592.5908518 1073182926
cloud1_tkemenade 25256611 2701 366

1713794593.592833 1073184507
cloud0_tkemenade 27677520 2737 336

1713794593.5931873 1073184507
cloud1_tkemenade 25256611 2701 366

1713794594.595311 1073186237
cloud0_tkemenade 27677520 2738 336

1713794594.5956666 1073186237
cloud1_tkemenade 25256611 2702 366

1713794594.6959598 1073186411
cloud0_tkemenade 27724426 2738 336

1713794594.6963136 1073186411
cloud1_tkemenade 25294136 2702 366

1713794595.6981368 1073188123
cloud0_tkemenade 27724426 2738 336

1713794595.6984837 1073188123
cloud1_tkemenade 25294136 2702 366

1713794596.7007117 1073189860
cloud0_tkemenade 27724426 2738 336

1713794596.7010953 1073189860
cloud1_tkemenade 25294136 2702 366

1713794597.7032719 1073191636
cloud0_tkemenade 27724426 2738 336

1713794597.7036598 1073191636
cloud1_tkemenade 25294136 2702 366

1713794598.705837 1073193371
cloud0_tkemenade 27724426 2739 336

1713794598.706195 1073193371
cloud1_tkemenade 25294136 2703 366

1713794599.7084017 1073194549
cloud0_tkemenade 27724426 2739 336

1713794599.7087173 1073194549
cloud1_tkemenade 25294136 2703 366

1713794600.7108076 1073195302
cloud0_tkemenade 27724426 2739 337

1713794600.7111676 1073195302
cloud1_tkemenade 25294136 2703 366

1713794601.7278473 1073196124
cloud0_tkemenade 27724426 2739 337

1713794601.7281644 1073196124
cloud1_tkemenade 25294136 2703 366

1713794601.8287582 1073196213
cloud0_tkemenade 27741652 2739 337

1713794601.8290966 1073196213
cloud1_tkemenade 25302749 2703 366

1713794602.8312461 1073197061
cloud0_tkemenade 27741652 2740 337

1713794602.8316278 1073197061
cloud1_tkemenade 25302749 2703 366

1713794603.8337903 1073197743
cloud0_tkemenade 27741652 2740 337

1713794603.8341768 1073197743
cloud1_tkemenade 25302749 2704 366

1713794604.8364332 1073198553
cloud0_tkemenade 27741652 2740 337

1713794604.836796 1073198553
cloud1_tkemenade 25302749 2704 367

1713794605.839161 1073199120
cloud0_tkemenade 27741652 2741 337

1713794605.8395116 1073199121
cloud1_tkemenade 25302749 2704 367

1713794606.8417904 1073199936
cloud0_tkemenade 27741652 2741 337

1713794606.8430474 1073199936
cloud1_tkemenade 25302749 2704 367

1713794607.8450897 1073200851
cloud0_tkemenade 27741652 2741 337

1713794607.8454165 1073200851
cloud1_tkemenade 25302749 2705 367

1713794608.8474224 1073201912
cloud0_tkemenade 27741652 2741 337

1713794608.8477597 1073201912
cloud1_tkemenade 25302749 2705 367

1713794608.9480155 1073202032
cloud0_tkemenade 27762046 2742 337

1713794608.9483473 1073202032
cloud1_tkemenade 25323143 2705 367

1713794609.953085 1073203213
cloud0_tkemenade 27762046 2742 337

1713794609.9539037 1073203213
cloud1_tkemenade 25323143 2705 367

1713794610.9629493 1073204421
cloud0_tkemenade 27762046 2742 337

1713794610.9636734 1073204421
cloud1_tkemenade 25323143 2706 367

1713794611.9654355 1073205441
cloud0_tkemenade 27762046 2742 337

1713794611.9657156 1073205441
cloud1_tkemenade 25323143 2706 367

1713794612.9676847 1073206559
cloud0_tkemenade 27762046 2742 337

1713794612.9679818 1073206559
cloud1_tkemenade 25323143 2706 367

1713794613.9698877 1073207891
cloud0_tkemenade 27762046 2742 337

1713794613.9701965 1073207891
cloud1_tkemenade 25323143 2706 367

1713794614.9727483 1073209238
cloud0_tkemenade 27762046 2743 337

1713794614.9732194 1073209238
cloud1_tkemenade 25323143 2706 367

1713794615.9752162 1073210519
cloud0_tkemenade 27762046 2743 337

1713794615.9756346 1073210519
cloud1_tkemenade 25323143 2707 367

1713794616.1760306 1073210841
cloud0_tkemenade 27770482 2743 337

1713794616.1763508 1073210841
cloud1_tkemenade 25340016 2707 367

1713794617.1782646 1073212044
cloud0_tkemenade 27770482 2743 337

1713794617.1785917 1073212044
cloud1_tkemenade 25340016 2707 367

1713794618.1806934 1073213539
cloud0_tkemenade 27770482 2743 337

1713794618.1809883 1073213539
cloud1_tkemenade 25340016 2707 368

1713794619.1834273 1073215011
cloud0_tkemenade 27770482 2744 337

1713794619.1837378 1073215011
cloud1_tkemenade 25340016 2707 368

1713794620.185681 1073216187
cloud0_tkemenade 27770482 2744 337

1713794620.1859605 1073216187
cloud1_tkemenade 25340016 2708 368

1713794621.1878793 1073217591
cloud0_tkemenade 27770482 2745 337

1713794621.188174 1073217591
cloud1_tkemenade 25340016 2709 368

1713794622.1900074 1073218769
cloud0_tkemenade 27770482 2745 337

1713794622.190328 1073218769
cloud1_tkemenade 25340016 2709 368

1713794623.1921487 1073219919
cloud0_tkemenade 27770482 2745 337

1713794623.1924314 1073219919
cloud1_tkemenade 25340016 2709 368

1713794623.3929112 1073220021
cloud0_tkemenade 27787207 2745 337

1713794623.3933277 1073220021
cloud1_tkemenade 25365104 2709 368

1713794624.4001706 1073221361
cloud0_tkemenade 27787207 2745 337

1713794624.4004643 1073221361
cloud1_tkemenade 25365104 2709 368

1713794625.4050372 1073222736
cloud0_tkemenade 27787207 2745 338

1713794625.4053357 1073222736
cloud1_tkemenade 25365104 2709 368

1713794626.4072843 1073223874
cloud0_tkemenade 27787207 2745 338

1713794626.4075983 1073223874
cloud1_tkemenade 25365104 2709 369

1713794627.4132934 1073224880
cloud0_tkemenade 27787207 2745 338

1713794627.413608 1073224880
cloud1_tkemenade 25365104 2709 369

1713794628.4155123 1073226311
cloud0_tkemenade 27787207 2745 338

1713794628.415817 1073226311
cloud1_tkemenade 25365104 2709 369

1713794629.418134 1073227712
cloud0_tkemenade 27787207 2745 338

1713794629.4184403 1073227712
cloud1_tkemenade 25365104 2709 369

1713794630.4206483 1073229171
cloud0_tkemenade 27804748 2746 338

1713794630.4209473 1073229171
cloud1_tkemenade 25373874 2709 369

1713794631.422665 1073230239
cloud0_tkemenade 27804748 2746 338

1713794631.4229856 1073230239
cloud1_tkemenade 25373874 2709 369

1713794632.4253232 1073231345
cloud0_tkemenade 27804748 2746 338

1713794632.4255803 1073231345
cloud1_tkemenade 25373874 2709 370

1713794633.4276533 1073232475
cloud0_tkemenade 27804748 2746 338

1713794633.4279847 1073232475
cloud1_tkemenade 25373874 2709 370

1713794634.4356105 1073233657
cloud0_tkemenade 27804748 2746 338

1713794634.4359598 1073233657
cloud1_tkemenade 25373874 2709 370

1713794635.4381647 1073234757
cloud0_tkemenade 27804748 2747 338

1713794635.4385116 1073234757
cloud1_tkemenade 25373874 2709 370

1713794636.440823 1073235755
cloud0_tkemenade 27804748 2747 338

1713794636.4411607 1073235755
cloud1_tkemenade 25373874 2709 370

1713794637.4432871 1073236708
cloud0_tkemenade 27804748 2748 338

1713794637.4436212 1073236708
cloud1_tkemenade 25373874 2710 370

1713794637.5444615 1073236868
cloud0_tkemenade 27820769 2748 338

1713794637.5448236 1073236868
cloud1_tkemenade 25389895 2710 370

1713794638.5467203 1073237778
cloud0_tkemenade 27820769 2748 338

1713794638.547072 1073237778
cloud1_tkemenade 25389895 2710 370

1713794639.549268 1073238730
cloud0_tkemenade 27820769 2748 338

1713794639.549595 1073238730
cloud1_tkemenade 25389895 2710 371

1713794640.552308 1073239600
cloud0_tkemenade 27820769 2748 338

1713794640.5526457 1073239600
cloud1_tkemenade 25389895 2710 371

1713794641.5548208 1073240469
cloud0_tkemenade 27820769 2749 338

1713794641.5551558 1073240469
cloud1_tkemenade 25389895 2710 371

1713794642.5571175 1073241286
cloud0_tkemenade 27820769 2749 338

1713794642.5581415 1073241286
cloud1_tkemenade 25389895 2710 371

1713794643.5601926 1073242190
cloud0_tkemenade 27820769 2749 338

1713794643.5605106 1073242190
cloud1_tkemenade 25389895 2710 371

1713794644.5625546 1073243137
cloud0_tkemenade 27820769 2749 338

1713794644.562882 1073243137
cloud1_tkemenade 25389895 2711 371

1713794644.6631708 1073243215
cloud0_tkemenade 27828227 2749 338

1713794644.6635177 1073243218
cloud1_tkemenade 25412271 2711 372

1713794645.6656094 1073244072
cloud0_tkemenade 27828227 2750 339

1713794645.665919 1073244072
cloud1_tkemenade 25412271 2719 374

1713794646.667803 1073244991
cloud0_tkemenade 27828227 2750 339

1713794646.668091 1073244991
cloud1_tkemenade 25412271 2746 379

1713794647.6698325 1073245808
cloud0_tkemenade 27828227 2750 339

1713794647.6701117 1073245808
cloud1_tkemenade 25412271 2748 379

1713794648.671905 1073246734
cloud0_tkemenade 27828227 2750 339

1713794648.6721823 1073246734
cloud1_tkemenade 25412271 2749 379

1713794649.6739736 1073247479
cloud0_tkemenade 27828227 2751 339

1713794649.6742554 1073247479
cloud1_tkemenade 25412271 2752 379

1713794650.676197 1073248261
cloud0_tkemenade 27828227 2767 340

1713794650.676464 1073248261
cloud1_tkemenade 25412271 2752 380

1713794651.6783736 1073248855
cloud0_tkemenade 27828227 2792 343

1713794651.6788473 1073248855
cloud1_tkemenade 25412271 2752 380

1713794651.779277 1073248972
cloud0_tkemenade 28209369 2797 344

1713794651.779628 1073248972
cloud1_tkemenade 25764647 2752 380

1713794652.7816432 1073249501
cloud0_tkemenade 28209369 2802 347

1713794652.7819645 1073249501
cloud1_tkemenade 25764647 2752 380

1713794653.7841318 1073249894
cloud0_tkemenade 28209369 2803 347

1713794653.7846546 1073249894
cloud1_tkemenade 25764647 2753 380

1713794654.7870355 1073250226
cloud0_tkemenade 28209369 2807 348

1713794654.7875514 1073250227
cloud1_tkemenade 25764647 2753 381

1713794655.790029 1073250561
cloud0_tkemenade 28209369 2807 348

1713794655.7905385 1073250561
cloud1_tkemenade 25764647 2753 381

1713794656.7929533 1073250873
cloud0_tkemenade 28209369 2808 349

1713794656.793445 1073250873
cloud1_tkemenade 25764647 2753 381

1713794657.7958844 1073251214
cloud0_tkemenade 28209369 2808 349

1713794657.7963097 1073251214
cloud1_tkemenade 25764647 2754 381

1713794658.7985983 1073251594
cloud0_tkemenade 28209369 2808 349

1713794658.7990947 1073251594
cloud1_tkemenade 25764647 2754 381

1713794658.9997272 1073251688
cloud0_tkemenade 28292800 2808 349

1713794659.0002222 1073251688
cloud1_tkemenade 25779370 2754 381

