1721158116.0696366 62484346
cloud_controller_tkemenade 10480692931 20849 3595
cloud0_tkemenade 23502535270 16264 2549

1721158117.0724785 62484629
cloud_controller_tkemenade 10480692931 21024 3604

1721158117.0729825 62484629
cloud0_tkemenade 23502535270 16370 2549

1721158118.0758197 62484889
cloud_controller_tkemenade 10480692931 21156 3625

1721158118.0763545 62484889
cloud0_tkemenade 23502535270 16485 2552

1721158119.0788875 62485143
cloud_controller_tkemenade 10480692931 21334 3635

1721158119.0794282 62485143
cloud0_tkemenade 23502535270 16565 2558

1721158120.0821092 62485423
cloud_controller_tkemenade 10480692931 21511 3646

1721158120.0826805 62485424
cloud0_tkemenade 23502535270 16665 2559

1721158120.8848772 62485629
cloud_controller_tkemenade 10485762783 21633 3665

1721158120.8853784 62485629
cloud0_tkemenade 23505885234 16744 2559

1721158121.8882532 62485870
cloud_controller_tkemenade 10485762783 21773 3679

1721158121.8888617 62485870
cloud0_tkemenade 23505885234 16844 2562

1721158122.891576 62486111
cloud_controller_tkemenade 10485762783 21902 3689

1721158122.8921335 62486111
cloud0_tkemenade 23505885234 16953 2564

1721158123.8949118 62486229
cloud_controller_tkemenade 10485762783 21929 3701

1721158123.895498 62486229
cloud0_tkemenade 23505885234 17044 2569

1721158124.8984082 62486363
cloud_controller_tkemenade 10485762783 21946 3709

1721158124.8990045 62486363
cloud0_tkemenade 23505885234 17166 2573

1721158125.9017813 62486529
cloud_controller_tkemenade 10485762783 21982 3723

1721158125.9023309 62486530
cloud0_tkemenade 23505885234 17301 2574

1721158126.9050093 62486695
cloud_controller_tkemenade 10485762783 22011 3729

1721158126.9055188 62486695
cloud0_tkemenade 23505885234 17443 2576

1721158127.9081652 62486856
cloud_controller_tkemenade 10485762783 22030 3736

1721158127.9084554 62486856
cloud0_tkemenade 23505885234 17583 2576

1721158128.00874 62486879
cloud_controller_tkemenade 10487635439 22039 3738

1721158128.009212 62486879
cloud0_tkemenade 23509210947 17597 2576

1721158129.0118628 62487046
cloud_controller_tkemenade 10487635439 22057 3747

1721158129.0123978 62487046
cloud0_tkemenade 23509210947 17733 2578

1721158130.0151174 62487190
cloud_controller_tkemenade 10487635439 22073 3752

1721158130.015657 62487190
cloud0_tkemenade 23509210947 17854 2583

1721158131.0183964 62487318
cloud_controller_tkemenade 10487635439 22100 3758

1721158131.0189817 62487318
cloud0_tkemenade 23509210947 17958 2590

1721158132.0218647 62487448
cloud_controller_tkemenade 10487635439 22133 3767

1721158132.022488 62487449
cloud0_tkemenade 23509210947 18053 2599

1721158133.0251627 62487568
cloud_controller_tkemenade 10487635439 22155 3773

1721158133.0257177 62487568
cloud0_tkemenade 23509210947 18151 2602

1721158134.0283086 62487706
cloud_controller_tkemenade 10487635439 22173 3783

1721158134.0289028 62487706
cloud0_tkemenade 23509210947 18241 2623

1721158134.9312787 62487855
cloud_controller_tkemenade 10488387058 22191 3789

1721158134.9318473 62487855
cloud0_tkemenade 23512037461 18327 2635

1721158135.9345894 62488019
cloud_controller_tkemenade 10488387058 22220 3797

1721158135.9351392 62488019
cloud0_tkemenade 23512037461 18425 2645

1721158136.937897 62488167
cloud_controller_tkemenade 10488387058 22250 3802

1721158136.9384181 62488168
cloud0_tkemenade 23512037461 18537 2647

1721158137.941066 62488311
cloud_controller_tkemenade 10488387058 22273 3808

1721158137.9416454 62488311
cloud0_tkemenade 23512037461 18651 2654

1721158138.9441395 62488447
cloud_controller_tkemenade 10488387058 22295 3817

1721158138.944697 62488447
cloud0_tkemenade 23512037461 18761 2657

1721158139.947146 62488572
cloud_controller_tkemenade 10488387058 22315 3821

1721158139.9477172 62488572
cloud0_tkemenade 23512037461 18866 2662

1721158140.9501672 62488706
cloud_controller_tkemenade 10488387058 22339 3829

1721158140.9507465 62488706
cloud0_tkemenade 23512037461 18976 2664

1721158141.9532244 62488847
cloud_controller_tkemenade 10489175089 22369 3836

1721158141.953774 62488847
cloud0_tkemenade 23514771162 19082 2666

1721158142.9562335 62488979
cloud_controller_tkemenade 10489175089 22386 3842

1721158142.9567518 62488979
cloud0_tkemenade 23514771162 19196 2670

1721158143.9590912 62489111
cloud_controller_tkemenade 10489175089 22402 3849

1721158143.9596279 62489111
cloud0_tkemenade 23514771162 19315 2674

1721158144.9623551 62489222
cloud_controller_tkemenade 10489175089 22421 3855

1721158144.9628954 62489222
cloud0_tkemenade 23514771162 19410 2685

1721158145.9656596 62489360
cloud_controller_tkemenade 10489175089 22452 3863

1721158145.9662433 62489360
cloud0_tkemenade 23514771162 19519 2687

1721158146.9689455 62489510
cloud_controller_tkemenade 10489175089 22496 3872

1721158146.9694946 62489510
cloud0_tkemenade 23514771162 19623 2691

1721158147.9721155 62489635
cloud_controller_tkemenade 10489175089 22513 3877

1721158147.9726672 62489635
cloud0_tkemenade 23514771162 19728 2698

1721158148.975336 62489767
cloud_controller_tkemenade 10489175089 22529 3884

1721158148.9758658 62489767
cloud0_tkemenade 23514771162 19838 2702

1721158149.0763164 62489783
cloud_controller_tkemenade 10489980147 22532 3885

1721158149.0765972 62489783
cloud0_tkemenade 23517834218 19848 2702

1721158150.0791092 62489911
cloud_controller_tkemenade 10489980147 22554 3890

1721158150.079641 62489911
cloud0_tkemenade 23517834218 19959 2705

1721158151.0823178 62490055
cloud_controller_tkemenade 10489980147 22588 3896

1721158151.0828903 62490055
cloud0_tkemenade 23517834218 20071 2708

1721158152.0854373 62490201
cloud_controller_tkemenade 10489980147 22617 3904

1721158152.0859766 62490201
cloud0_tkemenade 23517834218 20189 2714

1721158153.0881422 62490336
cloud_controller_tkemenade 10489980147 22633 3912

1721158153.088649 62490336
cloud0_tkemenade 23517834218 20307 2720

1721158154.0909894 62490469
cloud_controller_tkemenade 10489980147 22654 3920

1721158154.091516 62490469
cloud0_tkemenade 23517834218 20424 2728

1721158155.0938435 62490607
cloud_controller_tkemenade 10489980147 22683 3927

1721158155.0943723 62490608
cloud0_tkemenade 23517834218 20537 2732

1721158156.097316 62490751
cloud_controller_tkemenade 10489980147 22710 3931

1721158156.097836 62490751
cloud0_tkemenade 23517834218 20635 2743

1721158156.1983643 62490765
cloud_controller_tkemenade 10490845274 22711 3932

1721158156.1988604 62490765
cloud0_tkemenade 23521020326 20645 2744

1721158157.2013004 62490899
cloud_controller_tkemenade 10490845274 22739 3939

1721158157.2018867 62490899
cloud0_tkemenade 23521020326 20750 2748

1721158158.2043538 62491005
cloud_controller_tkemenade 10490845274 22756 3944

1721158158.2049153 62491005
cloud0_tkemenade 23521020326 20843 2754

1721158159.2072284 62491133
cloud_controller_tkemenade 10490845274 22776 3950

1721158159.2077563 62491133
cloud0_tkemenade 23521020326 20944 2756

1721158160.21026 62491183
cloud_controller_tkemenade 10490845274 22792 3958

1721158160.2108495 62491183
cloud0_tkemenade 23521020326 20972 2758

1721158161.213501 62491223
cloud_controller_tkemenade 10490845274 22816 3968

1721158161.214075 62491223
cloud0_tkemenade 23521020326 20991 2759

1721158162.216702 62491265
cloud_controller_tkemenade 10490845274 22851 3975

1721158162.2172868 62491265
cloud0_tkemenade 23521020326 21001 2761

1721158163.2198625 62491295
cloud_controller_tkemenade 10490845274 22866 3980

1721158163.2203958 62491295
cloud0_tkemenade 23521020326 21008 2761

1721158163.3208926 62491297
cloud_controller_tkemenade 10491517350 22868 3981

1721158163.3213127 62491297
cloud0_tkemenade 23522302188 21008 2761

1721158164.3234901 62491321
cloud_controller_tkemenade 10491517350 22886 3991

1721158164.3240843 62491321
cloud0_tkemenade 23522302188 21009 2763

1721158165.3266807 62491346
cloud_controller_tkemenade 10491517350 22907 3997

1721158165.3272557 62491346
cloud0_tkemenade 23522302188 21013 2763

1721158166.3298068 62491384
cloud_controller_tkemenade 10491517350 22935 4004

1721158166.330392 62491385
cloud0_tkemenade 23522302188 21027 2765

1721158167.3330014 62491425
cloud_controller_tkemenade 10491517350 22968 4012

1721158167.3335748 62491425
cloud0_tkemenade 23522302188 21031 2768

1721158168.3363304 62491453
cloud_controller_tkemenade 10491517350 22993 4021

1721158168.3368952 62491453
cloud0_tkemenade 23522302188 21033 2768

1721158169.3395746 62491498
cloud_controller_tkemenade 10491517350 23017 4028

1721158169.3401399 62491498
cloud0_tkemenade 23522302188 21036 2769

1721158170.2424412 62491548
cloud_controller_tkemenade 10492219319 23038 4033

1721158170.2429867 62491548
cloud0_tkemenade 23522511218 21060 2776

1721158171.2454693 62491602
cloud_controller_tkemenade 10492219319 23068 4040

1721158171.2460449 62491602
cloud0_tkemenade 23522511218 21084 2779

1721158172.2487447 62491643
cloud_controller_tkemenade 10492219319 23100 4049

1721158172.2493176 62491643
cloud0_tkemenade 23522511218 21094 2780

1721158173.251861 62491672
cloud_controller_tkemenade 10492219319 23119 4053

1721158173.2524283 62491672
cloud0_tkemenade 23522511218 21096 2782

1721158174.2550368 62491721
cloud_controller_tkemenade 10492219319 23140 4062

1721158174.2556047 62491721
cloud0_tkemenade 23522511218 21103 2783

1721158175.258175 62491749
cloud_controller_tkemenade 10492219319 23160 4072

1721158175.2587578 62491749
cloud0_tkemenade 23522511218 21107 2783

1721158176.2614117 62491795
cloud_controller_tkemenade 10492219319 23190 4080

1721158176.2619674 62491795
cloud0_tkemenade 23522511218 21124 2784

1721158177.264592 62491844
cloud_controller_tkemenade 10492919104 23220 4088

1721158177.2651417 62491844
cloud0_tkemenade 23522747470 21128 2787

1721158178.2677374 62491871
cloud_controller_tkemenade 10492919104 23239 4094

1721158178.2683258 62491871
cloud0_tkemenade 23522747470 21132 2789

1721158179.2708821 62491891
cloud_controller_tkemenade 10492919104 23259 4097

1721158179.2714486 62491891
cloud0_tkemenade 23522747470 21135 2789

1721158180.27393 62491933
cloud_controller_tkemenade 10492919104 23280 4107

1721158180.2745516 62491933
cloud0_tkemenade 23522747470 21136 2790

1721158181.2770398 62491974
cloud_controller_tkemenade 10492919104 23305 4119

1721158181.2776208 62491974
cloud0_tkemenade 23522747470 21153 2792

1721158182.2802823 62492011
cloud_controller_tkemenade 10492919104 23338 4127

1721158182.2808187 62492011
cloud0_tkemenade 23522747470 21161 2793

1721158183.2832355 62492033
cloud_controller_tkemenade 10492919104 23353 4133

1721158183.2837899 62492033
cloud0_tkemenade 23522747470 21166 2794

1721158184.286322 62492053
cloud_controller_tkemenade 10492919104 23372 4141

1721158184.2868733 62492053
cloud0_tkemenade 23522747470 21167 2795

1721158184.3873503 62492059
cloud_controller_tkemenade 10493566005 23373 4141

1721158184.3878138 62492059
cloud0_tkemenade 23522893644 21167 2795

1721158185.3903732 62492083
cloud_controller_tkemenade 10493566005 23394 4149

1721158185.3909247 62492083
cloud0_tkemenade 23522893644 21171 2796

1721158186.3935704 62492131
cloud_controller_tkemenade 10493566005 23428 4155

1721158186.3941383 62492131
cloud0_tkemenade 23522893644 21188 2799

1721158187.3967714 62492164
cloud_controller_tkemenade 10493566005 23457 4165

1721158187.397336 62492164
cloud0_tkemenade 23522893644 21191 2801

1721158188.399602 62492191
cloud_controller_tkemenade 10493566005 23476 4171

1721158188.4001637 62492191
cloud0_tkemenade 23522893644 21195 2803

1721158189.4023645 62492226
cloud_controller_tkemenade 10493566005 23493 4177

1721158189.4029229 62492226
cloud0_tkemenade 23522893644 21198 2804

1721158190.4051344 62492256
cloud_controller_tkemenade 10493566005 23513 4181

1721158190.4056892 62492256
cloud0_tkemenade 23522893644 21200 2805

1721158191.4080703 62492305
cloud_controller_tkemenade 10494207190 23540 4190

1721158191.4086447 62492305
cloud0_tkemenade 23523109398 21220 2813

1721158192.4114525 62492341
cloud_controller_tkemenade 10494207190 23573 4200

1721158192.4120226 62492341
cloud0_tkemenade 23523109398 21227 2818

1721158193.4145596 62492372
cloud_controller_tkemenade 10494207190 23593 4202

1721158193.415119 62492372
cloud0_tkemenade 23523109398 21234 2822

1721158194.417651 62492401
cloud_controller_tkemenade 10494207190 23616 4210

1721158194.4182227 62492401
cloud0_tkemenade 23523109398 21238 2824

1721158195.420525 62492423
cloud_controller_tkemenade 10494207190 23634 4214

1721158195.421074 62492423
cloud0_tkemenade 23523109398 21242 2824

1721158196.4237075 62492467
cloud_controller_tkemenade 10494207190 23660 4225

1721158196.4242678 62492467
cloud0_tkemenade 23523109398 21258 2827

1721158197.426868 62492504
cloud_controller_tkemenade 10494207190 23690 4232

1721158197.4274287 62492504
cloud0_tkemenade 23523109398 21263 2835

1721158198.4300036 62492531
cloud_controller_tkemenade 10494892827 23711 4238

1721158198.4305544 62492531
cloud0_tkemenade 23523319660 21266 2837

1721158199.4331195 62492550
cloud_controller_tkemenade 10494892827 23729 4243

1721158199.43368 62492550
cloud0_tkemenade 23523319660 21269 2838

1721158200.4362936 62492589
cloud_controller_tkemenade 10494892827 23749 4252

1721158200.4368687 62492589
cloud0_tkemenade 23523319660 21271 2838

1721158201.43943 62492626
cloud_controller_tkemenade 10494892827 23770 4258

1721158201.4399714 62492626
cloud0_tkemenade 23523319660 21289 2840

1721158202.4426312 62492667
cloud_controller_tkemenade 10494892827 23806 4263

1721158202.4431946 62492667
cloud0_tkemenade 23523319660 21296 2845

1721158203.445711 62492687
cloud_controller_tkemenade 10494892827 23823 4268

1721158203.4462674 62492687
cloud0_tkemenade 23523319660 21299 2848

1721158204.4488285 62492709
cloud_controller_tkemenade 10494892827 23845 4273

1721158204.4493876 62492709
cloud0_tkemenade 23523319660 21300 2850

1721158205.452026 62492736
cloud_controller_tkemenade 10494892827 23869 4280

1721158205.452587 62492736
cloud0_tkemenade 23523319660 21306 2853

1721158205.5530906 62492741
cloud_controller_tkemenade 10495487176 23871 4282

1721158205.5536191 62492741
cloud0_tkemenade 23523489049 21306 2853

1721158206.5562432 62492784
cloud_controller_tkemenade 10495487176 23900 4287

1721158206.5567973 62492784
cloud0_tkemenade 23523489049 21322 2857

1721158207.5593562 62492815
cloud_controller_tkemenade 10495487176 23926 4292

1721158207.5599332 62492815
cloud0_tkemenade 23523489049 21326 2857

1721158208.562538 62492841
cloud_controller_tkemenade 10495487176 23949 4299

1721158208.5631073 62492841
cloud0_tkemenade 23523489049 21332 2862

1721158209.5656106 62492864
cloud_controller_tkemenade 10495487176 23967 4303

1721158209.5661285 62492864
cloud0_tkemenade 23523489049 21335 2862

1721158210.5687022 62492900
cloud_controller_tkemenade 10495487176 23992 4307

1721158210.5692148 62492900
cloud0_tkemenade 23523489049 21335 2865

1721158211.5717456 62492941
cloud_controller_tkemenade 10495487176 24019 4313

1721158211.572301 62492941
cloud0_tkemenade 23523489049 21353 2866

1721158212.5749514 62492977
cloud_controller_tkemenade 10496161527 24047 4319

1721158212.575464 62492977
cloud0_tkemenade 23523708605 21359 2870

1721158213.5779567 62492993
cloud_controller_tkemenade 10496161527 24063 4325

1721158213.5785072 62492993
cloud0_tkemenade 23523708605 21362 2870

1721158214.5810695 62493027
cloud_controller_tkemenade 10496161527 24099 4333

1721158214.5816405 62493027
cloud0_tkemenade 23523708605 21365 2871

1721158215.5841763 62493044
cloud_controller_tkemenade 10496161527 24118 4338

1721158215.5847201 62493044
cloud0_tkemenade 23523708605 21368 2871

1721158216.5873337 62493088
cloud_controller_tkemenade 10496161527 24152 4343

1721158216.5879095 62493088
cloud0_tkemenade 23523708605 21385 2873

1721158217.5903761 62493118
cloud_controller_tkemenade 10496161527 24176 4349

1721158217.590896 62493118
cloud0_tkemenade 23523708605 21388 2873

1721158218.5934513 62493150
cloud_controller_tkemenade 10496161527 24202 4356

1721158218.5939865 62493150
cloud0_tkemenade 23523708605 21392 2874

1721158219.5964665 62493167
cloud_controller_tkemenade 10496161527 24216 4361

1721158219.5970001 62493167
cloud0_tkemenade 23523708605 21395 2875

1721158219.6975017 62493173
cloud_controller_tkemenade 10496792418 24220 4362

1721158219.6980205 62493173
cloud0_tkemenade 23523830044 21395 2875

1721158220.7006218 62493213
cloud_controller_tkemenade 10496792418 24250 4367

1721158220.701302 62493213
cloud0_tkemenade 23523830044 21403 2875

1721158221.7038188 62493252
cloud_controller_tkemenade 10496792418 24274 4374

1721158221.7043858 62493252
cloud0_tkemenade 23523830044 21417 2879

1721158222.7070224 62493295
cloud_controller_tkemenade 10496792418 24305 4379

1721158222.7075896 62493295
cloud0_tkemenade 23523830044 21423 2880

1721158223.7099872 62493319
cloud_controller_tkemenade 10496792418 24326 4384

1721158223.7105625 62493320
cloud0_tkemenade 23523830044 21427 2881

1721158224.7130797 62493344
cloud_controller_tkemenade 10496792418 24348 4391

1721158224.7135975 62493344
cloud0_tkemenade 23523830044 21429 2881

1721158225.716129 62493373
cloud_controller_tkemenade 10496792418 24368 4397

1721158225.7166874 62493373
cloud0_tkemenade 23523830044 21438 2882

1721158226.718942 62493435
cloud_controller_tkemenade 10497452998 24397 4402

1721158226.7194405 62493435
cloud0_tkemenade 23524026432 21451 2885

1721158227.7218652 62493466
cloud_controller_tkemenade 10497452998 24428 4412

1721158227.7224581 62493467
cloud0_tkemenade 23524026432 21454 2885

1721158228.7250597 62493491
cloud_controller_tkemenade 10497452998 24453 4419

1721158228.7256312 62493491
cloud0_tkemenade 23524026432 21457 2887

1721158229.728179 62493511
cloud_controller_tkemenade 10497452998 24472 4423

1721158229.7287335 62493511
cloud0_tkemenade 23524026432 21460 2887

1721158230.7313082 62493556
cloud_controller_tkemenade 10497452998 24498 4436

1721158230.7318988 62493556
cloud0_tkemenade 23524026432 21466 2888

1721158231.7343965 62493605
cloud_controller_tkemenade 10497452998 24521 4441

1721158231.7348902 62493605
cloud0_tkemenade 23524026432 21491 2890

1721158232.73743 62493643
cloud_controller_tkemenade 10497452998 24556 4447

1721158232.7379665 62493643
cloud0_tkemenade 23524026432 21498 2891

1721158233.7404244 62493667
cloud_controller_tkemenade 10498137745 24575 4451

1721158233.7409377 62493667
cloud0_tkemenade 23524201389 21501 2893

1721158234.7433877 62493702
cloud_controller_tkemenade 10498137745 24602 4456

1721158234.743947 62493702
cloud0_tkemenade 23524201389 21507 2894

1721158235.746506 62493732
cloud_controller_tkemenade 10498137745 24626 4462

1721158235.747057 62493732
cloud0_tkemenade 23524201389 21512 2896

1721158236.7495637 62493774
cloud_controller_tkemenade 10498137745 24655 4470

1721158236.750148 62493774
cloud0_tkemenade 23524201389 21525 2897

1721158237.7526796 62493810
cloud_controller_tkemenade 10498137745 24681 4477

1721158237.753233 62493810
cloud0_tkemenade 23524201389 21529 2898

1721158238.7557356 62493861
cloud_controller_tkemenade 10498137745 24726 4480

1721158238.7562602 62493861
cloud0_tkemenade 23524201389 21535 2900

1721158239.7587566 62493881
cloud_controller_tkemenade 10498137745 24745 4485

1721158239.7593052 62493881
cloud0_tkemenade 23524201389 21537 2901

1721158240.7618082 62493913
cloud_controller_tkemenade 10498137745 24774 4492

1721158240.7623966 62493914
cloud0_tkemenade 23524201389 21544 2902

1721158240.8628972 62493927
cloud_controller_tkemenade 10498860849 24779 4492

1721158240.863406 62493927
cloud0_tkemenade 23524355493 21544 2902

1721158241.8658674 62493973
cloud_controller_tkemenade 10498860849 24801 4499

1721158241.8664718 62493973
cloud0_tkemenade 23524355493 21560 2907

1721158242.8691158 62494011
cloud_controller_tkemenade 10498860849 24833 4507

1721158242.869705 62494011
cloud0_tkemenade 23524355493 21565 2908

1721158243.8722327 62494028
cloud_controller_tkemenade 10498860849 24848 4512

1721158243.87279 62494028
cloud0_tkemenade 23524355493 21569 2908

1721158244.8753936 62494053
cloud_controller_tkemenade 10498860849 24873 4520

1721158244.8759687 62494053
cloud0_tkemenade 23524355493 21571 2908

1721158245.8784823 62494080
cloud_controller_tkemenade 10498860849 24895 4528

1721158245.8790195 62494080
cloud0_tkemenade 23524355493 21579 2909

1721158246.8817089 62494122
cloud_controller_tkemenade 10498860849 24925 4543

1721158246.882284 62494123
cloud0_tkemenade 23524355493 21592 2911

1721158247.8849487 62494153
cloud_controller_tkemenade 10499549245 24950 4550

1721158247.885514 62494153
cloud0_tkemenade 23524538865 21595 2912

1721158248.888074 62494176
cloud_controller_tkemenade 10499549245 24973 4559

1721158248.8886502 62494176
cloud0_tkemenade 23524538865 21598 2914

1721158249.891366 62494195
cloud_controller_tkemenade 10499549245 24992 4572

1721158249.8919373 62494195
cloud0_tkemenade 23524538865 21600 2916

1721158250.8945968 62494231
cloud_controller_tkemenade 10499549245 25021 4586

1721158250.895176 62494231
cloud0_tkemenade 23524538865 21606 2917

1721158251.8979657 62494289
cloud_controller_tkemenade 10499549245 25052 4599

1721158251.898568 62494289
cloud0_tkemenade 23524538865 21623 2924

1721158252.9012764 62494331
cloud_controller_tkemenade 10499549245 25085 4615

1721158252.9018428 62494331
cloud0_tkemenade 23524538865 21629 2930

1721158253.904488 62494347
cloud_controller_tkemenade 10499549245 25100 4622

1721158253.9050705 62494347
cloud0_tkemenade 23524538865 21632 2930

1721158254.9078014 62494387
cloud_controller_tkemenade 10499549245 25126 4631

1721158254.9083545 62494387
cloud0_tkemenade 23524538865 21638 2932

1721158255.008835 62494390
cloud_controller_tkemenade 10500321406 25128 4631

1721158255.0092971 62494390
cloud0_tkemenade 23524727415 21638 2933

1721158256.0117984 62494417
cloud_controller_tkemenade 10500321406 25151 4638

1721158256.0123694 62494417
cloud0_tkemenade 23524727415 21646 2935

1721158257.01504 62494463
cloud_controller_tkemenade 10500321406 25189 4653

1721158257.0155838 62494463
cloud0_tkemenade 23524727415 21660 2944

1721158258.0181813 62494500
cloud_controller_tkemenade 10500321406 25223 4661

1721158258.0187695 62494500
cloud0_tkemenade 23524727415 21665 2948

1721158259.021315 62494531
cloud_controller_tkemenade 10500321406 25253 4665

1721158259.021862 62494531
cloud0_tkemenade 23524727415 21668 2950

1721158260.0242734 62494549
cloud_controller_tkemenade 10500321406 25268 4670

1721158260.0247524 62494549
cloud0_tkemenade 23524727415 21671 2956

1721158261.0272112 62494592
cloud_controller_tkemenade 10500321406 25303 4679

1721158261.0276818 62494592
cloud0_tkemenade 23524727415 21681 2956

1721158262.0302584 62494641
cloud_controller_tkemenade 10501072064 25324 4686

1721158262.0309362 62494641
cloud0_tkemenade 23524978631 21696 2958

1721158263.0332649 62494677
cloud_controller_tkemenade 10501072064 25356 4694

1721158263.0337327 62494677
cloud0_tkemenade 23524978631 21703 2959

1721158264.0361938 62494691
cloud_controller_tkemenade 10501072064 25371 4700

1721158264.0366185 62494691
cloud0_tkemenade 23524978631 21706 2959

1721158265.0390584 62494714
cloud_controller_tkemenade 10501072064 25392 4703

1721158265.0394998 62494714
cloud0_tkemenade 23524978631 21709 2960

1721158266.041929 62494741
cloud_controller_tkemenade 10501072064 25414 4709

1721158266.0424094 62494741
cloud0_tkemenade 23524978631 21716 2962

1721158267.0447137 62494779
cloud_controller_tkemenade 10501072064 25441 4717

1721158267.04517 62494779
cloud0_tkemenade 23524978631 21727 2965

1721158268.0474846 62494814
cloud_controller_tkemenade 10501072064 25467 4721

1721158268.0479834 62494814
cloud0_tkemenade 23524978631 21729 2966

1721158269.0502567 62494847
cloud_controller_tkemenade 10501822044 25490 4731

1721158269.0508192 62494847
cloud0_tkemenade 23525140109 21733 2967

1721158270.0533037 62494865
cloud_controller_tkemenade 10501822044 25507 4737

1721158270.0538201 62494865
cloud0_tkemenade 23525140109 21736 2969

1721158271.0562136 62494903
cloud_controller_tkemenade 10501822044 25541 4746

1721158271.0567334 62494903
cloud0_tkemenade 23525140109 21742 2970

1721158272.0593877 62494950
cloud_controller_tkemenade 10501822044 25561 4753

1721158272.0599575 62494950
cloud0_tkemenade 23525140109 21754 2972

1721158273.0624807 62494987
cloud_controller_tkemenade 10501822044 25592 4760

1721158273.0630336 62494987
cloud0_tkemenade 23525140109 21760 2975

1721158274.0655425 62495005
cloud_controller_tkemenade 10501822044 25609 4766

1721158274.0660248 62495005
cloud0_tkemenade 23525140109 21763 2975

1721158275.0685449 62495039
cloud_controller_tkemenade 10501822044 25643 4775

1721158275.0690215 62495039
cloud0_tkemenade 23525140109 21765 2976

1721158276.071606 62495067
cloud_controller_tkemenade 10502486001 25662 4779

1721158276.0721467 62495067
cloud0_tkemenade 23525291008 21773 2977

1721158277.0745554 62495110
cloud_controller_tkemenade 10502486001 25691 4786

1721158277.0750878 62495110
cloud0_tkemenade 23525291008 21786 2979

1721158278.0774033 62495139
cloud_controller_tkemenade 10502486001 25717 4791

1721158278.0779119 62495139
cloud0_tkemenade 23525291008 21789 2979

1721158279.0803745 62495167
cloud_controller_tkemenade 10502486001 25740 4797

1721158279.080899 62495167
cloud0_tkemenade 23525291008 21794 2979

1721158280.0834646 62495192
cloud_controller_tkemenade 10502486001 25759 4806

1721158280.084001 62495192
cloud0_tkemenade 23525291008 21797 2982

1721158281.0864763 62495227
cloud_controller_tkemenade 10502486001 25788 4815

1721158281.0870023 62495227
cloud0_tkemenade 23525291008 21803 2983

1721158282.0895922 62495275
cloud_controller_tkemenade 10502486001 25807 4823

1721158282.0901682 62495275
cloud0_tkemenade 23525291008 21816 2983

1721158283.0926392 62495308
cloud_controller_tkemenade 10502486001 25837 4831

1721158283.0931382 62495308
cloud0_tkemenade 23525291008 21820 2986

1721158283.193614 62495313
cloud_controller_tkemenade 10503170071 25839 4831

1721158283.1941204 62495313
cloud0_tkemenade 23525459804 21822 2986

1721158284.1964207 62495330
cloud_controller_tkemenade 10503170071 25858 4835

1721158284.1968935 62495330
cloud0_tkemenade 23525459804 21824 2987

1721158285.1991775 62495357
cloud_controller_tkemenade 10503170071 25879 4841

1721158285.1997023 62495357
cloud0_tkemenade 23525459804 21827 2987

1721158286.2022145 62495385
cloud_controller_tkemenade 10503170071 25900 4844

1721158286.2027457 62495385
cloud0_tkemenade 23525459804 21834 2988

1721158287.2052567 62495431
cloud_controller_tkemenade 10503170071 25931 4855

1721158287.2057836 62495431
cloud0_tkemenade 23525459804 21848 2990

1721158288.2082884 62495460
cloud_controller_tkemenade 10503170071 25960 4865

1721158288.2087736 62495460
cloud0_tkemenade 23525459804 21850 2990

1721158289.2112808 62495486
cloud_controller_tkemenade 10503170071 25984 4875

1721158289.2117693 62495486
cloud0_tkemenade 23525459804 21853 2990

1721158290.2142735 62495519
cloud_controller_tkemenade 10503835516 26007 4886

1721158290.2148104 62495519
cloud0_tkemenade 23525585699 21857 2992

1721158291.2172158 62495568
cloud_controller_tkemenade 10503835516 26042 4891

1721158291.2177808 62495568
cloud0_tkemenade 23525585699 21870 2993

1721158292.2201858 62495607
cloud_controller_tkemenade 10503835516 26064 4897

1721158292.2205718 62495607
cloud0_tkemenade 23525585699 21888 2996

1721158293.2228198 62495649
cloud_controller_tkemenade 10503835516 26093 4904

1721158293.2233849 62495649
cloud0_tkemenade 23525585699 21894 2998

1721158294.2258797 62495672
cloud_controller_tkemenade 10503835516 26112 4908

1721158294.2263875 62495672
cloud0_tkemenade 23525585699 21897 2999

1721158295.2288406 62495702
cloud_controller_tkemenade 10503835516 26135 4917

1721158295.2293146 62495702
cloud0_tkemenade 23525585699 21901 2999

1721158296.2317727 62495727
cloud_controller_tkemenade 10503835516 26157 4926

1721158296.2322981 62495727
cloud0_tkemenade 23525585699 21910 3000

1721158297.134556 62495763
cloud_controller_tkemenade 10504518520 26182 4934

1721158297.1350808 62495763
cloud0_tkemenade 23525794226 21917 3001

1721158298.1375086 62495798
cloud_controller_tkemenade 10504518520 26207 4941

1721158298.13805 62495798
cloud0_tkemenade 23525794226 21926 3002

1721158299.1404395 62495825
cloud_controller_tkemenade 10504518520 26230 4950

1721158299.1409855 62495825
cloud0_tkemenade 23525794226 21929 3003

1721158300.143481 62495847
cloud_controller_tkemenade 10504518520 26250 4957

1721158300.1440334 62495847
cloud0_tkemenade 23525794226 21934 3003

1721158301.1465998 62495881
cloud_controller_tkemenade 10504518520 26280 4967

1721158301.1471202 62495881
cloud0_tkemenade 23525794226 21941 3004

1721158302.1496148 62495909
cloud_controller_tkemenade 10504518520 26302 4976

1721158302.1501153 62495909
cloud0_tkemenade 23525794226 21948 3004

1721158303.1525033 62495967
cloud_controller_tkemenade 10504518520 26334 4982

1721158303.153062 62495967
cloud0_tkemenade 23525794226 21958 3007

1721158304.1555202 62495983
cloud_controller_tkemenade 10504518520 26349 4989

1721158304.1560066 62495983
cloud0_tkemenade 23525794226 21961 3008

1721158304.3567083 62495995
cloud_controller_tkemenade 10505190182 26352 4991

1721158304.3572128 62495995
cloud0_tkemenade 23525949454 21961 3008

1721158305.3597345 62496019
cloud_controller_tkemenade 10505190182 26373 5000

1721158305.3602228 62496019
cloud0_tkemenade 23525949454 21965 3009

1721158306.3625824 62496039
cloud_controller_tkemenade 10505190182 26394 5006

1721158306.3630779 62496039
cloud0_tkemenade 23525949454 21970 3010

1721158307.3655899 62496085
cloud_controller_tkemenade 10505190182 26425 5017

1721158307.3660939 62496085
cloud0_tkemenade 23525949454 21983 3011

1721158308.368727 62496111
cloud_controller_tkemenade 10505190182 26451 5025

1721158308.369298 62496111
cloud0_tkemenade 23525949454 21986 3014

1721158309.3717923 62496143
cloud_controller_tkemenade 10505190182 26474 5030

1721158309.372344 62496143
cloud0_tkemenade 23525949454 21988 3017

1721158310.375008 62496168
cloud_controller_tkemenade 10505190182 26495 5036

1721158310.3755906 62496168
cloud0_tkemenade 23525949454 21990 3019

1721158311.3782337 62496215
cloud_controller_tkemenade 10505865005 26523 5045

1721158311.378792 62496215
cloud0_tkemenade 23526099414 21999 3020

1721158312.3813987 62496250
cloud_controller_tkemenade 10505865005 26548 5051

1721158312.3819768 62496250
cloud0_tkemenade 23526099414 22011 3023

1721158313.3845618 62496302
cloud_controller_tkemenade 10505865005 26580 5056

1721158313.3851194 62496302
cloud0_tkemenade 23526099414 22017 3025

1721158314.3876371 62496320
cloud_controller_tkemenade 10505865005 26598 5062

1721158314.388195 62496320
cloud0_tkemenade 23526099414 22019 3026

1721158315.3907092 62496347
cloud_controller_tkemenade 10505865005 26620 5070

1721158315.3912468 62496347
cloud0_tkemenade 23526099414 22022 3026

1721158316.3937635 62496378
cloud_controller_tkemenade 10505865005 26643 5076

1721158316.3942554 62496378
cloud0_tkemenade 23526099414 22029 3027

1721158317.396796 62496424
cloud_controller_tkemenade 10505865005 26671 5087

1721158317.3973236 62496424
cloud0_tkemenade 23526099414 22043 3028

1721158318.3997068 62496458
cloud_controller_tkemenade 10505865005 26699 5095

1721158318.4001832 62496458
cloud0_tkemenade 23526099414 22045 3029

1721158318.500674 62496467
cloud_controller_tkemenade 10506547682 26700 5096

1721158318.50116 62496467
cloud0_tkemenade 23526264094 22045 3029

1721158319.503698 62496489
cloud_controller_tkemenade 10506547682 26719 5106

1721158319.5042174 62496489
cloud0_tkemenade 23526264094 22048 3030

1721158320.5067859 62496523
cloud_controller_tkemenade 10506547682 26747 5110

1721158320.5073364 62496523
cloud0_tkemenade 23526264094 22054 3030

1721158321.5098405 62496559
cloud_controller_tkemenade 10506547682 26775 5117

1721158321.5104299 62496559
cloud0_tkemenade 23526264094 22063 3031

1721158322.5130403 62496594
cloud_controller_tkemenade 10506547682 26796 5128

1721158322.5136101 62496594
cloud0_tkemenade 23526264094 22075 3032

1721158323.5161703 62496639
cloud_controller_tkemenade 10506547682 26829 5136

1721158323.5167308 62496639
cloud0_tkemenade 23526264094 22083 3034

1721158324.519216 62496661
cloud_controller_tkemenade 10506547682 26849 5141

1721158324.5197692 62496661
cloud0_tkemenade 23526264094 22085 3034

1721158325.5225744 62496707
cloud_controller_tkemenade 10507255157 26880 5150

1721158325.5231388 62496707
cloud0_tkemenade 23526412240 22090 3034

1721158326.5257075 62496747
cloud_controller_tkemenade 10507255157 26894 5162

1721158326.5262904 62496748
cloud0_tkemenade 23526412240 22096 3035

1721158327.5291407 62496822
cloud_controller_tkemenade 10507255157 26924 5168

1721158327.5298169 62496822
cloud0_tkemenade 23526412240 22110 3037

1721158328.5324304 62496863
cloud_controller_tkemenade 10507255157 26952 5173

1721158328.532988 62496863
cloud0_tkemenade 23526412240 22113 3038

1721158329.5356178 62496892
cloud_controller_tkemenade 10507255157 26971 5181

1721158329.5361867 62496892
cloud0_tkemenade 23526412240 22117 3039

1721158330.5388308 62496922
cloud_controller_tkemenade 10507255157 26998 5188

1721158330.5393875 62496922
cloud0_tkemenade 23526412240 22120 3039

1721158331.542081 62496961
cloud_controller_tkemenade 10507255157 27027 5195

1721158331.5426688 62496962
cloud0_tkemenade 23526412240 22129 3040

1721158332.5454473 62497007
cloud_controller_tkemenade 10507255157 27059 5203

1721158332.5460224 62497007
cloud0_tkemenade 23526412240 22142 3042

1721158332.6464472 62497015
cloud_controller_tkemenade 10507954974 27061 5203

1721158332.6469684 62497015
cloud0_tkemenade 23526593894 22142 3042

1721158333.649673 62497058
cloud_controller_tkemenade 10507954974 27089 5210

1721158333.650228 62497058
cloud0_tkemenade 23526593894 22150 3044

1721158334.652837 62497093
cloud_controller_tkemenade 10507954974 27118 5218

1721158334.653406 62497093
cloud0_tkemenade 23526593894 22152 3046

1721158335.6558542 62497121
cloud_controller_tkemenade 10507954974 27144 5225

1721158335.656457 62497121
cloud0_tkemenade 23526593894 22155 3047

1721158336.6589944 62497147
cloud_controller_tkemenade 10507954974 27165 5230

1721158336.659555 62497147
cloud0_tkemenade 23526593894 22162 3047

1721158337.6621933 62497191
cloud_controller_tkemenade 10507954974 27194 5237

1721158337.6626706 62497191
cloud0_tkemenade 23526593894 22176 3049

1721158338.6653185 62497217
cloud_controller_tkemenade 10507954974 27221 5242

1721158338.665837 62497217
cloud0_tkemenade 23526593894 22178 3051

1721158339.6681306 62497242
cloud_controller_tkemenade 10507954974 27239 5250

1721158339.6686976 62497242
cloud0_tkemenade 23526593894 22181 3051

1721158339.7692225 62497249
cloud_controller_tkemenade 10508628102 27242 5250

1721158339.7697585 62497249
cloud0_tkemenade 23526736859 22181 3051

1721158340.772148 62497279
cloud_controller_tkemenade 10508628102 27261 5256

1721158340.772713 62497279
cloud0_tkemenade 23526736859 22184 3052

1721158341.7755938 62497320
cloud_controller_tkemenade 10508628102 27291 5266

1721158341.7761762 62497320
cloud0_tkemenade 23526736859 22197 3053

1721158342.7786403 62497349
cloud_controller_tkemenade 10508628102 27309 5275

1721158342.7792048 62497349
cloud0_tkemenade 23526736859 22209 3055

1721158343.7820005 62497403
cloud_controller_tkemenade 10508628102 27341 5285

1721158343.7825885 62497403
cloud0_tkemenade 23526736859 22220 3056

1721158344.785287 62497425
cloud_controller_tkemenade 10508628102 27360 5298

1721158344.7858477 62497425
cloud0_tkemenade 23526736859 22223 3057

1721158345.7885573 62497451
cloud_controller_tkemenade 10508628102 27382 5307

1721158345.789098 62497451
cloud0_tkemenade 23526736859 22225 3059

1721158346.7916324 62497490
cloud_controller_tkemenade 10509307075 27401 5314

1721158346.7922194 62497490
cloud0_tkemenade 23526909633 22231 3059

1721158347.7949646 62497534
cloud_controller_tkemenade 10509307075 27432 5329

1721158347.795534 62497534
cloud0_tkemenade 23526909633 22246 3061

1721158348.7982543 62497567
cloud_controller_tkemenade 10509307075 27464 5339

1721158348.7988577 62497567
cloud0_tkemenade 23526909633 22249 3063

1721158349.801687 62497593
cloud_controller_tkemenade 10509307075 27488 5350

1721158349.80226 62497593
cloud0_tkemenade 23526909633 22254 3063

1721158350.8049805 62497636
cloud_controller_tkemenade 10509307075 27512 5365

1721158350.805546 62497636
cloud0_tkemenade 23526909633 22257 3064

1721158351.8083498 62497679
cloud_controller_tkemenade 10509307075 27540 5381

1721158351.8089252 62497679
cloud0_tkemenade 23526909633 22273 3068

1721158352.8115644 62497710
cloud_controller_tkemenade 10509307075 27559 5390

1721158352.8121464 62497710
cloud0_tkemenade 23526909633 22285 3071

1721158353.714544 62497763
cloud_controller_tkemenade 10510162714 27592 5403

1721158353.7148807 62497763
cloud0_tkemenade 23527141051 22291 3074

1721158354.717387 62497787
cloud_controller_tkemenade 10510162714 27609 5409

1721158354.717953 62497787
cloud0_tkemenade 23527141051 22296 3075

1721158355.72059 62497809
cloud_controller_tkemenade 10510162714 27629 5422

1721158355.7211413 62497809
cloud0_tkemenade 23527141051 22301 3075

1721158356.723701 62497835
cloud_controller_tkemenade 10510162714 27650 5429

1721158356.7242672 62497835
cloud0_tkemenade 23527141051 22308 3075

1721158357.7270026 62497876
cloud_controller_tkemenade 10510162714 27677 5440

1721158357.72757 62497876
cloud0_tkemenade 23527141051 22315 3077

1721158358.7301915 62497929
cloud_controller_tkemenade 10510162714 27723 5446

1721158358.7307355 62497929
cloud0_tkemenade 23527141051 22324 3079

1721158359.7331822 62497954
cloud_controller_tkemenade 10510162714 27744 5451

1721158359.733731 62497954
cloud0_tkemenade 23527141051 22328 3080

1721158360.7361767 62497979
cloud_controller_tkemenade 10510162714 27767 5457

1721158360.736702 62497979
cloud0_tkemenade 23527141051 22331 3081

1721158360.837187 62497983
cloud_controller_tkemenade 10510878021 27769 5457

1721158360.8376725 62497983
cloud0_tkemenade 23527286589 22331 3081

1721158361.840245 62498022
cloud_controller_tkemenade 10510878021 27803 5463

1721158361.840814 62498022
cloud0_tkemenade 23527286589 22338 3083

1721158362.8433535 62498057
cloud_controller_tkemenade 10510878021 27823 5467

1721158362.8439162 62498057
cloud0_tkemenade 23527286589 22352 3084

1721158363.846625 62498099
cloud_controller_tkemenade 10510878021 27859 5476

1721158363.8471851 62498099
cloud0_tkemenade 23527286589 22361 3086

1721158364.849737 62498129
cloud_controller_tkemenade 10510878021 27877 5481

1721158364.8502889 62498130
cloud0_tkemenade 23527286589 22364 3087

1721158365.8527653 62498151
cloud_controller_tkemenade 10510878021 27897 5485

1721158365.8532343 62498151
cloud0_tkemenade 23527286589 22368 3087

1721158366.8556633 62498174
cloud_controller_tkemenade 10510878021 27915 5491

1721158366.8561409 62498174
cloud0_tkemenade 23527286589 22374 3087

1721158367.8584335 62498214
cloud_controller_tkemenade 10511602368 27940 5500

1721158367.8589668 62498214
cloud0_tkemenade 23527479522 22384 3088

1721158368.8613706 62498237
cloud_controller_tkemenade 10511602368 27964 5507

1721158368.8619123 62498237
cloud0_tkemenade 23527479522 22388 3090

1721158369.8643718 62498262
cloud_controller_tkemenade 10511602368 27988 5515

1721158369.8648446 62498262
cloud0_tkemenade 23527479522 22390 3091

1721158370.8672874 62498287
cloud_controller_tkemenade 10511602368 28009 5524

1721158370.8678327 62498287
cloud0_tkemenade 23527479522 22393 3092

1721158371.870212 62498321
cloud_controller_tkemenade 10511602368 28038 5533

1721158371.8707716 62498321
cloud0_tkemenade 23527479522 22402 3093

1721158372.8732173 62498344
cloud_controller_tkemenade 10511602368 28058 5541

1721158372.8736973 62498344
cloud0_tkemenade 23527479522 22408 3094

1721158373.8761585 62498380
cloud_controller_tkemenade 10511602368 28084 5550

1721158373.8766797 62498380
cloud0_tkemenade 23527479522 22419 3095

1721158374.879191 62498417
cloud_controller_tkemenade 10512284895 28102 5557

1721158374.8797092 62498417
cloud0_tkemenade 23527624205 22420 3095

1721158375.8821409 62498439
cloud_controller_tkemenade 10512284895 28122 5564

1721158375.882652 62498439
cloud0_tkemenade 23527624205 22423 3096

1721158376.8851876 62498461
cloud_controller_tkemenade 10512284895 28140 5569

1721158376.8856735 62498461
cloud0_tkemenade 23527624205 22429 3097

1721158377.888144 62498493
cloud_controller_tkemenade 10512284895 28166 5580

1721158377.8886535 62498493
cloud0_tkemenade 23527624205 22437 3098

1721158378.8911424 62498528
cloud_controller_tkemenade 10512284895 28194 5586

1721158378.8916154 62498528
cloud0_tkemenade 23527624205 22443 3100

1721158379.894112 62498551
cloud_controller_tkemenade 10512284895 28213 5591

1721158379.894631 62498551
cloud0_tkemenade 23527624205 22446 3100

1721158380.8972242 62498577
cloud_controller_tkemenade 10512284895 28235 5597

1721158380.8977354 62498577
cloud0_tkemenade 23527624205 22447 3101

1721158381.900199 62498625
cloud_controller_tkemenade 10512284895 28264 5605

1721158381.9007394 62498625
cloud0_tkemenade 23527624205 22456 3102

1721158382.0012178 62498627
cloud_controller_tkemenade 10512917940 28266 5605

1721158382.0017 62498627
cloud0_tkemenade 23527752002 22457 3102

1721158383.0042171 62498658
cloud_controller_tkemenade 10512917940 28284 5613

1721158383.0047367 62498658
cloud0_tkemenade 23527752002 22468 3104

1721158384.0071552 62498690
cloud_controller_tkemenade 10512917940 28313 5625

1721158384.0076544 62498690
cloud0_tkemenade 23527752002 22473 3107

1721158385.010098 62498723
cloud_controller_tkemenade 10512917940 28332 5634

1721158385.0106764 62498724
cloud0_tkemenade 23527752002 22477 3108

1721158386.0131898 62498752
cloud_controller_tkemenade 10512917940 28357 5639

1721158386.0136333 62498752
cloud0_tkemenade 23527752002 22480 3108

1721158387.0161173 62498777
cloud_controller_tkemenade 10512917940 28378 5645

1721158387.0166116 62498777
cloud0_tkemenade 23527752002 22486 3110

1721158388.0191247 62498823
cloud_controller_tkemenade 10512917940 28409 5654

1721158388.0196645 62498823
cloud0_tkemenade 23527752002 22494 3112

1721158389.022188 62498865
cloud_controller_tkemenade 10513634611 28439 5662

1721158389.0227587 62498865
cloud0_tkemenade 23527937456 22505 3112

1721158390.0253093 62498890
cloud_controller_tkemenade 10513634611 28458 5669

1721158390.0258658 62498890
cloud0_tkemenade 23527937456 22509 3114

1721158391.028358 62498918
cloud_controller_tkemenade 10513634611 28482 5679

1721158391.0288804 62498918
cloud0_tkemenade 23527937456 22512 3115

1721158392.031401 62498965
cloud_controller_tkemenade 10513634611 28520 5687

1721158392.0319414 62498965
cloud0_tkemenade 23527937456 22522 3116

1721158393.034443 62499001
cloud_controller_tkemenade 10513634611 28543 5693

1721158393.0349884 62499001
cloud0_tkemenade 23527937456 22532 3119

1721158394.037515 62499044
cloud_controller_tkemenade 10513634611 28575 5704

1721158394.0380077 62499044
cloud0_tkemenade 23527937456 22541 3119

1721158395.0404806 62499086
cloud_controller_tkemenade 10513634611 28605 5715

1721158395.0410407 62499086
cloud0_tkemenade 23527937456 22542 3119

1721158396.0434234 62499115
cloud_controller_tkemenade 10514392530 28632 5722

1721158396.0439522 62499115
cloud0_tkemenade 23528077701 22545 3120

1721158397.0464308 62499143
cloud_controller_tkemenade 10514392530 28653 5730

1721158397.0469377 62499143
cloud0_tkemenade 23528077701 22551 3120

1721158398.0494487 62499193
cloud_controller_tkemenade 10514392530 28682 5738

1721158398.049969 62499193
cloud0_tkemenade 23528077701 22559 3122

1721158399.052304 62499243
cloud_controller_tkemenade 10514392530 28704 5752

1721158399.0528157 62499243
cloud0_tkemenade 23528077701 22567 3123

1721158400.0552773 62499273
cloud_controller_tkemenade 10514392530 28724 5759

1721158400.0557823 62499273
cloud0_tkemenade 23528077701 22570 3124

1721158401.0582845 62499290
cloud_controller_tkemenade 10514392530 28742 5767

1721158401.0587769 62499290
cloud0_tkemenade 23528077701 22572 3126

1721158402.0613189 62499329
cloud_controller_tkemenade 10514392530 28773 5775

1721158402.0618677 62499329
cloud0_tkemenade 23528077701 22581 3127

1721158403.0643895 62499358
cloud_controller_tkemenade 10514392530 28789 5778

1721158403.0649288 62499358
cloud0_tkemenade 23528077701 22591 3128

1721158403.1654065 62499364
cloud_controller_tkemenade 10515030917 28790 5779

1721158403.1659029 62499364
cloud0_tkemenade 23528239504 22592 3128

1721158404.1683378 62499411
cloud_controller_tkemenade 10515030917 28825 5789

1721158404.1688879 62499411
cloud0_tkemenade 23528239504 22600 3131

1721158405.1714864 62499451
cloud_controller_tkemenade 10515030917 28844 5794

1721158405.1720104 62499451
cloud0_tkemenade 23528239504 22600 3135

1721158406.1746078 62499484
cloud_controller_tkemenade 10515030917 28867 5800

1721158406.1751785 62499484
cloud0_tkemenade 23528239504 22603 3136

1721158407.1777852 62499526
cloud_controller_tkemenade 10515030917 28889 5808

1721158407.1783652 62499527
cloud0_tkemenade 23528239504 22610 3137

1721158408.1810458 62499570
cloud_controller_tkemenade 10515030917 28927 5817

1721158408.181615 62499570
cloud0_tkemenade 23528239504 22617 3137

1721158409.1841657 62499611
cloud_controller_tkemenade 10515030917 28955 5826

1721158409.1846676 62499611
cloud0_tkemenade 23528239504 22624 3140

1721158410.1871173 62499645
cloud_controller_tkemenade 10515805465 28980 5833

1721158410.1876876 62499645
cloud0_tkemenade 23528393770 22626 3141

1721158411.1903224 62499666
cloud_controller_tkemenade 10515805465 29002 5837

1721158411.1908932 62499666
cloud0_tkemenade 23528393770 22631 3145

1721158412.193645 62499713
cloud_controller_tkemenade 10515805465 29034 5846

1721158412.1942155 62499713
cloud0_tkemenade 23528393770 22646 3148

1721158413.1969144 62499741
cloud_controller_tkemenade 10515805465 29047 5851

1721158413.1974556 62499741
cloud0_tkemenade 23528393770 22663 3154

1721158414.2000704 62499781
cloud_controller_tkemenade 10515805465 29079 5859

1721158414.200639 62499781
cloud0_tkemenade 23528393770 22670 3156

1721158415.2032568 62499813
cloud_controller_tkemenade 10515805465 29096 5865

1721158415.2037592 62499813
cloud0_tkemenade 23528393770 22677 3158

1721158416.206369 62499848
cloud_controller_tkemenade 10515805465 29120 5869

1721158416.2069383 62499848
cloud0_tkemenade 23528393770 22679 3159

1721158417.209575 62499880
cloud_controller_tkemenade 10515805465 29139 5875

1721158417.2100892 62499880
cloud0_tkemenade 23528393770 22687 3161

1721158417.3105807 62499884
cloud_controller_tkemenade 10516432634 29141 5876

1721158417.3110468 62499884
cloud0_tkemenade 23528641578 22687 3161

1721158418.3136506 62499922
cloud_controller_tkemenade 10516432634 29173 5884

1721158418.314216 62499922
cloud0_tkemenade 23528641578 22695 3161

1721158419.3168771 62499959
cloud_controller_tkemenade 10516432634 29203 5890

1721158419.3173938 62499959
cloud0_tkemenade 23528641578 22704 3165

1721158420.3201187 62499993
cloud_controller_tkemenade 10516432634 29225 5897

1721158420.3206894 62499993
cloud0_tkemenade 23528641578 22707 3165

1721158421.3231163 62500015
cloud_controller_tkemenade 10516432634 29247 5903

1721158421.3236573 62500015
cloud0_tkemenade 23528641578 22710 3169

1721158422.326499 62500060
cloud_controller_tkemenade 10516432634 29283 5911

1721158422.3270786 62500060
cloud0_tkemenade 23528641578 22719 3178

1721158423.3297217 62500088
cloud_controller_tkemenade 10516432634 29300 5914

1721158423.330247 62500088
cloud0_tkemenade 23528641578 22731 3181

1721158424.232667 62500137
cloud_controller_tkemenade 10517155098 29330 5922

1721158424.233258 62500137
cloud0_tkemenade 23528879351 22739 3187

1721158425.235841 62500161
cloud_controller_tkemenade 10517155098 29353 5927

1721158425.2364097 62500161
cloud0_tkemenade 23528879351 22742 3188

1721158426.2389705 62500195
cloud_controller_tkemenade 10517155098 29374 5932

1721158426.2395349 62500195
cloud0_tkemenade 23528879351 22744 3189

1721158427.2423334 62500222
cloud_controller_tkemenade 10517155098 29394 5940

1721158427.242907 62500222
cloud0_tkemenade 23528879351 22751 3195

1721158428.2455797 62500259
cloud_controller_tkemenade 10517155098 29427 5952

1721158428.246156 62500259
cloud0_tkemenade 23528879351 22759 3201

1721158429.2489507 62500294
cloud_controller_tkemenade 10517155098 29455 5959

1721158429.2495098 62500294
cloud0_tkemenade 23528879351 22766 3207

1721158430.251955 62500324
cloud_controller_tkemenade 10517155098 29479 5966

1721158430.2524917 62500324
cloud0_tkemenade 23528879351 22769 3208

1721158431.2550147 62500352
cloud_controller_tkemenade 10517822071 29499 5973

1721158431.2555716 62500352
cloud0_tkemenade 23529052157 22774 3209

1721158432.258282 62500384
cloud_controller_tkemenade 10517822071 29530 5981

1721158432.2588816 62500384
cloud0_tkemenade 23529052157 22781 3216

1721158433.2614815 62500418
cloud_controller_tkemenade 10517822071 29549 5988

1721158433.2621825 62500418
cloud0_tkemenade 23529052157 22797 3224

1721158434.2649374 62500459
cloud_controller_tkemenade 10517822071 29586 5999

1721158434.2655187 62500459
cloud0_tkemenade 23529052157 22804 3227

1721158435.2682383 62500488
cloud_controller_tkemenade 10517822071 29611 6005

1721158435.268806 62500488
cloud0_tkemenade 23529052157 22807 3227

1721158436.2713673 62500525
cloud_controller_tkemenade 10517822071 29631 6015

1721158436.2719455 62500525
cloud0_tkemenade 23529052157 22809 3228

1721158437.2745936 62500555
cloud_controller_tkemenade 10517822071 29653 6022

1721158437.2751563 62500555
cloud0_tkemenade 23529052157 22818 3229

1721158438.277777 62500594
cloud_controller_tkemenade 10517822071 29687 6033

1721158438.2783215 62500595
cloud0_tkemenade 23529052157 22824 3230

1721158438.4789689 62500606
cloud_controller_tkemenade 10518600680 29695 6035

1721158438.4794898 62500606
cloud0_tkemenade 23529271141 22825 3230

1721158439.482037 62500640
cloud_controller_tkemenade 10518600680 29723 6041

1721158439.482606 62500640
cloud0_tkemenade 23529271141 22833 3231

1721158440.4851255 62500665
cloud_controller_tkemenade 10518600680 29747 6050

1721158440.485648 62500665
cloud0_tkemenade 23529271141 22834 3231

1721158441.488186 62500689
cloud_controller_tkemenade 10518600680 29766 6057

1721158441.4887161 62500689
cloud0_tkemenade 23529271141 22838 3232

1721158442.4913523 62500718
cloud_controller_tkemenade 10518600680 29792 6069

1721158442.4919217 62500718
cloud0_tkemenade 23529271141 22847 3232

1721158443.4944935 62500745
cloud_controller_tkemenade 10518600680 29808 6073

1721158443.4950526 62500745
cloud0_tkemenade 23529271141 22859 3234

1721158444.497692 62500785
cloud_controller_tkemenade 10518600680 29841 6080

1721158444.4982142 62500785
cloud0_tkemenade 23529271141 22867 3237

1721158445.500653 62500811
cloud_controller_tkemenade 10518600680 29865 6089

1721158445.5011485 62500811
cloud0_tkemenade 23529271141 22872 3237

1721158445.6016066 62500812
cloud_controller_tkemenade 10519394851 29866 6089

1721158445.6020217 62500812
cloud0_tkemenade 23529460062 22872 3237

1721158446.6045752 62500853
cloud_controller_tkemenade 10519394851 29891 6098

1721158446.6051571 62500853
cloud0_tkemenade 23529460062 22875 3238

1721158447.6077883 62500891
cloud_controller_tkemenade 10519394851 29912 6104

1721158447.6083481 62500891
cloud0_tkemenade 23529460062 22882 3239

1721158448.6109862 62500929
cloud_controller_tkemenade 10519394851 29945 6115

1721158448.611546 62500929
cloud0_tkemenade 23529460062 22890 3241

1721158449.6141891 62500967
cloud_controller_tkemenade 10519394851 29975 6122

1721158449.6148057 62500967
cloud0_tkemenade 23529460062 22898 3243

1721158450.6175313 62500990
cloud_controller_tkemenade 10519394851 29998 6133

1721158450.6180875 62500990
cloud0_tkemenade 23529460062 22900 3243

1721158451.6206152 62501017
cloud_controller_tkemenade 10519394851 30022 6140

1721158451.621192 62501017
cloud0_tkemenade 23529460062 22904 3244

1721158452.5233722 62501050
cloud_controller_tkemenade 10520121956 30048 6147

1721158452.523953 62501050
cloud0_tkemenade 23529602453 22910 3246

1721158453.5263562 62501083
cloud_controller_tkemenade 10520121956 30069 6150

1721158453.526922 62501083
cloud0_tkemenade 23529602453 22922 3247

1721158454.5295193 62501132
cloud_controller_tkemenade 10520121956 30110 6158

1721158454.5301044 62501132
cloud0_tkemenade 23529602453 22932 3249

1721158455.5359025 62501159
cloud_controller_tkemenade 10520121956 30131 6166

1721158455.5365732 62501159
cloud0_tkemenade 23529602453 22935 3249

1721158456.5390444 62501196
cloud_controller_tkemenade 10520121956 30156 6172

1721158456.5395982 62501196
cloud0_tkemenade 23529602453 22937 3249

1721158457.5421405 62501229
cloud_controller_tkemenade 10520121956 30175 6179

1721158457.5426984 62501229
cloud0_tkemenade 23529602453 22949 3250

1721158458.545151 62501259
cloud_controller_tkemenade 10520121956 30201 6187

1721158458.5457041 62501259
cloud0_tkemenade 23529602453 22957 3251

1721158459.547962 62501285
cloud_controller_tkemenade 10520121956 30225 6195

1721158459.5485141 62501285
cloud0_tkemenade 23529602453 22964 3251

1721158459.6490006 62501290
cloud_controller_tkemenade 10520802419 30228 6196

1721158459.649514 62501290
cloud0_tkemenade 23529778537 22965 3251

1721158460.6519284 62501314
cloud_controller_tkemenade 10520802419 30250 6208

1721158460.6524794 62501314
cloud0_tkemenade 23529778537 22968 3251

1721158461.655029 62501345
cloud_controller_tkemenade 10520802419 30278 6214

1721158461.6555736 62501345
cloud0_tkemenade 23529778537 22972 3252

1721158462.6581292 62501395
cloud_controller_tkemenade 10520802419 30306 6222

1721158462.6587005 62501395
cloud0_tkemenade 23529778537 22990 3256

1721158463.6611884 62501421
cloud_controller_tkemenade 10520802419 30322 6229

1721158463.66172 62501421
cloud0_tkemenade 23529778537 23002 3261

1721158464.664213 62501465
cloud_controller_tkemenade 10520802419 30350 6239

1721158464.6647592 62501465
cloud0_tkemenade 23529778537 23009 3262

1721158465.6672087 62501507
cloud_controller_tkemenade 10520802419 30374 6247

1721158465.6677709 62501507
cloud0_tkemenade 23529778537 23015 3263

1721158466.6701558 62501565
cloud_controller_tkemenade 10521472574 30393 6255

1721158466.6705468 62501565
cloud0_tkemenade 23529978673 23017 3264

1721158467.6731937 62501595
cloud_controller_tkemenade 10521472574 30417 6260

1721158467.6737413 62501595
cloud0_tkemenade 23529978673 23017 3273

1721158468.6763954 62501625
cloud_controller_tkemenade 10521472574 30446 6272

1721158468.6769505 62501625
cloud0_tkemenade 23529978673 23020 3277

1721158469.6795144 62501662
cloud_controller_tkemenade 10521472574 30474 6279

1721158469.6800587 62501662
cloud0_tkemenade 23529978673 23026 3282

1721158470.6826937 62501692
cloud_controller_tkemenade 10521472574 30501 6284

1721158470.6832583 62501692
cloud0_tkemenade 23529978673 23028 3283

1721158471.685851 62501730
cloud_controller_tkemenade 10521472574 30524 6292

1721158471.686434 62501730
cloud0_tkemenade 23529978673 23040 3284

1721158472.6890051 62501757
cloud_controller_tkemenade 10521472574 30544 6303

1721158472.6895325 62501757
cloud0_tkemenade 23529978673 23046 3285

1721158473.6920958 62501790
cloud_controller_tkemenade 10521472574 30562 6310

1721158473.6926134 62501790
cloud0_tkemenade 23529978673 23058 3287

1721158473.7930727 62501796
cloud_controller_tkemenade 10522151667 30565 6311

1721158473.7935624 62501796
cloud0_tkemenade 23530168463 23059 3287

1721158474.7960985 62501871
cloud_controller_tkemenade 10522151667 30604 6316

1721158474.7966785 62501871
cloud0_tkemenade 23530168463 23068 3289

1721158475.7991762 62501907
cloud_controller_tkemenade 10522151667 30619 6333

1721158475.7997255 62501907
cloud0_tkemenade 23530168463 23071 3290

1721158476.8021321 62501945
cloud_controller_tkemenade 10522151667 30638 6341

1721158476.8025582 62501945
cloud0_tkemenade 23530168463 23076 3291

1721158477.805026 62501975
cloud_controller_tkemenade 10522151667 30655 6347

1721158477.8055942 62501975
cloud0_tkemenade 23530168463 23079 3291

1721158478.8080354 62502032
cloud_controller_tkemenade 10522151667 30705 6353

1721158478.8085783 62502032
cloud0_tkemenade 23530168463 23087 3293

1721158479.8111062 62502064
cloud_controller_tkemenade 10522151667 30733 6358

1721158479.8116581 62502064
cloud0_tkemenade 23530168463 23094 3295

1721158480.8141122 62502096
cloud_controller_tkemenade 10522151667 30758 6366

1721158480.8146682 62502096
cloud0_tkemenade 23530168463 23096 3296

1721158480.91509 62502098
cloud_controller_tkemenade 10522899362 30760 6368

1721158480.9155016 62502098
cloud0_tkemenade 23530308469 23096 3296

1721158481.9179137 62502129
cloud_controller_tkemenade 10522899362 30786 6372

1721158481.9184692 62502129
cloud0_tkemenade 23530308469 23104 3297

1721158482.9210012 62502155
cloud_controller_tkemenade 10522899362 30808 6380

1721158482.921577 62502155
cloud0_tkemenade 23530308469 23106 3298

1721158483.924063 62502183
cloud_controller_tkemenade 10522899362 30824 6385

1721158483.924666 62502183
cloud0_tkemenade 23530308469 23118 3301

1721158484.9272668 62502230
cloud_controller_tkemenade 10522899362 30861 6398

1721158484.9278443 62502230
cloud0_tkemenade 23530308469 23126 3302

1721158485.9303923 62502256
cloud_controller_tkemenade 10522899362 30880 6407

1721158485.9309366 62502256
cloud0_tkemenade 23530308469 23128 3302

1721158486.9334495 62502291
cloud_controller_tkemenade 10522899362 30906 6415

1721158486.9340243 62502291
cloud0_tkemenade 23530308469 23135 3304

1721158487.836108 62502320
cloud_controller_tkemenade 10523557811 30919 6424

1721158487.8366253 62502320
cloud0_tkemenade 23530455793 23137 3305

1721158488.8391695 62502358
cloud_controller_tkemenade 10523557811 30949 6432

1721158488.8397598 62502358
cloud0_tkemenade 23530455793 23144 3306

1721158489.8423562 62502395
cloud_controller_tkemenade 10523557811 30975 6445

1721158489.8429685 62502395
cloud0_tkemenade 23530455793 23154 3307

1721158490.8454254 62502425
cloud_controller_tkemenade 10523557811 30997 6456

1721158490.8460026 62502425
cloud0_tkemenade 23530455793 23156 3309

1721158491.8486338 62502455
cloud_controller_tkemenade 10523557811 31021 6472

1721158491.8492367 62502455
cloud0_tkemenade 23530455793 23163 3311

1721158492.8517828 62502488
cloud_controller_tkemenade 10523557811 31049 6478

1721158492.8523064 62502488
cloud0_tkemenade 23530455793 23167 3312

1721158493.8548236 62502515
cloud_controller_tkemenade 10523557811 31067 6484

1721158493.8553684 62502515
cloud0_tkemenade 23530455793 23177 3314

1721158494.8579228 62502552
cloud_controller_tkemenade 10523557811 31100 6497

1721158494.8585181 62502552
cloud0_tkemenade 23530455793 23185 3316

1721158494.9590173 62502564
cloud_controller_tkemenade 10524321835 31103 6499

1721158494.9595332 62502564
cloud0_tkemenade 23530634164 23185 3316

1721158495.962055 62502583
cloud_controller_tkemenade 10524321835 31120 6507

1721158495.9626641 62502583
cloud0_tkemenade 23530634164 23188 3317

1721158496.965221 62502611
cloud_controller_tkemenade 10524321835 31147 6520

1721158496.965815 62502611
cloud0_tkemenade 23530634164 23193 3318

1721158497.9682567 62502655
cloud_controller_tkemenade 10524321835 31166 6525

1721158497.9688249 62502655
cloud0_tkemenade 23530634164 23195 3319

1721158498.9713662 62502699
cloud_controller_tkemenade 10524321835 31200 6540

1721158498.9719145 62502699
cloud0_tkemenade 23530634164 23202 3320

1721158499.974459 62502737
cloud_controller_tkemenade 10524321835 31225 6550

1721158499.9749887 62502737
cloud0_tkemenade 23530634164 23210 3321

1721158500.977537 62502763
cloud_controller_tkemenade 10524321835 31252 6556

1721158500.9781122 62502763
cloud0_tkemenade 23530634164 23212 3321

1721158501.9807966 62502799
cloud_controller_tkemenade 10525043982 31277 6567

1721158501.9813426 62502799
cloud0_tkemenade 23530758047 23221 3322

1721158502.9838848 62502830
cloud_controller_tkemenade 10525043982 31302 6573

1721158502.984454 62502830
cloud0_tkemenade 23530758047 23227 3322

1721158503.9870882 62502858
cloud_controller_tkemenade 10525043982 31325 6585

1721158503.9876819 62502858
cloud0_tkemenade 23530758047 23238 3324

1721158504.990192 62502903
cloud_controller_tkemenade 10525043982 31360 6592

1721158504.9908063 62502903
cloud0_tkemenade 23530758047 23247 3325

1721158505.9933448 62502926
cloud_controller_tkemenade 10525043982 31382 6598

1721158505.993921 62502926
cloud0_tkemenade 23530758047 23250 3326

1721158506.9964182 62502956
cloud_controller_tkemenade 10525043982 31405 6606

1721158506.9969618 62502956
cloud0_tkemenade 23530758047 23257 3328

1721158507.999462 62502997
cloud_controller_tkemenade 10525043982 31426 6611

1721158507.9999924 62502997
cloud0_tkemenade 23530758047 23260 3328

1721158509.0023854 62503035
cloud_controller_tkemenade 10525043982 31457 6619

1721158509.002841 62503035
cloud0_tkemenade 23530758047 23267 3330

1721158509.1033075 62503041
cloud_controller_tkemenade 10525752428 31462 6621

1721158509.1037385 62503041
cloud0_tkemenade 23530922454 23269 3330

1721158510.1062417 62503078
cloud_controller_tkemenade 10525752428 31494 6626

1721158510.1067085 62503078
cloud0_tkemenade 23530922454 23276 3331

1721158511.109249 62503108
cloud_controller_tkemenade 10525752428 31519 6634

1721158511.109724 62503108
cloud0_tkemenade 23530922454 23280 3332

1721158512.1122186 62503148
cloud_controller_tkemenade 10525752428 31545 6640

1721158512.1126177 62503148
cloud0_tkemenade 23530922454 23287 3334

1721158513.115123 62503182
cloud_controller_tkemenade 10525752428 31570 6648

1721158513.1155624 62503182
cloud0_tkemenade 23530922454 23289 3336

1721158514.118051 62503215
cloud_controller_tkemenade 10525752428 31592 6654

1721158514.1184702 62503215
cloud0_tkemenade 23530922454 23302 3339

1721158515.1209676 62503263
cloud_controller_tkemenade 10525752428 31633 6664

1721158515.1213682 62503263
cloud0_tkemenade 23530922454 23311 3340

1721158516.1238394 62503289
cloud_controller_tkemenade 10525752428 31653 6668

1721158516.124293 62503289
cloud0_tkemenade 23530922454 23314 3340

1721158517.1267858 62503320
cloud_controller_tkemenade 10525752428 31677 6674

1721158517.1272297 62503320
cloud0_tkemenade 23530922454 23322 3342

1721158518.1297393 62503353
cloud_controller_tkemenade 10525752428 31698 6679

1721158518.1302912 62503353
cloud0_tkemenade 23530922454 23324 3342

1721158519.132852 62503388
cloud_controller_tkemenade 10525752428 31723 6689

1721158519.1333702 62503388
cloud0_tkemenade 23530922454 23334 3343

1721158520.135936 62503432
cloud_controller_tkemenade 10525752428 31753 6695

1721158520.136532 62503432
cloud0_tkemenade 23530922454 23343 3345

1721158521.1390123 62503466
cloud_controller_tkemenade 10525752428 31781 6701

1721158521.1395125 62503466
cloud0_tkemenade 23530922454 23347 3346

1721158522.1420557 62503502
cloud_controller_tkemenade 10525752428 31810 6707

1721158522.1426456 62503502
cloud0_tkemenade 23530922454 23354 3346

1721158523.145116 62503543
cloud_controller_tkemenade 10526447036 31835 6717

1721158523.14562 62503543
cloud0_tkemenade 23531073455 23358 3347

1721158524.1479847 62503567
cloud_controller_tkemenade 10526447036 31850 6723

1721158524.148489 62503567
cloud0_tkemenade 23531073455 23368 3351

1721158525.1509793 62503608
cloud_controller_tkemenade 10526447036 31881 6733

1721158525.1514642 62503608
cloud0_tkemenade 23531073455 23378 3354

1721158526.15395 62503629
cloud_controller_tkemenade 10526447036 31899 6742

1721158526.1545274 62503629
cloud0_tkemenade 23531073455 23381 3355

1721158527.1570432 62503669
cloud_controller_tkemenade 10526447036 31922 6748

1721158527.1575534 62503669
cloud0_tkemenade 23531073455 23389 3356

1721158528.1600554 62503705
cloud_controller_tkemenade 10526447036 31944 6753

1721158528.1605756 62503705
cloud0_tkemenade 23531073455 23391 3357

1721158529.1629374 62503744
cloud_controller_tkemenade 10526447036 31976 6758

1721158529.163452 62503744
cloud0_tkemenade 23531073455 23398 3358

1721158530.1659145 62503781
cloud_controller_tkemenade 10527090205 32003 6762

1721158530.1664658 62503781
cloud0_tkemenade 23531256346 23405 3359

1721158531.168946 62503811
cloud_controller_tkemenade 10527090205 32032 6769

1721158531.1694512 62503811
cloud0_tkemenade 23531256346 23410 3360

1721158532.1719637 62503857
cloud_controller_tkemenade 10527090205 32064 6775

1721158532.1725438 62503857
cloud0_tkemenade 23531256346 23423 3361

1721158533.175084 62503877
cloud_controller_tkemenade 10527090205 32082 6781

1721158533.175603 62503877
cloud0_tkemenade 23531256346 23426 3361

1721158534.1780932 62503910
cloud_controller_tkemenade 10527090205 32107 6786

1721158534.1787014 62503910
cloud0_tkemenade 23531256346 23438 3362

1721158535.1811793 62503945
cloud_controller_tkemenade 10527090205 32135 6792

1721158535.1817083 62503945
cloud0_tkemenade 23531256346 23448 3364

1721158536.1841838 62503974
cloud_controller_tkemenade 10527090205 32161 6801

1721158536.1847255 62503974
cloud0_tkemenade 23531256346 23452 3365

1721158537.1872118 62504002
cloud_controller_tkemenade 10527090205 32184 6808

1721158537.187724 62504002
cloud0_tkemenade 23531256346 23460 3365

1721158537.3885438 62504011
cloud_controller_tkemenade 10527780024 32189 6810

1721158537.389062 62504011
cloud0_tkemenade 23531434646 23461 3366

1721158538.3915458 62504051
cloud_controller_tkemenade 10527780024 32205 6816

1721158538.3921177 62504051
cloud0_tkemenade 23531434646 23464 3366

1721158539.3946633 62504083
cloud_controller_tkemenade 10527780024 32231 6824

1721158539.395224 62504083
cloud0_tkemenade 23531434646 23471 3367

1721158540.3978636 62504124
cloud_controller_tkemenade 10527780024 32268 6833

1721158540.3984916 62504124
cloud0_tkemenade 23531434646 23480 3369

1721158541.401008 62504155
cloud_controller_tkemenade 10527780024 32294 6844

1721158541.401567 62504155
cloud0_tkemenade 23531434646 23484 3369

1721158542.4040234 62504181
cloud_controller_tkemenade 10527780024 32315 6849

1721158542.4045095 62504181
cloud0_tkemenade 23531434646 23490 3370

1721158543.4070225 62504209
cloud_controller_tkemenade 10527780024 32338 6854

1721158543.4075656 62504209
cloud0_tkemenade 23531434646 23492 3371

1721158544.4100916 62504240
cloud_controller_tkemenade 10528483448 32357 6862

1721158544.410582 62504240
cloud0_tkemenade 23531607304 23504 3375

1721158545.4130383 62504279
cloud_controller_tkemenade 10528483448 32385 6873

1721158545.4135673 62504279
cloud0_tkemenade 23531607304 23512 3377

1721158546.4160182 62504299
cloud_controller_tkemenade 10528483448 32404 6881

1721158546.416556 62504299
cloud0_tkemenade 23531607304 23514 3378

1721158547.4191318 62504329
cloud_controller_tkemenade 10528483448 32429 6894

1721158547.419725 62504329
cloud0_tkemenade 23531607304 23520 3380

1721158548.4222536 62504349
cloud_controller_tkemenade 10528483448 32447 6898

1721158548.4228382 62504349
cloud0_tkemenade 23531607304 23522 3381

1721158549.4253812 62504392
cloud_controller_tkemenade 10528483448 32470 6913

1721158549.4259396 62504392
cloud0_tkemenade 23531607304 23529 3382

1721158550.428494 62504428
cloud_controller_tkemenade 10528483448 32503 6922

1721158550.42908 62504428
cloud0_tkemenade 23531607304 23537 3383

1721158551.43159 62504457
cloud_controller_tkemenade 10529279650 32527 6931

1721158551.4321055 62504457
cloud0_tkemenade 23531760547 23541 3384

1721158552.4345942 62504487
cloud_controller_tkemenade 10529279650 32554 6939

1721158552.4351645 62504487
cloud0_tkemenade 23531760547 23547 3384

1721158553.4376833 62504515
cloud_controller_tkemenade 10529279650 32577 6943

1721158553.4382684 62504515
cloud0_tkemenade 23531760547 23552 3385

1721158554.440852 62504554
cloud_controller_tkemenade 10529279650 32606 6952

1721158554.4414394 62504554
cloud0_tkemenade 23531760547 23563 3386

1721158555.4439802 62504588
cloud_controller_tkemenade 10529279650 32632 6959

1721158555.444543 62504588
cloud0_tkemenade 23531760547 23571 3387

1721158556.447082 62504615
cloud_controller_tkemenade 10529279650 32658 6967

1721158556.447606 62504615
cloud0_tkemenade 23531760547 23574 3389

1721158557.4501276 62504650
cloud_controller_tkemenade 10529279650 32680 6976

1721158557.4507148 62504650
cloud0_tkemenade 23531760547 23580 3390

1721158558.4532635 62504679
cloud_controller_tkemenade 10529279650 32709 6987

1721158558.4538376 62504679
cloud0_tkemenade 23531760547 23582 3391

1721158558.5543408 62504685
cloud_controller_tkemenade 10529997956 32712 6988

1721158558.5548327 62504685
cloud0_tkemenade 23531903612 23583 3391

1721158559.5574307 62504727
cloud_controller_tkemenade 10529997956 32743 6998

1721158559.5580313 62504727
cloud0_tkemenade 23531903612 23590 3393

1721158560.560516 62504768
cloud_controller_tkemenade 10529997956 32774 7014

1721158560.5611017 62504768
cloud0_tkemenade 23531903612 23597 3394

1721158561.563621 62504793
cloud_controller_tkemenade 10529997956 32799 7021

1721158561.564222 62504793
cloud0_tkemenade 23531903612 23599 3395

1721158562.5666485 62504821
cloud_controller_tkemenade 10529997956 32820 7030

1721158562.5672264 62504821
cloud0_tkemenade 23531903612 23606 3396

1721158563.5697193 62504833
cloud_controller_tkemenade 10529997956 32835 7038

1721158563.5702102 62504833
cloud0_tkemenade 23531903612 23609 3397

1721158564.5727012 62504865
cloud_controller_tkemenade 10529997956 32858 7044

1721158564.5732014 62504865
cloud0_tkemenade 23531903612 23621 3398

1721158565.575611 62504903
cloud_controller_tkemenade 10529997956 32888 7053

1721158565.5761116 62504903
cloud0_tkemenade 23531903612 23629 3399

1721158565.77676 62504914
cloud_controller_tkemenade 10530736193 32894 7055

1721158565.777258 62504914
cloud0_tkemenade 23532068977 23630 3399

1721158566.7796395 62504935
cloud_controller_tkemenade 10530736193 32911 7060

1721158566.7801805 62504935
cloud0_tkemenade 23532068977 23634 3400

1721158567.782594 62504967
cloud_controller_tkemenade 10530736193 32935 7070

1721158567.7831595 62504967
cloud0_tkemenade 23532068977 23644 3400

1721158568.7857015 62504992
cloud_controller_tkemenade 10530736193 32960 7076

1721158568.7862904 62504992
cloud0_tkemenade 23532068977 23647 3402

1721158569.788737 62505037
cloud_controller_tkemenade 10530736193 32984 7082

1721158569.789288 62505037
cloud0_tkemenade 23532068977 23657 3403

1721158570.7914946 62505080
cloud_controller_tkemenade 10530736193 33014 7088

1721158570.7918305 62505080
cloud0_tkemenade 23532068977 23662 3405

1721158571.7940152 62505103
cloud_controller_tkemenade 10530736193 33037 7096

1721158571.7945826 62505104
cloud0_tkemenade 23532068977 23666 3407

1721158572.7970889 62505135
cloud_controller_tkemenade 10530736193 33056 7101

1721158572.7975829 62505135
cloud0_tkemenade 23532068977 23675 3411

1721158572.8980448 62505140
cloud_controller_tkemenade 10531361712 33058 7101

1721158572.8984957 62505140
cloud0_tkemenade 23532238760 23676 3411

1721158573.9010286 62505166
cloud_controller_tkemenade 10531361712 33079 7107

1721158573.9016025 62505166
cloud0_tkemenade 23532238760 23685 3414

1721158574.9041471 62505204
cloud_controller_tkemenade 10531361712 33107 7113

1721158574.9047172 62505204
cloud0_tkemenade 23532238760 23695 3417

1721158575.907056 62505233
cloud_controller_tkemenade 10531361712 33140 7118

1721158575.9076178 62505233
cloud0_tkemenade 23532238760 23699 3417

1721158576.9101155 62505251
cloud_controller_tkemenade 10531361712 33156 7122

1721158576.9106765 62505251
cloud0_tkemenade 23532238760 23702 3419

1721158577.9132574 62505286
cloud_controller_tkemenade 10531361712 33185 7130

1721158577.913818 62505286
cloud0_tkemenade 23532238760 23711 3424

1721158578.91633 62505309
cloud_controller_tkemenade 10531361712 33212 7136

1721158578.9168887 62505309
cloud0_tkemenade 23532238760 23713 3424

1721158579.9193177 62505357
cloud_controller_tkemenade 10532009536 33232 7141

1721158579.9198737 62505357
cloud0_tkemenade 23532420393 23728 3426

1721158580.9224162 62505390
cloud_controller_tkemenade 10532009536 33262 7149

1721158580.923001 62505390
cloud0_tkemenade 23532420393 23731 3427

1721158581.9255466 62505418
cloud_controller_tkemenade 10532009536 33290 7155

1721158581.9261143 62505418
cloud0_tkemenade 23532420393 23736 3428

1721158582.9287057 62505448
cloud_controller_tkemenade 10532009536 33312 7161

1721158582.9292843 62505448
cloud0_tkemenade 23532420393 23744 3430

1721158583.9316595 62505475
cloud_controller_tkemenade 10532009536 33332 7166

1721158583.9322376 62505475
cloud0_tkemenade 23532420393 23753 3431

1721158584.9347742 62505507
cloud_controller_tkemenade 10532009536 33354 7170

1721158584.9353626 62505507
cloud0_tkemenade 23532420393 23766 3433

1721158585.9378934 62505544
cloud_controller_tkemenade 10532009536 33387 7178

1721158585.938467 62505544
cloud0_tkemenade 23532420393 23773 3435

1721158586.8407733 62505582
cloud_controller_tkemenade 10532669525 33404 7185

1721158586.8412693 62505582
cloud0_tkemenade 23532621127 23776 3436

1721158587.843789 62505617
cloud_controller_tkemenade 10532669525 33430 7193

1721158587.844361 62505617
cloud0_tkemenade 23532621127 23783 3437

1721158588.846871 62505649
cloud_controller_tkemenade 10532669525 33461 7199

1721158588.8474455 62505649
cloud0_tkemenade 23532621127 23786 3437

1721158589.849979 62505688
cloud_controller_tkemenade 10532669525 33481 7205

1721158589.8506622 62505689
cloud0_tkemenade 23532621127 23792 3439

1721158590.853143 62505726
cloud_controller_tkemenade 10532669525 33510 7213

1721158590.8537025 62505726
cloud0_tkemenade 23532621127 23799 3440

1721158591.8563802 62505773
cloud_controller_tkemenade 10532669525 33539 7221

1721158591.8569188 62505773
cloud0_tkemenade 23532621127 23817 3446

1721158592.8592505 62505799
cloud_controller_tkemenade 10532669525 33562 7229

1721158592.8597991 62505799
cloud0_tkemenade 23532621127 23825 3447

1721158593.8622437 62505821
cloud_controller_tkemenade 10532669525 33580 7235

1721158593.8628373 62505821
cloud0_tkemenade 23532621127 23832 3448

1721158593.9632719 62505827
cloud_controller_tkemenade 10533372688 33582 7236

1721158593.963796 62505827
cloud0_tkemenade 23532829018 23832 3448

1721158594.966388 62505855
cloud_controller_tkemenade 10533372688 33601 7244

1721158594.9669619 62505855
cloud0_tkemenade 23532829018 23842 3449

1721158595.969527 62505893
cloud_controller_tkemenade 10533372688 33634 7251

1721158595.9701157 62505893
cloud0_tkemenade 23532829018 23850 3451

1721158596.972723 62505913
cloud_controller_tkemenade 10533372688 33654 7257

1721158596.9733028 62505913
cloud0_tkemenade 23532829018 23854 3452

1721158597.9758055 62505944
cloud_controller_tkemenade 10533372688 33677 7264

1721158597.9763963 62505944
cloud0_tkemenade 23532829018 23860 3453

1721158598.9791198 62505992
cloud_controller_tkemenade 10533372688 33725 7272

1721158598.9796453 62505992
cloud0_tkemenade 23532829018 23863 3454

1721158599.9821894 62506029
cloud_controller_tkemenade 10533372688 33741 7281

1721158599.9827712 62506029
cloud0_tkemenade 23532829018 23872 3455

1721158600.9852254 62506069
cloud_controller_tkemenade 10534073902 33768 7288

1721158600.9858003 62506069
cloud0_tkemenade 23532995254 23879 3456

1721158601.9883876 62506095
cloud_controller_tkemenade 10534073902 33792 7294

1721158601.9889474 62506095
cloud0_tkemenade 23532995254 23885 3457

1721158602.9914658 62506119
cloud_controller_tkemenade 10534073902 33814 7299

1721158602.9920397 62506119
cloud0_tkemenade 23532995254 23891 3458

1721158603.9946237 62506142
cloud_controller_tkemenade 10534073902 33831 7305

1721158603.9952211 62506142
cloud0_tkemenade 23532995254 23899 3458

1721158604.9978037 62506170
cloud_controller_tkemenade 10534073902 33852 7310

1721158604.998437 62506170
cloud0_tkemenade 23532995254 23906 3459

1721158606.0010493 62506205
cloud_controller_tkemenade 10534073902 33882 7319

1721158606.0016518 62506205
cloud0_tkemenade 23532995254 23913 3460

1721158607.0041544 62506224
cloud_controller_tkemenade 10534073902 33903 7323

1721158607.0046809 62506224
cloud0_tkemenade 23532995254 23916 3460

1721158608.0071943 62506256
cloud_controller_tkemenade 10534732422 33926 7335

1721158608.0077665 62506256
cloud0_tkemenade 23533144054 23923 3460

1721158609.0103173 62506287
cloud_controller_tkemenade 10534732422 33953 7341

1721158609.0108466 62506287
cloud0_tkemenade 23533144054 23927 3461

1721158610.0134873 62506316
cloud_controller_tkemenade 10534732422 33968 7350

1721158610.014075 62506316
cloud0_tkemenade 23533144054 23934 3461

1721158611.01662 62506351
cloud_controller_tkemenade 10534732422 33992 7361

1721158611.0172005 62506351
cloud0_tkemenade 23533144054 23945 3463

1721158612.0197625 62506379
cloud_controller_tkemenade 10534732422 34017 7370

1721158612.0203135 62506379
cloud0_tkemenade 23533144054 23948 3465

1721158613.0227747 62506414
cloud_controller_tkemenade 10534732422 34042 7377

1721158613.0233095 62506414
cloud0_tkemenade 23533144054 23953 3467

1721158614.025767 62506433
cloud_controller_tkemenade 10534732422 34057 7383

1721158614.0263257 62506433
cloud0_tkemenade 23533144054 23959 3468

1721158615.028853 62506461
cloud_controller_tkemenade 10535427637 34078 7388

1721158615.0294082 62506461
cloud0_tkemenade 23533326295 23966 3470

1721158615.129875 62506464
cloud_controller_tkemenade 10535427637 34080 7389

1721158616.032312 62506491
cloud0_tkemenade 23533326295 23975 3470

1721158616.1330998 62506500
cloud_controller_tkemenade 10535427637 34111 7400

1721158617.0356884 62506516
cloud0_tkemenade 23533326295 23977 3471

1721158617.1364305 62506517
cloud_controller_tkemenade 10535427637 34126 7407

1721158618.0389655 62506547
cloud0_tkemenade 23533326295 23985 3472

1721158618.1397154 62506551
cloud_controller_tkemenade 10535427637 34151 7416

1721158619.0423717 62506574
cloud0_tkemenade 23533326295 23987 3472

1721158619.1430955 62506575
cloud_controller_tkemenade 10535427637 34178 7427

1721158620.0455906 62506597
cloud0_tkemenade 23533326295 23994 3473

1721158620.146345 62506599
cloud_controller_tkemenade 10535427637 34196 7431

1721158621.0488908 62506637
cloud0_tkemenade 23533326295 24002 3474

1721158621.1496515 62506644
cloud_controller_tkemenade 10535427637 34226 7441

1721158622.0521996 62506667
cloud_controller_tkemenade 10536103343 34247 7446

1721158622.0527391 62506667
cloud0_tkemenade 23533458433 24006 3475

1721158623.0552135 62506692
cloud_controller_tkemenade 10536103343 34268 7451

1721158623.0557868 62506692
cloud0_tkemenade 23533458433 24013 3475

1721158624.058357 62506715
cloud_controller_tkemenade 10536103343 34287 7457

1721158624.0589359 62506715
cloud0_tkemenade 23533458433 24019 3476

1721158625.0614638 62506743
cloud_controller_tkemenade 10536103343 34305 7468

1721158625.06204 62506743
cloud0_tkemenade 23533458433 24030 3477

1721158626.0645988 62506770
cloud_controller_tkemenade 10536103343 34326 7480

1721158626.0651772 62506770
cloud0_tkemenade 23533458433 24037 3478

1721158627.0677326 62506799
cloud_controller_tkemenade 10536103343 34350 7485

1721158627.0682647 62506799
cloud0_tkemenade 23533458433 24040 3479

1721158628.0705838 62506830
cloud_controller_tkemenade 10536103343 34380 7490

1721158628.0711534 62506830
cloud0_tkemenade 23533458433 24048 3479

1721158629.073425 62506861
cloud_controller_tkemenade 10536103343 34407 7500

1721158629.0739589 62506861
cloud0_tkemenade 23533458433 24052 3480

1721158629.1744354 62506865
cloud_controller_tkemenade 10536749816 34409 7500

1721158629.1749063 62506865
cloud0_tkemenade 23533611933 24053 3481

1721158630.1773646 62506897
cloud_controller_tkemenade 10536749816 34431 7508

1721158630.177859 62506897
cloud0_tkemenade 23533611933 24060 3482

1721158631.1803756 62506945
cloud_controller_tkemenade 10536749816 34456 7514

1721158631.1808312 62506945
cloud0_tkemenade 23533611933 24070 3483

1721158632.1832392 62506971
cloud_controller_tkemenade 10536749816 34481 7521

1721158632.1837778 62506971
cloud0_tkemenade 23533611933 24073 3483

1721158633.1862543 62506996
cloud_controller_tkemenade 10536749816 34501 7528

1721158633.1868262 62506996
cloud0_tkemenade 23533611933 24080 3485

1721158634.189322 62507025
cloud_controller_tkemenade 10536749816 34526 7532

1721158634.189877 62507025
cloud0_tkemenade 23533611933 24088 3486

1721158635.1924126 62507055
cloud_controller_tkemenade 10536749816 34554 7536

1721158635.1929317 62507055
cloud0_tkemenade 23533611933 24095 3488

1721158636.195003 62507089
cloud_controller_tkemenade 10536749816 34582 7543

1721158636.1955082 62507089
cloud0_tkemenade 23533611933 24102 3490

1721158636.2959921 62507096
cloud_controller_tkemenade 10537396120 34588 7544

1721158636.2964652 62507096
cloud0_tkemenade 23533790634 24102 3490

1721158637.2990172 62507119
cloud_controller_tkemenade 10537396120 34607 7551

1721158637.2995028 62507119
cloud0_tkemenade 23533790634 24108 3491

1721158638.3019679 62507145
cloud_controller_tkemenade 10537396120 34629 7555

1721158638.302513 62507145
cloud0_tkemenade 23533790634 24114 3491

1721158639.304919 62507173
cloud_controller_tkemenade 10537396120 34655 7562

1721158639.3054388 62507173
cloud0_tkemenade 23533790634 24117 3492

1721158640.3078158 62507199
cloud_controller_tkemenade 10537396120 34677 7567

1721158640.308376 62507199
cloud0_tkemenade 23533790634 24123 3492

1721158641.3109705 62507248
cloud_controller_tkemenade 10537396120 34706 7574

1721158641.3114614 62507248
cloud0_tkemenade 23533790634 24132 3493

1721158642.3138866 62507273
cloud_controller_tkemenade 10537396120 34729 7580

1721158642.3145483 62507273
cloud0_tkemenade 23533790634 24134 3494

1721158643.3170218 62507301
cloud_controller_tkemenade 10538077445 34750 7586

1721158643.317495 62507301
cloud0_tkemenade 23533931484 24141 3494

1721158644.3198736 62507331
cloud_controller_tkemenade 10538077445 34771 7591

1721158644.320399 62507331
cloud0_tkemenade 23533931484 24148 3495

1721158645.3228116 62507358
cloud_controller_tkemenade 10538077445 34792 7597

1721158645.3232863 62507358
cloud0_tkemenade 23533931484 24156 3496

1721158646.325703 62507388
cloud_controller_tkemenade 10538077445 34816 7608

1721158646.3262324 62507388
cloud0_tkemenade 23533931484 24162 3498

1721158647.328752 62507411
cloud_controller_tkemenade 10538077445 34838 7616

1721158647.3292685 62507411
cloud0_tkemenade 23533931484 24165 3499

1721158648.3317754 62507457
cloud_controller_tkemenade 10538077445 34865 7630

1721158648.3323576 62507457
cloud0_tkemenade 23533931484 24171 3501

1721158649.3348887 62507489
cloud_controller_tkemenade 10538077445 34891 7647

1721158649.3354096 62507489
cloud0_tkemenade 23533931484 24175 3501

1721158650.3379047 62507527
cloud_controller_tkemenade 10538886808 34914 7656

1721158650.3384707 62507527
cloud0_tkemenade 23534092670 24182 3501

1721158651.3410242 62507585
cloud_controller_tkemenade 10538886808 34944 7663

1721158651.3415549 62507585
cloud0_tkemenade 23534092670 24197 3503

1721158652.343837 62507618
cloud_controller_tkemenade 10538886808 34976 7676

1721158652.34442 62507618
cloud0_tkemenade 23534092670 24201 3503

1721158653.3468645 62507645
cloud_controller_tkemenade 10538886808 34998 7682

1721158653.3473685 62507645
cloud0_tkemenade 23534092670 24206 3504

1721158654.3499463 62507671
cloud_controller_tkemenade 10538886808 35020 7693

1721158654.3505602 62507672
cloud0_tkemenade 23534092670 24212 3505

1721158655.3531818 62507711
cloud_controller_tkemenade 10538886808 35046 7714

1721158655.353701 62507711
cloud0_tkemenade 23534092670 24225 3507

1721158656.3561687 62507744
cloud_controller_tkemenade 10538886808 35073 7723

1721158656.3567326 62507744
cloud0_tkemenade 23534092670 24232 3508

1721158657.3591764 62507773
cloud_controller_tkemenade 10538886808 35097 7730

1721158657.359725 62507773
cloud0_tkemenade 23534092670 24236 3510

1721158657.4602194 62507779
cloud_controller_tkemenade 10539663116 35099 7731

1721158657.4607413 62507779
cloud0_tkemenade 23534285242 24236 3510

1721158658.463364 62507821
cloud_controller_tkemenade 10539663116 35130 7739

1721158658.4639776 62507821
cloud0_tkemenade 23534285242 24245 3512

1721158659.4665802 62507844
cloud_controller_tkemenade 10539663116 35152 7748

1721158659.4671412 62507844
cloud0_tkemenade 23534285242 24248 3512

1721158660.469434 62507885
cloud_controller_tkemenade 10539663116 35176 7758

1721158660.470032 62507885
cloud0_tkemenade 23534285242 24254 3514

1721158661.4722047 62507926
cloud_controller_tkemenade 10539663116 35198 7765

1721158661.472758 62507926
cloud0_tkemenade 23534285242 24265 3515

1721158662.4752681 62507950
cloud_controller_tkemenade 10539663116 35223 7772

1721158662.4757383 62507950
cloud0_tkemenade 23534285242 24267 3516

1721158663.478223 62507980
cloud_controller_tkemenade 10539663116 35245 7779

1721158663.47873 62507980
cloud0_tkemenade 23534285242 24273 3517

1721158664.4812212 62508009
cloud_controller_tkemenade 10540346213 35265 7786

1721158664.481734 62508009
cloud0_tkemenade 23534439092 24279 3517

1721158665.4841976 62508031
cloud_controller_tkemenade 10540346213 35283 7791

1721158665.4846961 62508031
cloud0_tkemenade 23534439092 24287 3519

1721158666.4871519 62508063
cloud_controller_tkemenade 10540346213 35311 7799

1721158666.4876847 62508063
cloud0_tkemenade 23534439092 24294 3522

1721158667.4901614 62508091
cloud_controller_tkemenade 10540346213 35334 7803

1721158667.4906948 62508091
cloud0_tkemenade 23534439092 24296 3523

1721158668.4931982 62508125
cloud_controller_tkemenade 10540346213 35361 7808

1721158668.4937553 62508125
cloud0_tkemenade 23534439092 24303 3525

1721158669.4962678 62508153
cloud_controller_tkemenade 10540346213 35386 7814

1721158669.4967873 62508153
cloud0_tkemenade 23534439092 24306 3525

1721158670.4992502 62508182
cloud_controller_tkemenade 10540346213 35408 7820

1721158670.4997585 62508182
cloud0_tkemenade 23534439092 24312 3528

1721158671.50217 62508234
cloud_controller_tkemenade 10540346213 35436 7826

1721158671.5025458 62508235
cloud0_tkemenade 23534439092 24323 3529

1721158671.6029263 62508239
cloud_controller_tkemenade 10540980756 35439 7828

1721158671.603387 62508239
cloud0_tkemenade 23534605920 24323 3529

1721158672.6058848 62508270
cloud_controller_tkemenade 10540980756 35462 7835

1721158672.6063893 62508270
cloud0_tkemenade 23534605920 24329 3529

1721158673.6088035 62508297
cloud_controller_tkemenade 10540980756 35486 7841

1721158673.6093066 62508297
cloud0_tkemenade 23534605920 24333 3529

1721158674.611786 62508325
cloud_controller_tkemenade 10540980756 35510 7846

1721158674.612286 62508325
cloud0_tkemenade 23534605920 24338 3531

1721158675.6147938 62508350
cloud_controller_tkemenade 10540980756 35529 7852

1721158675.6152854 62508350
cloud0_tkemenade 23534605920 24346 3532

1721158676.617775 62508387
cloud_controller_tkemenade 10540980756 35559 7856

1721158676.6182916 62508387
cloud0_tkemenade 23534605920 24353 3533

1721158677.6208336 62508418
cloud_controller_tkemenade 10540980756 35582 7862

1721158677.6213703 62508418
cloud0_tkemenade 23534605920 24360 3535

1721158678.5236285 62508449
cloud_controller_tkemenade 10541617118 35606 7870

1721158678.5241637 62508449
cloud0_tkemenade 23534743998 24362 3536

1721158679.526683 62508481
cloud_controller_tkemenade 10541617118 35633 7878

1721158679.527233 62508481
cloud0_tkemenade 23534743998 24367 3536

1721158680.5298045 62508512
cloud_controller_tkemenade 10541617118 35659 7883

1721158680.530421 62508512
cloud0_tkemenade 23534743998 24376 3538

1721158681.5329795 62508547
cloud_controller_tkemenade 10541617118 35686 7892

1721158681.5335553 62508547
cloud0_tkemenade 23534743998 24387 3542

1721158682.5358827 62508583
cloud_controller_tkemenade 10541617118 35709 7905

1721158682.536464 62508583
cloud0_tkemenade 23534743998 24390 3542

1721158683.5387487 62508611
cloud_controller_tkemenade 10541617118 35732 7911

1721158683.539245 62508611
cloud0_tkemenade 23534743998 24397 3547

1721158684.5416012 62508640
cloud_controller_tkemenade 10541617118 35756 7917

1721158684.5421753 62508640
cloud0_tkemenade 23534743998 24405 3549

1721158685.5446298 62508676
cloud_controller_tkemenade 10541617118 35785 7928

1721158685.5452204 62508676
cloud0_tkemenade 23534743998 24413 3553

1721158685.6457393 62508684
cloud_controller_tkemenade 10542335219 35789 7930

1721158685.6462748 62508685
cloud0_tkemenade 23534946615 24413 3553

1721158686.6487424 62508717
cloud_controller_tkemenade 10542335219 35814 7937

1721158686.6493232 62508717
cloud0_tkemenade 23534946615 24422 3555

1721158687.6518295 62508748
cloud_controller_tkemenade 10542335219 35837 7945

1721158687.652399 62508748
cloud0_tkemenade 23534946615 24431 3556

1721158688.654918 62508777
cloud_controller_tkemenade 10542335219 35864 7952

1721158688.6555095 62508777
cloud0_tkemenade 23534946615 24435 3557

1721158689.6579783 62508808
cloud_controller_tkemenade 10542335219 35891 7963

1721158689.6585648 62508809
cloud0_tkemenade 23534946615 24438 3558

1721158690.6610546 62508841
cloud_controller_tkemenade 10542335219 35915 7975

1721158690.6616051 62508841
cloud0_tkemenade 23534946615 24447 3560

1721158691.6640027 62508881
cloud_controller_tkemenade 10542335219 35944 7986

1721158691.6645725 62508881
cloud0_tkemenade 23534946615 24456 3576

1721158692.6668475 62508927
cloud_controller_tkemenade 10542335219 35967 7994

1721158692.6672351 62508927
cloud0_tkemenade 23534946615 24463 3579

1721158692.767607 62508929
cloud_controller_tkemenade 10543076673 35969 7994

1721158692.7681186 62508929
cloud0_tkemenade 23535177756 24463 3580

1721158693.7707286 62508977
cloud_controller_tkemenade 10543076673 35999 8003

1721158693.7713103 62508977
cloud0_tkemenade 23535177756 24468 3583

1721158694.774567 62509029
cloud_controller_tkemenade 10543076673 36029 8020

1721158694.775144 62509029
cloud0_tkemenade 23535177756 24476 3585

1721158695.777791 62509078
cloud_controller_tkemenade 10543076673 36045 8032

1721158695.778391 62509078
cloud0_tkemenade 23535177756 24483 3590

1721158696.7809367 62509140
cloud_controller_tkemenade 10543076673 36074 8036

1721158696.7814963 62509140
cloud0_tkemenade 23535177756 24491 3591

1721158697.7839918 62509185
cloud_controller_tkemenade 10543076673 36098 8045

1721158697.7845223 62509185
cloud0_tkemenade 23535177756 24498 3592

1721158698.7870526 62509212
cloud_controller_tkemenade 10543076673 36121 8051

1721158698.7876225 62509212
cloud0_tkemenade 23535177756 24501 3594

1721158699.7899773 62509241
cloud_controller_tkemenade 10543801377 36146 8062

1721158699.7905383 62509241
cloud0_tkemenade 23535341783 24503 3595

1721158700.7928436 62509275
cloud_controller_tkemenade 10543801377 36170 8071

1721158700.7934213 62509275
cloud0_tkemenade 23535341783 24513 3597

1721158701.795956 62509315
cloud_controller_tkemenade 10543801377 36198 8080

1721158701.7965112 62509315
cloud0_tkemenade 23535341783 24523 3599

1721158702.7989426 62509362
cloud_controller_tkemenade 10543801377 36227 8084

1721158702.7995102 62509362
cloud0_tkemenade 23535341783 24530 3601

1721158703.8017468 62509385
cloud_controller_tkemenade 10543801377 36246 8093

1721158703.8022764 62509386
cloud0_tkemenade 23535341783 24534 3602

1721158704.8043177 62509415
cloud_controller_tkemenade 10543801377 36264 8099

1721158704.804835 62509415
cloud0_tkemenade 23535341783 24544 3604

1721158705.8069236 62509443
cloud_controller_tkemenade 10543801377 36285 8105

1721158705.8074763 62509443
cloud0_tkemenade 23535341783 24552 3605

1721158706.8098025 62509489
cloud_controller_tkemenade 10544432772 36309 8112

1721158706.8103578 62509489
cloud0_tkemenade 23535543228 24561 3605

1721158707.8127708 62509529
cloud_controller_tkemenade 10544432772 36334 8117

1721158707.8133373 62509529
cloud0_tkemenade 23535543228 24569 3609

1721158708.8158426 62509556
cloud_controller_tkemenade 10544432772 36361 8124

1721158708.8164058 62509556
cloud0_tkemenade 23535543228 24572 3609

1721158709.8189259 62509585
cloud_controller_tkemenade 10544432772 36389 8131

1721158709.8194633 62509585
cloud0_tkemenade 23535543228 24575 3610

1721158710.822016 62509613
cloud_controller_tkemenade 10544432772 36411 8140

1721158710.8226097 62509613
cloud0_tkemenade 23535543228 24583 3610

1721158711.8251867 62509657
cloud_controller_tkemenade 10544432772 36442 8148

1721158711.8257377 62509657
cloud0_tkemenade 23535543228 24600 3612

1721158712.8282676 62509715
cloud_controller_tkemenade 10544432772 36468 8155

1721158712.8288276 62509715
cloud0_tkemenade 23535543228 24608 3612

1721158713.8312738 62509744
cloud_controller_tkemenade 10545137817 36492 8161

1721158713.8318033 62509744
cloud0_tkemenade 23535718745 24611 3613

1721158714.834375 62509769
cloud_controller_tkemenade 10545137817 36513 8167

1721158714.8349485 62509769
cloud0_tkemenade 23535718745 24618 3614

1721158715.837488 62509803
cloud_controller_tkemenade 10545137817 36538 8173

1721158715.838045 62509803
cloud0_tkemenade 23535718745 24627 3615

