1717336618.108072 339689081
cloud_controller_tkemenade 7389280883 12487 2443
cloud0_tkemenade 19130842516 6848 1093

1717336619.1107829 339689224
cloud_controller_tkemenade 7389280883 12520 2454

1717336619.1113374 339689224
cloud0_tkemenade 19130842516 6866 1095

1717336620.1136909 339689321
cloud_controller_tkemenade 7389280883 12550 2467

1717336620.1140587 339689321
cloud0_tkemenade 19130842516 6870 1098

1717336621.1165102 339689633
cloud_controller_tkemenade 7389280883 12570 2476

1717336621.1170955 339689633
cloud0_tkemenade 19130842516 6877 1099

1717336622.11968 339689759
cloud_controller_tkemenade 7389280883 12589 2484

1717336622.1202402 339689759
cloud0_tkemenade 19130842516 6880 1101

1717336623.1226668 339689868
cloud_controller_tkemenade 7389280883 12611 2491

1717336623.1232224 339689868
cloud0_tkemenade 19130842516 6883 1102

1717336624.1256824 339690000
cloud_controller_tkemenade 7389280883 12645 2499

1717336624.12624 339690000
cloud0_tkemenade 19130842516 6898 1105

1717336625.1286786 339690141
cloud_controller_tkemenade 7389280883 12671 2505

1717336625.1292531 339690142
cloud0_tkemenade 19130842516 6900 1106

1717336626.1317227 339690236
cloud_controller_tkemenade 7389280883 12689 2509

1717336626.1322956 339690236
cloud0_tkemenade 19130842516 6903 1108

1717336627.1347783 339690355
cloud_controller_tkemenade 7389280883 12718 2519

1717336627.1353192 339690355
cloud0_tkemenade 19130842516 6911 1110

1717336628.1377976 339690501
cloud_controller_tkemenade 7389280883 12741 2526

1717336628.1383538 339690501
cloud0_tkemenade 19130842516 6914 1111

1717336629.1407187 339690643
cloud_controller_tkemenade 7389280883 12778 2537

1717336629.1412864 339690643
cloud0_tkemenade 19130842516 6931 1114

1717336630.1435351 339690760
cloud_controller_tkemenade 7389280883 12820 2553

1717336630.1438901 339690760
cloud0_tkemenade 19130842516 6934 1115

1717336631.146076 339691059
cloud_controller_tkemenade 7389280883 12842 2564

1717336631.1466217 339691059
cloud0_tkemenade 19130842516 6937 1116

1717336632.1490684 339691168
cloud_controller_tkemenade 7389280883 12863 2574

1717336632.1496327 339691168
cloud0_tkemenade 19130842516 6940 1117

1717336632.450509 339691194
cloud_controller_tkemenade 7390479811 12868 2576

1717336632.451007 339691194
cloud0_tkemenade 19131065890 6941 1117

1717336633.4534698 339691345
cloud_controller_tkemenade 7390479811 12905 2592

1717336633.454032 339691345
cloud0_tkemenade 19131065890 6944 1118

1717336634.45674 339691486
cloud_controller_tkemenade 7390479811 12920 2601

1717336634.4573114 339691487
cloud0_tkemenade 19131065890 6962 1120

1717336635.4598134 339691625
cloud_controller_tkemenade 7390479811 12955 2613

1717336635.4603453 339691625
cloud0_tkemenade 19131065890 6964 1121

1717336636.462804 339691714
cloud_controller_tkemenade 7390479811 12975 2618

1717336636.4633129 339691714
cloud0_tkemenade 19131065890 6966 1122

1717336637.465802 339691829
cloud_controller_tkemenade 7390479811 13000 2631

1717336637.466359 339691829
cloud0_tkemenade 19131065890 6976 1124

1717336638.468999 339691960
cloud_controller_tkemenade 7390479811 13032 2639

1717336638.469567 339691960
cloud0_tkemenade 19131065890 6978 1125

1717336639.471983 339692086
cloud_controller_tkemenade 7390479811 13055 2653

1717336639.4725313 339692086
cloud0_tkemenade 19131065890 6995 1127

1717336639.7734652 339692118
cloud_controller_tkemenade 7391629640 13064 2654

1717336639.7740412 339692118
cloud0_tkemenade 19131350117 6997 1128

1717336640.776239 339692355
cloud_controller_tkemenade 7391629640 13087 2662

1717336640.7766683 339692355
cloud0_tkemenade 19131350117 6999 1128

1717336641.7789671 339692537
cloud_controller_tkemenade 7391629640 13121 2673

1717336641.7795062 339692537
cloud0_tkemenade 19131350117 7004 1130

1717336642.7821267 339692636
cloud_controller_tkemenade 7391629640 13143 2684

1717336642.7826655 339692636
cloud0_tkemenade 19131350117 7006 1132

1717336643.7851322 339692782
cloud_controller_tkemenade 7391629640 13182 2696

1717336643.7857406 339692782
cloud0_tkemenade 19131350117 7025 1134

1717336644.7882922 339692903
cloud_controller_tkemenade 7391629640 13207 2706

1717336644.7888288 339692903
cloud0_tkemenade 19131350117 7028 1134

1717336645.7912245 339693075
cloud_controller_tkemenade 7391629640 13261 2717

1717336645.791765 339693075
cloud0_tkemenade 19131350117 7032 1135

1717336646.7940884 339693188
cloud_controller_tkemenade 7391629640 13280 2730

1717336646.7946372 339693188
cloud0_tkemenade 19131350117 7041 1136

1717336646.8951018 339693209
cloud_controller_tkemenade 7392959452 13282 2730

1717336646.895657 339693209
cloud0_tkemenade 19131585836 7045 1136

1717336647.8981228 339693314
cloud_controller_tkemenade 7392959452 13306 2739

1717336647.8986573 339693314
cloud0_tkemenade 19131585836 7054 1137

1717336648.901255 339693461
cloud_controller_tkemenade 7392959452 13333 2752

1717336648.9018133 339693461
cloud0_tkemenade 19131585836 7071 1140

1717336649.9044797 339693596
cloud_controller_tkemenade 7392959452 13370 2770

1717336649.9050238 339693596
cloud0_tkemenade 19131585836 7091 1144

1717336650.9073203 339693874
cloud_controller_tkemenade 7392959452 13391 2783

1717336650.9078891 339693874
cloud0_tkemenade 19131585836 7094 1147

1717336651.9103446 339694033
cloud_controller_tkemenade 7392959452 13419 2794

1717336651.9108942 339694033
cloud0_tkemenade 19131585836 7097 1148

1717336652.9134223 339694148
cloud_controller_tkemenade 7392959452 13435 2799

1717336652.9139597 339694148
cloud0_tkemenade 19131585836 7104 1150

1717336653.9173198 339694300
cloud_controller_tkemenade 7392959452 13466 2812

1717336653.917919 339694300
cloud0_tkemenade 19131585836 7124 1154

1717336654.1185904 339694325
cloud_controller_tkemenade 7394136963 13470 2814

1717336654.119147 339694325
cloud0_tkemenade 19132029032 7125 1154

1717336655.1215038 339694451
cloud_controller_tkemenade 7394136963 13486 2823

1717336655.1220577 339694451
cloud0_tkemenade 19132029032 7127 1158

1717336656.1244338 339694585
cloud_controller_tkemenade 7394136963 13507 2838

1717336656.1249917 339694585
cloud0_tkemenade 19132029032 7129 1161

1717336657.1275637 339694704
cloud_controller_tkemenade 7394136963 13528 2849

1717336657.1281207 339694704
cloud0_tkemenade 19132029032 7141 1164

1717336658.130562 339694815
cloud_controller_tkemenade 7394136963 13551 2858

1717336658.131115 339694815
cloud0_tkemenade 19132029032 7143 1167

1717336659.133684 339694962
cloud_controller_tkemenade 7394136963 13584 2866

1717336659.134221 339694962
cloud0_tkemenade 19132029032 7156 1168

1717336660.1367822 339695100
cloud_controller_tkemenade 7394136963 13618 2878

1717336660.137135 339695100
cloud0_tkemenade 19132029032 7192 1177

1717336661.1392233 339695404
cloud_controller_tkemenade 7395192307 13634 2885

1717336661.1396146 339695404
cloud0_tkemenade 19132451169 7196 1178

1717336662.1421213 339695521
cloud_controller_tkemenade 7395192307 13657 2892

1717336662.1426575 339695521
cloud0_tkemenade 19132451169 7199 1179

1717336663.145264 339695622
cloud_controller_tkemenade 7395192307 13672 2900

1717336663.1458151 339695622
cloud0_tkemenade 19132451169 7203 1179

1717336664.1482775 339695784
cloud_controller_tkemenade 7395192307 13711 2912

1717336664.1488304 339695784
cloud0_tkemenade 19132451169 7225 1180

1717336665.1512122 339695904
cloud_controller_tkemenade 7395192307 13730 2921

1717336665.1517565 339695904
cloud0_tkemenade 19132451169 7228 1181

1717336666.1543152 339696069
cloud_controller_tkemenade 7395192307 13786 2931

1717336666.154847 339696069
cloud0_tkemenade 19132451169 7230 1182

1717336667.157453 339696204
cloud_controller_tkemenade 7395192307 13813 2941

1717336667.1580074 339696204
cloud0_tkemenade 19132451169 7238 1186

1717336668.1603777 339696348
cloud_controller_tkemenade 7396420814 13844 2947

1717336668.1609156 339696348
cloud0_tkemenade 19132705030 7241 1190

1717336669.1632674 339696525
cloud_controller_tkemenade 7396420814 13877 2958

1717336669.1638122 339696525
cloud0_tkemenade 19132705030 7261 1196

1717336670.1662402 339696628
cloud_controller_tkemenade 7396420814 13904 2974

1717336670.1665761 339696628
cloud0_tkemenade 19132705030 7264 1198

1717336671.1686413 339696934
cloud_controller_tkemenade 7396420814 13925 2983

1717336671.168981 339696934
cloud0_tkemenade 19132705030 7268 1199

1717336672.1711936 339697060
cloud_controller_tkemenade 7396420814 13953 2997

1717336672.171733 339697060
cloud0_tkemenade 19132705030 7271 1199

1717336673.1743243 339697162
cloud_controller_tkemenade 7396420814 13972 3006

1717336673.1748607 339697162
cloud0_tkemenade 19132705030 7274 1199

1717336674.1775265 339697309
cloud_controller_tkemenade 7396420814 14010 3016

1717336674.1780682 339697309
cloud0_tkemenade 19132705030 7290 1202

1717336675.1805148 339697432
cloud_controller_tkemenade 7396420814 14031 3022

1717336675.1810539 339697432
cloud0_tkemenade 19132705030 7296 1203

1717336675.3817449 339697455
cloud_controller_tkemenade 7397629800 14035 3024

1717336675.382295 339697455
cloud0_tkemenade 19133017314 7297 1203

1717336676.384817 339697587
cloud_controller_tkemenade 7397629800 14064 3031

1717336676.3854117 339697587
cloud0_tkemenade 19133017314 7299 1204

1717336677.38796 339697698
cloud_controller_tkemenade 7397629800 14084 3039

1717336677.3885105 339697698
cloud0_tkemenade 19133017314 7307 1209

1717336678.391041 339697811
cloud_controller_tkemenade 7397629800 14111 3049

1717336678.3915794 339697811
cloud0_tkemenade 19133017314 7311 1209

1717336679.3940556 339697966
cloud_controller_tkemenade 7397629800 14137 3056

1717336679.3946016 339697966
cloud0_tkemenade 19133017314 7328 1213

1717336680.397168 339698086
cloud_controller_tkemenade 7397629800 14160 3070

1717336680.3977137 339698086
cloud0_tkemenade 19133017314 7329 1214

1717336681.4000983 339698418
cloud_controller_tkemenade 7397629800 14188 3076

1717336681.400646 339698418
cloud0_tkemenade 19133017314 7335 1217

1717336682.4030766 339698533
cloud_controller_tkemenade 7397629800 14217 3087

1717336682.4036195 339698533
cloud0_tkemenade 19133017314 7338 1217

1717336682.5041335 339698542
cloud_controller_tkemenade 7398752139 14219 3087

1717336682.5046473 339698542
cloud0_tkemenade 19133272805 7338 1217

1717336683.5070043 339698644
cloud_controller_tkemenade 7398752139 14244 3097

1717336683.5075178 339698644
cloud0_tkemenade 19133272805 7342 1218

1717336684.5099885 339698803
cloud_controller_tkemenade 7398752139 14274 3103

1717336684.5105312 339698803
cloud0_tkemenade 19133272805 7358 1221

1717336685.5130537 339698897
cloud_controller_tkemenade 7398752139 14298 3114

1717336685.5135975 339698897
cloud0_tkemenade 19133272805 7363 1221

1717336686.5160596 339699027
cloud_controller_tkemenade 7398752139 14322 3119

1717336686.5166137 339699027
cloud0_tkemenade 19133272805 7365 1223

1717336687.51915 339699136
cloud_controller_tkemenade 7398752139 14341 3128

1717336687.5197055 339699136
cloud0_tkemenade 19133272805 7373 1226

1717336688.5221584 339699231
cloud_controller_tkemenade 7398752139 14368 3138

1717336688.522702 339699231
cloud0_tkemenade 19133272805 7377 1226

1717336689.5252564 339699370
cloud_controller_tkemenade 7398752139 14399 3151

1717336689.5256188 339699370
cloud0_tkemenade 19133272805 7395 1229

1717336689.625921 339699394
cloud_controller_tkemenade 7399830875 14402 3154

1717336689.626337 339699394
cloud0_tkemenade 19133575377 7395 1229

1717336690.6285458 339699596
cloud_controller_tkemenade 7399830875 14431 3162

1717336690.6288939 339699596
cloud0_tkemenade 19133575377 7397 1229

1717336691.6311104 339699831
cloud_controller_tkemenade 7399830875 14461 3171

1717336691.6316476 339699831
cloud0_tkemenade 19133575377 7401 1232

1717336692.6341143 339699934
cloud_controller_tkemenade 7399830875 14485 3182

1717336692.6346576 339699934
cloud0_tkemenade 19133575377 7403 1234

1717336693.6371825 339700045
cloud_controller_tkemenade 7399830875 14511 3192

1717336693.6376991 339700045
cloud0_tkemenade 19133575377 7405 1235

1717336694.640389 339700190
cloud_controller_tkemenade 7399830875 14542 3197

1717336694.6409414 339700190
cloud0_tkemenade 19133575377 7422 1237

1717336695.643345 339700285
cloud_controller_tkemenade 7399830875 14564 3202

1717336695.6438835 339700285
cloud0_tkemenade 19133575377 7427 1237

1717336696.6462247 339700426
cloud_controller_tkemenade 7399830875 14587 3214

1717336696.6467633 339700426
cloud0_tkemenade 19133575377 7429 1238

1717336696.7472563 339700444
cloud_controller_tkemenade 7400951212 14589 3214

1717336696.7478058 339700444
cloud0_tkemenade 19133766545 7429 1238

1717336697.7502754 339700555
cloud_controller_tkemenade 7400951212 14607 3228

1717336697.7508252 339700555
cloud0_tkemenade 19133766545 7437 1242

1717336698.7533066 339700658
cloud_controller_tkemenade 7400951212 14635 3237

1717336698.7538552 339700658
cloud0_tkemenade 19133766545 7442 1243

1717336699.756499 339700798
cloud_controller_tkemenade 7400951212 14672 3250

1717336699.7569861 339700798
cloud0_tkemenade 19133766545 7458 1246

1717336700.7590384 339701043
cloud_controller_tkemenade 7400951212 14692 3261

1717336700.7594159 339701043
cloud0_tkemenade 19133766545 7459 1248

1717336701.7617438 339701230
cloud_controller_tkemenade 7400951212 14723 3275

1717336701.7623098 339701230
cloud0_tkemenade 19133766545 7463 1248

1717336702.7649531 339701325
cloud_controller_tkemenade 7400951212 14747 3284

1717336702.7655342 339701326
cloud0_tkemenade 19133766545 7465 1249

1717336703.7678456 339701441
cloud_controller_tkemenade 7400951212 14772 3291

1717336703.7683399 339701441
cloud0_tkemenade 19133766545 7468 1251

1717336703.8687942 339701465
cloud_controller_tkemenade 7402147358 14774 3292

1717336703.8693514 339701468
cloud0_tkemenade 19134022209 7473 1251

1717336704.8720496 339701591
cloud_controller_tkemenade 7402147358 14805 3301

1717336704.8725946 339701591
cloud0_tkemenade 19134022209 7485 1254

1717336705.875029 339701711
cloud_controller_tkemenade 7402147358 14831 3311

1717336705.8755786 339701711
cloud0_tkemenade 19134022209 7488 1254

1717336706.8782942 339701851
cloud_controller_tkemenade 7402147358 14857 3322

1717336706.8788607 339701851
cloud0_tkemenade 19134022209 7499 1256

1717336707.8811233 339701973
cloud_controller_tkemenade 7402147358 14884 3331

1717336707.8816936 339701973
cloud0_tkemenade 19134022209 7508 1260

1717336708.8841374 339702081
cloud_controller_tkemenade 7402147358 14909 3337

1717336708.884684 339702081
cloud0_tkemenade 19134022209 7517 1263

1717336709.8872106 339702216
cloud_controller_tkemenade 7402147358 14955 3350

1717336709.887772 339702216
cloud0_tkemenade 19134022209 7528 1267

1717336710.8898737 339702487
cloud_controller_tkemenade 7402147358 14977 3356

1717336710.890416 339702487
cloud0_tkemenade 19134022209 7531 1269

1717336711.0910761 339702564
cloud_controller_tkemenade 7403365123 14984 3357

1717336711.0915363 339702564
cloud0_tkemenade 19134366944 7531 1269

1717336712.0938976 339702678
cloud_controller_tkemenade 7403365123 15013 3370

1717336712.094453 339702678
cloud0_tkemenade 19134366944 7535 1270

1717336713.097226 339702781
cloud_controller_tkemenade 7403365123 15034 3379

1717336713.0977833 339702781
cloud0_tkemenade 19134366944 7540 1273

1717336714.1003325 339702908
cloud_controller_tkemenade 7403365123 15070 3388

1717336714.1008966 339702908
cloud0_tkemenade 19134366944 7546 1274

1717336715.1033084 339703018
cloud_controller_tkemenade 7403365123 15089 3393

1717336715.1038563 339703018
cloud0_tkemenade 19134366944 7561 1276

1717336716.1061885 339703128
cloud_controller_tkemenade 7403365123 15111 3400

1717336716.1067364 339703128
cloud0_tkemenade 19134366944 7566 1278

1717336717.1095123 339703261
cloud_controller_tkemenade 7403365123 15132 3409

1717336717.1100485 339703261
cloud0_tkemenade 19134366944 7569 1280

1717336718.112745 339703375
cloud_controller_tkemenade 7403365123 15157 3417

1717336718.1132886 339703376
cloud0_tkemenade 19134366944 7576 1282

1717336718.2137501 339703388
cloud_controller_tkemenade 7404425402 15163 3419

1717336718.2142866 339703388
cloud0_tkemenade 19134626421 7576 1282

1717336719.2167025 339703512
cloud_controller_tkemenade 7404425402 15194 3427

1717336719.2172604 339703513
cloud0_tkemenade 19134626421 7584 1282

1717336720.2198098 339703624
cloud_controller_tkemenade 7404425402 15219 3435

1717336720.2202232 339703624
cloud0_tkemenade 19134626421 7596 1286

1717336721.2225242 339703946
cloud_controller_tkemenade 7404425402 15240 3441

1717336721.223054 339703946
cloud0_tkemenade 19134626421 7599 1286

1717336722.225606 339704055
cloud_controller_tkemenade 7404425402 15265 3454

1717336722.2261498 339704055
cloud0_tkemenade 19134626421 7602 1288

1717336723.22891 339704153
cloud_controller_tkemenade 7404425402 15284 3461

1717336723.229478 339704153
cloud0_tkemenade 19134626421 7606 1290

1717336724.2319934 339704289
cloud_controller_tkemenade 7404425402 15324 3471

1717336724.2325313 339704289
cloud0_tkemenade 19134626421 7613 1291

1717336725.2349775 339704433
cloud_controller_tkemenade 7405510005 15339 3477

1717336725.2355037 339704433
cloud0_tkemenade 19134913258 7628 1294

1717336726.2380748 339704539
cloud_controller_tkemenade 7405510005 15360 3484

1717336726.2386117 339704539
cloud0_tkemenade 19134913258 7630 1294

1717336727.2411776 339704684
cloud_controller_tkemenade 7405510005 15386 3493

1717336727.2417357 339704684
cloud0_tkemenade 19134913258 7634 1296

1717336728.2442007 339704801
cloud_controller_tkemenade 7405510005 15416 3500

1717336728.2447288 339704801
cloud0_tkemenade 19134913258 7641 1297

1717336729.2472012 339704928
cloud_controller_tkemenade 7405510005 15450 3512

1717336729.247748 339704928
cloud0_tkemenade 19134913258 7648 1299

1717336730.2500112 339705044
cloud_controller_tkemenade 7405510005 15474 3523

1717336730.25036 339705044
cloud0_tkemenade 19134913258 7661 1300

1717336731.2525103 339705368
cloud_controller_tkemenade 7405510005 15500 3532

1717336731.2530296 339705368
cloud0_tkemenade 19134913258 7663 1301

1717336732.2553246 339705476
cloud_controller_tkemenade 7405510005 15534 3548

1717336732.2556653 339705476
cloud0_tkemenade 19134913258 7667 1301

1717336732.3559532 339705489
cloud_controller_tkemenade 7406739313 15535 3549

1717336732.356274 339705489
cloud0_tkemenade 19135124258 7668 1301

1717336733.3585904 339705590
cloud_controller_tkemenade 7406739313 15552 3559

1717336733.3591506 339705590
cloud0_tkemenade 19135124258 7671 1302

1717336734.3616977 339705725
cloud_controller_tkemenade 7406739313 15591 3570

1717336734.3622494 339705725
cloud0_tkemenade 19135124258 7676 1303

1717336735.3647223 339705838
cloud_controller_tkemenade 7406739313 15609 3574

1717336735.3652856 339705838
cloud0_tkemenade 19135124258 7691 1306

1717336736.3678272 339705953
cloud_controller_tkemenade 7406739313 15639 3581

1717336736.368367 339705953
cloud0_tkemenade 19135124258 7693 1306

1717336737.3709822 339706090
cloud_controller_tkemenade 7406739313 15661 3591

1717336737.3715312 339706090
cloud0_tkemenade 19135124258 7706 1307

1717336738.3740613 339706217
cloud_controller_tkemenade 7406739313 15683 3600

1717336738.3746111 339706217
cloud0_tkemenade 19135124258 7710 1308

1717336739.3771224 339706355
cloud_controller_tkemenade 7406739313 15717 3610

1717336739.3776753 339706355
cloud0_tkemenade 19135124258 7719 1309

1717336739.4781232 339706381
cloud_controller_tkemenade 7407821768 15719 3612

1717336739.4786832 339706381
cloud0_tkemenade 19135389349 7724 1310

1717336740.4808807 339706540
cloud_controller_tkemenade 7407821768 15746 3620

1717336740.4813023 339706542
cloud0_tkemenade 19135389349 7730 1312

1717336741.4835896 339706805
cloud_controller_tkemenade 7407821768 15767 3630

1717336741.4841459 339706805
cloud0_tkemenade 19135389349 7734 1314

1717336742.4865038 339706915
cloud_controller_tkemenade 7407821768 15799 3641

1717336742.487061 339706915
cloud0_tkemenade 19135389349 7738 1316

1717336743.4894183 339707021
cloud_controller_tkemenade 7407821768 15821 3648

1717336743.4899702 339707021
cloud0_tkemenade 19135389349 7742 1316

1717336744.4926426 339707172
cloud_controller_tkemenade 7407821768 15866 3659

1717336744.493198 339707173
cloud0_tkemenade 19135389349 7753 1317

1717336745.4955544 339707282
cloud_controller_tkemenade 7407821768 15888 3664

1717336745.4961264 339707282
cloud0_tkemenade 19135389349 7765 1318

1717336746.4984386 339707397
cloud_controller_tkemenade 7407821768 15918 3672

1717336746.498938 339707397
cloud0_tkemenade 19135389349 7768 1319

1717336746.5993927 339707409
cloud_controller_tkemenade 7408995943 15924 3676

1717336746.5999303 339707409
cloud0_tkemenade 19135653762 7768 1319

1717336747.6023233 339707511
cloud_controller_tkemenade 7408995943 15944 3681

1717336747.602657 339707511
cloud0_tkemenade 19135653762 7778 1321

1717336748.6046984 339707628
cloud_controller_tkemenade 7408995943 15967 3691

1717336748.605309 339707630
cloud0_tkemenade 19135653762 7781 1321

1717336749.607541 339707793
cloud_controller_tkemenade 7408995943 16011 3702

1717336749.6079252 339707793
cloud0_tkemenade 19135653762 7794 1322

1717336750.610194 339707987
cloud_controller_tkemenade 7408995943 16039 3713

1717336750.610527 339707987
cloud0_tkemenade 19135653762 7802 1324

1717336751.6128085 339708231
cloud_controller_tkemenade 7408995943 16056 3720

1717336751.6134229 339708232
cloud0_tkemenade 19135653762 7806 1324

1717336752.6159184 339708355
cloud_controller_tkemenade 7408995943 16090 3730

1717336752.6164606 339708355
cloud0_tkemenade 19135653762 7811 1327

1717336753.6187754 339708472
cloud_controller_tkemenade 7408995943 16110 3738

1717336753.6193206 339708472
cloud0_tkemenade 19135653762 7814 1328

1717336753.819999 339708498
cloud_controller_tkemenade 7410185532 16119 3740

1717336753.8205297 339708498
cloud0_tkemenade 19135899729 7815 1328

1717336754.8231058 339708633
cloud_controller_tkemenade 7410185532 16152 3757

1717336754.823656 339708633
cloud0_tkemenade 19135899729 7831 1331

1717336755.8261056 339708717
cloud_controller_tkemenade 7410185532 16173 3763

1717336755.8266473 339708717
cloud0_tkemenade 19135899729 7833 1332

1717336756.8291194 339708835
cloud_controller_tkemenade 7410185532 16199 3770

1717336756.829666 339708835
cloud0_tkemenade 19135899729 7836 1333

1717336757.8322632 339708971
cloud_controller_tkemenade 7410185532 16221 3777

1717336757.832823 339708971
cloud0_tkemenade 19135899729 7845 1337

1717336758.8354342 339709116
cloud_controller_tkemenade 7410185532 16250 3792

1717336758.8359728 339709116
cloud0_tkemenade 19135899729 7850 1338

1717336759.8384159 339709237
cloud_controller_tkemenade 7410185532 16284 3807

1717336759.838962 339709237
cloud0_tkemenade 19135899729 7867 1340

1717336760.8412552 339709472
cloud_controller_tkemenade 7410185532 16312 3818

1717336760.8417926 339709472
cloud0_tkemenade 19135899729 7868 1341

1717336760.9422126 339709502
cloud_controller_tkemenade 7411414615 16314 3818

1717336760.942529 339709502
cloud0_tkemenade 19136202546 7869 1341

1717336761.944772 339709660
cloud_controller_tkemenade 7411414615 16339 3829

1717336761.945317 339709661
cloud0_tkemenade 19136202546 7871 1342

1717336762.9477792 339709782
cloud_controller_tkemenade 7411414615 16367 3843

1717336762.9483297 339709782
cloud0_tkemenade 19136202546 7876 1343

1717336763.9508672 339709884
cloud_controller_tkemenade 7411414615 16391 3854

1717336763.9514227 339709884
cloud0_tkemenade 19136202546 7878 1343

1717336764.9539473 339710013
cloud_controller_tkemenade 7411414615 16426 3867

1717336764.954493 339710013
cloud0_tkemenade 19136202546 7896 1345

1717336765.956898 339710114
cloud_controller_tkemenade 7411414615 16450 3876

1717336765.9574213 339710115
cloud0_tkemenade 19136202546 7899 1346

1717336766.9599938 339710238
cloud_controller_tkemenade 7411414615 16476 3887

1717336766.960544 339710238
cloud0_tkemenade 19136202546 7912 1348

1717336767.9628503 339710352
cloud_controller_tkemenade 7411414615 16493 3895

1717336767.9631906 339710352
cloud0_tkemenade 19136202546 7919 1350

1717336768.1636875 339710404
cloud_controller_tkemenade 7412551986 16497 3896

1717336768.1642065 339710404
cloud0_tkemenade 19136471459 7920 1351

1717336769.1664898 339710530
cloud_controller_tkemenade 7412551986 16525 3905

1717336769.1670177 339710530
cloud0_tkemenade 19136471459 7928 1353

1717336770.1695888 339710629
cloud_controller_tkemenade 7412551986 16558 3910

1717336770.1699433 339710629
cloud0_tkemenade 19136471459 7942 1355

1717336771.172316 339710956
cloud_controller_tkemenade 7412551986 16587 3922

1717336771.1728516 339710956
cloud0_tkemenade 19136471459 7947 1356

1717336772.175357 339711070
cloud_controller_tkemenade 7412551986 16612 3928

1717336772.1758928 339711070
cloud0_tkemenade 19136471459 7950 1357

1717336773.178287 339711217
cloud_controller_tkemenade 7412551986 16637 3938

1717336773.1787899 339711217
cloud0_tkemenade 19136471459 7955 1358

1717336774.18124 339711327
cloud_controller_tkemenade 7412551986 16665 3945

1717336774.1817834 339711327
cloud0_tkemenade 19136471459 7962 1359

1717336775.1843424 339711440
cloud_controller_tkemenade 7412551986 16698 3954

1717336775.1848834 339711440
cloud0_tkemenade 19136471459 7978 1362

1717336775.2852654 339711461
cloud_controller_tkemenade 7413741442 16700 3955

1717336775.2857952 339711461
cloud0_tkemenade 19136784712 7978 1362

1717336776.288293 339711553
cloud_controller_tkemenade 7413741442 16719 3961

1717336776.2888522 339711553
cloud0_tkemenade 19136784712 7982 1364

1717336777.2911856 339711674
cloud_controller_tkemenade 7413741442 16746 3972

1717336777.2917356 339711674
cloud0_tkemenade 19136784712 7986 1364

1717336778.2941797 339711783
cloud_controller_tkemenade 7413741442 16765 3979

1717336778.294524 339711783
cloud0_tkemenade 19136784712 7995 1368

1717336779.2970057 339711925
cloud_controller_tkemenade 7413741442 16790 3989

1717336779.2976105 339711925
cloud0_tkemenade 19136784712 8005 1370

1717336780.3000135 339712044
cloud_controller_tkemenade 7413741442 16821 3992

1717336780.3003488 339712044
cloud0_tkemenade 19136784712 8016 1372

1717336781.3025663 339712361
cloud_controller_tkemenade 7413741442 16852 4005

1717336781.3031204 339712361
cloud0_tkemenade 19136784712 8019 1373

1717336782.305649 339712482
cloud_controller_tkemenade 7413741442 16872 4015

1717336782.306179 339712482
cloud0_tkemenade 19136784712 8022 1374

1717336782.4066226 339712494
cloud_controller_tkemenade 7414808047 16874 4015

1717336782.4071465 339712494
cloud0_tkemenade 19137038881 8022 1374

1717336783.4096859 339712600
cloud_controller_tkemenade 7414808047 16896 4025

1717336783.4100547 339712600
cloud0_tkemenade 19137038881 8026 1375

1717336784.4125361 339712718
cloud_controller_tkemenade 7414808047 16919 4034

1717336784.413081 339712718
cloud0_tkemenade 19137038881 8033 1377

1717336785.4155393 339712852
cloud_controller_tkemenade 7414808047 16964 4042

1717336785.4158895 339712852
cloud0_tkemenade 19137038881 8048 1379

1717336786.4182892 339712961
cloud_controller_tkemenade 7414808047 16996 4047

1717336786.41883 339712961
cloud0_tkemenade 19137038881 8051 1379

1717336787.4212358 339713083
cloud_controller_tkemenade 7414808047 17025 4056

1717336787.4216092 339713083
cloud0_tkemenade 19137038881 8055 1381

1717336788.4240324 339713222
cloud_controller_tkemenade 7414808047 17047 4061

1717336788.4245942 339713222
cloud0_tkemenade 19137038881 8062 1383

1717336789.4270804 339713386
cloud_controller_tkemenade 7414808047 17077 4068

1717336789.4276206 339713386
cloud0_tkemenade 19137038881 8069 1384

1717336789.5280654 339713397
cloud_controller_tkemenade 7415939145 17079 4068

1717336789.5285828 339713397
cloud0_tkemenade 19137288774 8070 1384

1717336790.530792 339713607
cloud_controller_tkemenade 7415939145 17115 4080

1717336790.5311503 339713607
cloud0_tkemenade 19137288774 8081 1387

1717336791.5335097 339713824
cloud_controller_tkemenade 7415939145 17140 4091

1717336791.5340545 339713824
cloud0_tkemenade 19137288774 8084 1388

1717336792.536494 339713941
cloud_controller_tkemenade 7415939145 17163 4101

1717336792.537074 339713941
cloud0_tkemenade 19137288774 8087 1391

1717336793.539492 339714055
cloud_controller_tkemenade 7415939145 17187 4110

1717336793.5398388 339714055
cloud0_tkemenade 19137288774 8092 1392

1717336794.542258 339714177
cloud_controller_tkemenade 7415939145 17214 4120

1717336794.5428007 339714177
cloud0_tkemenade 19137288774 8098 1394

1717336795.5452495 339714292
cloud_controller_tkemenade 7415939145 17242 4132

1717336795.5458016 339714292
cloud0_tkemenade 19137288774 8114 1397

1717336796.5482495 339714386
cloud_controller_tkemenade 7417094566 17267 4140

1717336796.5487936 339714386
cloud0_tkemenade 19137560637 8117 1397

1717336797.5511465 339714498
cloud_controller_tkemenade 7417094566 17289 4151

1717336797.5517087 339714498
cloud0_tkemenade 19137560637 8121 1402

1717336798.5540962 339714628
cloud_controller_tkemenade 7417094566 17310 4160

1717336798.5546486 339714628
cloud0_tkemenade 19137560637 8127 1404

1717336799.5572693 339714780
cloud_controller_tkemenade 7417094566 17341 4173

1717336799.5578187 339714780
cloud0_tkemenade 19137560637 8132 1405

1717336800.5602992 339714985
cloud_controller_tkemenade 7417094566 17369 4179

1717336800.5608454 339714985
cloud0_tkemenade 19137560637 8143 1407

1717336801.5632987 339715233
cloud_controller_tkemenade 7417094566 17403 4190

1717336801.5638373 339715233
cloud0_tkemenade 19137560637 8147 1409

1717336802.5664012 339715338
cloud_controller_tkemenade 7417094566 17421 4196

1717336802.566952 339715338
cloud0_tkemenade 19137560637 8150 1409

1717336803.5695274 339715453
cloud_controller_tkemenade 7417094566 17446 4205

1717336803.570026 339715453
cloud0_tkemenade 19137560637 8158 1413

1717336803.6704679 339715469
cloud_controller_tkemenade 7418215768 17448 4206

1717336803.671004 339715469
cloud0_tkemenade 19137819719 8158 1413

1717336804.6734602 339715600
cloud_controller_tkemenade 7418215768 17476 4216

1717336804.6740148 339715600
cloud0_tkemenade 19137819719 8165 1417

1717336805.6766121 339715714
cloud_controller_tkemenade 7418215768 17506 4222

1717336805.677197 339715714
cloud0_tkemenade 19137819719 8180 1420

1717336806.6795974 339715816
cloud_controller_tkemenade 7418215768 17531 4238

1717336806.680157 339715816
cloud0_tkemenade 19137819719 8186 1423

1717336807.6827173 339715926
cloud_controller_tkemenade 7418215768 17554 4244

1717336807.6832771 339715926
cloud0_tkemenade 19137819719 8193 1428

1717336808.68594 339716049
cloud_controller_tkemenade 7418215768 17578 4256

1717336808.6864586 339716049
cloud0_tkemenade 19137819719 8196 1430

1717336809.6888702 339716223
cloud_controller_tkemenade 7418215768 17612 4267

1717336809.689443 339716224
cloud0_tkemenade 19137819719 8203 1431

1717336810.6917896 339716464
cloud_controller_tkemenade 7418215768 17663 4281

1717336810.6922164 339716464
cloud0_tkemenade 19137819719 8210 1433

1717336810.8932304 339716542
cloud_controller_tkemenade 7419601428 17688 4288

1717336810.8935688 339716542
cloud0_tkemenade 19138140515 8211 1433

1717336811.8957477 339716716
cloud_controller_tkemenade 7419601428 17730 4305

1717336811.8962777 339716716
cloud0_tkemenade 19138140515 8214 1433

1717336812.8987682 339716886
cloud_controller_tkemenade 7419601428 17818 4349

1717336812.8991227 339716886
cloud0_tkemenade 19138140515 8217 1434

1717336813.9016376 339717089
cloud_controller_tkemenade 7419601428 17917 4396

1717336813.9021952 339717089
cloud0_tkemenade 19138140515 8222 1436

1717336814.904827 339717298
cloud_controller_tkemenade 7419601428 18026 4421

1717336814.9053915 339717300
cloud0_tkemenade 19138140515 8230 1437

1717336815.9079406 339717517
cloud_controller_tkemenade 7419601428 18161 4439

1717336815.908484 339717517
cloud0_tkemenade 19138140515 8244 1440

1717336816.9130664 339717704
cloud_controller_tkemenade 7419601428 18239 4465

1717336816.913625 339717704
cloud0_tkemenade 19138140515 8301 1450

1717336817.9158082 339717910
cloud_controller_tkemenade 7423461488 18308 4485

1717336817.9163756 339717910
cloud0_tkemenade 19138947025 8358 1477

1717336818.918875 339718144
cloud_controller_tkemenade 7423461488 18344 4497

1717336818.9194536 339718144
cloud0_tkemenade 19138947025 8452 1499

1717336819.921771 339718418
cloud_controller_tkemenade 7423461488 18377 4511

1717336819.9221218 339718418
cloud0_tkemenade 19138947025 8554 1508

1717336820.924353 339718786
cloud_controller_tkemenade 7423461488 18426 4528

1717336820.9249132 339718786
cloud0_tkemenade 19138947025 8615 1521

1717336821.9273596 339719084
cloud_controller_tkemenade 7423461488 18560 4542

1717336821.927997 339719084
cloud0_tkemenade 19138947025 8671 1536

1717336822.930426 339719257
cloud_controller_tkemenade 7423461488 18646 4574

1717336822.9309456 339719257
cloud0_tkemenade 19138947025 8681 1539

1717336823.9335327 339719503
cloud_controller_tkemenade 7423461488 18766 4596

1717336823.9340963 339719503
cloud0_tkemenade 19138947025 8696 1544

1717336824.9365056 339719884
cloud_controller_tkemenade 7423461488 19024 4606

1717336824.9370577 339719884
cloud0_tkemenade 19138947025 8748 1551

1717336825.137686 339719979
cloud_controller_tkemenade 7427563317 19068 4612

1717336825.138033 339719979
cloud0_tkemenade 19141329947 8774 1552

1717336826.1406875 339720308
cloud_controller_tkemenade 7427563317 19237 4623

1717336826.141256 339720309
cloud0_tkemenade 19141329947 8876 1559

1717336827.143857 339720603
cloud_controller_tkemenade 7427563317 19405 4645

1717336827.1444058 339720603
cloud0_tkemenade 19141329947 8953 1576

1717336828.1470122 339720978
cloud_controller_tkemenade 7427563317 19620 4675

1717336828.147572 339720978
cloud0_tkemenade 19141329947 9021 1591

1717336829.1500676 339721568
cloud_controller_tkemenade 7427563317 19833 4684

1717336829.1504078 339721568
cloud0_tkemenade 19141329947 9292 1597

1717336830.1526947 339722044
cloud_controller_tkemenade 7427563317 20063 4703

1717336830.1530466 339722044
cloud0_tkemenade 19141329947 9443 1606

1717336831.1551943 339722497
cloud_controller_tkemenade 7427563317 20221 4722

1717336831.1555583 339722497
cloud0_tkemenade 19141329947 9496 1624

1717336832.1576984 339722755
cloud_controller_tkemenade 7427563317 20353 4737

1717336832.1582377 339722755
cloud0_tkemenade 19141329947 9563 1629

1717336832.258693 339722784
cloud_controller_tkemenade 7434972785 20371 4738

1717336832.2592201 339722784
cloud0_tkemenade 19145832425 9566 1632

1717336833.2617064 339723026
cloud_controller_tkemenade 7434972785 20465 4763

1717336833.262284 339723026
cloud0_tkemenade 19145832425 9638 1673

1717336834.2649522 339723341
cloud_controller_tkemenade 7434972785 20589 4784

1717336834.2655435 339723341
cloud0_tkemenade 19145832425 9738 1679

1717336835.2681184 339723580
cloud_controller_tkemenade 7434972785 20733 4800

1717336835.268642 339723580
cloud0_tkemenade 19145832425 9759 1684

1717336836.271029 339723838
cloud_controller_tkemenade 7434972785 20882 4821

1717336836.2715936 339723838
cloud0_tkemenade 19145832425 9799 1693

1717336837.274112 339724166
cloud_controller_tkemenade 7434972785 21006 4836

1717336837.274658 339724166
cloud0_tkemenade 19145832425 9941 1711

1717336838.2771208 339724432
cloud_controller_tkemenade 7434972785 21127 4845

1717336838.277576 339724432
cloud0_tkemenade 19145832425 10004 1723

1717336839.279822 339724682
cloud_controller_tkemenade 7439649013 21247 4856

1717336839.2803714 339724682
cloud0_tkemenade 19148583425 10037 1740

1717336840.282666 339724954
cloud_controller_tkemenade 7439649013 21372 4866

1717336840.2829983 339724954
cloud0_tkemenade 19148583425 10054 1744

1717336841.2854834 339725427
cloud_controller_tkemenade 7439649013 21567 4881

1717336841.286024 339725427
cloud0_tkemenade 19148583425 10060 1746

1717336842.2886229 339725744
cloud_controller_tkemenade 7439649013 21819 4895

1717336842.2891865 339725745
cloud0_tkemenade 19148583425 10066 1746

1717336843.2915258 339726003
cloud_controller_tkemenade 7439649013 21981 4920

1717336843.2919378 339726003
cloud0_tkemenade 19148583425 10070 1748

1717336844.2944076 339726252
cloud_controller_tkemenade 7439649013 22100 4929

1717336844.2949297 339726252
cloud0_tkemenade 19148583425 10076 1751

1717336845.2974567 339726489
cloud_controller_tkemenade 7439649013 22233 4939

1717336845.2979927 339726489
cloud0_tkemenade 19148583425 10088 1754

1717336846.3002853 339726690
cloud_controller_tkemenade 7439649013 22350 4945

1717336846.3008368 339726690
cloud0_tkemenade 19148583425 10097 1756

1717336846.5014749 339726733
cloud_controller_tkemenade 7445581110 22374 4946

1717336846.501983 339726733
cloud0_tkemenade 19148952965 10097 1756

1717336847.5043466 339726932
cloud_controller_tkemenade 7445581110 22502 4956

1717336847.50472 339726932
cloud0_tkemenade 19148952965 10102 1758

1717336848.5069737 339727152
cloud_controller_tkemenade 7445581110 22619 4961

1717336848.5075197 339727152
cloud0_tkemenade 19148952965 10108 1762

1717336849.5100374 339727377
cloud_controller_tkemenade 7445581110 22742 4970

1717336849.5105765 339727377
cloud0_tkemenade 19148952965 10113 1764

1717336850.5127714 339727680
cloud_controller_tkemenade 7445581110 22858 4978

1717336850.5132267 339727682
cloud0_tkemenade 19148952965 10124 1765

1717336851.5154765 339728049
cloud_controller_tkemenade 7445581110 22987 4990

1717336851.5160074 339728049
cloud0_tkemenade 19148952965 10127 1765

1717336852.5182753 339728250
cloud_controller_tkemenade 7445581110 23099 5006

1717336852.5188067 339728250
cloud0_tkemenade 19148952965 10129 1766

1717336853.5212398 339728469
cloud_controller_tkemenade 7450194439 23221 5012

1717336853.521585 339728469
cloud0_tkemenade 19149202874 10134 1769

1717336853.6218834 339728490
cloud_controller_tkemenade 7450194439 23232 5012

1717336854.5241926 339728717
cloud0_tkemenade 19149202874 10141 1770

1717336854.624922 339728751
cloud_controller_tkemenade 7450194439 23365 5020

1717336855.527287 339728942
cloud0_tkemenade 19149202874 10154 1772

1717336855.6280196 339728960
cloud_controller_tkemenade 7450194439 23500 5036

1717336856.5305524 339729140
cloud0_tkemenade 19149202874 10157 1772

1717336856.63131 339729161
cloud_controller_tkemenade 7450194439 23622 5059

1717336857.5337055 339729349
cloud0_tkemenade 19149202874 10163 1772

1717336857.6344156 339729370
cloud_controller_tkemenade 7450194439 23751 5076

1717336858.5369716 339729571
cloud0_tkemenade 19149202874 10169 1776

1717336858.6376903 339729598
cloud_controller_tkemenade 7450194439 23868 5089

1717336859.540343 339729810
cloud0_tkemenade 19149202874 10190 1778

1717336859.6409938 339729832
cloud_controller_tkemenade 7450194439 23996 5100

1717336860.5428603 339730093
cloud0_tkemenade 19149202874 10196 1780

1717336860.6434903 339730149
cloud_controller_tkemenade 7455087624 24111 5108

1717336860.6438172 339730149
cloud0_tkemenade 19149571231 10198 1780

1717336861.6459036 339730465
cloud_controller_tkemenade 7455087624 24238 5122

1717336861.646448 339730465
cloud0_tkemenade 19149571231 10202 1781

1717336862.6489942 339730663
cloud_controller_tkemenade 7455087624 24358 5125

1717336862.6495616 339730663
cloud0_tkemenade 19149571231 10208 1782

1717336863.652075 339730870
cloud_controller_tkemenade 7455087624 24482 5131

1717336863.6526206 339730870
cloud0_tkemenade 19149571231 10211 1783

1717336864.6549852 339731129
cloud_controller_tkemenade 7455087624 24602 5138

1717336864.655526 339731129
cloud0_tkemenade 19149571231 10220 1784

1717336865.6578825 339731348
cloud_controller_tkemenade 7455087624 24740 5149

1717336865.6584005 339731348
cloud0_tkemenade 19149571231 10235 1787

1717336866.6610453 339731545
cloud_controller_tkemenade 7455087624 24859 5156

1717336866.661598 339731545
cloud0_tkemenade 19149571231 10237 1787

1717336867.6640549 339731725
cloud_controller_tkemenade 7455087624 24981 5162

1717336867.6643836 339731725
cloud0_tkemenade 19149571231 10241 1788

1717336867.8648822 339731786
cloud_controller_tkemenade 7459709592 25009 5163

1717336867.8652475 339731787
cloud0_tkemenade 19149868010 10250 1788

1717336868.8672626 339732006
cloud_controller_tkemenade 7459709592 25125 5167

1717336868.867604 339732006
cloud0_tkemenade 19149868010 10255 1789

1717336869.8698719 339732225
cloud_controller_tkemenade 7459709592 25240 5180

1717336869.8701994 339732225
cloud0_tkemenade 19149868010 10261 1791

1717336870.8721366 339732587
cloud_controller_tkemenade 7459709592 25339 5215

1717336870.8724966 339732587
cloud0_tkemenade 19149868010 10269 1793

1717336871.8745694 339732855
cloud_controller_tkemenade 7459709592 25483 5270

1717336871.874915 339732855
cloud0_tkemenade 19149868010 10271 1794

1717336872.8774698 339732999
cloud_controller_tkemenade 7459709592 25546 5292

1717336872.8794496 339732999
cloud0_tkemenade 19149868010 10276 1795

1717336873.8819523 339733108
cloud_controller_tkemenade 7459709592 25573 5300

1717336873.8824868 339733108
cloud0_tkemenade 19149868010 10279 1795

1717336874.8847444 339733258
cloud_controller_tkemenade 7463266471 25594 5306

1717336874.8853152 339733258
cloud0_tkemenade 19150071537 10286 1796

1717336875.8877263 339733369
cloud_controller_tkemenade 7463266471 25629 5316

1717336875.8882835 339733369
cloud0_tkemenade 19150071537 10299 1800

1717336876.8907263 339733484
cloud_controller_tkemenade 7463266471 25658 5324

1717336876.8912816 339733484
cloud0_tkemenade 19150071537 10303 1801

1717336877.8936632 339733588
cloud_controller_tkemenade 7463266471 25683 5333

1717336877.8942058 339733588
cloud0_tkemenade 19150071537 10311 1803

1717336878.8967273 339733698
cloud_controller_tkemenade 7463266471 25709 5343

1717336878.8971086 339733698
cloud0_tkemenade 19150071537 10315 1804

1717336879.8995595 339733807
cloud_controller_tkemenade 7463266471 25738 5359

1717336879.9001102 339733807
cloud0_tkemenade 19150071537 10321 1805

1717336880.9024928 339734128
cloud_controller_tkemenade 7463266471 25759 5370

1717336880.9029307 339734128
cloud0_tkemenade 19150071537 10330 1806

1717336881.9051352 339734300
cloud_controller_tkemenade 7463266471 25799 5385

1717336881.9056897 339734300
cloud0_tkemenade 19150071537 10333 1806

1717336882.1064003 339734326
cloud_controller_tkemenade 7464579948 25806 5387

1717336882.106951 339734326
cloud0_tkemenade 19150338761 10333 1806

1717336883.1094017 339734408
cloud_controller_tkemenade 7464579948 25826 5396

1717336883.109924 339734408
cloud0_tkemenade 19150338761 10337 1806

1717336884.1124558 339734512
cloud_controller_tkemenade 7464579948 25850 5408

1717336884.1130214 339734512
cloud0_tkemenade 19150338761 10339 1807

1717336885.1155736 339734664
cloud_controller_tkemenade 7464579948 25875 5414

1717336885.1161695 339734664
cloud0_tkemenade 19150338761 10358 1809

1717336886.1186469 339734779
cloud_controller_tkemenade 7464579948 25913 5426

1717336886.1191857 339734779
cloud0_tkemenade 19150338761 10372 1812

1717336887.1216755 339734911
cloud_controller_tkemenade 7464579948 25939 5437

1717336887.1222248 339734911
cloud0_tkemenade 19150338761 10390 1813

1717336888.1246877 339735022
cloud_controller_tkemenade 7464579948 25966 5444

1717336888.1253068 339735023
cloud0_tkemenade 19150338761 10400 1815

1717336889.1276963 339735143
cloud_controller_tkemenade 7464579948 25985 5454

1717336889.128184 339735143
cloud0_tkemenade 19150338761 10409 1816

1717336889.2286289 339735157
cloud_controller_tkemenade 7465685638 25994 5455

1717336889.2291515 339735158
cloud0_tkemenade 19150717602 10409 1817

1717336890.2314386 339735262
cloud_controller_tkemenade 7465685638 26019 5464

1717336890.231797 339735262
cloud0_tkemenade 19150717602 10416 1818

1717336891.2341099 339735625
cloud_controller_tkemenade 7465685638 26051 5478

1717336891.234649 339735625
cloud0_tkemenade 19150717602 10427 1821

1717336892.2371984 339735724
cloud_controller_tkemenade 7465685638 26080 5487

1717336892.237739 339735724
cloud0_tkemenade 19150717602 10430 1822

1717336893.240373 339735846
cloud_controller_tkemenade 7465685638 26095 5492

1717336893.2409177 339735846
cloud0_tkemenade 19150717602 10432 1822

1717336894.2432134 339735960
cloud_controller_tkemenade 7465685638 26126 5502

1717336894.2437553 339735960
cloud0_tkemenade 19150717602 10435 1824

1717336895.2460928 339736092
cloud_controller_tkemenade 7465685638 26147 5509

1717336895.2466302 339736092
cloud0_tkemenade 19150717602 10443 1825

1717336896.2492995 339736225
cloud_controller_tkemenade 7466892803 26183 5523

1717336896.2498112 339736225
cloud0_tkemenade 19150985356 10457 1827

1717336897.2524009 339736313
cloud_controller_tkemenade 7466892803 26203 5533

1717336897.2529519 339736313
cloud0_tkemenade 19150985356 10460 1828

1717336898.2553093 339736410
cloud_controller_tkemenade 7466892803 26233 5539

1717336898.2558546 339736410
cloud0_tkemenade 19150985356 10469 1830

1717336899.2583303 339736537
cloud_controller_tkemenade 7466892803 26260 5548

1717336899.258886 339736537
cloud0_tkemenade 19150985356 10472 1831

1717336900.261313 339736643
cloud_controller_tkemenade 7466892803 26284 5561

1717336900.261659 339736643
cloud0_tkemenade 19150985356 10478 1832

1717336901.2640646 339736997
cloud_controller_tkemenade 7466892803 26316 5575

1717336901.2645822 339736997
cloud0_tkemenade 19150985356 10489 1833

1717336902.267114 339737152
cloud_controller_tkemenade 7466892803 26344 5584

1717336902.2676525 339737152
cloud0_tkemenade 19150985356 10492 1835

1717336903.270119 339737234
cloud_controller_tkemenade 7466892803 26361 5590

1717336903.2706497 339737234
cloud0_tkemenade 19150985356 10495 1836

1717336903.5716693 339737263
cloud_controller_tkemenade 7468012154 26366 5592

1717336903.5721996 339737263
cloud0_tkemenade 19151193298 10495 1836

1717336904.5746443 339737402
cloud_controller_tkemenade 7468012154 26397 5600

1717336904.5752192 339737402
cloud0_tkemenade 19151193298 10502 1836

1717336905.5776894 339737539
cloud_controller_tkemenade 7468012154 26431 5614

1717336905.578256 339737539
cloud0_tkemenade 19151193298 10509 1839

1717336906.5807781 339737656
cloud_controller_tkemenade 7468012154 26478 5629

1717336906.5813596 339737656
cloud0_tkemenade 19151193298 10517 1842

1717336907.5839229 339737748
cloud_controller_tkemenade 7468012154 26494 5635

1717336907.584497 339737748
cloud0_tkemenade 19151193298 10520 1844

1717336908.5872438 339737889
cloud_controller_tkemenade 7468012154 26514 5645

1717336908.587807 339737889
cloud0_tkemenade 19151193298 10529 1846

1717336909.5905397 339738015
cloud_controller_tkemenade 7468012154 26541 5651

1717336909.5911288 339738015
cloud0_tkemenade 19151193298 10536 1847

1717336910.5936105 339738206
cloud_controller_tkemenade 7468012154 26561 5663

1717336910.594028 339738206
cloud0_tkemenade 19151193298 10543 1848

1717336910.7945306 339738294
cloud_controller_tkemenade 7469200231 26566 5667

1717336910.7951133 339738294
cloud0_tkemenade 19151453460 10543 1848

1717336911.797827 339738527
cloud_controller_tkemenade 7469200231 26599 5676

1717336911.7983882 339738527
cloud0_tkemenade 19151453460 10553 1848

1717336912.8010345 339738622
cloud_controller_tkemenade 7469200231 26626 5684

1717336912.8016055 339738622
cloud0_tkemenade 19151453460 10556 1849

1717336913.80421 339738722
cloud_controller_tkemenade 7469200231 26644 5689

1717336913.8047636 339738722
cloud0_tkemenade 19151453460 10559 1849

1717336914.8074152 339738852
cloud_controller_tkemenade 7469200231 26675 5699

1717336914.8079667 339738852
cloud0_tkemenade 19151453460 10566 1851

1717336915.8103757 339738979
cloud_controller_tkemenade 7469200231 26706 5705

1717336915.8109293 339738979
cloud0_tkemenade 19151453460 10574 1854

1717336916.8135142 339739097
cloud_controller_tkemenade 7469200231 26741 5714

1717336916.8140626 339739097
cloud0_tkemenade 19151453460 10582 1857

1717336917.8167105 339739199
cloud_controller_tkemenade 7469200231 26759 5721

1717336917.817268 339739200
cloud0_tkemenade 19151453460 10586 1858

1717336917.9177167 339739214
cloud_controller_tkemenade 7470288478 26760 5721

1717336917.9182348 339739214
cloud0_tkemenade 19151686970 10588 1858

