1721158939.5609324 62547934
cloud_controller_tkemenade 10593880274 20486 3583
cloud0_tkemenade 23582455506 14874 2344

1721158940.5641239 62548259
cloud_controller_tkemenade 10593880274 20648 3588

1721158940.56468 62548259
cloud0_tkemenade 23582455506 15034 2349

1721158941.5672789 62548519
cloud_controller_tkemenade 10593880274 20790 3607

1721158941.567868 62548519
cloud0_tkemenade 23582455506 15151 2357

1721158942.5707643 62548799
cloud_controller_tkemenade 10593880274 20977 3611

1721158942.5713615 62548799
cloud0_tkemenade 23582455506 15249 2360

1721158943.5742743 62549063
cloud_controller_tkemenade 10593880274 21142 3616

1721158943.5748625 62549063
cloud0_tkemenade 23582455506 15350 2361

1721158944.5776906 62549314
cloud_controller_tkemenade 10593880274 21282 3638

1721158944.5782607 62549316
cloud0_tkemenade 23582455506 15462 2361

1721158945.2802558 62549488
cloud_controller_tkemenade 10598945886 21365 3644

1721158945.2807994 62549488
cloud0_tkemenade 23586832412 15549 2363

1721158946.2834945 62549752
cloud_controller_tkemenade 10598945886 21509 3648

1721158946.2840862 62549752
cloud0_tkemenade 23586832412 15670 2363

1721158947.2868562 62549920
cloud_controller_tkemenade 10598945886 21575 3654

1721158947.287489 62549920
cloud0_tkemenade 23586832412 15760 2372

1721158948.2901633 62550066
cloud_controller_tkemenade 10598945886 21594 3661

1721158948.2907276 62550066
cloud0_tkemenade 23586832412 15868 2372

1721158949.2933893 62550198
cloud_controller_tkemenade 10598945886 21632 3669

1721158949.2940245 62550198
cloud0_tkemenade 23586832412 15967 2375

1721158950.2966402 62550331
cloud_controller_tkemenade 10598945886 21652 3677

1721158950.2971718 62550331
cloud0_tkemenade 23586832412 16083 2380

1721158951.299777 62550450
cloud_controller_tkemenade 10598945886 21674 3684

1721158951.3003306 62550450
cloud0_tkemenade 23586832412 16184 2382

1721158952.3026245 62550549
cloud_controller_tkemenade 10600357938 21691 3690

1721158952.3031816 62550549
cloud0_tkemenade 23589586467 16268 2388

1721158953.3060844 62550693
cloud_controller_tkemenade 10600357938 21711 3693

1721158953.3067055 62550694
cloud0_tkemenade 23589586467 16399 2392

1721158954.3096192 62550869
cloud_controller_tkemenade 10600357938 21752 3703

1721158954.3102334 62550869
cloud0_tkemenade 23589586467 16538 2393

1721158955.3130767 62551027
cloud_controller_tkemenade 10600357938 21769 3710

1721158955.313651 62551027
cloud0_tkemenade 23589586467 16680 2397

1721158956.316213 62551184
cloud_controller_tkemenade 10600357938 21791 3716

1721158956.3167458 62551184
cloud0_tkemenade 23589586467 16820 2398

1721158957.3192418 62551337
cloud_controller_tkemenade 10600357938 21805 3725

1721158957.3197222 62551337
cloud0_tkemenade 23589586467 16958 2400

1721158958.3221967 62551488
cloud_controller_tkemenade 10600357938 21831 3728

1721158958.322755 62551488
cloud0_tkemenade 23589586467 17087 2404

1721158959.224924 62551614
cloud_controller_tkemenade 10601210390 21861 3734

1721158959.2254584 62551614
cloud0_tkemenade 23593308440 17174 2407

1721158960.2278967 62551742
cloud_controller_tkemenade 10601210390 21885 3741

1721158960.2284558 62551742
cloud0_tkemenade 23593308440 17271 2411

1721158961.23101 62551862
cloud_controller_tkemenade 10601210390 21906 3745

1721158961.2315714 62551862
cloud0_tkemenade 23593308440 17372 2418

1721158962.2340846 62551983
cloud_controller_tkemenade 10601210390 21929 3751

1721158962.2346506 62551983
cloud0_tkemenade 23593308440 17472 2421

1721158963.237172 62552106
cloud_controller_tkemenade 10601210390 21946 3757

1721158963.2377403 62552106
cloud0_tkemenade 23593308440 17578 2425

1721158964.2401884 62552246
cloud_controller_tkemenade 10601210390 21980 3761

1721158964.240743 62552246
cloud0_tkemenade 23593308440 17688 2430

1721158965.24312 62552373
cloud_controller_tkemenade 10601210390 21995 3767

1721158965.2436805 62552373
cloud0_tkemenade 23593308440 17801 2436

1721158966.2462347 62552515
cloud_controller_tkemenade 10601210390 22016 3772

1721158966.2468016 62552515
cloud0_tkemenade 23593308440 17924 2438

1721158966.3472815 62552534
cloud_controller_tkemenade 10602018219 22017 3773

1721158966.347759 62552534
cloud0_tkemenade 23596572899 17939 2439

1721158967.3500388 62552667
cloud_controller_tkemenade 10602018219 22035 3777

1721158967.3505673 62552668
cloud0_tkemenade 23596572899 18058 2450

1721158968.3530138 62552798
cloud_controller_tkemenade 10602018219 22059 3783

1721158968.3536017 62552798
cloud0_tkemenade 23596572899 18168 2459

1721158969.3560936 62552928
cloud_controller_tkemenade 10602018219 22090 3788

1721158969.3566697 62552928
cloud0_tkemenade 23596572899 18269 2474

1721158970.3591087 62553079
cloud_controller_tkemenade 10602018219 22132 3793

1721158970.3597345 62553079
cloud0_tkemenade 23596572899 18379 2474

1721158971.3623784 62553197
cloud_controller_tkemenade 10602018219 22151 3799

1721158971.3629262 62553197
cloud0_tkemenade 23596572899 18487 2479

1721158972.3653462 62553316
cloud_controller_tkemenade 10602018219 22168 3806

1721158972.36588 62553316
cloud0_tkemenade 23596572899 18591 2482

1721158973.3682659 62553447
cloud_controller_tkemenade 10602826763 22184 3813

1721158973.3687716 62553447
cloud0_tkemenade 23599748486 18702 2486

1721158974.3713684 62553593
cloud_controller_tkemenade 10602826763 22226 3819

1721158974.3719766 62553593
cloud0_tkemenade 23599748486 18813 2491

1721158975.374583 62553723
cloud_controller_tkemenade 10602826763 22246 3824

1721158975.3751543 62553723
cloud0_tkemenade 23599748486 18931 2492

1721158976.3777242 62553849
cloud_controller_tkemenade 10602826763 22267 3829

1721158976.3782482 62553849
cloud0_tkemenade 23599748486 19042 2496

1721158977.380783 62553981
cloud_controller_tkemenade 10602826763 22288 3833

1721158977.3813124 62553981
cloud0_tkemenade 23599748486 19158 2503

1721158978.3838294 62554120
cloud_controller_tkemenade 10602826763 22318 3838

1721158978.384355 62554120
cloud0_tkemenade 23599748486 19273 2506

1721158979.3868797 62554271
cloud_controller_tkemenade 10602826763 22350 3847

1721158979.3874404 62554271
cloud0_tkemenade 23599748486 19387 2514

1721158980.3898358 62554393
cloud_controller_tkemenade 10603704373 22376 3854

1721158980.3903894 62554394
cloud0_tkemenade 23602835254 19485 2520

1721158981.3928325 62554511
cloud_controller_tkemenade 10603704373 22398 3858

1721158981.3934133 62554511
cloud0_tkemenade 23602835254 19586 2525

1721158982.3959386 62554627
cloud_controller_tkemenade 10603704373 22419 3863

1721158982.3965154 62554627
cloud0_tkemenade 23602835254 19684 2533

1721158983.3990328 62554747
cloud_controller_tkemenade 10603704373 22440 3871

1721158983.3995953 62554747
cloud0_tkemenade 23602835254 19784 2533

1721158984.402097 62554842
cloud_controller_tkemenade 10603704373 22478 3877

1721158984.4027212 62554842
cloud0_tkemenade 23602835254 19844 2536

1721158985.405291 62554871
cloud_controller_tkemenade 10603704373 22496 3881

1721158985.4058487 62554871
cloud0_tkemenade 23602835254 19857 2537

1721158986.4084382 62554898
cloud_controller_tkemenade 10603704373 22518 3888

1721158986.4090059 62554898
cloud0_tkemenade 23602835254 19863 2538

1721158987.4116 62554923
cloud_controller_tkemenade 10603704373 22536 3896

1721158987.412147 62554923
cloud0_tkemenade 23602835254 19866 2539

1721158987.5126438 62554925
cloud_controller_tkemenade 10604346991 22537 3897

1721158987.5131025 62554925
cloud0_tkemenade 23604129987 19866 2539

1721158988.515611 62554958
cloud_controller_tkemenade 10604346991 22559 3903

1721158988.5161903 62554958
cloud0_tkemenade 23604129987 19876 2539

1721158989.5188215 62555000
cloud_controller_tkemenade 10604346991 22588 3909

1721158989.5194104 62555000
cloud0_tkemenade 23604129987 19883 2540

1721158990.5220659 62555051
cloud_controller_tkemenade 10604346991 22616 3919

1721158990.5226839 62555051
cloud0_tkemenade 23604129987 19897 2542

1721158991.5253205 62555076
cloud_controller_tkemenade 10604346991 22643 3928

1721158991.5259004 62555076
cloud0_tkemenade 23604129987 19899 2543

1721158992.5285435 62555101
cloud_controller_tkemenade 10604346991 22669 3933

1721158992.5290823 62555101
cloud0_tkemenade 23604129987 19901 2543

1721158993.5317762 62555128
cloud_controller_tkemenade 10604346991 22690 3938

1721158993.5323625 62555128
cloud0_tkemenade 23604129987 19904 2543

1721158994.5350533 62555188
cloud_controller_tkemenade 10605048880 22723 3944

1721158994.5355663 62555188
cloud0_tkemenade 23604333086 19928 2545

1721158995.5377293 62555224
cloud_controller_tkemenade 10605048880 22738 3949

1721158995.5382736 62555224
cloud0_tkemenade 23604333086 19950 2547

1721158996.540793 62555251
cloud_controller_tkemenade 10605048880 22759 3956

1721158996.541357 62555251
cloud0_tkemenade 23604333086 19955 2548

1721158997.5436566 62555278
cloud_controller_tkemenade 10605048880 22780 3962

1721158997.544231 62555278
cloud0_tkemenade 23604333086 19959 2549

1721158998.5468204 62555305
cloud_controller_tkemenade 10605048880 22802 3968

1721158998.5474045 62555305
cloud0_tkemenade 23604333086 19965 2550

1721158999.5499399 62555354
cloud_controller_tkemenade 10605048880 22834 3975

1721158999.5503342 62555354
cloud0_tkemenade 23604333086 19973 2551

1721159000.552576 62555393
cloud_controller_tkemenade 10605048880 22863 3982

1721159000.5531268 62555393
cloud0_tkemenade 23604333086 19985 2553

1721159001.5555236 62555415
cloud_controller_tkemenade 10605662964 22880 3988

1721159001.5560336 62555415
cloud0_tkemenade 23604540836 19988 2553

1721159002.5583568 62555441
cloud_controller_tkemenade 10605662964 22903 3996

1721159002.5589116 62555441
cloud0_tkemenade 23604540836 19991 2555

1721159003.56143 62555461
cloud_controller_tkemenade 10605662964 22924 4003

1721159003.5619984 62555461
cloud0_tkemenade 23604540836 19994 2556

1721159004.564557 62555501
cloud_controller_tkemenade 10605662964 22958 4009

1721159004.5651448 62555501
cloud0_tkemenade 23604540836 20000 2556

1721159005.5677154 62555533
cloud_controller_tkemenade 10605662964 22978 4015

1721159005.568279 62555533
cloud0_tkemenade 23604540836 20013 2557

1721159006.5708518 62555557
cloud_controller_tkemenade 10605662964 22997 4022

1721159006.571369 62555557
cloud0_tkemenade 23604540836 20018 2558

1721159007.5739315 62555587
cloud_controller_tkemenade 10605662964 23021 4025

1721159007.5745282 62555587
cloud0_tkemenade 23604540836 20021 2558

1721159008.5769176 62555612
cloud_controller_tkemenade 10605662964 23046 4032

1721159008.5774798 62555612
cloud0_tkemenade 23604540836 20023 2559

1721159008.7782037 62555626
cloud_controller_tkemenade 10606294620 23052 4034

1721159008.778754 62555626
cloud0_tkemenade 23604663092 20024 2559

1721159009.7812493 62555668
cloud_controller_tkemenade 10606294620 23080 4038

1721159009.781652 62555668
cloud0_tkemenade 23604663092 20031 2559

1721159010.7838738 62555717
cloud_controller_tkemenade 10606294620 23106 4047

1721159010.7844641 62555717
cloud0_tkemenade 23604663092 20042 2560

1721159011.7870162 62555741
cloud_controller_tkemenade 10606294620 23124 4053

1721159011.787529 62555741
cloud0_tkemenade 23604663092 20046 2562

1721159012.7900052 62555762
cloud_controller_tkemenade 10606294620 23145 4059

1721159012.7905543 62555762
cloud0_tkemenade 23604663092 20048 2564

1721159013.7930045 62555781
cloud_controller_tkemenade 10606294620 23165 4066

1721159013.793522 62555781
cloud0_tkemenade 23604663092 20050 2565

1721159014.7958245 62555815
cloud_controller_tkemenade 10606294620 23199 4074

1721159014.7964003 62555815
cloud0_tkemenade 23604663092 20056 2566

1721159015.7987375 62555855
cloud_controller_tkemenade 10606991371 23220 4078

1721159015.7993028 62555855
cloud0_tkemenade 23604863572 20076 2569

1721159016.8018694 62555869
cloud_controller_tkemenade 10606991371 23238 4082

1721159016.8024647 62555869
cloud0_tkemenade 23604863572 20077 2569

1721159017.8051045 62555898
cloud_controller_tkemenade 10606991371 23259 4087

1721159017.8056688 62555898
cloud0_tkemenade 23604863572 20084 2572

1721159018.80822 62555919
cloud_controller_tkemenade 10606991371 23281 4092

1721159018.8087957 62555919
cloud0_tkemenade 23604863572 20087 2574

1721159019.8113656 62555945
cloud_controller_tkemenade 10606991371 23307 4096

1721159019.8119497 62555945
cloud0_tkemenade 23604863572 20092 2575

1721159020.8146715 62556002
cloud_controller_tkemenade 10606991371 23334 4103

1721159020.815255 62556002
cloud0_tkemenade 23604863572 20104 2577

1721159021.8178146 62556027
cloud_controller_tkemenade 10606991371 23359 4109

1721159021.8184047 62556027
cloud0_tkemenade 23604863572 20108 2578

1721159022.8209288 62556053
cloud_controller_tkemenade 10606991371 23383 4113

1721159022.821465 62556053
cloud0_tkemenade 23604863572 20109 2579

1721159022.9219522 62556054
cloud_controller_tkemenade 10607581210 23385 4113

1721159022.92248 62556054
cloud0_tkemenade 23604993988 20109 2579

1721159023.925031 62556077
cloud_controller_tkemenade 10607581210 23406 4120

1721159023.9255857 62556077
cloud0_tkemenade 23604993988 20112 2580

1721159024.9282067 62556111
cloud_controller_tkemenade 10607581210 23434 4130

1721159024.928778 62556111
cloud0_tkemenade 23604993988 20118 2581

1721159025.9313147 62556142
cloud_controller_tkemenade 10607581210 23452 4138

1721159025.9318807 62556142
cloud0_tkemenade 23604993988 20134 2583

1721159026.9344223 62556163
cloud_controller_tkemenade 10607581210 23469 4145

1721159026.93499 62556163
cloud0_tkemenade 23604993988 20137 2583

1721159027.937554 62556181
cloud_controller_tkemenade 10607581210 23488 4149

1721159027.9380803 62556181
cloud0_tkemenade 23604993988 20139 2585

1721159028.9406557 62556200
cloud_controller_tkemenade 10607581210 23509 4156

1721159028.9412117 62556200
cloud0_tkemenade 23604993988 20143 2585

1721159029.8435452 62556243
cloud_controller_tkemenade 10608191976 23539 4163

1721159029.8440638 62556243
cloud0_tkemenade 23605134703 20150 2585

1721159030.8464146 62556285
cloud_controller_tkemenade 10608191976 23561 4171

1721159030.846955 62556285
cloud0_tkemenade 23605134703 20160 2586

1721159031.8494215 62556305
cloud_controller_tkemenade 10608191976 23579 4179

1721159031.8499868 62556305
cloud0_tkemenade 23605134703 20164 2588

1721159032.8523753 62556325
cloud_controller_tkemenade 10608191976 23600 4185

1721159032.8529446 62556325
cloud0_tkemenade 23605134703 20167 2588

1721159033.855327 62556352
cloud_controller_tkemenade 10608191976 23626 4191

1721159033.8559008 62556352
cloud0_tkemenade 23605134703 20170 2589

1721159034.8584254 62556386
cloud_controller_tkemenade 10608191976 23660 4198

1721159034.8589575 62556386
cloud0_tkemenade 23605134703 20177 2589

1721159035.861439 62556422
cloud_controller_tkemenade 10608191976 23680 4205

1721159035.8619776 62556422
cloud0_tkemenade 23605134703 20195 2591

1721159036.8644032 62556453
cloud_controller_tkemenade 10608831577 23700 4213

1721159036.864912 62556453
cloud0_tkemenade 23605296855 20197 2592

1721159037.8674688 62556477
cloud_controller_tkemenade 10608831577 23718 4219

1721159037.86795 62556477
cloud0_tkemenade 23605296855 20200 2594

1721159038.8704207 62556513
cloud_controller_tkemenade 10608831577 23755 4225

1721159038.8710015 62556513
cloud0_tkemenade 23605296855 20201 2595

1721159039.873469 62556540
cloud_controller_tkemenade 10608831577 23778 4231

1721159039.8738828 62556540
cloud0_tkemenade 23605296855 20207 2598

1721159040.8760338 62556602
cloud_controller_tkemenade 10608831577 23810 4237

1721159040.876605 62556602
cloud0_tkemenade 23605296855 20219 2599

1721159041.8789508 62556631
cloud_controller_tkemenade 10608831577 23833 4241

1721159041.8794873 62556631
cloud0_tkemenade 23605296855 20227 2600

1721159042.8821247 62556665
cloud_controller_tkemenade 10608831577 23867 4250

1721159042.8827214 62556665
cloud0_tkemenade 23605296855 20229 2601

1721159043.8850305 62556689
cloud_controller_tkemenade 10608831577 23889 4255

1721159043.8855689 62556689
cloud0_tkemenade 23605296855 20231 2602

1721159043.9860551 62556695
cloud_controller_tkemenade 10609520454 23892 4256

1721159043.98658 62556695
cloud0_tkemenade 23605426943 20231 2602

1721159044.989125 62556729
cloud_controller_tkemenade 10609520454 23922 4263

1721159044.9897075 62556729
cloud0_tkemenade 23605426943 20237 2602

1721159045.9922624 62556760
cloud_controller_tkemenade 10609520454 23943 4270

1721159045.9929338 62556760
cloud0_tkemenade 23605426943 20252 2606

1721159046.995494 62556781
cloud_controller_tkemenade 10609520454 23963 4276

1721159046.996068 62556781
cloud0_tkemenade 23605426943 20255 2606

1721159047.9986746 62556805
cloud_controller_tkemenade 10609520454 23982 4281

1721159047.9992335 62556805
cloud0_tkemenade 23605426943 20257 2606

1721159049.0017674 62556832
cloud_controller_tkemenade 10609520454 24006 4287

1721159049.002327 62556833
cloud0_tkemenade 23605426943 20260 2607

1721159050.0048876 62556866
cloud_controller_tkemenade 10609520454 24032 4293

1721159050.00546 62556866
cloud0_tkemenade 23605426943 20267 2608

1721159051.0079494 62556920
cloud_controller_tkemenade 10609520454 24065 4302

1721159051.0085025 62556920
cloud0_tkemenade 23605426943 20278 2610

1721159051.1090007 62556925
cloud_controller_tkemenade 10610177784 24070 4302

1721159051.1095176 62556925
cloud0_tkemenade 23605589795 20279 2610

1721159052.1120937 62556949
cloud_controller_tkemenade 10610177784 24094 4311

1721159052.1126623 62556949
cloud0_tkemenade 23605589795 20281 2612

1721159053.1151252 62556975
cloud_controller_tkemenade 10610177784 24114 4318

1721159053.1156874 62556975
cloud0_tkemenade 23605589795 20283 2613

1721159054.1181438 62557002
cloud_controller_tkemenade 10610177784 24139 4324

1721159054.1187322 62557002
cloud0_tkemenade 23605589795 20286 2614

1721159055.121294 62557047
cloud_controller_tkemenade 10610177784 24169 4326

1721159055.1218662 62557047
cloud0_tkemenade 23605589795 20298 2615

1721159056.1244304 62557081
cloud_controller_tkemenade 10610177784 24193 4333

1721159056.1249807 62557081
cloud0_tkemenade 23605589795 20315 2617

1721159057.127526 62557102
cloud_controller_tkemenade 10610177784 24213 4341

1721159057.1280801 62557102
cloud0_tkemenade 23605589795 20317 2619

1721159058.0303648 62557137
cloud_controller_tkemenade 10610796229 24230 4346

1721159058.0308955 62557137
cloud0_tkemenade 23605742165 20320 2619

1721159059.033472 62557163
cloud_controller_tkemenade 10610796229 24256 4352

1721159059.034026 62557163
cloud0_tkemenade 23605742165 20324 2621

1721159060.036561 62557191
cloud_controller_tkemenade 10610796229 24279 4356

1721159060.037122 62557191
cloud0_tkemenade 23605742165 20331 2622

1721159061.0398128 62557249
cloud_controller_tkemenade 10610796229 24311 4364

1721159061.040312 62557249
cloud0_tkemenade 23605742165 20345 2624

1721159062.0426476 62557269
cloud_controller_tkemenade 10610796229 24332 4372

1721159062.0432038 62557269
cloud0_tkemenade 23605742165 20349 2626

1721159063.045598 62557293
cloud_controller_tkemenade 10610796229 24356 4377

1721159063.0461407 62557293
cloud0_tkemenade 23605742165 20354 2627

1721159064.0487158 62557314
cloud_controller_tkemenade 10610796229 24377 4384

1721159064.0492384 62557314
cloud0_tkemenade 23605742165 20356 2628

1721159065.0517447 62557344
cloud_controller_tkemenade 10610796229 24403 4390

1721159065.0522723 62557344
cloud0_tkemenade 23605742165 20362 2628

1721159065.1527014 62557359
cloud_controller_tkemenade 10611483128 24409 4392

1721159065.1531582 62557359
cloud0_tkemenade 23605901400 20362 2628

1721159066.1552114 62557399
cloud_controller_tkemenade 10611483128 24433 4397

1721159066.1557524 62557399
cloud0_tkemenade 23605901400 20377 2631

1721159067.1581705 62557430
cloud_controller_tkemenade 10611483128 24452 4403

1721159067.1587608 62557430
cloud0_tkemenade 23605901400 20381 2632

1721159068.1612673 62557459
cloud_controller_tkemenade 10611483128 24472 4409

1721159068.1618416 62557459
cloud0_tkemenade 23605901400 20386 2632

1721159069.164374 62557486
cloud_controller_tkemenade 10611483128 24499 4414

1721159069.1649356 62557486
cloud0_tkemenade 23605901400 20389 2633

1721159070.1675038 62557515
cloud_controller_tkemenade 10611483128 24521 4418

1721159070.1680574 62557515
cloud0_tkemenade 23605901400 20395 2634

1721159071.1708121 62557559
cloud_controller_tkemenade 10611483128 24550 4423

1721159071.1713421 62557559
cloud0_tkemenade 23605901400 20409 2636

1721159072.1735 62557595
cloud_controller_tkemenade 10611483128 24570 4432

1721159072.1740487 62557595
cloud0_tkemenade 23605901400 20411 2638

1721159072.2744374 62557600
cloud_controller_tkemenade 10612103813 24571 4433

1721159072.2749524 62557600
cloud0_tkemenade 23606076617 20412 2638

1721159073.2775075 62557615
cloud_controller_tkemenade 10612103813 24589 4438

1721159073.2780743 62557615
cloud0_tkemenade 23606076617 20414 2639

1721159074.2806675 62557647
cloud_controller_tkemenade 10612103813 24618 4446

1721159074.2812498 62557647
cloud0_tkemenade 23606076617 20416 2640

1721159075.2838314 62557682
cloud_controller_tkemenade 10612103813 24648 4451

1721159075.2844124 62557682
cloud0_tkemenade 23606076617 20424 2641

1721159076.286967 62557715
cloud_controller_tkemenade 10612103813 24666 4459

1721159076.2875502 62557715
cloud0_tkemenade 23606076617 20437 2645

1721159077.2900872 62557731
cloud_controller_tkemenade 10612103813 24685 4465

1721159077.2906268 62557731
cloud0_tkemenade 23606076617 20439 2647

1721159078.2929702 62557754
cloud_controller_tkemenade 10612103813 24707 4471

1721159078.2935436 62557754
cloud0_tkemenade 23606076617 20441 2649

1721159079.29588 62557787
cloud_controller_tkemenade 10612708486 24731 4478

1721159079.2963994 62557787
cloud0_tkemenade 23606207679 20445 2649

1721159080.298907 62557828
cloud_controller_tkemenade 10612708486 24761 4484

1721159080.2994845 62557828
cloud0_tkemenade 23606207679 20451 2651

1721159081.3020418 62557867
cloud_controller_tkemenade 10612708486 24789 4491

1721159081.302641 62557867
cloud0_tkemenade 23606207679 20464 2651

1721159082.3051412 62557918
cloud_controller_tkemenade 10612708486 24817 4497

1721159082.3057234 62557918
cloud0_tkemenade 23606207679 20468 2652

1721159083.3079605 62557941
cloud_controller_tkemenade 10612708486 24838 4502

1721159083.3085196 62557941
cloud0_tkemenade 23606207679 20471 2653

1721159084.3108857 62557970
cloud_controller_tkemenade 10612708486 24866 4509

1721159084.3114212 62557970
cloud0_tkemenade 23606207679 20473 2655

1721159085.3138304 62558005
cloud_controller_tkemenade 10612708486 24891 4514

1721159085.3144014 62558005
cloud0_tkemenade 23606207679 20484 2656

1721159086.3169568 62558044
cloud_controller_tkemenade 10613395688 24915 4523

1721159086.3174691 62558044
cloud0_tkemenade 23606404022 20499 2660

1721159087.3199277 62558064
cloud_controller_tkemenade 10613395688 24933 4529

1721159087.3203518 62558064
cloud0_tkemenade 23606404022 20503 2660

1721159088.3228621 62558081
cloud_controller_tkemenade 10613395688 24949 4534

1721159088.3232968 62558081
cloud0_tkemenade 23606404022 20506 2660

1721159089.3257947 62558111
cloud_controller_tkemenade 10613395688 24979 4541

1721159089.3261993 62558111
cloud0_tkemenade 23606404022 20510 2661

1721159090.3287182 62558145
cloud_controller_tkemenade 10613395688 25003 4550

1721159090.3292353 62558145
cloud0_tkemenade 23606404022 20516 2661

1721159091.331735 62558189
cloud_controller_tkemenade 10613395688 25036 4558

1721159091.3322403 62558189
cloud0_tkemenade 23606404022 20528 2664

1721159092.3347948 62558226
cloud_controller_tkemenade 10613395688 25059 4562

1721159092.335368 62558226
cloud0_tkemenade 23606404022 20531 2665

1721159093.3378582 62558253
cloud_controller_tkemenade 10613395688 25080 4571

1721159093.33844 62558253
cloud0_tkemenade 23606404022 20535 2666

1721159093.4389315 62558256
cloud_controller_tkemenade 10614034051 25082 4572

1721159093.4394362 62558256
cloud0_tkemenade 23606528725 20535 2666

1721159094.4419277 62558285
cloud_controller_tkemenade 10614034051 25113 4588

1721159094.4425251 62558285
cloud0_tkemenade 23606528725 20538 2667

1721159095.445044 62558319
cloud_controller_tkemenade 10614034051 25143 4596

1721159095.445619 62558319
cloud0_tkemenade 23606528725 20545 2669

1721159096.4481578 62558360
cloud_controller_tkemenade 10614034051 25171 4612

1721159096.4487152 62558360
cloud0_tkemenade 23606528725 20561 2671

1721159097.4512231 62558382
cloud_controller_tkemenade 10614034051 25194 4615

1721159097.4517725 62558382
cloud0_tkemenade 23606528725 20564 2671

1721159098.4544187 62558421
cloud_controller_tkemenade 10614034051 25233 4629

1721159098.4549844 62558421
cloud0_tkemenade 23606528725 20566 2673

1721159099.4575176 62558452
cloud_controller_tkemenade 10614034051 25261 4641

1721159099.4580839 62558452
cloud0_tkemenade 23606528725 20569 2674

1721159100.4606175 62558487
cloud_controller_tkemenade 10614034051 25285 4651

1721159100.4611802 62558487
cloud0_tkemenade 23606528725 20575 2675

1721159100.5616791 62558503
cloud_controller_tkemenade 10614903410 25296 4653

1721159100.5621996 62558503
cloud0_tkemenade 23606675616 20575 2675

1721159101.5647376 62558532
cloud_controller_tkemenade 10614903410 25318 4661

1721159101.565291 62558532
cloud0_tkemenade 23606675616 20586 2677

1721159102.5677402 62558561
cloud_controller_tkemenade 10614903410 25342 4672

1721159102.5683048 62558561
cloud0_tkemenade 23606675616 20589 2678

1721159103.5708318 62558586
cloud_controller_tkemenade 10614903410 25367 4681

1721159103.571385 62558586
cloud0_tkemenade 23606675616 20593 2678

1721159104.5738814 62558615
cloud_controller_tkemenade 10614903410 25398 4689

1721159104.5744667 62558615
cloud0_tkemenade 23606675616 20596 2679

1721159105.576954 62558648
cloud_controller_tkemenade 10614903410 25426 4699

1721159105.5775146 62558648
cloud0_tkemenade 23606675616 20604 2679

1721159106.5800161 62558683
cloud_controller_tkemenade 10614903410 25451 4706

1721159106.580547 62558683
cloud0_tkemenade 23606675616 20618 2681

1721159107.5830529 62558706
cloud_controller_tkemenade 10614903410 25470 4713

1721159107.5835948 62558706
cloud0_tkemenade 23606675616 20621 2682

1721159107.884518 62558713
cloud_controller_tkemenade 10615611685 25474 4715

1721159107.8850076 62558713
cloud0_tkemenade 23606833010 20622 2682

1721159108.887527 62558741
cloud_controller_tkemenade 10615611685 25500 4722

1721159108.8880928 62558741
cloud0_tkemenade 23606833010 20624 2682

1721159109.8906076 62558773
cloud_controller_tkemenade 10615611685 25524 4730

1721159109.8911672 62558773
cloud0_tkemenade 23606833010 20634 2683

1721159110.8937516 62558822
cloud_controller_tkemenade 10615611685 25562 4741

1721159110.8943741 62558822
cloud0_tkemenade 23606833010 20642 2684

1721159111.8969114 62558849
cloud_controller_tkemenade 10615611685 25587 4750

1721159111.897463 62558849
cloud0_tkemenade 23606833010 20651 2686

1721159112.9000204 62558905
cloud_controller_tkemenade 10615611685 25613 4755

1721159112.9005904 62558905
cloud0_tkemenade 23606833010 20654 2686

1721159113.9030623 62558923
cloud_controller_tkemenade 10615611685 25629 4761

1721159113.9036052 62558923
cloud0_tkemenade 23606833010 20657 2687

1721159114.906035 62558958
cloud_controller_tkemenade 10616333455 25656 4770

1721159114.9065578 62558959
cloud0_tkemenade 23606975544 20664 2688

1721159115.90883 62559003
cloud_controller_tkemenade 10616333455 25685 4777

1721159115.9094062 62559003
cloud0_tkemenade 23606975544 20682 2690

1721159116.911926 62559029
cloud_controller_tkemenade 10616333455 25704 4781

1721159116.9124472 62559029
cloud0_tkemenade 23606975544 20694 2692

1721159117.9149597 62559050
cloud_controller_tkemenade 10616333455 25726 4788

1721159117.915516 62559050
cloud0_tkemenade 23606975544 20697 2693

1721159118.9180357 62559078
cloud_controller_tkemenade 10616333455 25750 4792

1721159118.918637 62559078
cloud0_tkemenade 23606975544 20702 2695

1721159119.9211674 62559109
cloud_controller_tkemenade 10616333455 25776 4799

1721159119.9216757 62559109
cloud0_tkemenade 23606975544 20707 2697

1721159120.924204 62559148
cloud_controller_tkemenade 10616333455 25809 4808

1721159120.9247582 62559148
cloud0_tkemenade 23606975544 20712 2699

1721159121.9271827 62559174
cloud_controller_tkemenade 10616333455 25829 4815

1721159121.9277432 62559174
cloud0_tkemenade 23606975544 20723 2701

1721159122.028225 62559190
cloud_controller_tkemenade 10616986283 25833 4815

1721159122.028708 62559190
cloud0_tkemenade 23607189250 20724 2701

1721159123.031236 62559220
cloud_controller_tkemenade 10616986283 25851 4822

1721159123.0318007 62559220
cloud0_tkemenade 23607189250 20727 2701

1721159124.0342524 62559237
cloud_controller_tkemenade 10616986283 25869 4827

1721159124.034754 62559237
cloud0_tkemenade 23607189250 20731 2704

1721159125.0371616 62559270
cloud_controller_tkemenade 10616986283 25899 4833

1721159125.0376782 62559270
cloud0_tkemenade 23607189250 20740 2705

1721159126.0401132 62559308
cloud_controller_tkemenade 10616986283 25929 4841

1721159126.0406127 62559308
cloud0_tkemenade 23607189250 20752 2705

1721159127.0430524 62559335
cloud_controller_tkemenade 10616986283 25947 4844

1721159127.0435805 62559335
cloud0_tkemenade 23607189250 20762 2706

1721159128.0460823 62559361
cloud_controller_tkemenade 10616986283 25966 4850

1721159128.0466268 62559361
cloud0_tkemenade 23607189250 20763 2707

1721159129.0491369 62559393
cloud_controller_tkemenade 10617660814 25990 4854

1721159129.0496542 62559393
cloud0_tkemenade 23607359621 20766 2709

1721159130.0521634 62559421
cloud_controller_tkemenade 10617660814 26015 4859

1721159130.0526845 62559421
cloud0_tkemenade 23607359621 20773 2709

1721159131.0552042 62559465
cloud_controller_tkemenade 10617660814 26054 4872

1721159131.055764 62559465
cloud0_tkemenade 23607359621 20780 2710

1721159132.0582855 62559497
cloud_controller_tkemenade 10617660814 26077 4879

1721159132.0588279 62559497
cloud0_tkemenade 23607359621 20787 2710

1721159133.061471 62559540
cloud_controller_tkemenade 10617660814 26111 4886

1721159133.0620391 62559540
cloud0_tkemenade 23607359621 20791 2712

1721159134.0645819 62559567
cloud_controller_tkemenade 10617660814 26126 4897

1721159134.0650942 62559567
cloud0_tkemenade 23607359621 20794 2713

1721159135.067377 62559613
cloud_controller_tkemenade 10617660814 26152 4912

1721159135.0678968 62559613
cloud0_tkemenade 23607359621 20802 2713

1721159136.0704565 62559673
cloud_controller_tkemenade 10617660814 26186 4922

1721159136.0709763 62559673
cloud0_tkemenade 23607359621 20811 2716

1721159136.171412 62559681
cloud_controller_tkemenade 10618470377 26189 4923

1721159136.1719124 62559681
cloud0_tkemenade 23607523923 20812 2716

1721159137.1742516 62559722
cloud_controller_tkemenade 10618470377 26211 4932

1721159137.1747851 62559722
cloud0_tkemenade 23607523923 20821 2716

1721159138.1772692 62559765
cloud_controller_tkemenade 10618470377 26239 4937

1721159138.177797 62559765
cloud0_tkemenade 23607523923 20824 2717

1721159139.1803176 62559801
cloud_controller_tkemenade 10618470377 26267 4946

1721159139.1808577 62559801
cloud0_tkemenade 23607523923 20827 2718

1721159140.1834056 62559849
cloud_controller_tkemenade 10618470377 26293 4953

1721159140.183963 62559849
cloud0_tkemenade 23607523923 20833 2718

1721159141.1863706 62559915
cloud_controller_tkemenade 10618470377 26333 4959

1721159141.1869023 62559915
cloud0_tkemenade 23607523923 20841 2720

1721159142.1891131 62559952
cloud_controller_tkemenade 10618470377 26355 4965

1721159142.189659 62559952
cloud0_tkemenade 23607523923 20849 2721

1721159143.1916783 62559998
cloud_controller_tkemenade 10618470377 26375 4973

1721159143.1920183 62559998
cloud0_tkemenade 23607523923 20852 2722

1721159143.2922933 62560003
cloud_controller_tkemenade 10619172052 26377 4974

1721159143.2927866 62560003
cloud0_tkemenade 23607660113 20852 2722

1721159144.295203 62560031
cloud_controller_tkemenade 10619172052 26385 4997

1721159144.295555 62560031
cloud0_tkemenade 23607660113 20855 2723

1721159145.2980042 62560065
cloud_controller_tkemenade 10619172052 26389 5024

1721159145.2985935 62560065
cloud0_tkemenade 23607660113 20862 2723

1721159146.3011181 62560114
cloud_controller_tkemenade 10619172052 26393 5061

1721159146.3016627 62560114
cloud0_tkemenade 23607660113 20874 2726

1721159147.3041906 62560143
cloud_controller_tkemenade 10619172052 26398 5077

1721159147.3047476 62560143
cloud0_tkemenade 23607660113 20881 2727

1721159148.3072932 62560188
cloud_controller_tkemenade 10619172052 26415 5088

1721159148.307822 62560188
cloud0_tkemenade 23607660113 20884 2727

1721159149.3103411 62560244
cloud_controller_tkemenade 10619172052 26440 5092

1721159149.31097 62560244
cloud0_tkemenade 23607660113 20889 2728

1721159150.3135288 62560311
cloud_controller_tkemenade 10619840351 26472 5101

1721159150.3140745 62560311
cloud0_tkemenade 23607812270 20896 2730

1721159151.31658 62560389
cloud_controller_tkemenade 10619840351 26507 5105

1721159151.3171587 62560389
cloud0_tkemenade 23607812270 20906 2732

1721159152.3195632 62560437
cloud_controller_tkemenade 10619840351 26521 5116

1721159152.3201346 62560437
cloud0_tkemenade 23607812270 20916 2734

1721159153.3226633 62560495
cloud_controller_tkemenade 10619840351 26538 5124

1721159153.3232365 62560495
cloud0_tkemenade 23607812270 20920 2735

1721159154.3256776 62560549
cloud_controller_tkemenade 10619840351 26569 5126

1721159154.3262413 62560549
cloud0_tkemenade 23607812270 20923 2735

1721159155.3287427 62560609
cloud_controller_tkemenade 10619840351 26595 5128

1721159155.3292913 62560609
cloud0_tkemenade 23607812270 20931 2738

1721159156.3318424 62560684
cloud_controller_tkemenade 10619840351 26631 5132

1721159156.3324106 62560684
cloud0_tkemenade 23607812270 20941 2739

1721159157.334944 62560755
cloud_controller_tkemenade 10620506207 26666 5134

1721159157.335505 62560755
cloud0_tkemenade 23608000000 20950 2739

1721159158.3380432 62560818
cloud_controller_tkemenade 10620506207 26697 5139

1721159158.3386319 62560819
cloud0_tkemenade 23608000000 20953 2739

1721159159.3411746 62560873
cloud_controller_tkemenade 10620506207 26722 5145

1721159159.3417122 62560873
cloud0_tkemenade 23608000000 20958 2740

1721159160.344195 62560927
cloud_controller_tkemenade 10620506207 26754 5151

1721159160.3447745 62560927
cloud0_tkemenade 23608000000 20964 2740

1721159161.3473678 62560988
cloud_controller_tkemenade 10620506207 26794 5157

1721159161.347945 62560988
cloud0_tkemenade 23608000000 20972 2741

1721159162.3505948 62561047
cloud_controller_tkemenade 10620506207 26836 5161

1721159162.3511593 62561047
cloud0_tkemenade 23608000000 20979 2742

1721159163.3536823 62561079
cloud_controller_tkemenade 10620506207 26859 5169

1721159163.354248 62561079
cloud0_tkemenade 23608000000 20983 2743

1721159164.3567746 62561124
cloud_controller_tkemenade 10620506207 26883 5181

1721159164.3573575 62561124
cloud0_tkemenade 23608000000 20985 2744

1721159164.4578378 62561136
cloud_controller_tkemenade 10621300002 26888 5183

1721159164.4583457 62561137
cloud0_tkemenade 23608119367 20986 2744

1721159165.4608393 62561171
cloud_controller_tkemenade 10621300002 26906 5192

1721159165.4613726 62561171
cloud0_tkemenade 23608119367 20995 2745

1721159166.4641397 62561223
cloud_controller_tkemenade 10621300002 26944 5207

1721159166.4647317 62561223
cloud0_tkemenade 23608119367 21006 2745

1721159167.4672859 62561261
cloud_controller_tkemenade 10621300002 26967 5216

1721159167.4678612 62561261
cloud0_tkemenade 23608119367 21015 2746

1721159168.470435 62561291
cloud_controller_tkemenade 10621300002 26985 5222

1721159168.4710073 62561291
cloud0_tkemenade 23608119367 21020 2747

1721159169.47356 62561317
cloud_controller_tkemenade 10621300002 27007 5230

1721159169.4741228 62561317
cloud0_tkemenade 23608119367 21021 2748

1721159170.4766886 62561353
cloud_controller_tkemenade 10621300002 27028 5239

1721159170.4772673 62561353
cloud0_tkemenade 23608119367 21028 2749

1721159171.4798868 62561417
cloud_controller_tkemenade 10622090771 27073 5258

1721159171.4804513 62561417
cloud0_tkemenade 23608287743 21035 2751

1721159172.4830673 62561449
cloud_controller_tkemenade 10622090771 27096 5271

1721159172.4836514 62561449
cloud0_tkemenade 23608287743 21042 2751

1721159173.486249 62561477
cloud_controller_tkemenade 10622090771 27115 5283

1721159173.4868593 62561477
cloud0_tkemenade 23608287743 21045 2753

1721159174.4894726 62561522
cloud_controller_tkemenade 10622090771 27145 5294

1721159174.4900436 62561522
cloud0_tkemenade 23608287743 21048 2753

1721159175.4926858 62561559
cloud_controller_tkemenade 10622090771 27162 5303

1721159175.4932492 62561559
cloud0_tkemenade 23608287743 21064 2755

1721159176.4958224 62561607
cloud_controller_tkemenade 10622090771 27201 5312

1721159176.4963996 62561607
cloud0_tkemenade 23608287743 21072 2757

1721159177.498895 62561633
cloud_controller_tkemenade 10622090771 27221 5319

1721159177.4994628 62561633
cloud0_tkemenade 23608287743 21082 2758

1721159178.5018792 62561657
cloud_controller_tkemenade 10622090771 27239 5324

1721159178.502388 62561660
cloud0_tkemenade 23608287743 21086 2759

1721159178.602804 62561664
cloud_controller_tkemenade 10622792277 27240 5324

1721159178.6032226 62561664
cloud0_tkemenade 23608466851 21086 2759

1721159179.6057036 62561692
cloud_controller_tkemenade 10622792277 27265 5333

1721159179.6062584 62561692
cloud0_tkemenade 23608466851 21090 2761

1721159180.6087303 62561722
cloud_controller_tkemenade 10622792277 27289 5338

1721159180.6092792 62561722
cloud0_tkemenade 23608466851 21096 2762

1721159181.6118276 62561767
cloud_controller_tkemenade 10622792277 27325 5346

1721159181.612402 62561767
cloud0_tkemenade 23608466851 21105 2763

1721159182.6149118 62561796
cloud_controller_tkemenade 10622792277 27348 5352

1721159182.615468 62561796
cloud0_tkemenade 23608466851 21112 2765

1721159183.6180046 62561817
cloud_controller_tkemenade 10622792277 27368 5358

1721159183.6185632 62561817
cloud0_tkemenade 23608466851 21116 2766

1721159184.6210124 62561861
cloud_controller_tkemenade 10622792277 27394 5362

1721159184.6215615 62561861
cloud0_tkemenade 23608466851 21118 2767

1721159185.624075 62561899
cloud_controller_tkemenade 10622792277 27423 5369

1721159185.6246371 62561899
cloud0_tkemenade 23608466851 21127 2768

1721159185.8253567 62561909
cloud_controller_tkemenade 10623469646 27425 5371

1721159185.8258648 62561909
cloud0_tkemenade 23608612209 21127 2768

1721159186.8284025 62561966
cloud_controller_tkemenade 10623469646 27456 5377

1721159186.8289752 62561966
cloud0_tkemenade 23608612209 21141 2771

1721159187.8314116 62561992
cloud_controller_tkemenade 10623469646 27476 5384

1721159187.8319373 62561992
cloud0_tkemenade 23608612209 21144 2772

1721159188.8344824 62562013
cloud_controller_tkemenade 10623469646 27493 5391

1721159188.8350358 62562013
cloud0_tkemenade 23608612209 21147 2773

1721159189.8375814 62562036
cloud_controller_tkemenade 10623469646 27513 5398

1721159189.8381152 62562036
cloud0_tkemenade 23608612209 21149 2774

1721159190.8405857 62562063
cloud_controller_tkemenade 10623469646 27533 5409

1721159190.8410957 62562063
cloud0_tkemenade 23608612209 21156 2775

1721159191.843447 62562107
cloud_controller_tkemenade 10623469646 27565 5418

1721159191.843934 62562107
cloud0_tkemenade 23608612209 21169 2777

1721159192.8464925 62562130
cloud_controller_tkemenade 10624161004 27583 5425

1721159192.8469968 62562130
cloud0_tkemenade 23608789144 21172 2777

1721159193.8495326 62562151
cloud_controller_tkemenade 10624161004 27605 5431

1721159193.8500364 62562151
cloud0_tkemenade 23608789144 21176 2778

1721159194.8525167 62562192
cloud_controller_tkemenade 10624161004 27632 5440

1721159194.8530867 62562192
cloud0_tkemenade 23608789144 21179 2778

1721159195.8556123 62562223
cloud_controller_tkemenade 10624161004 27656 5447

1721159195.8561254 62562223
cloud0_tkemenade 23608789144 21187 2779

1721159196.8586214 62562269
cloud_controller_tkemenade 10624161004 27687 5458

1721159196.859196 62562269
cloud0_tkemenade 23608789144 21203 2782

1721159197.8617284 62562292
cloud_controller_tkemenade 10624161004 27708 5462

1721159197.8622432 62562292
cloud0_tkemenade 23608789144 21206 2782

1721159198.864773 62562315
cloud_controller_tkemenade 10624161004 27731 5467

1721159198.8653162 62562315
cloud0_tkemenade 23608789144 21209 2783

1721159199.8678331 62562340
cloud_controller_tkemenade 10624161004 27753 5472

1721159199.8683486 62562340
cloud0_tkemenade 23608789144 21212 2784

1721159199.968838 62562346
cloud_controller_tkemenade 10624811832 27754 5472

1721159199.9693618 62562346
cloud0_tkemenade 23608929460 21214 2785

1721159200.971751 62562370
cloud_controller_tkemenade 10624811832 27775 5477

1721159200.9721732 62562370
cloud0_tkemenade 23608929460 21218 2786

1721159201.9747603 62562421
cloud_controller_tkemenade 10624811832 27817 5483

1721159201.9751728 62562421
cloud0_tkemenade 23608929460 21231 2789

1721159202.977647 62562447
cloud_controller_tkemenade 10624811832 27836 5488

1721159202.978194 62562447
cloud0_tkemenade 23608929460 21234 2789

1721159203.9806952 62562474
cloud_controller_tkemenade 10624811832 27861 5494

1721159203.9810963 62562474
cloud0_tkemenade 23608929460 21235 2792

1721159204.9836762 62562521
cloud_controller_tkemenade 10624811832 27890 5499

1721159204.984232 62562521
cloud0_tkemenade 23608929460 21239 2793

1721159205.9868379 62562553
cloud_controller_tkemenade 10624811832 27911 5509

1721159205.9873629 62562553
cloud0_tkemenade 23608929460 21246 2794

1721159206.9899158 62562603
cloud_controller_tkemenade 10625513916 27940 5519

1721159206.9904869 62562603
cloud0_tkemenade 23609111033 21261 2796

1721159207.993028 62562624
cloud_controller_tkemenade 10625513916 27959 5527

1721159207.993541 62562624
cloud0_tkemenade 23609111033 21264 2797

1721159208.996039 62562653
cloud_controller_tkemenade 10625513916 27979 5539

1721159208.9965632 62562653
cloud0_tkemenade 23609111033 21270 2799

1721159209.9991534 62562683
cloud_controller_tkemenade 10625513916 28005 5550

1721159209.9996712 62562683
cloud0_tkemenade 23609111033 21274 2799

1721159211.0022602 62562706
cloud_controller_tkemenade 10625513916 28025 5557

1721159211.0028539 62562706
cloud0_tkemenade 23609111033 21280 2799

1721159212.0055263 62562762
cloud_controller_tkemenade 10625513916 28065 5575

1721159212.0061147 62562762
cloud0_tkemenade 23609111033 21294 2801

1721159213.0086732 62562785
cloud_controller_tkemenade 10625513916 28089 5580

1721159213.0092373 62562785
cloud0_tkemenade 23609111033 21296 2801

1721159214.0117378 62562823
cloud_controller_tkemenade 10626232814 28114 5590

1721159214.012326 62562823
cloud0_tkemenade 23609246390 21300 2802

1721159215.0149748 62562870
cloud_controller_tkemenade 10626232814 28146 5600

1721159215.0155394 62562870
cloud0_tkemenade 23609246390 21303 2803

1721159216.0181785 62562899
cloud_controller_tkemenade 10626232814 28170 5611

1721159216.0187201 62562899
cloud0_tkemenade 23609246390 21309 2805

1721159217.0214186 62562950
cloud_controller_tkemenade 10626232814 28205 5625

1721159217.0220017 62562950
cloud0_tkemenade 23609246390 21326 2806

1721159218.024523 62562979
cloud_controller_tkemenade 10626232814 28229 5638

1721159218.0251226 62562979
cloud0_tkemenade 23609246390 21328 2806

1721159219.0276186 62563003
cloud_controller_tkemenade 10626232814 28257 5647

1721159219.0281363 62563003
cloud0_tkemenade 23609246390 21331 2807

1721159220.0306618 62563027
cloud_controller_tkemenade 10626232814 28280 5654

1721159220.0311966 62563027
cloud0_tkemenade 23609246390 21335 2807

1721159221.033637 62563058
cloud_controller_tkemenade 10627022141 28302 5660

1721159221.034186 62563058
cloud0_tkemenade 23609383924 21341 2807

1721159222.0364156 62563108
cloud_controller_tkemenade 10627022141 28338 5667

1721159222.0369825 62563108
cloud0_tkemenade 23609383924 21351 2811

1721159223.0394812 62563127
cloud_controller_tkemenade 10627022141 28358 5674

1721159223.0400531 62563127
cloud0_tkemenade 23609383924 21356 2811

1721159224.0425448 62563147
cloud_controller_tkemenade 10627022141 28376 5679

1721159224.043035 62563147
cloud0_tkemenade 23609383924 21359 2812

1721159225.0454845 62563191
cloud_controller_tkemenade 10627022141 28404 5688

1721159225.0460093 62563191
cloud0_tkemenade 23609383924 21362 2814

1721159226.0485148 62563217
cloud_controller_tkemenade 10627022141 28425 5695

1721159226.049018 62563217
cloud0_tkemenade 23609383924 21364 2820

1721159227.0515385 62563277
cloud_controller_tkemenade 10627022141 28456 5703

1721159227.0520945 62563277
cloud0_tkemenade 23609383924 21375 2829

1721159228.0546074 62563303
cloud_controller_tkemenade 10627729502 28474 5713

1721159228.0551105 62563303
cloud0_tkemenade 23609574245 21375 2832

1721159229.0575645 62563334
cloud_controller_tkemenade 10627729502 28494 5717

1721159229.0580926 62563334
cloud0_tkemenade 23609574245 21376 2835

1721159230.0605567 62563372
cloud_controller_tkemenade 10627729502 28516 5725

1721159230.061121 62563372
cloud0_tkemenade 23609574245 21379 2835

1721159231.0636036 62563424
cloud_controller_tkemenade 10627729502 28544 5733

1721159231.064181 62563424
cloud0_tkemenade 23609574245 21387 2837

1721159232.0667005 62563487
cloud_controller_tkemenade 10627729502 28585 5744

1721159232.0672762 62563487
cloud0_tkemenade 23609574245 21400 2838

1721159233.06975 62563517
cloud_controller_tkemenade 10627729502 28606 5749

1721159233.0702717 62563517
cloud0_tkemenade 23609574245 21401 2841

1721159234.0727813 62563534
cloud_controller_tkemenade 10627729502 28624 5756

1721159234.0732691 62563534
cloud0_tkemenade 23609574245 21401 2843

1721159235.0757806 62563575
cloud_controller_tkemenade 10628407481 28653 5761

1721159235.0763395 62563575
cloud0_tkemenade 23609703241 21410 2846

1721159236.0786402 62563630
cloud_controller_tkemenade 10628407481 28676 5766

1721159236.0792005 62563630
cloud0_tkemenade 23609703241 21416 2849

1721159237.0817132 62563672
cloud_controller_tkemenade 10628407481 28706 5776

1721159237.082281 62563672
cloud0_tkemenade 23609703241 21428 2853

1721159238.0848186 62563695
cloud_controller_tkemenade 10628407481 28724 5786

1721159238.0853672 62563695
cloud0_tkemenade 23609703241 21433 2854

1721159239.0878682 62563717
cloud_controller_tkemenade 10628407481 28742 5792

1721159239.0883813 62563717
cloud0_tkemenade 23609703241 21440 2857

1721159240.0908709 62563744
cloud_controller_tkemenade 10628407481 28767 5800

1721159240.0913916 62563744
cloud0_tkemenade 23609703241 21442 2857

1721159241.0938916 62563768
cloud_controller_tkemenade 10628407481 28789 5806

1721159241.0944595 62563768
cloud0_tkemenade 23609703241 21448 2859

1721159242.0969229 62563824
cloud_controller_tkemenade 10628407481 28824 5820

1721159242.0974362 62563824
cloud0_tkemenade 23609703241 21462 2862

1721159242.1979043 62563831
cloud_controller_tkemenade 10629106745 28825 5821

1721159242.198368 62563831
cloud0_tkemenade 23609923435 21467 2863

1721159243.2008512 62563858
cloud_controller_tkemenade 10629106745 28843 5829

1721159243.2013893 62563858
cloud0_tkemenade 23609923435 21469 2865

1721159244.2039099 62563885
cloud_controller_tkemenade 10629106745 28863 5836

1721159244.2044399 62563885
cloud0_tkemenade 23609923435 21472 2865

1721159245.2069364 62563939
cloud_controller_tkemenade 10629106745 28897 5845

1721159245.2075021 62563939
cloud0_tkemenade 23609923435 21481 2865

1721159246.2101278 62564001
cloud_controller_tkemenade 10629106745 28929 5857

1721159246.2132597 62564001
cloud0_tkemenade 23609923435 21488 2866

1721159247.2160416 62564075
cloud_controller_tkemenade 10629106745 28965 5871

1721159247.2166333 62564075
cloud0_tkemenade 23609923435 21502 2872

1721159248.2192702 62564105
cloud_controller_tkemenade 10629106745 28990 5886

1721159248.2198198 62564105
cloud0_tkemenade 23609923435 21502 2875

1721159249.1220264 62564138
cloud0_tkemenade 23610101040 21502 2881

1721159249.2229297 62564140
cloud_controller_tkemenade 10629880382 29009 5894

1721159250.1254134 62564167
cloud0_tkemenade 23610101040 21504 2883

1721159250.2261145 62564177
cloud_controller_tkemenade 10629880382 29031 5901

1721159251.1288147 62564203
cloud0_tkemenade 23610101040 21514 2884

1721159251.2294989 62564206
cloud_controller_tkemenade 10629880382 29056 5912

1721159252.1320949 62564246
cloud0_tkemenade 23610101040 21521 2885

1721159252.2328699 62564254
cloud_controller_tkemenade 10629880382 29096 5926

1721159253.1353219 62564285
cloud0_tkemenade 23610101040 21533 2887

1721159253.2360609 62564287
cloud_controller_tkemenade 10629880382 29116 5935

1721159254.1385705 62564307
cloud0_tkemenade 23610101040 21536 2887

1721159254.2392752 62564311
cloud_controller_tkemenade 10629880382 29139 5943

1721159255.1417725 62564337
cloud0_tkemenade 23610101040 21540 2887

1721159255.2424989 62564343
cloud_controller_tkemenade 10629880382 29166 5958

1721159256.145097 62564383
cloud0_tkemenade 23610101040 21547 2890

1721159256.2460086 62564384
cloud_controller_tkemenade 10629880382 29192 5966

1721159256.346709 62564397
cloud_controller_tkemenade 10630637176 29194 5966

1721159256.347192 62564397
cloud0_tkemenade 23610265305 21548 2891

1721159257.349669 62564451
cloud_controller_tkemenade 10630637176 29226 5976

1721159257.350229 62564451
cloud0_tkemenade 23610265305 21567 2897

1721159258.3528378 62564481
cloud_controller_tkemenade 10630637176 29249 5986

1721159258.3533711 62564481
cloud0_tkemenade 23610265305 21570 2898

1721159259.3558238 62564498
cloud_controller_tkemenade 10630637176 29269 5991

1721159259.35636 62564498
cloud0_tkemenade 23610265305 21574 2899

1721159260.3587558 62564542
cloud_controller_tkemenade 10630637176 29298 5999

1721159260.3593106 62564542
cloud0_tkemenade 23610265305 21580 2900

1721159261.361857 62564568
cloud_controller_tkemenade 10630637176 29319 6008

1721159261.3624666 62564568
cloud0_tkemenade 23610265305 21583 2900

1721159262.3649309 62564623
cloud_controller_tkemenade 10630637176 29361 6017

1721159262.365466 62564623
cloud0_tkemenade 23610265305 21596 2901

1721159263.367722 62564643
cloud_controller_tkemenade 10630637176 29379 6020

1721159263.3682575 62564643
cloud0_tkemenade 23610265305 21599 2903

1721159263.4687357 62564650
cloud_controller_tkemenade 10631348840 29381 6021

1721159263.4692113 62564650
cloud0_tkemenade 23610451341 21599 2904

1721159264.4717093 62564679
cloud_controller_tkemenade 10631348840 29404 6027

1721159264.472246 62564679
cloud0_tkemenade 23610451341 21605 2904

1721159265.4747748 62564710
cloud_controller_tkemenade 10631348840 29426 6035

1721159265.4752967 62564710
cloud0_tkemenade 23610451341 21613 2906

1721159266.4778347 62564753
cloud_controller_tkemenade 10631348840 29446 6041

1721159266.4784045 62564753
cloud0_tkemenade 23610451341 21620 2907

1721159267.4809978 62564797
cloud_controller_tkemenade 10631348840 29477 6048

1721159267.4816203 62564797
cloud0_tkemenade 23610451341 21633 2909

1721159268.484143 62564823
cloud_controller_tkemenade 10631348840 29497 6054

1721159268.484657 62564823
cloud0_tkemenade 23610451341 21636 2910

1721159269.487136 62564848
cloud_controller_tkemenade 10631348840 29514 6060

1721159269.4876456 62564848
cloud0_tkemenade 23610451341 21643 2911

1721159270.4901445 62564891
cloud_controller_tkemenade 10631977542 29547 6064

1721159270.4906924 62564892
cloud0_tkemenade 23610629674 21649 2912

1721159271.4931724 62564915
cloud_controller_tkemenade 10631977542 29565 6073

1721159271.493691 62564915
cloud0_tkemenade 23610629674 21651 2914

1721159272.4961867 62564963
cloud_controller_tkemenade 10631977542 29599 6081

1721159272.4967098 62564963
cloud0_tkemenade 23610629674 21663 2917

1721159273.4991574 62564986
cloud_controller_tkemenade 10631977542 29619 6086

1721159273.499719 62564986
cloud0_tkemenade 23610629674 21667 2918

1721159274.5022032 62565009
cloud_controller_tkemenade 10631977542 29640 6096

1721159274.502748 62565009
cloud0_tkemenade 23610629674 21670 2918

1721159275.505184 62565036
cloud_controller_tkemenade 10631977542 29661 6102

1721159275.5057006 62565036
cloud0_tkemenade 23610629674 21677 2919

1721159276.5081856 62565076
cloud_controller_tkemenade 10631977542 29687 6112

1721159276.5087202 62565076
cloud0_tkemenade 23610629674 21683 2919

1721159277.5111704 62565127
cloud_controller_tkemenade 10631977542 29717 6123

1721159277.5116966 62565127
cloud0_tkemenade 23610629674 21695 2922

1721159277.612172 62565128
cloud_controller_tkemenade 10632666059 29719 6124

1721159277.6125975 62565128
cloud0_tkemenade 23610792900 21695 2922

1721159278.615111 62565171
cloud_controller_tkemenade 10632666059 29754 6139

1721159278.6156738 62565171
cloud0_tkemenade 23610792900 21697 2922

1721159279.6182437 62565190
cloud_controller_tkemenade 10632666059 29775 6149

1721159279.6188178 62565190
cloud0_tkemenade 23610792900 21700 2924

1721159280.6214154 62565221
cloud_controller_tkemenade 10632666059 29799 6156

1721159280.6220186 62565221
cloud0_tkemenade 23610792900 21705 2925

1721159281.6245313 62565241
cloud_controller_tkemenade 10632666059 29818 6164

1721159281.62507 62565241
cloud0_tkemenade 23610792900 21708 2926

1721159282.6277292 62565317
cloud_controller_tkemenade 10632666059 29883 6177

1721159282.62831 62565317
cloud0_tkemenade 23610792900 21719 2929

1721159283.6308167 62565340
cloud_controller_tkemenade 10632666059 29903 6185

1721159283.6313539 62565340
cloud0_tkemenade 23610792900 21722 2930

1721159284.533726 62565378
cloud_controller_tkemenade 10633523368 29925 6197

1721159284.5342615 62565379
cloud0_tkemenade 23610912310 21725 2930

1721159285.5367718 62565407
cloud_controller_tkemenade 10633523368 29950 6208

1721159285.5373535 62565407
cloud0_tkemenade 23610912310 21732 2931

1721159286.539895 62565469
cloud_controller_tkemenade 10633523368 29978 6222

1721159286.5403008 62565469
cloud0_tkemenade 23610912310 21750 2935

1721159287.54262 62565511
cloud_controller_tkemenade 10633523368 30011 6232

1721159287.5431848 62565511
cloud0_tkemenade 23610912310 21761 2936

1721159288.5457506 62565544
cloud_controller_tkemenade 10633523368 30034 6242

1721159288.5463243 62565544
cloud0_tkemenade 23610912310 21769 2937

1721159289.5488856 62565568
cloud_controller_tkemenade 10633523368 30056 6248

1721159289.5494409 62565568
cloud0_tkemenade 23610912310 21772 2938

1721159290.5519857 62565603
cloud_controller_tkemenade 10633523368 30079 6256

1721159290.5525002 62565603
cloud0_tkemenade 23610912310 21783 2939

1721159291.554949 62565631
cloud_controller_tkemenade 10633523368 30102 6265

1721159291.5554929 62565631
cloud0_tkemenade 23610912310 21786 2940

1721159291.655977 62565635
cloud_controller_tkemenade 10634263321 30104 6265

1721159291.6564646 62565635
cloud0_tkemenade 23611124151 21786 2940

1721159292.65881 62565684
cloud_controller_tkemenade 10634263321 30140 6273

1721159292.6593757 62565684
cloud0_tkemenade 23611124151 21799 2942

1721159293.6619284 62565714
cloud_controller_tkemenade 10634263321 30163 6276

1721159293.662507 62565714
cloud0_tkemenade 23611124151 21802 2944

1721159294.6649654 62565743
cloud_controller_tkemenade 10634263321 30187 6281

1721159294.6654797 62565743
cloud0_tkemenade 23611124151 21805 2944

1721159295.6678808 62565784
cloud_controller_tkemenade 10634263321 30215 6287

1721159295.6684055 62565784
cloud0_tkemenade 23611124151 21821 2947

1721159296.6705387 62565809
cloud_controller_tkemenade 10634263321 30233 6291

1721159296.6709309 62565809
cloud0_tkemenade 23611124151 21827 2948

1721159297.6734145 62565855
cloud_controller_tkemenade 10634263321 30259 6297

1721159297.6739302 62565855
cloud0_tkemenade 23611124151 21838 2949

1721159298.6763759 62565888
cloud_controller_tkemenade 10634263321 30288 6303

1721159298.6768527 62565888
cloud0_tkemenade 23611124151 21841 2951

1721159298.777336 62565895
cloud_controller_tkemenade 10634961976 30289 6303

1721159298.7777886 62565895
cloud0_tkemenade 23611330927 21842 2951

1721159299.7802517 62565923
cloud_controller_tkemenade 10634961976 30311 6308

1721159299.780786 62565923
cloud0_tkemenade 23611330927 21846 2952

1721159300.7832775 62565953
cloud_controller_tkemenade 10634961976 30334 6317

1721159300.783821 62565953
cloud0_tkemenade 23611330927 21852 2953

1721159301.7863262 62565968
cloud_controller_tkemenade 10634961976 30351 6321

1721159301.786848 62565968
cloud0_tkemenade 23611330927 21854 2955

1721159302.7894049 62566017
cloud_controller_tkemenade 10634961976 30389 6328

1721159302.789941 62566017
cloud0_tkemenade 23611330927 21865 2958

1721159303.7924244 62566045
cloud_controller_tkemenade 10634961976 30412 6336

1721159303.792941 62566045
cloud0_tkemenade 23611330927 21868 2960

1721159304.7954621 62566071
cloud_controller_tkemenade 10634961976 30431 6343

1721159304.7959955 62566071
cloud0_tkemenade 23611330927 21870 2961

1721159305.7983654 62566117
cloud_controller_tkemenade 10634961976 30464 6352

1721159305.7988145 62566117
cloud0_tkemenade 23611330927 21878 2963

1721159305.8992827 62566119
cloud_controller_tkemenade 10635627104 30466 6353

1721159305.8997118 62566119
cloud0_tkemenade 23611475777 21878 2964

1721159306.9022841 62566159
cloud_controller_tkemenade 10635627104 30485 6357

1721159306.9027958 62566159
cloud0_tkemenade 23611475777 21888 2965

1721159307.9053848 62566222
cloud_controller_tkemenade 10635627104 30515 6364

1721159307.9059389 62566222
cloud0_tkemenade 23611475777 21902 2966

1721159308.9084504 62566244
cloud_controller_tkemenade 10635627104 30542 6370

1721159308.9089756 62566244
cloud0_tkemenade 23611475777 21904 2967

1721159309.911504 62566274
cloud_controller_tkemenade 10635627104 30569 6373

1721159309.9120483 62566274
cloud0_tkemenade 23611475777 21907 2967

1721159310.9145794 62566307
cloud_controller_tkemenade 10635627104 30594 6381

1721159310.9151413 62566307
cloud0_tkemenade 23611475777 21912 2968

1721159311.9176338 62566329
cloud_controller_tkemenade 10635627104 30614 6388

1721159311.9181561 62566329
cloud0_tkemenade 23611475777 21916 2969

1721159312.9205022 62566384
cloud_controller_tkemenade 10635627104 30653 6397

1721159312.9210212 62566384
cloud0_tkemenade 23611475777 21927 2970

1721159313.0214987 62566387
cloud_controller_tkemenade 10636324452 30655 6397

1721159313.021918 62566387
cloud0_tkemenade 23611642663 21928 2971

1721159314.0244083 62566409
cloud_controller_tkemenade 10636324452 30675 6408

1721159314.0249035 62566409
cloud0_tkemenade 23611642663 21930 2971

1721159315.0274763 62566440
cloud_controller_tkemenade 10636324452 30706 6418

1721159315.0280325 62566440
cloud0_tkemenade 23611642663 21934 2972

1721159316.0306573 62566475
cloud_controller_tkemenade 10636324452 30733 6434

1721159316.0311594 62566475
cloud0_tkemenade 23611642663 21941 2973

1721159317.03351 62566507
cloud_controller_tkemenade 10636324452 30757 6438

1721159317.0339916 62566507
cloud0_tkemenade 23611642663 21949 2974

1721159318.036479 62566557
cloud_controller_tkemenade 10636324452 30789 6449

1721159318.0369964 62566557
cloud0_tkemenade 23611642663 21960 2976

1721159319.0395732 62566589
cloud_controller_tkemenade 10636324452 30814 6455

1721159319.0400953 62566589
cloud0_tkemenade 23611642663 21965 2977

1721159320.042604 62566615
cloud_controller_tkemenade 10637072508 30834 6465

1721159320.0431871 62566615
cloud0_tkemenade 23611783114 21967 2977

1721159321.0457516 62566649
cloud_controller_tkemenade 10637072508 30864 6474

1721159321.046361 62566650
cloud0_tkemenade 23611783114 21974 2978

1721159322.0489297 62566678
cloud_controller_tkemenade 10637072508 30894 6487

1721159322.0494552 62566678
cloud0_tkemenade 23611783114 21976 2979

1721159323.0520558 62566731
cloud_controller_tkemenade 10637072508 30932 6504

1721159323.052628 62566731
cloud0_tkemenade 23611783114 21990 2980

1721159324.0550907 62566761
cloud_controller_tkemenade 10637072508 30955 6514

1721159324.0555894 62566761
cloud0_tkemenade 23611783114 21994 2980

1721159325.0581357 62566789
cloud_controller_tkemenade 10637072508 30978 6525

1721159325.058703 62566789
cloud0_tkemenade 23611783114 21998 2983

1721159326.061248 62566821
cloud_controller_tkemenade 10637072508 31004 6535

1721159326.0617602 62566821
cloud0_tkemenade 23611783114 22005 2986

1721159327.0641887 62566852
cloud_controller_tkemenade 10637873338 31020 6539

1721159327.0646665 62566852
cloud0_tkemenade 23611957340 22013 2989

1721159328.0671883 62566901
cloud_controller_tkemenade 10637873338 31050 6544

1721159328.067715 62566901
cloud0_tkemenade 23611957340 22023 2991

1721159329.0702026 62566933
cloud_controller_tkemenade 10637873338 31072 6554

1721159329.070775 62566933
cloud0_tkemenade 23611957340 22031 2991

1721159330.0733118 62566963
cloud_controller_tkemenade 10637873338 31099 6560

1721159330.0738406 62566963
cloud0_tkemenade 23611957340 22034 2991

1721159331.076412 62566993
cloud_controller_tkemenade 10637873338 31123 6568

1721159331.07696 62566993
cloud0_tkemenade 23611957340 22043 2993

1721159332.0794518 62567018
cloud_controller_tkemenade 10637873338 31141 6576

1721159332.0799782 62567018
cloud0_tkemenade 23611957340 22047 2993

1721159333.0825083 62567066
cloud_controller_tkemenade 10637873338 31175 6582

1721159333.0830545 62567066
cloud0_tkemenade 23611957340 22060 2996

1721159334.0855546 62567092
cloud_controller_tkemenade 10637873338 31199 6589

1721159334.086056 62567092
cloud0_tkemenade 23611957340 22062 2997

1721159334.186502 62567098
cloud_controller_tkemenade 10638562464 31200 6590

1721159334.1869657 62567098
cloud0_tkemenade 23612133350 22063 2997

1721159335.1894224 62567128
cloud_controller_tkemenade 10638562464 31223 6596

1721159335.189941 62567128
cloud0_tkemenade 23612133350 22066 2999

1721159336.1924326 62567159
cloud_controller_tkemenade 10638562464 31250 6607

1721159336.192932 62567159
cloud0_tkemenade 23612133350 22074 3000

1721159337.195391 62567186
cloud_controller_tkemenade 10638562464 31267 6613

1721159337.1959016 62567186
cloud0_tkemenade 23612133350 22082 3001

1721159338.1983938 62567249
cloud_controller_tkemenade 10638562464 31302 6619

1721159338.1989365 62567249
cloud0_tkemenade 23612133350 22095 3003

1721159339.2014694 62567285
cloud_controller_tkemenade 10638562464 31334 6626

1721159339.201991 62567285
cloud0_tkemenade 23612133350 22098 3004

1721159340.2045128 62567309
cloud_controller_tkemenade 10638562464 31353 6632

1721159340.2050278 62567309
cloud0_tkemenade 23612133350 22100 3004

1721159341.2073014 62567346
cloud_controller_tkemenade 10639241973 31376 6640

1721159341.207834 62567346
cloud0_tkemenade 23612292703 22107 3005

1721159342.210268 62567372
cloud_controller_tkemenade 10639241973 31399 6648

1721159342.210782 62567372
cloud0_tkemenade 23612292703 22109 3006

1721159343.213281 62567424
cloud_controller_tkemenade 10639241973 31433 6655

1721159343.2138202 62567424
cloud0_tkemenade 23612292703 22122 3007

1721159344.2162375 62567452
cloud_controller_tkemenade 10639241973 31452 6667

1721159344.2167585 62567452
cloud0_tkemenade 23612292703 22125 3008

1721159345.219167 62567479
cloud_controller_tkemenade 10639241973 31472 6673

1721159345.2197018 62567479
cloud0_tkemenade 23612292703 22128 3009

1721159346.2222023 62567513
cloud_controller_tkemenade 10639241973 31497 6683

1721159346.2227175 62567513
cloud0_tkemenade 23612292703 22135 3010

1721159347.2251663 62567543
cloud_controller_tkemenade 10639241973 31517 6690

1721159347.2256725 62567543
cloud0_tkemenade 23612292703 22142 3010

1721159348.1278925 62567607
cloud_controller_tkemenade 10639920416 31543 6697

1721159348.1283736 62567607
cloud0_tkemenade 23612448805 22153 3014

1721159349.1308787 62567640
cloud_controller_tkemenade 10639920416 31569 6705

1721159349.1313918 62567640
cloud0_tkemenade 23612448805 22158 3014

1721159350.1339262 62567667
cloud_controller_tkemenade 10639920416 31590 6710

1721159350.134469 62567667
cloud0_tkemenade 23612448805 22161 3015

1721159351.1368637 62567702
cloud_controller_tkemenade 10639920416 31615 6717

1721159351.1373966 62567702
cloud0_tkemenade 23612448805 22168 3016

1721159352.1398797 62567730
cloud_controller_tkemenade 10639920416 31638 6728

1721159352.1404052 62567730
cloud0_tkemenade 23612448805 22170 3017

1721159353.1429038 62567775
cloud_controller_tkemenade 10639920416 31670 6734

1721159353.1433988 62567775
cloud0_tkemenade 23612448805 22180 3018

1721159354.1459398 62567806
cloud_controller_tkemenade 10639920416 31695 6740

1721159354.1464589 62567806
cloud0_tkemenade 23612448805 22185 3019

1721159355.1489408 62567838
cloud_controller_tkemenade 10639920416 31713 6747

1721159355.1494653 62567838
cloud0_tkemenade 23612448805 22196 3020

1721159355.2499373 62567843
cloud_controller_tkemenade 10640573815 31715 6747

1721159355.250444 62567843
cloud0_tkemenade 23612602546 22196 3020

1721159356.2529247 62567887
cloud_controller_tkemenade 10640573815 31747 6756

1721159356.2534518 62567887
cloud0_tkemenade 23612602546 22204 3023

1721159357.2558534 62567921
cloud_controller_tkemenade 10640573815 31766 6760

1721159357.256399 62567921
cloud0_tkemenade 23612602546 22211 3025

1721159358.2588358 62567969
cloud_controller_tkemenade 10640573815 31789 6771

1721159358.2592862 62567969
cloud0_tkemenade 23612602546 22222 3026

1721159359.2617688 62567997
cloud_controller_tkemenade 10640573815 31810 6777

1721159359.2624419 62567998
cloud0_tkemenade 23612602546 22228 3026

1721159360.2649274 62568033
cloud_controller_tkemenade 10640573815 31834 6787

1721159360.2654614 62568033
cloud0_tkemenade 23612602546 22230 3027

1721159361.2680323 62568069
cloud_controller_tkemenade 10640573815 31858 6794

1721159361.2685761 62568069
cloud0_tkemenade 23612602546 22236 3029

1721159362.2707784 62568093
cloud_controller_tkemenade 10641232602 31879 6802

1721159362.2712884 62568093
cloud0_tkemenade 23612765731 22239 3031

1721159363.2733097 62568140
cloud_controller_tkemenade 10641232602 31910 6813

1721159363.273851 62568140
cloud0_tkemenade 23612765731 22251 3035

1721159364.2761378 62568173
cloud_controller_tkemenade 10641232602 31939 6817

1721159364.2766623 62568173
cloud0_tkemenade 23612765731 22253 3036

1721159365.2789867 62568195
cloud_controller_tkemenade 10641232602 31954 6824

1721159365.2795057 62568195
cloud0_tkemenade 23612765731 22256 3037

1721159366.2817414 62568234
cloud_controller_tkemenade 10641232602 31984 6838

1721159366.2819817 62568234
cloud0_tkemenade 23612765731 22263 3038

1721159367.2837284 62568268
cloud_controller_tkemenade 10641232602 32005 6844

1721159367.2842555 62568268
cloud0_tkemenade 23612765731 22270 3038

1721159368.2865891 62568320
cloud_controller_tkemenade 10641232602 32030 6853

1721159368.2870967 62568320
cloud0_tkemenade 23612765731 22284 3039

1721159369.2895718 62568357
cloud_controller_tkemenade 10641232602 32053 6862

1721159369.290067 62568357
cloud0_tkemenade 23612765731 22286 3041

1721159369.390516 62568363
cloud_controller_tkemenade 10641976713 32054 6863

1721159369.3910017 62568363
cloud0_tkemenade 23612945452 22286 3041

1721159370.3930788 62568395
cloud_controller_tkemenade 10641976713 32078 6872

1721159370.393571 62568395
cloud0_tkemenade 23612945452 22289 3041

1721159371.395872 62568425
cloud_controller_tkemenade 10641976713 32098 6876

1721159371.396407 62568425
cloud0_tkemenade 23612945452 22297 3043

1721159372.3989327 62568454
cloud_controller_tkemenade 10641976713 32121 6884

1721159372.3994794 62568454
cloud0_tkemenade 23612945452 22298 3044

1721159373.4020338 62568501
cloud_controller_tkemenade 10641976713 32154 6892

1721159373.4026005 62568501
cloud0_tkemenade 23612945452 22312 3046

1721159374.4050846 62568540
cloud_controller_tkemenade 10641976713 32187 6901

1721159374.4056175 62568540
cloud0_tkemenade 23612945452 22313 3048

1721159375.4081452 62568570
cloud_controller_tkemenade 10641976713 32210 6912

1721159375.408699 62568570
cloud0_tkemenade 23612945452 22317 3048

1721159376.4110868 62568604
cloud_controller_tkemenade 10641976713 32234 6916

1721159376.411555 62568604
cloud0_tkemenade 23612945452 22323 3049

1721159376.5120075 62568605
cloud_controller_tkemenade 10642678965 32235 6917

1721159376.5124168 62568605
cloud0_tkemenade 23613080500 22323 3050

1721159377.514861 62568637
cloud_controller_tkemenade 10642678965 32253 6924

1721159377.5153513 62568637
cloud0_tkemenade 23613080500 22331 3051

1721159378.5178537 62568682
cloud_controller_tkemenade 10642678965 32283 6935

1721159378.5184066 62568683
cloud0_tkemenade 23613080500 22344 3052

1721159379.5209417 62568713
cloud_controller_tkemenade 10642678965 32302 6941

1721159379.5214849 62568713
cloud0_tkemenade 23613080500 22348 3052

1721159380.5239427 62568751
cloud_controller_tkemenade 10642678965 32325 6951

1721159380.5244844 62568751
cloud0_tkemenade 23613080500 22350 3053

1721159381.526999 62568784
cloud_controller_tkemenade 10642678965 32349 6958

1721159381.5275257 62568784
cloud0_tkemenade 23613080500 22357 3055

1721159382.5299842 62568807
cloud_controller_tkemenade 10642678965 32370 6965

1721159382.5304976 62568807
cloud0_tkemenade 23613080500 22359 3055

1721159383.5329778 62568863
cloud_controller_tkemenade 10643382123 32407 6973

1721159383.5334692 62568863
cloud0_tkemenade 23613252451 22371 3057

1721159384.535917 62568897
cloud_controller_tkemenade 10643382123 32435 6982

1721159384.5364437 62568897
cloud0_tkemenade 23613252451 22374 3058

1721159385.538869 62568928
cloud_controller_tkemenade 10643382123 32462 6989

1721159385.539387 62568928
cloud0_tkemenade 23613252451 22379 3058

1721159386.5418684 62568962
cloud_controller_tkemenade 10643382123 32486 6996

1721159386.5424185 62568963
cloud0_tkemenade 23613252451 22386 3059

1721159387.544927 62568993
cloud_controller_tkemenade 10643382123 32503 7004

1721159387.5454583 62568993
cloud0_tkemenade 23613252451 22392 3060

1721159388.5476441 62569036
cloud_controller_tkemenade 10643382123 32530 7014

1721159388.548151 62569036
cloud0_tkemenade 23613252451 22405 3061

1721159389.5505748 62569082
cloud_controller_tkemenade 10643382123 32557 7024

1721159389.551128 62569082
cloud0_tkemenade 23613252451 22411 3063

1721159390.5533636 62569123
cloud_controller_tkemenade 10643382123 32586 7040

1721159390.5539045 62569123
cloud0_tkemenade 23613252451 22414 3063

1721159390.7545724 62569134
cloud_controller_tkemenade 10644126414 32591 7044

1721159390.7551003 62569134
cloud0_tkemenade 23613405427 22418 3063

1721159391.7575796 62569159
cloud_controller_tkemenade 10644126414 32610 7052

1721159391.7581377 62569159
cloud0_tkemenade 23613405427 22420 3064

1721159392.760679 62569192
cloud_controller_tkemenade 10644126414 32636 7071

1721159392.7612443 62569192
cloud0_tkemenade 23613405427 22423 3066

1721159393.7636652 62569241
cloud_controller_tkemenade 10644126414 32671 7087

1721159393.7642357 62569241
cloud0_tkemenade 23613405427 22434 3068

1721159394.766793 62569271
cloud_controller_tkemenade 10644126414 32695 7098

1721159394.7673562 62569271
cloud0_tkemenade 23613405427 22437 3069

1721159395.7698529 62569315
cloud_controller_tkemenade 10644126414 32724 7108

1721159395.77038 62569315
cloud0_tkemenade 23613405427 22446 3070

1721159396.7730193 62569337
cloud_controller_tkemenade 10644126414 32745 7119

1721159396.7735612 62569337
cloud0_tkemenade 23613405427 22448 3070

1721159397.7757294 62569374
cloud_controller_tkemenade 10644126414 32767 7136

1721159397.7762663 62569374
cloud0_tkemenade 23613405427 22459 3072

1721159397.8767104 62569378
cloud_controller_tkemenade 10644939163 32769 7138

1721159397.8772533 62569378
cloud0_tkemenade 23613557259 22459 3072

1721159398.8798647 62569434
cloud_controller_tkemenade 10644939163 32811 7151

1721159398.8804195 62569434
cloud0_tkemenade 23613557259 22472 3074

1721159399.8829443 62569468
cloud_controller_tkemenade 10644939163 32833 7161

1721159399.883442 62569468
cloud0_tkemenade 23613557259 22475 3074

1721159400.8859417 62569503
cloud_controller_tkemenade 10644939163 32860 7170

1721159400.8865244 62569503
cloud0_tkemenade 23613557259 22481 3076

1721159401.8889499 62569521
cloud_controller_tkemenade 10644939163 32879 7174

1721159401.8894405 62569521
cloud0_tkemenade 23613557259 22483 3076

1721159402.8919933 62569577
cloud_controller_tkemenade 10644939163 32928 7182

1721159402.892544 62569577
cloud0_tkemenade 23613557259 22485 3077

1721159403.8950455 62569618
cloud_controller_tkemenade 10644939163 32958 7189

1721159403.895541 62569618
cloud0_tkemenade 23613557259 22497 3081

1721159404.8993835 62569651
cloud_controller_tkemenade 10644939163 32982 7196

1721159404.899882 62569651
cloud0_tkemenade 23613557259 22499 3082

1721159405.000377 62569654
cloud_controller_tkemenade 10645755088 32984 7196

1721159405.0008655 62569654
cloud0_tkemenade 23613706150 22499 3082

1721159406.0032852 62569686
cloud_controller_tkemenade 10645755088 33012 7200

1721159406.0037847 62569686
cloud0_tkemenade 23613706150 22507 3083

1721159407.0062547 62569708
cloud_controller_tkemenade 10645755088 33031 7205

1721159407.0068061 62569708
cloud0_tkemenade 23613706150 22512 3086

1721159408.0092113 62569734
cloud_controller_tkemenade 10645755088 33053 7211

1721159408.0097036 62569734
cloud0_tkemenade 23613706150 22515 3087

1721159409.0121958 62569774
cloud_controller_tkemenade 10645755088 33082 7218

1721159409.012699 62569774
cloud0_tkemenade 23613706150 22527 3090

1721159410.0152266 62569816
cloud_controller_tkemenade 10645755088 33101 7223

1721159410.0158453 62569816
cloud0_tkemenade 23613706150 22530 3091

1721159411.018216 62569851
cloud_controller_tkemenade 10645755088 33129 7230

1721159411.01879 62569851
cloud0_tkemenade 23613706150 22538 3093

1721159412.0212615 62569884
cloud_controller_tkemenade 10645755088 33159 7237

1721159412.021804 62569884
cloud0_tkemenade 23613706150 22540 3094

1721159412.1222866 62569890
cloud_controller_tkemenade 10646401024 33162 7237

1721159412.122775 62569890
cloud0_tkemenade 23613861057 22540 3094

1721159413.125286 62569924
cloud_controller_tkemenade 10646401024 33189 7244

1721159413.125847 62569924
cloud0_tkemenade 23613861057 22544 3095

1721159414.1283298 62569961
cloud_controller_tkemenade 10646401024 33212 7250

1721159414.128848 62569961
cloud0_tkemenade 23613861057 22555 3097

1721159415.1313336 62569995
cloud_controller_tkemenade 10646401024 33234 7259

1721159415.131876 62569995
cloud0_tkemenade 23613861057 22567 3099

1721159416.1343808 62570026
cloud_controller_tkemenade 10646401024 33259 7264

1721159416.1349099 62570026
cloud0_tkemenade 23613861057 22575 3100

1721159417.137413 62570052
cloud_controller_tkemenade 10646401024 33278 7269

1721159417.1379142 62570052
cloud0_tkemenade 23613861057 22583 3100

1721159418.1404548 62570075
cloud_controller_tkemenade 10646401024 33300 7281

1721159418.1410356 62570075
cloud0_tkemenade 23613861057 22586 3101

1721159419.143637 62570127
cloud_controller_tkemenade 10647074631 33332 7293

1721159419.144171 62570127
cloud0_tkemenade 23614074566 22603 3102

1721159420.1462677 62570163
cloud_controller_tkemenade 10647074631 33351 7309

1721159420.1466377 62570163
cloud0_tkemenade 23614074566 22606 3103

1721159421.1490576 62570199
cloud_controller_tkemenade 10647074631 33381 7321

1721159421.1495757 62570199
cloud0_tkemenade 23614074566 22614 3103

1721159422.1518745 62570227
cloud_controller_tkemenade 10647074631 33404 7329

1721159422.1524444 62570227
cloud0_tkemenade 23614074566 22617 3104

1721159423.1549995 62570254
cloud_controller_tkemenade 10647074631 33431 7339

1721159423.155543 62570254
cloud0_tkemenade 23614074566 22620 3105

1721159424.1581676 62570296
cloud_controller_tkemenade 10647074631 33461 7346

1721159424.1587496 62570296
cloud0_tkemenade 23614074566 22632 3106

1721159425.1613123 62570320
cloud_controller_tkemenade 10647074631 33480 7359

1721159425.161835 62570320
cloud0_tkemenade 23614074566 22636 3108

1721159426.1644444 62570364
cloud_controller_tkemenade 10647893888 33516 7372

1721159426.1649659 62570364
cloud0_tkemenade 23614217315 22642 3109

1721159427.1673565 62570401
cloud_controller_tkemenade 10647893888 33533 7377

1721159427.167911 62570401
cloud0_tkemenade 23614217315 22651 3111

1721159428.170384 62570429
cloud_controller_tkemenade 10647893888 33556 7388

1721159428.1709235 62570429
cloud0_tkemenade 23614217315 22654 3111

1721159429.173547 62570471
cloud_controller_tkemenade 10647893888 33585 7399

1721159429.174111 62570471
cloud0_tkemenade 23614217315 22667 3115

1721159430.176663 62570498
cloud_controller_tkemenade 10647893888 33601 7404

1721159430.1772244 62570498
cloud0_tkemenade 23614217315 22668 3117

1721159431.1798148 62570535
cloud_controller_tkemenade 10647893888 33628 7412

1721159431.180349 62570535
cloud0_tkemenade 23614217315 22675 3119

1721159432.1828933 62570561
cloud_controller_tkemenade 10647893888 33653 7418

1721159432.1834276 62570561
cloud0_tkemenade 23614217315 22677 3121

1721159433.185942 62570590
cloud_controller_tkemenade 10647893888 33680 7423

1721159433.18647 62570590
cloud0_tkemenade 23614217315 22681 3122

1721159433.2868142 62570593
cloud_controller_tkemenade 10648533859 33682 7423

1721159433.2872636 62570593
cloud0_tkemenade 23614371382 22681 3122

1721159434.2895575 62570637
cloud_controller_tkemenade 10648533859 33714 7431

1721159434.2901046 62570637
cloud0_tkemenade 23614371382 22693 3124

1721159435.292511 62570661
cloud_controller_tkemenade 10648533859 33733 7438

1721159435.2930577 62570661
cloud0_tkemenade 23614371382 22697 3124

1721159436.2954535 62570695
cloud_controller_tkemenade 10648533859 33760 7447

1721159436.296002 62570695
cloud0_tkemenade 23614371382 22703 3125

1721159437.2984116 62570722
cloud_controller_tkemenade 10648533859 33778 7453

1721159437.2989523 62570722
cloud0_tkemenade 23614371382 22713 3128

1721159438.3013093 62570743
cloud_controller_tkemenade 10648533859 33800 7460

1721159438.3018036 62570743
cloud0_tkemenade 23614371382 22716 3128

1721159439.30407 62570788
cloud_controller_tkemenade 10648533859 33830 7467

1721159439.3046012 62570788
cloud0_tkemenade 23614371382 22730 3130

1721159440.3069298 62570836
cloud_controller_tkemenade 10649190074 33855 7469

1721159440.3074794 62570836
cloud0_tkemenade 23614551167 22732 3131

1721159441.3099313 62570866
cloud_controller_tkemenade 10649190074 33877 7480

1721159441.3103704 62570866
cloud0_tkemenade 23614551167 22738 3132

1721159442.3128731 62570894
cloud_controller_tkemenade 10649190074 33903 7485

1721159442.3134093 62570894
cloud0_tkemenade 23614551167 22740 3132

1721159443.3159318 62570926
cloud_controller_tkemenade 10649190074 33931 7490

1721159443.316483 62570926
cloud0_tkemenade 23614551167 22742 3134

1721159444.318996 62570968
cloud_controller_tkemenade 10649190074 33962 7498

1721159444.3195353 62570968
cloud0_tkemenade 23614551167 22754 3138

1721159445.322003 62570984
cloud_controller_tkemenade 10649190074 33979 7503

1721159445.3225255 62570984
cloud0_tkemenade 23614551167 22757 3138

1721159446.3250327 62571024
cloud_controller_tkemenade 10649190074 34010 7510

1721159446.325561 62571024
cloud0_tkemenade 23614551167 22765 3139

1721159447.327991 62571059
cloud_controller_tkemenade 10649857949 34027 7517

1721159447.3284638 62571059
cloud0_tkemenade 23614695572 22772 3139

1721159448.3310137 62571082
cloud_controller_tkemenade 10649857949 34050 7523

1721159448.3315554 62571082
cloud0_tkemenade 23614695572 22776 3140

1721159449.3340697 62571127
cloud_controller_tkemenade 10649857949 34079 7531

1721159449.3346603 62571127
cloud0_tkemenade 23614695572 22789 3143

1721159450.3371897 62571152
cloud_controller_tkemenade 10649857949 34099 7540

1721159450.3377557 62571152
cloud0_tkemenade 23614695572 22792 3143

1721159451.340241 62571205
cloud_controller_tkemenade 10649857949 34127 7547

1721159451.3407845 62571205
cloud0_tkemenade 23614695572 22801 3144

1721159452.3433335 62571229
cloud_controller_tkemenade 10649857949 34150 7556

1721159452.3438256 62571229
cloud0_tkemenade 23614695572 22805 3144

1721159453.346405 62571254
cloud_controller_tkemenade 10649857949 34173 7564

1721159453.346966 62571254
cloud0_tkemenade 23614695572 22808 3145

1721159454.3495092 62571299
cloud_controller_tkemenade 10649857949 34206 7573

1721159454.3500931 62571299
cloud0_tkemenade 23614695572 22818 3147

1721159454.450578 62571303
cloud_controller_tkemenade 10650563244 34209 7573

1721159454.45105 62571303
cloud0_tkemenade 23614856272 22818 3147

1721159455.4535232 62571326
cloud_controller_tkemenade 10650563244 34225 7579

1721159455.454055 62571326
cloud0_tkemenade 23614856272 22822 3149

1721159456.4566486 62571361
cloud_controller_tkemenade 10650563244 34253 7589

1721159456.4571998 62571361
cloud0_tkemenade 23614856272 22828 3149

1721159457.4598238 62571386
cloud_controller_tkemenade 10650563244 34274 7603

1721159457.4604044 62571386
cloud0_tkemenade 23614856272 22834 3150

1721159458.463054 62571427
cloud_controller_tkemenade 10650563244 34306 7618

1721159458.4636002 62571427
cloud0_tkemenade 23614856272 22841 3151

1721159459.466196 62571468
cloud_controller_tkemenade 10650563244 34334 7630

1721159459.4667401 62571468
cloud0_tkemenade 23614856272 22855 3153

1721159460.4692533 62571498
cloud_controller_tkemenade 10650563244 34354 7638

1721159460.4697988 62571498
cloud0_tkemenade 23614856272 22859 3153

1721159461.4718714 62571548
cloud_controller_tkemenade 10651305543 34380 7648

1721159461.4723673 62571548
cloud0_tkemenade 23615019880 22865 3154

1721159462.4746692 62571577
cloud_controller_tkemenade 10651305543 34406 7657

1721159462.47523 62571577
cloud0_tkemenade 23615019880 22869 3155

1721159463.4777195 62571608
cloud_controller_tkemenade 10651305543 34433 7671

1721159463.4782944 62571608
cloud0_tkemenade 23615019880 22872 3156

1721159464.4806974 62571663
cloud_controller_tkemenade 10651305543 34470 7690

1721159464.4812613 62571663
cloud0_tkemenade 23615019880 22884 3157

1721159465.483556 62571686
cloud_controller_tkemenade 10651305543 34488 7697

1721159465.4840975 62571686
cloud0_tkemenade 23615019880 22888 3158

1721159466.4866965 62571720
cloud_controller_tkemenade 10651305543 34517 7710

1721159466.487199 62571720
cloud0_tkemenade 23615019880 22893 3160

1721159467.489668 62571748
cloud_controller_tkemenade 10651305543 34537 7719

1721159467.49018 62571748
cloud0_tkemenade 23615019880 22900 3161

1721159468.4926891 62571769
cloud_controller_tkemenade 10651305543 34560 7725

1721159468.49323 62571769
cloud0_tkemenade 23615019880 22902 3162

1721159468.693856 62571781
cloud_controller_tkemenade 10652107084 34565 7726

1721159468.694383 62571781
cloud0_tkemenade 23615158076 22902 3162

1721159469.6962729 62571819
cloud_controller_tkemenade 10652107084 34593 7734

1721159469.6968002 62571819
cloud0_tkemenade 23615158076 22915 3166

1721159470.6990266 62571845
cloud_controller_tkemenade 10652107084 34612 7739

1721159470.6995451 62571845
cloud0_tkemenade 23615158076 22917 3167

1721159471.7020395 62571891
cloud_controller_tkemenade 10652107084 34639 7748

1721159471.7026048 62571891
cloud0_tkemenade 23615158076 22923 3168

1721159472.7050555 62571921
cloud_controller_tkemenade 10652107084 34664 7756

1721159472.7056012 62571921
cloud0_tkemenade 23615158076 22925 3168

1721159473.708072 62571951
cloud_controller_tkemenade 10652107084 34690 7764

1721159473.7085667 62571951
cloud0_tkemenade 23615158076 22929 3169

1721159474.710981 62571995
cloud_controller_tkemenade 10652107084 34721 7769

1721159474.7114859 62571995
cloud0_tkemenade 23615158076 22942 3170

1721159475.7139213 62572029
cloud_controller_tkemenade 10652107084 34745 7773

1721159475.7144423 62572029
cloud0_tkemenade 23615158076 22952 3171

1721159475.8148613 62572031
cloud_controller_tkemenade 10652796430 34747 7773

1721159475.8152778 62572031
cloud0_tkemenade 23615334142 22952 3171

1721159476.817648 62572060
cloud_controller_tkemenade 10652796430 34771 7779

1721159476.8181753 62572060
cloud0_tkemenade 23615334142 22959 3172

1721159477.8206823 62572089
cloud_controller_tkemenade 10652796430 34790 7785

1721159477.8212113 62572089
cloud0_tkemenade 23615334142 22968 3172

1721159478.8236768 62572118
cloud_controller_tkemenade 10652796430 34813 7793

1721159478.8242135 62572118
cloud0_tkemenade 23615334142 22975 3173

1721159479.826644 62572152
cloud_controller_tkemenade 10652796430 34839 7802

1721159479.827175 62572152
cloud0_tkemenade 23615334142 22987 3174

1721159480.8296034 62572183
cloud_controller_tkemenade 10652796430 34861 7808

1721159480.8300612 62572183
cloud0_tkemenade 23615334142 22991 3175

1721159481.8324625 62572226
cloud_controller_tkemenade 10652796430 34881 7814

1721159481.833004 62572226
cloud0_tkemenade 23615334142 22998 3175

1721159482.8353615 62572252
cloud_controller_tkemenade 10653445054 34906 7819

1721159482.8358457 62572252
cloud0_tkemenade 23615504999 23001 3176

1721159483.8383632 62572291
cloud_controller_tkemenade 10653445054 34936 7826

1721159483.8389125 62572291
cloud0_tkemenade 23615504999 23004 3176

1721159484.8413806 62572329
cloud_controller_tkemenade 10653445054 34961 7832

1721159484.841913 62572329
cloud0_tkemenade 23615504999 23016 3180

1721159485.8443892 62572352
cloud_controller_tkemenade 10653445054 34981 7839

1721159485.844922 62572352
cloud0_tkemenade 23615504999 23020 3180

1721159486.8473766 62572382
cloud_controller_tkemenade 10653445054 35003 7846

1721159486.8478694 62572382
cloud0_tkemenade 23615504999 23026 3181

1721159487.8503776 62572417
cloud_controller_tkemenade 10653445054 35027 7852

1721159487.850875 62572417
cloud0_tkemenade 23615504999 23031 3183

1721159488.8533814 62572443
cloud_controller_tkemenade 10653445054 35050 7856

1721159488.8539116 62572443
cloud0_tkemenade 23615504999 23034 3184

1721159489.8563902 62572482
cloud_controller_tkemenade 10653445054 35078 7863

1721159489.8568726 62572482
cloud0_tkemenade 23615504999 23046 3187

1721159489.9573503 62572486
cloud_controller_tkemenade 10654087605 35079 7864

1721159489.9578342 62572486
cloud0_tkemenade 23615670058 23046 3187

1721159490.9603133 62572518
cloud_controller_tkemenade 10654087605 35105 7869

1721159490.9607668 62572518
cloud0_tkemenade 23615670058 23049 3188

1721159491.9633021 62572554
cloud_controller_tkemenade 10654087605 35127 7875

1721159491.9638062 62572554
cloud0_tkemenade 23615670058 23059 3189

1721159492.96634 62572579
cloud_controller_tkemenade 10654087605 35150 7881

1721159492.9668803 62572579
cloud0_tkemenade 23615670058 23061 3189

1721159493.9694107 62572617
cloud_controller_tkemenade 10654087605 35186 7888

1721159493.969918 62572617
cloud0_tkemenade 23615670058 23067 3190

1721159494.9723628 62572659
cloud_controller_tkemenade 10654087605 35216 7895

1721159494.9728584 62572659
cloud0_tkemenade 23615670058 23075 3192

1721159495.9752874 62572683
cloud_controller_tkemenade 10654087605 35241 7904

1721159495.975797 62572683
cloud0_tkemenade 23615670058 23078 3193

1721159496.9782395 62572710
cloud_controller_tkemenade 10654775073 35262 7909

1721159496.9787621 62572710
cloud0_tkemenade 23615805742 23083 3195

1721159497.9813008 62572746
cloud_controller_tkemenade 10654775073 35284 7921

1721159497.9818 62572746
cloud0_tkemenade 23615805742 23093 3195

1721159498.9843366 62572767
cloud_controller_tkemenade 10654775073 35308 7935

1721159498.9848492 62572767
cloud0_tkemenade 23615805742 23096 3197

1721159499.987469 62572808
cloud_controller_tkemenade 10654775073 35336 7948

1721159499.987977 62572808
cloud0_tkemenade 23615805742 23108 3198

1721159500.9905825 62572837
cloud_controller_tkemenade 10654775073 35364 7958

1721159500.9911368 62572837
cloud0_tkemenade 23615805742 23110 3200

1721159501.993698 62572882
cloud_controller_tkemenade 10654775073 35385 7965

1721159501.9941998 62572882
cloud0_tkemenade 23615805742 23115 3202

1721159502.9968104 62572905
cloud_controller_tkemenade 10654775073 35407 7979

1721159502.9973345 62572905
cloud0_tkemenade 23615805742 23118 3203

1721159503.9998982 62572934
cloud_controller_tkemenade 10654775073 35433 7990

1721159504.0004683 62572934
cloud0_tkemenade 23615805742 23121 3204

1721159504.2011707 62572951
cloud_controller_tkemenade 10655548918 35442 7991

1721159504.2016587 62572951
cloud0_tkemenade 23615955803 23126 3204

1721159505.2040005 62572982
cloud_controller_tkemenade 10655548918 35466 8004

1721159505.2045457 62572982
cloud0_tkemenade 23615955803 23134 3206

1721159506.2068648 62573012
cloud_controller_tkemenade 10655548918 35492 8017

1721159506.2073739 62573012
cloud0_tkemenade 23615955803 23142 3208

1721159507.2096486 62573036
cloud_controller_tkemenade 10655548918 35510 8023

1721159507.2102056 62573036
cloud0_tkemenade 23615955803 23148 3209

1721159508.2128086 62573062
cloud_controller_tkemenade 10655548918 35531 8031

1721159508.213324 62573062
cloud0_tkemenade 23615955803 23150 3210

1721159509.2158399 62573096
cloud_controller_tkemenade 10655548918 35552 8039

1721159509.2163403 62573096
cloud0_tkemenade 23615955803 23160 3211

1721159510.218888 62573133
cloud_controller_tkemenade 10655548918 35583 8047

1721159510.2193837 62573133
cloud0_tkemenade 23615955803 23167 3213

1721159511.2218602 62573164
cloud_controller_tkemenade 10655548918 35605 8053

1721159511.2224102 62573164
cloud0_tkemenade 23615955803 23175 3214

1721159511.322872 62573169
cloud_controller_tkemenade 10656209391 35606 8053

1721159511.3233337 62573169
cloud0_tkemenade 23616131149 23175 3214

1721159512.3255541 62573205
cloud_controller_tkemenade 10656209391 35623 8061

1721159512.326054 62573205
cloud0_tkemenade 23616131149 23178 3217

1721159513.3285358 62573228
cloud_controller_tkemenade 10656209391 35644 8066

1721159513.3289554 62573228
cloud0_tkemenade 23616131149 23183 3217

1721159514.33142 62573272
cloud_controller_tkemenade 10656209391 35682 8073

1721159514.3319037 62573272
cloud0_tkemenade 23616131149 23190 3217

1721159515.3343623 62573303
cloud_controller_tkemenade 10656209391 35705 8077

1721159515.3347607 62573303
cloud0_tkemenade 23616131149 23198 3219

1721159516.3371542 62573338
cloud_controller_tkemenade 10656209391 35730 8082

1721159516.3376346 62573338
cloud0_tkemenade 23616131149 23205 3220

1721159517.3401232 62573357
cloud_controller_tkemenade 10656209391 35748 8086

1721159517.3405125 62573357
cloud0_tkemenade 23616131149 23210 3223

1721159518.3430128 62573392
cloud_controller_tkemenade 10656209391 35776 8090

1721159518.3434649 62573392
cloud0_tkemenade 23616131149 23213 3225

1721159518.4439316 62573406
cloud_controller_tkemenade 10656842307 35782 8090

1721159518.4443853 62573406
cloud0_tkemenade 23616279721 23214 3225

1721159519.4468544 62573445
cloud_controller_tkemenade 10656842307 35810 8096

1721159519.447264 62573445
cloud0_tkemenade 23616279721 23224 3225

1721159520.4497623 62573474
cloud_controller_tkemenade 10656842307 35830 8101

1721159520.4501643 62573474
cloud0_tkemenade 23616279721 23232 3226

1721159521.4527109 62573515
cloud_controller_tkemenade 10656842307 35855 8106

1721159521.453203 62573515
cloud0_tkemenade 23616279721 23240 3227

1721159522.4556792 62573544
cloud_controller_tkemenade 10656842307 35875 8112

1721159522.4560523 62573544
cloud0_tkemenade 23616279721 23243 3228

1721159523.4583633 62573590
cloud_controller_tkemenade 10656842307 35918 8120

1721159523.4588025 62573590
cloud0_tkemenade 23616279721 23247 3229

1721159524.4612637 62573629
cloud_controller_tkemenade 10656842307 35954 8127

1721159524.4616642 62573629
cloud0_tkemenade 23616279721 23254 3229

1721159525.4640894 62573657
cloud_controller_tkemenade 10656842307 35976 8131

1721159525.464487 62573657
cloud0_tkemenade 23616279721 23262 3232

1721159525.5649638 62573661
cloud_controller_tkemenade 10657549609 35977 8132

1721159525.5654156 62573661
cloud0_tkemenade 23616443862 23262 3232

1721159526.567856 62573689
cloud_controller_tkemenade 10657549609 35998 8139

1721159526.5682664 62573689
cloud0_tkemenade 23616443862 23268 3233

1721159527.570747 62573721
cloud_controller_tkemenade 10657549609 36017 8144

1721159527.5711453 62573721
cloud0_tkemenade 23616443862 23276 3235

1721159528.5736299 62573748
cloud_controller_tkemenade 10657549609 36043 8152

1721159528.574036 62573748
cloud0_tkemenade 23616443862 23278 3237

1721159529.5764935 62573781
cloud_controller_tkemenade 10657549609 36068 8160

1721159529.5768898 62573781
cloud0_tkemenade 23616443862 23288 3237

1721159530.5793834 62573812
cloud_controller_tkemenade 10657549609 36089 8168

1721159530.579799 62573812
cloud0_tkemenade 23616443862 23295 3238

1721159531.582277 62573847
cloud_controller_tkemenade 10657549609 36113 8176

1721159531.582751 62573847
cloud0_tkemenade 23616443862 23302 3239

1721159532.5851595 62573881
cloud_controller_tkemenade 10658171143 36133 8181

1721159532.5856645 62573881
cloud0_tkemenade 23616594719 23304 3240

1721159533.5881436 62573907
cloud_controller_tkemenade 10658171143 36154 8189

1721159533.588593 62573907
cloud0_tkemenade 23616594719 23308 3242

1721159534.5910482 62573950
cloud_controller_tkemenade 10658171143 36188 8202

1721159534.5914485 62573950
cloud0_tkemenade 23616594719 23316 3243

1721159535.5939105 62573990
cloud_controller_tkemenade 10658171143 36211 8210

1721159535.5943613 62573990
cloud0_tkemenade 23616594719 23331 3245

1721159536.596833 62574025
cloud_controller_tkemenade 10658171143 36237 8215

1721159536.5972707 62574025
cloud0_tkemenade 23616594719 23338 3248

1721159537.5997405 62574051
cloud_controller_tkemenade 10658171143 36256 8220

1721159537.6001422 62574051
cloud0_tkemenade 23616594719 23348 3249

1721159538.6026163 62574079
cloud_controller_tkemenade 10658171143 36281 8225

1721159538.6031296 62574079
cloud0_tkemenade 23616594719 23350 3251

