1723788363.045749 193298142
cloud_controller_tkemenade 42390317483 18324 2961
cloud0_tkemenade 57269762967 14461 2131

1723788364.0487607 193298552
cloud_controller_tkemenade 42390317483 18349 2967

1723788364.0491438 193298555
cloud0_tkemenade 57269762967 14489 2133

1723788365.0516734 193298976
cloud_controller_tkemenade 42391880373 18368 2974

1723788365.0522816 193298976
cloud0_tkemenade 57272205282 14524 2138

1723788366.054879 193299528
cloud_controller_tkemenade 42391880373 18396 2981

1723788366.055499 193299528
cloud0_tkemenade 57272205282 14547 2144

1723788367.05827 193300037
cloud_controller_tkemenade 42391880373 18433 2992

1723788367.0588844 193300037
cloud0_tkemenade 57272205282 14568 2147

1723788368.06171 193300486
cloud_controller_tkemenade 42391880373 18454 2999

1723788368.0623114 193300486
cloud0_tkemenade 57272205282 14604 2150

1723788369.0651393 193300940
cloud_controller_tkemenade 42391880373 18473 3006

1723788369.0655024 193300940
cloud0_tkemenade 57272205282 14616 2152

1723788370.068169 193301397
cloud_controller_tkemenade 42391880373 18490 3013

1723788370.0687406 193301397
cloud0_tkemenade 57272205282 14637 2157

1723788371.0714386 193301938
cloud_controller_tkemenade 42391880373 18511 3019

1723788371.0720372 193301938
cloud0_tkemenade 57272205282 14647 2161

1723788372.0746365 193302358
cloud_controller_tkemenade 42391880373 18535 3026

1723788372.0751863 193302358
cloud0_tkemenade 57272205282 14667 2168

1723788372.1756983 193302386
cloud_controller_tkemenade 42392859400 18536 3027

1723788372.17629 193302386
cloud0_tkemenade 57272979603 14667 2168

1723788373.179197 193302828
cloud_controller_tkemenade 42392859400 18556 3034

1723788373.17984 193302828
cloud0_tkemenade 57272979603 14699 2170

1723788374.1827104 193303270
cloud_controller_tkemenade 42392859400 18578 3044

1723788374.1833713 193303270
cloud0_tkemenade 57272979603 14746 2173

1723788375.18611 193303687
cloud_controller_tkemenade 42392859400 18604 3049

1723788375.1864767 193303687
cloud0_tkemenade 57272979603 14782 2178

1723788376.189066 193304172
cloud_controller_tkemenade 42392859400 18645 3057

1723788376.1897244 193304172
cloud0_tkemenade 57272979603 14802 2181

1723788377.192348 193304579
cloud_controller_tkemenade 42392859400 18667 3064

1723788377.1927652 193304579
cloud0_tkemenade 57272979603 14812 2186

1723788378.1953824 193304957
cloud_controller_tkemenade 42392859400 18698 3071

1723788378.195759 193304957
cloud0_tkemenade 57272979603 14831 2189

1723788379.198362 193305330
cloud_controller_tkemenade 42392859400 18713 3078

1723788379.1989288 193305330
cloud0_tkemenade 57272979603 14849 2191

1723788379.2993746 193305386
cloud_controller_tkemenade 42393878111 18715 3079

1723788379.2998211 193305386
cloud0_tkemenade 57273880266 14853 2191

1723788380.3023193 193305816
cloud_controller_tkemenade 42393878111 18748 3085

1723788380.30289 193305816
cloud0_tkemenade 57273880266 14864 2195

1723788381.3054605 193306416
cloud_controller_tkemenade 42393878111 18763 3091

1723788381.3060036 193306416
cloud0_tkemenade 57273880266 14877 2197

1723788382.3085155 193306865
cloud_controller_tkemenade 42393878111 18790 3101

1723788382.3091402 193306868
cloud0_tkemenade 57273880266 14919 2199

1723788383.31195 193307246
cloud_controller_tkemenade 42393878111 18820 3108

1723788383.3125386 193307246
cloud0_tkemenade 57273880266 14932 2201

1723788384.3152463 193307718
cloud_controller_tkemenade 42393878111 18836 3115

1723788384.3158875 193307718
cloud0_tkemenade 57273880266 14972 2203

1723788385.318825 193308116
cloud_controller_tkemenade 42393878111 18853 3121

1723788385.3194578 193308116
cloud0_tkemenade 57273880266 15000 2212

1723788386.3218849 193308528
cloud_controller_tkemenade 42393878111 18883 3130

1723788386.3222976 193308528
cloud0_tkemenade 57273880266 15029 2215

1723788386.5229266 193308624
cloud_controller_tkemenade 42394962278 18899 3133

1723788386.523533 193308624
cloud0_tkemenade 57274843453 15038 2215

1723788387.5259838 193309045
cloud_controller_tkemenade 42394962278 18929 3142

1723788387.5265598 193309045
cloud0_tkemenade 57274843453 15084 2224

1723788388.5293806 193309450
cloud_controller_tkemenade 42394962278 18949 3149

1723788388.5300283 193309450
cloud0_tkemenade 57274843453 15094 2229

1723788389.5328515 193309954
cloud_controller_tkemenade 42394962278 18974 3157

1723788389.5334697 193309956
cloud0_tkemenade 57274843453 15118 2234

1723788390.5362604 193310398
cloud_controller_tkemenade 42394962278 19014 3167

1723788390.5368505 193310398
cloud0_tkemenade 57274843453 15149 2240

1723788391.5394158 193310937
cloud_controller_tkemenade 42394962278 19030 3173

1723788391.54002 193310937
cloud0_tkemenade 57274843453 15169 2244

1723788392.5427754 193311364
cloud_controller_tkemenade 42394962278 19047 3176

1723788392.54333 193311364
cloud0_tkemenade 57274843453 15187 2250

1723788393.54611 193311804
cloud_controller_tkemenade 42394962278 19073 3183

1723788393.5466714 193311804
cloud0_tkemenade 57274843453 15210 2258

1723788393.6471922 193311844
cloud_controller_tkemenade 42396016071 19074 3183

1723788393.6477537 193311844
cloud0_tkemenade 57275855830 15212 2258

1723788394.6504729 193312232
cloud_controller_tkemenade 42396016071 19098 3189

1723788394.651086 193312232
cloud0_tkemenade 57275855830 15249 2264

1723788395.6537733 193312652
cloud_controller_tkemenade 42396016071 19128 3195

1723788395.6543837 193312652
cloud0_tkemenade 57275855830 15265 2270

1723788396.6573906 193313125
cloud_controller_tkemenade 42396016071 19153 3201

1723788396.658029 193313125
cloud0_tkemenade 57275855830 15292 2276

1723788397.6610227 193313552
cloud_controller_tkemenade 42396016071 19184 3209

1723788397.661668 193313552
cloud0_tkemenade 57275855830 15303 2281

1723788398.6644623 193313989
cloud_controller_tkemenade 42396016071 19200 3217

1723788398.6649342 193313989
cloud0_tkemenade 57275855830 15318 2286

1723788399.6675415 193314412
cloud_controller_tkemenade 42396016071 19217 3223

1723788399.6680179 193314412
cloud0_tkemenade 57275855830 15339 2291

1723788400.6705875 193314947
cloud_controller_tkemenade 42396016071 19243 3230

1723788400.6710606 193314947
cloud0_tkemenade 57275855830 15419 2294

1723788400.8734877 193315063
cloud_controller_tkemenade 42396935924 19247 3231

1723788400.8739138 193315063
cloud0_tkemenade 57276884890 15421 2295

1723788401.8763509 193315607
cloud_controller_tkemenade 42396935924 19263 3237

1723788401.8769164 193315607
cloud0_tkemenade 57276884890 15436 2301

1723788402.8790803 193315975
cloud_controller_tkemenade 42396935924 19278 3247

1723788402.8795838 193315975
cloud0_tkemenade 57276884890 15453 2304

1723788403.881765 193316488
cloud_controller_tkemenade 42396935924 19361 3256

1723788403.8820727 193316488
cloud0_tkemenade 57276884890 15496 2311

1723788404.8842356 193316911
cloud_controller_tkemenade 42396935924 19380 3265

1723788404.884771 193316911
cloud0_tkemenade 57276884890 15535 2319

1723788405.887137 193317336
cloud_controller_tkemenade 42396935924 19405 3273

1723788405.8876963 193317336
cloud0_tkemenade 57276884890 15553 2323

1723788406.8898752 193317809
cloud_controller_tkemenade 42396935924 19420 3279

1723788406.8902767 193317809
cloud0_tkemenade 57276884890 15561 2326

1723788407.8923407 193318294
cloud_controller_tkemenade 42396935924 19455 3288

1723788407.8926733 193318294
cloud0_tkemenade 57276884890 15600 2330

1723788407.99299 193318346
cloud_controller_tkemenade 42398091943 19462 3288

1723788407.9935663 193318346
cloud0_tkemenade 57277830723 15602 2330

1723788408.9956539 193318801
cloud_controller_tkemenade 42398091943 19483 3296

1723788408.9962053 193318801
cloud0_tkemenade 57277830723 15617 2332

1723788409.9984798 193319235
cloud_controller_tkemenade 42398091943 19512 3302

1723788409.9988163 193319235
cloud0_tkemenade 57277830723 15652 2338

1723788411.0008643 193319756
cloud_controller_tkemenade 42398091943 19539 3309

1723788411.0012226 193319758
cloud0_tkemenade 57277830723 15684 2342

1723788412.0034227 193320252
cloud_controller_tkemenade 42398091943 19566 3317

1723788412.0039396 193320252
cloud0_tkemenade 57277830723 15703 2350

1723788413.0062866 193320722
cloud_controller_tkemenade 42398091943 19585 3320

1723788413.0069168 193320722
cloud0_tkemenade 57277830723 15735 2353

1723788414.0093598 193321128
cloud_controller_tkemenade 42398091943 19611 3327

1723788414.0098774 193321128
cloud0_tkemenade 57277830723 15761 2358

1723788415.0120983 193321641
cloud_controller_tkemenade 42398091943 19629 3334

1723788415.0123804 193321641
cloud0_tkemenade 57277830723 15790 2366

1723788415.1126637 193321687
cloud_controller_tkemenade 42399087158 19631 3334

1723788415.112986 193321687
cloud0_tkemenade 57278834823 15792 2366

1723788416.1149101 193322160
cloud_controller_tkemenade 42399087158 19673 3340

1723788416.1154594 193322160
cloud0_tkemenade 57278834823 15825 2372

1723788417.1179433 193322658
cloud_controller_tkemenade 42399087158 19701 3346

1723788417.1184745 193322658
cloud0_tkemenade 57278834823 15859 2379

1723788418.1207786 193323170
cloud_controller_tkemenade 42399087158 19736 3354

1723788418.1213737 193323173
cloud0_tkemenade 57278834823 15872 2381

1723788419.1237366 193323702
cloud_controller_tkemenade 42399087158 19751 3358

1723788419.124261 193323702
cloud0_tkemenade 57278834823 15891 2384

1723788420.1267715 193324216
cloud_controller_tkemenade 42399087158 19788 3364

1723788420.127243 193324216
cloud0_tkemenade 57278834823 15931 2387

1723788421.129682 193324774
cloud_controller_tkemenade 42399087158 19824 3368

1723788421.1300898 193324774
cloud0_tkemenade 57278834823 15948 2392

1723788422.132184 193325340
cloud_controller_tkemenade 42399087158 19850 3375

1723788422.1325138 193325340
cloud0_tkemenade 57278834823 15970 2397

1723788422.2328064 193325406
cloud_controller_tkemenade 42400194265 19850 3376

1723788422.2332025 193325409
cloud0_tkemenade 57279744082 15975 2397

1723788423.2351458 193326068
cloud_controller_tkemenade 42400194265 19870 3381

1723788423.2356744 193326068
cloud0_tkemenade 57279744082 15986 2399

1723788424.2379057 193326529
cloud_controller_tkemenade 42400194265 19889 3389

1723788424.2382524 193326529
cloud0_tkemenade 57279744082 16023 2403

1723788425.240444 193326940
cloud_controller_tkemenade 42400194265 19904 3395

1723788425.240954 193326940
cloud0_tkemenade 57279744082 16052 2408

1723788426.24318 193327351
cloud_controller_tkemenade 42400194265 19934 3402

1723788426.2436967 193327351
cloud0_tkemenade 57279744082 16068 2411

1723788427.245994 193327800
cloud_controller_tkemenade 42400194265 19959 3408

1723788427.2465396 193327800
cloud0_tkemenade 57279744082 16088 2414

1723788428.2486389 193328246
cloud_controller_tkemenade 42400194265 19993 3418

1723788428.2489455 193328246
cloud0_tkemenade 57279744082 16104 2418

1723788429.2507372 193328684
cloud_controller_tkemenade 42400194265 20007 3422

1723788429.2510362 193328684
cloud0_tkemenade 57279744082 16121 2422

1723788429.3513072 193328722
cloud_controller_tkemenade 42401122866 20007 3423

1723788429.3516285 193328722
cloud0_tkemenade 57280530877 16121 2422

1723788430.3535867 193329124
cloud_controller_tkemenade 42401122866 20030 3432

1723788430.3540983 193329124
cloud0_tkemenade 57280530877 16136 2428

1723788431.3562882 193329654
cloud_controller_tkemenade 42401122866 20056 3438

1723788431.3568113 193329654
cloud0_tkemenade 57280530877 16145 2430

1723788432.3591478 193330152
cloud_controller_tkemenade 42401122866 20079 3443

1723788432.35963 193330152
cloud0_tkemenade 57280530877 16169 2433

1723788433.3619854 193330643
cloud_controller_tkemenade 42401122866 20102 3451

1723788433.3623133 193330643
cloud0_tkemenade 57280530877 16179 2437

1723788434.3647275 193331057
cloud_controller_tkemenade 42401122866 20119 3458

1723788434.3652692 193331059
cloud0_tkemenade 57280530877 16220 2441

1723788435.3675044 193331506
cloud_controller_tkemenade 42401122866 20143 3466

1723788435.3680186 193331506
cloud0_tkemenade 57280530877 16258 2446

1723788436.3700566 193331934
cloud_controller_tkemenade 42401122866 20174 3472

1723788436.3703215 193331934
cloud0_tkemenade 57280530877 16269 2447

1723788436.4706163 193331982
cloud_controller_tkemenade 42402118851 20176 3472

1723788436.4709506 193331982
cloud0_tkemenade 57281324911 16269 2447

1723788437.4729438 193332449
cloud_controller_tkemenade 42402118851 20203 3479

1723788437.4733312 193332452
cloud0_tkemenade 57281324911 16282 2449

1723788438.475412 193332904
cloud_controller_tkemenade 42402118851 20231 3486

1723788438.4757345 193332904
cloud0_tkemenade 57281324911 16299 2453

1723788439.4779782 193333355
cloud_controller_tkemenade 42402118851 20246 3491

1723788439.4785035 193333355
cloud0_tkemenade 57281324911 16322 2457

1723788440.480794 193333760
cloud_controller_tkemenade 42402118851 20265 3500

1723788440.4813414 193333762
cloud0_tkemenade 57281324911 16339 2462

1723788441.4835618 193334328
cloud_controller_tkemenade 42402118851 20289 3507

1723788441.4841197 193334328
cloud0_tkemenade 57281324911 16359 2465

1723788442.4862745 193334794
cloud_controller_tkemenade 42402118851 20320 3517

1723788442.4868023 193334794
cloud0_tkemenade 57281324911 16385 2470

1723788443.4890113 193335240
cloud_controller_tkemenade 42402118851 20347 3521

1723788443.489478 193335240
cloud0_tkemenade 57281324911 16408 2473

1723788443.690056 193335365
cloud_controller_tkemenade 42403093317 20351 3522

1723788443.6904407 193335365
cloud0_tkemenade 57282055760 16414 2473

1723788444.6925528 193335863
cloud_controller_tkemenade 42403093317 20370 3527

1723788444.6931214 193335863
cloud0_tkemenade 57282055760 16434 2476

1723788445.695486 193336332
cloud_controller_tkemenade 42403093317 20391 3535

1723788445.696009 193336332
cloud0_tkemenade 57282055760 16482 2484

1723788446.6982121 193336806
cloud_controller_tkemenade 42403093317 20454 3541

1723788446.6987164 193336806
cloud0_tkemenade 57282055760 16503 2487

1723788447.7012267 193337334
cloud_controller_tkemenade 42403093317 20489 3548

1723788447.7017653 193337334
cloud0_tkemenade 57282055760 16537 2490

1723788448.704263 193337850
cloud_controller_tkemenade 42403093317 20516 3558

1723788448.7048237 193337850
cloud0_tkemenade 57282055760 16551 2495

1723788449.7070503 193338320
cloud_controller_tkemenade 42403093317 20543 3567

1723788449.7073824 193338320
cloud0_tkemenade 57282055760 16593 2501

1723788450.709377 193338854
cloud_controller_tkemenade 42404397422 20588 3573

1723788450.7098525 193338854
cloud0_tkemenade 57283319532 16659 2508

1723788451.7120366 193339374
cloud_controller_tkemenade 42404397422 20609 3578

1723788451.712375 193339374
cloud0_tkemenade 57283319532 16678 2513

1723788452.7140641 193339776
cloud_controller_tkemenade 42404397422 20626 3583

1723788452.7145875 193339776
cloud0_tkemenade 57283319532 16696 2515

1723788453.7169394 193340225
cloud_controller_tkemenade 42404397422 20650 3589

1723788453.7175124 193340225
cloud0_tkemenade 57283319532 16727 2518

1723788454.719958 193340766
cloud_controller_tkemenade 42404397422 20669 3599

1723788454.7204483 193340766
cloud0_tkemenade 57283319532 16756 2524

1723788455.7226257 193341247
cloud_controller_tkemenade 42404397422 20693 3606

1723788455.7229517 193341247
cloud0_tkemenade 57283319532 16790 2531

1723788456.7251554 193341665
cloud_controller_tkemenade 42404397422 20720 3614

1723788456.7254984 193341665
cloud0_tkemenade 57283319532 16822 2536

1723788457.7275128 193342175
cloud_controller_tkemenade 42404397422 20743 3621

1723788457.728072 193342175
cloud0_tkemenade 57283319532 16895 2539

1723788457.9287207 193342265
cloud_controller_tkemenade 42405304511 20749 3621

1723788457.9292972 193342267
cloud0_tkemenade 57284530453 16903 2541

1723788458.93127 193342711
cloud_controller_tkemenade 42405304511 20766 3628

1723788458.931851 193342711
cloud0_tkemenade 57284530453 16916 2544

1723788459.9339666 193343163
cloud_controller_tkemenade 42405304511 20783 3633

1723788459.9345136 193343163
cloud0_tkemenade 57284530453 16958 2548

1723788460.9365673 193343661
cloud_controller_tkemenade 42405304511 20813 3641

1723788460.9368725 193343661
cloud0_tkemenade 57284530453 17018 2550

1723788461.9389184 193344133
cloud_controller_tkemenade 42405304511 20831 3645

1723788461.9394517 193344133
cloud0_tkemenade 57284530453 17035 2555

1723788462.9416606 193344554
cloud_controller_tkemenade 42405304511 20854 3651

1723788462.9419405 193344554
cloud0_tkemenade 57284530453 17050 2557

1723788463.943859 193345083
cloud_controller_tkemenade 42405304511 20988 3657

1723788463.9443822 193345083
cloud0_tkemenade 57284530453 17097 2564

1723788464.9465542 193345636
cloud_controller_tkemenade 42405304511 21015 3663

1723788464.9468553 193345636
cloud0_tkemenade 57284530453 17131 2570

1723788465.0471358 193345676
cloud_controller_tkemenade 42406788706 21016 3664

1723788465.0474591 193345676
cloud0_tkemenade 57285771259 17135 2570

1723788466.049361 193346107
cloud_controller_tkemenade 42406788706 21035 3669

1723788466.0496953 193346107
cloud0_tkemenade 57285771259 17153 2576

1723788467.0517478 193346598
cloud_controller_tkemenade 42406788706 21055 3674

1723788467.0520663 193346598
cloud0_tkemenade 57285771259 17166 2578

1723788468.054122 193347044
cloud_controller_tkemenade 42406788706 21083 3682

1723788468.0546613 193347044
cloud0_tkemenade 57285771259 17184 2585

1723788469.0565736 193347505
cloud_controller_tkemenade 42406788706 21108 3690

1723788469.056874 193347505
cloud0_tkemenade 57285771259 17197 2588

1723788470.0587356 193347963
cloud_controller_tkemenade 42406788706 21128 3698

1723788470.0590034 193347963
cloud0_tkemenade 57285771259 17217 2593

1723788471.060776 193348440
cloud_controller_tkemenade 42406788706 21149 3704

1723788471.0612094 193348442
cloud0_tkemenade 57285771259 17231 2595

1723788472.063242 193348955
cloud_controller_tkemenade 42406788706 21183 3709

1723788472.063503 193348955
cloud0_tkemenade 57285771259 17247 2597

1723788472.1637719 193348994
cloud_controller_tkemenade 42407801641 21186 3710

1723788472.1640713 193348994
cloud0_tkemenade 57286448127 17248 2597

1723788473.165837 193349416
cloud_controller_tkemenade 42407801641 21207 3717

1723788473.166365 193349416
cloud0_tkemenade 57286448127 17268 2601

1723788474.168665 193349917
cloud_controller_tkemenade 42407801641 21232 3722

1723788474.169316 193349920
cloud0_tkemenade 57286448127 17308 2605

1723788475.171628 193350390
cloud_controller_tkemenade 42407801641 21259 3728

1723788475.172139 193350390
cloud0_tkemenade 57286448127 17325 2609

1723788476.1745365 193350934
cloud_controller_tkemenade 42407801641 21291 3740

1723788476.1750655 193350934
cloud0_tkemenade 57286448127 17369 2618

1723788477.177518 193351386
cloud_controller_tkemenade 42407801641 21319 3747

1723788477.1780028 193351386
cloud0_tkemenade 57286448127 17415 2623

1723788478.1804 193351878
cloud_controller_tkemenade 42407801641 21345 3752

1723788478.1809034 193351878
cloud0_tkemenade 57286448127 17426 2627

1723788479.182912 193352343
cloud_controller_tkemenade 42407801641 21371 3760

1723788479.1833608 193352343
cloud0_tkemenade 57286448127 17445 2632

1723788479.3839636 193352440
cloud_controller_tkemenade 42408862707 21372 3763

1723788479.3845177 193352440
cloud0_tkemenade 57287482666 17446 2633

1723788480.3867815 193352935
cloud_controller_tkemenade 42408862707 21422 3773

1723788480.3873396 193352935
cloud0_tkemenade 57287482666 17494 2639

1723788481.38948 193353496
cloud_controller_tkemenade 42408862707 21447 3780

1723788481.389789 193353496
cloud0_tkemenade 57287482666 17532 2643

1723788482.3918688 193353995
cloud_controller_tkemenade 42408862707 21474 3787

1723788482.3923948 193353995
cloud0_tkemenade 57287482666 17546 2648

1723788483.3946033 193354470
cloud_controller_tkemenade 42408862707 21497 3795

1723788483.394928 193354470
cloud0_tkemenade 57287482666 17574 2652

1723788484.3971617 193354916
cloud_controller_tkemenade 42408862707 21512 3803

1723788484.3976548 193354916
cloud0_tkemenade 57287482666 17598 2655

1723788485.3998578 193355387
cloud_controller_tkemenade 42408862707 21534 3810

1723788485.400405 193355387
cloud0_tkemenade 57287482666 17641 2659

1723788486.402551 193355921
cloud_controller_tkemenade 42408862707 21562 3816

1723788486.4028723 193355921
cloud0_tkemenade 57287482666 17663 2661

1723788486.503158 193356005
cloud_controller_tkemenade 42409976496 21564 3817

1723788486.5034928 193356005
cloud0_tkemenade 57288587509 17664 2661

1723788487.505735 193356452
cloud_controller_tkemenade 42409976496 21585 3820

1723788487.5062659 193356452
cloud0_tkemenade 57288587509 17676 2664

1723788488.5087442 193356990
cloud_controller_tkemenade 42409976496 21609 3831

1723788488.5093315 193356993
cloud0_tkemenade 57288587509 17693 2669

1723788489.5115924 193357474
cloud_controller_tkemenade 42409976496 21632 3836

1723788489.5121474 193357474
cloud0_tkemenade 57288587509 17717 2672

1723788490.514391 193357909
cloud_controller_tkemenade 42409976496 21655 3845

1723788490.5147128 193357909
cloud0_tkemenade 57288587509 17736 2676

1723788491.5167236 193358538
cloud_controller_tkemenade 42409976496 21735 3850

1723788491.517293 193358542
cloud0_tkemenade 57288587509 17754 2678

1723788492.5196 193358977
cloud_controller_tkemenade 42409976496 21761 3860

1723788492.5199132 193358977
cloud0_tkemenade 57288587509 17779 2682

1723788493.5218675 193359360
cloud_controller_tkemenade 42409976496 21784 3865

1723788493.522211 193359360
cloud0_tkemenade 57288587509 17801 2685

1723788493.722692 193359464
cloud_controller_tkemenade 42411198122 21785 3866

1723788493.7231944 193359464
cloud0_tkemenade 57289352156 17818 2687

1723788494.7251742 193359858
cloud_controller_tkemenade 42411198122 21809 3876

1723788494.7256978 193359858
cloud0_tkemenade 57289352156 17843 2693

1723788495.7280262 193360290
cloud_controller_tkemenade 42411198122 21836 3881

1723788495.72855 193360290
cloud0_tkemenade 57289352156 17883 2699

1723788496.7306848 193360774
cloud_controller_tkemenade 42411198122 21869 3889

1723788496.7310185 193360774
cloud0_tkemenade 57289352156 17894 2700

1723788497.733182 193361194
cloud_controller_tkemenade 42411198122 21887 3895

1723788497.7337203 193361194
cloud0_tkemenade 57289352156 17917 2703

1723788498.7361467 193361664
cloud_controller_tkemenade 42411198122 21920 3903

1723788498.7366662 193361664
cloud0_tkemenade 57289352156 17932 2706

1723788499.7390327 193362068
cloud_controller_tkemenade 42411198122 21939 3910

1723788499.7395616 193362068
cloud0_tkemenade 57289352156 17956 2714

1723788500.7418425 193362554
cloud_controller_tkemenade 42411198122 21969 3916

1723788500.742155 193362554
cloud0_tkemenade 57289352156 17967 2718

1723788500.8424392 193362610
cloud_controller_tkemenade 42412244257 21969 3917

1723788500.842815 193362610
cloud0_tkemenade 57290206053 17970 2718

1723788501.8446186 193363132
cloud_controller_tkemenade 42412244257 22000 3922

1723788501.8449247 193363132
cloud0_tkemenade 57290206053 17980 2724

1723788502.8468316 193363514
cloud_controller_tkemenade 42412244257 22023 3930

1723788502.847122 193363514
cloud0_tkemenade 57290206053 17996 2728

1723788503.8491526 193363920
cloud_controller_tkemenade 42412244257 22046 3936

1723788503.8496704 193363920
cloud0_tkemenade 57290206053 18018 2732

1723788504.8519642 193364405
cloud_controller_tkemenade 42412244257 22065 3941

1723788504.85249 193364405
cloud0_tkemenade 57290206053 18060 2735

1723788505.8548017 193364860
cloud_controller_tkemenade 42412244257 22094 3948

1723788505.855167 193364860
cloud0_tkemenade 57290206053 18105 2742

1723788506.8573148 193365344
cloud_controller_tkemenade 42412244257 22123 3959

1723788506.8576224 193365344
cloud0_tkemenade 57290206053 18149 2745

1723788507.859499 193365745
cloud_controller_tkemenade 42412244257 22145 3968

1723788507.8598402 193365745
cloud0_tkemenade 57290206053 18165 2749

1723788507.9601853 193365779
cloud_controller_tkemenade 42413315364 22146 3969

1723788507.9607136 193365779
cloud0_tkemenade 57291281858 18165 2749

1723788508.9628527 193366280
cloud_controller_tkemenade 42413315364 22171 3976

1723788508.9632318 193366280
cloud0_tkemenade 57291281858 18176 2752

1723788509.9653327 193366681
cloud_controller_tkemenade 42413315364 22201 3981

1723788509.9656866 193366681
cloud0_tkemenade 57291281858 18211 2756

1723788510.9676342 193367170
cloud_controller_tkemenade 42413315364 22232 3989

1723788510.9681463 193367170
cloud0_tkemenade 57291281858 18233 2762

1723788511.9705048 193367680
cloud_controller_tkemenade 42413315364 22260 3999

1723788511.9708908 193367680
cloud0_tkemenade 57291281858 18260 2766

1723788512.9730349 193368132
cloud_controller_tkemenade 42413315364 22278 4005

1723788512.9736168 193368132
cloud0_tkemenade 57291281858 18270 2772

1723788513.9760299 193368507
cloud_controller_tkemenade 42413315364 22297 4011

1723788513.9765935 193368507
cloud0_tkemenade 57291281858 18298 2778

1723788514.9785852 193368871
cloud_controller_tkemenade 42413315364 22316 4017

1723788514.9791088 193368871
cloud0_tkemenade 57291281858 18320 2783

1723788515.2798858 193369008
cloud_controller_tkemenade 42414335132 22324 4019

1723788515.2804682 193369008
cloud0_tkemenade 57292148886 18327 2785

1723788516.282565 193369446
cloud_controller_tkemenade 42414335132 22351 4023

1723788516.2829075 193369446
cloud0_tkemenade 57292148886 18363 2793

1723788517.2850623 193369925
cloud_controller_tkemenade 42414335132 22387 4030

1723788517.285386 193369925
cloud0_tkemenade 57292148886 18389 2796

1723788518.2872965 193370477
cloud_controller_tkemenade 42414335132 22413 4034

1723788518.287817 193370477
cloud0_tkemenade 57292148886 18476 2800

1723788519.289942 193370933
cloud_controller_tkemenade 42414335132 22437 4043

1723788519.290245 193370933
cloud0_tkemenade 57292148886 18488 2805

1723788520.2925606 193371376
cloud_controller_tkemenade 42414335132 22453 4050

1723788520.292871 193371376
cloud0_tkemenade 57292148886 18565 2810

1723788521.2949052 193371974
cloud_controller_tkemenade 42414335132 22474 4057

1723788521.2952335 193371974
cloud0_tkemenade 57292148886 18581 2814

1723788522.2969573 193372380
cloud_controller_tkemenade 42415361670 22492 4065

1723788522.2972524 193372380
cloud0_tkemenade 57293591715 18596 2817

1723788523.2992156 193372789
cloud_controller_tkemenade 42415361670 22542 4074

1723788523.2997136 193372789
cloud0_tkemenade 57293591715 18610 2821

1723788524.302178 193373288
cloud_controller_tkemenade 42415361670 22634 4080

1723788524.3026717 193373288
cloud0_tkemenade 57293591715 18655 2829

1723788525.3049672 193373696
cloud_controller_tkemenade 42415361670 22663 4086

1723788525.3055084 193373696
cloud0_tkemenade 57293591715 18687 2834

1723788526.3077977 193374114
cloud_controller_tkemenade 42415361670 22680 4091

1723788526.30833 193374114
cloud0_tkemenade 57293591715 18723 2839

1723788527.310499 193374590
cloud_controller_tkemenade 42415361670 22707 4098

1723788527.3108232 193374590
cloud0_tkemenade 57293591715 18736 2844

1723788528.3129656 193375090
cloud_controller_tkemenade 42415361670 22737 4106

1723788528.3134828 193375090
cloud0_tkemenade 57293591715 18760 2846

1723788529.3155484 193375492
cloud_controller_tkemenade 42415361670 22759 4112

1723788529.3160815 193375492
cloud0_tkemenade 57293591715 18770 2853

1723788529.4165678 193375520
cloud_controller_tkemenade 42416860252 22759 4114

1723788529.4170957 193375521
cloud0_tkemenade 57294600285 18771 2853

1723788530.4190745 193375977
cloud_controller_tkemenade 42416860252 22782 4120

1723788530.4195738 193375977
cloud0_tkemenade 57294600285 18782 2860

1723788531.4215682 193376460
cloud_controller_tkemenade 42416860252 22805 4127

1723788531.422062 193376460
cloud0_tkemenade 57294600285 18810 2865

1723788532.4242985 193376898
cloud_controller_tkemenade 42416860252 22833 4133

1723788532.4246387 193376898
cloud0_tkemenade 57294600285 18830 2870

1723788533.426845 193377346
cloud_controller_tkemenade 42416860252 22862 4140

1723788533.4273803 193377346
cloud0_tkemenade 57294600285 18847 2876

1723788534.429773 193377858
cloud_controller_tkemenade 42416860252 22879 4146

1723788534.430269 193377858
cloud0_tkemenade 57294600285 18874 2878

1723788535.4324512 193378309
cloud_controller_tkemenade 42416860252 22903 4154

1723788535.4328046 193378309
cloud0_tkemenade 57294600285 18888 2880

1723788536.4348392 193378787
cloud_controller_tkemenade 42416860252 22941 4161

1723788536.4353747 193378787
cloud0_tkemenade 57294600285 18938 2889

1723788536.6359878 193378882
cloud_controller_tkemenade 42417948019 22957 4163

1723788536.6363285 193378882
cloud0_tkemenade 57295540936 18946 2892

1723788537.6383429 193379339
cloud_controller_tkemenade 42417948019 22979 4171

1723788537.63885 193379339
cloud0_tkemenade 57295540936 18974 2900

1723788538.641185 193379883
cloud_controller_tkemenade 42417948019 22998 4176

1723788538.641718 193379883
cloud0_tkemenade 57295540936 18981 2903

1723788539.6439898 193380268
cloud_controller_tkemenade 42417948019 23023 4182

1723788539.6442904 193380268
cloud0_tkemenade 57295540936 18999 2909

1723788540.6463718 193380701
cloud_controller_tkemenade 42417948019 23051 4190

1723788540.6469002 193380701
cloud0_tkemenade 57295540936 19032 2915

1723788541.648943 193381238
cloud_controller_tkemenade 42417948019 23075 4196

1723788541.649267 193381238
cloud0_tkemenade 57295540936 19049 2918

1723788542.6511204 193381635
cloud_controller_tkemenade 42417948019 23095 4201

1723788542.6516347 193381635
cloud0_tkemenade 57295540936 19063 2922

1723788543.654588 193382201
cloud_controller_tkemenade 42417948019 23131 4207

1723788543.6551542 193382201
cloud0_tkemenade 57295540936 19087 2927

1723788543.7556 193382230
cloud_controller_tkemenade 42419022158 23132 4208

1723788543.7559586 193382230
cloud0_tkemenade 57296407021 19089 2927

1723788544.758397 193382649
cloud_controller_tkemenade 42419022158 23150 4215

1723788544.7589877 193382649
cloud0_tkemenade 57296407021 19121 2932

1723788545.7618532 193383066
cloud_controller_tkemenade 42419022158 23169 4223

1723788545.7624307 193383066
cloud0_tkemenade 57296407021 19138 2936

1723788546.765398 193383516
cloud_controller_tkemenade 42419022158 23204 4231

1723788546.7659898 193383516
cloud0_tkemenade 57296407021 19174 2945

1723788547.7688274 193383973
cloud_controller_tkemenade 42419022158 23223 4242

1723788547.769271 193383976
cloud0_tkemenade 57296407021 19189 2950

1723788548.7717185 193384456
cloud_controller_tkemenade 42419022158 23246 4247

1723788548.772286 193384456
cloud0_tkemenade 57296407021 19203 2954

1723788549.774858 193385028
cloud_controller_tkemenade 42419022158 23266 4253

1723788549.7754369 193385028
cloud0_tkemenade 57296407021 19237 2957

1723788550.7780035 193385478
cloud_controller_tkemenade 42419022158 23285 4257

1723788550.778397 193385478
cloud0_tkemenade 57296407021 19252 2960

1723788550.9788208 193385591
cloud_controller_tkemenade 42419967935 23294 4257

1723788550.9791856 193385591
cloud0_tkemenade 57297316596 19256 2961

1723788551.9816196 193386024
cloud_controller_tkemenade 42419967935 23325 4263

1723788551.9821928 193386024
cloud0_tkemenade 57297316596 19274 2967

1723788552.984912 193386523
cloud_controller_tkemenade 42419967935 23352 4271

1723788552.9853106 193386525
cloud0_tkemenade 57297316596 19294 2971

1723788553.9881034 193386961
cloud_controller_tkemenade 42419967935 23372 4278

1723788553.9886925 193386961
cloud0_tkemenade 57297316596 19337 2975

1723788554.9914405 193387436
cloud_controller_tkemenade 42419967935 23394 4287

1723788554.9919941 193387436
cloud0_tkemenade 57297316596 19373 2979

1723788555.9946468 193387812
cloud_controller_tkemenade 42419967935 23427 4293

1723788555.995289 193387812
cloud0_tkemenade 57297316596 19390 2984

1723788556.9982667 193388257
cloud_controller_tkemenade 42419967935 23455 4301

1723788556.9988713 193388257
cloud0_tkemenade 57297316596 19410 2991

1723788558.0015745 193388700
cloud_controller_tkemenade 42419967935 23486 4307

1723788558.0019858 193388700
cloud0_tkemenade 57297316596 19433 2998

1723788558.1023169 193388745
cloud_controller_tkemenade 42421012974 23489 4308

1723788558.1027641 193388745
cloud0_tkemenade 57298226791 19433 2999

1723788559.1051986 193389223
cloud_controller_tkemenade 42421012974 23508 4317

1723788559.1057985 193389223
cloud0_tkemenade 57298226791 19444 3002

1723788560.1085026 193389689
cloud_controller_tkemenade 42421012974 23523 4323

1723788560.1090941 193389690
cloud0_tkemenade 57298226791 19464 3005

1723788561.111911 193390187
cloud_controller_tkemenade 42421012974 23543 4330

1723788561.112592 193390187
cloud0_tkemenade 57298226791 19484 3009

1723788562.115235 193390708
cloud_controller_tkemenade 42421012974 23576 4337

1723788562.1156557 193390708
cloud0_tkemenade 57298226791 19506 3013

1723788563.1182055 193391122
cloud_controller_tkemenade 42421012974 23602 4344

1723788563.1187623 193391122
cloud0_tkemenade 57298226791 19526 3019

1723788564.1215842 193391633
cloud_controller_tkemenade 42421012974 23625 4351

1723788564.1220734 193391633
cloud0_tkemenade 57298226791 19561 3025

1723788565.1248703 193392056
cloud_controller_tkemenade 42421012974 23645 4355

1723788565.1255336 193392057
cloud0_tkemenade 57298226791 19580 3031

1723788565.2259786 193392109
cloud_controller_tkemenade 42421932923 23650 4356

1723788565.2265887 193392109
cloud0_tkemenade 57299022900 19583 3031

1723788566.2294166 193392585
cloud_controller_tkemenade 42421932923 23687 4364

1723788566.2299373 193392585
cloud0_tkemenade 57299022900 19638 3040

1723788567.232482 193393024
cloud_controller_tkemenade 42421932923 23734 4373

1723788567.233134 193393027
cloud0_tkemenade 57299022900 19684 3048

1723788568.2358334 193393574
cloud_controller_tkemenade 42421932923 23764 4380

1723788568.2363887 193393574
cloud0_tkemenade 57299022900 19711 3051

1723788569.239302 193394074
cloud_controller_tkemenade 42421932923 23784 4387

1723788569.239839 193394074
cloud0_tkemenade 57299022900 19725 3057

1723788570.2423732 193394624
cloud_controller_tkemenade 42421932923 23823 4396

1723788570.2429564 193394624
cloud0_tkemenade 57299022900 19757 3065

1723788571.24572 193395167
cloud_controller_tkemenade 42421932923 23853 4405

1723788571.2463138 193395167
cloud0_tkemenade 57299022900 19782 3070

1723788572.249109 193395724
cloud_controller_tkemenade 42421932923 23875 4409

1723788572.249672 193395724
cloud0_tkemenade 57299022900 19801 3072

1723788572.450397 193395819
cloud_controller_tkemenade 42423127841 23879 4410

1723788572.4509926 193395819
cloud0_tkemenade 57300125579 19802 3073

1723788573.4533842 193396274
cloud_controller_tkemenade 42423127841 23907 4421

1723788573.4539595 193396274
cloud0_tkemenade 57300125579 19828 3079

1723788574.4568357 193396764
cloud_controller_tkemenade 42423127841 23927 4424

1723788574.4573646 193396766
cloud0_tkemenade 57300125579 19877 3085

1723788575.460073 193397214
cloud_controller_tkemenade 42423127841 23956 4433

1723788575.4607096 193397214
cloud0_tkemenade 57300125579 19903 3092

1723788576.4634984 193397714
cloud_controller_tkemenade 42423127841 23978 4440

1723788576.4639332 193397714
cloud0_tkemenade 57300125579 19945 3101

1723788577.4665673 193398165
cloud_controller_tkemenade 42423127841 24010 4447

1723788577.4671457 193398165
cloud0_tkemenade 57300125579 19972 3106

1723788578.4698508 193398759
cloud_controller_tkemenade 42423127841 24031 4455

1723788578.4704492 193398759
cloud0_tkemenade 57300125579 20057 3109

1723788579.4730313 193399253
cloud_controller_tkemenade 42423127841 24052 4460

1723788579.4733734 193399253
cloud0_tkemenade 57300125579 20071 3113

1723788579.5736492 193399282
cloud_controller_tkemenade 42424071703 24053 4461

1723788579.5740194 193399282
cloud0_tkemenade 57301437674 20073 3113

1723788580.5765579 193399906
cloud_controller_tkemenade 42424071703 24069 4470

1723788580.5771892 193399908
cloud0_tkemenade 57301437674 20159 3118

1723788581.5796564 193400476
cloud_controller_tkemenade 42424071703 24100 4479

1723788581.580231 193400476
cloud0_tkemenade 57301437674 20179 3123

1723788582.5830476 193400925
cloud_controller_tkemenade 42424071703 24126 4488

1723788582.58369 193400925
cloud0_tkemenade 57301437674 20199 3130

1723788583.5864916 193401460
cloud_controller_tkemenade 42424071703 24232 4495

1723788583.5870562 193401460
cloud0_tkemenade 57301437674 20211 3142

1723788584.589639 193401950
cloud_controller_tkemenade 42424071703 24286 4501

1723788584.5902615 193401950
cloud0_tkemenade 57301437674 20248 3153

1723788585.5931158 193402422
cloud_controller_tkemenade 42424071703 24309 4511

1723788585.593734 193402422
cloud0_tkemenade 57301437674 20270 3161

1723788586.5963209 193402916
cloud_controller_tkemenade 42424071703 24326 4518

1723788586.5966907 193402916
cloud0_tkemenade 57301437674 20296 3167

1723788586.6970165 193402995
cloud_controller_tkemenade 42425539618 24328 4519

1723788586.697455 193402995
cloud0_tkemenade 57302667549 20299 3168

1723788587.7002182 193403470
cloud_controller_tkemenade 42425539618 24355 4532

1723788587.7008278 193403470
cloud0_tkemenade 57302667549 20314 3181

1723788588.703716 193403954
cloud_controller_tkemenade 42425539618 24386 4537

1723788588.704338 193403954
cloud0_tkemenade 57302667549 20321 3190

1723788589.7069938 193404496
cloud_controller_tkemenade 42425539618 24409 4543

1723788589.7076223 193404496
cloud0_tkemenade 57302667549 20343 3196

1723788590.7103698 193405054
cloud_controller_tkemenade 42425539618 24435 4548

1723788590.7107558 193405054
cloud0_tkemenade 57302667549 20353 3202

1723788591.7132554 193405717
cloud_controller_tkemenade 42425539618 24465 4559

1723788591.7138345 193405717
cloud0_tkemenade 57302667549 20380 3204

1723788592.7164297 193406167
cloud_controller_tkemenade 42425539618 24491 4565

1723788592.7169933 193406167
cloud0_tkemenade 57302667549 20413 3210

1723788593.7198253 193406683
cloud_controller_tkemenade 42425539618 24527 4571

1723788593.7203894 193406683
cloud0_tkemenade 57302667549 20441 3213

1723788593.8208482 193406716
cloud_controller_tkemenade 42426608821 24529 4572

1723788593.8214273 193406718
cloud0_tkemenade 57303472596 20442 3213

1723788594.8240926 193407221
cloud_controller_tkemenade 42426608821 24547 4575

1723788594.82446 193407221
cloud0_tkemenade 57303472596 20460 3219

1723788595.8270848 193407715
cloud_controller_tkemenade 42426608821 24583 4584

1723788595.8274992 193407715
cloud0_tkemenade 57303472596 20497 3224

1723788596.8302414 193408282
cloud_controller_tkemenade 42426608821 24608 4605

1723788596.8308363 193408282
cloud0_tkemenade 57303472596 20555 3231

1723788597.8333452 193408792
cloud_controller_tkemenade 42426608821 24648 4610

1723788597.8339486 193408792
cloud0_tkemenade 57303472596 20569 3235

1723788598.836804 193409336
cloud_controller_tkemenade 42426608821 24673 4619

1723788598.8374407 193409337
cloud0_tkemenade 57303472596 20577 3242

1723788599.8401399 193409968
cloud_controller_tkemenade 42426608821 24699 4634

1723788599.8406966 193409968
cloud0_tkemenade 57303472596 20600 3247

1723788600.8433044 193410470
cloud_controller_tkemenade 42426608821 24720 4640

1723788600.8438823 193410470
cloud0_tkemenade 57303472596 20620 3251

1723788601.0444868 193410584
cloud_controller_tkemenade 42427740764 24725 4642

1723788601.044848 193410584
cloud0_tkemenade 57304407306 20622 3251

1723788602.0472016 193411152
cloud_controller_tkemenade 42427740764 24747 4647

1723788602.0477629 193411152
cloud0_tkemenade 57304407306 20646 3257

1723788603.0503452 193411643
cloud_controller_tkemenade 42427740764 24770 4653

1723788603.0508008 193411643
cloud0_tkemenade 57304407306 20662 3261

1723788604.0534618 193412111
cloud_controller_tkemenade 42427740764 24805 4656

1723788604.0540378 193412111
cloud0_tkemenade 57304407306 20695 3264

1723788605.0568495 193412584
cloud_controller_tkemenade 42427740764 24835 4665

1723788605.057482 193412585
cloud0_tkemenade 57304407306 20724 3269

1723788606.0602689 193413081
cloud_controller_tkemenade 42427740764 24862 4672

1723788606.0608277 193413081
cloud0_tkemenade 57304407306 20744 3273

1723788607.0635605 193413654
cloud_controller_tkemenade 42427740764 24884 4680

1723788607.0641332 193413654
cloud0_tkemenade 57304407306 20778 3279

1723788608.0667093 193414202
cloud_controller_tkemenade 42427740764 24912 4689

1723788608.0671997 193414202
cloud0_tkemenade 57304407306 20795 3284

1723788608.2677944 193414283
cloud_controller_tkemenade 42428799224 24918 4689

1723788608.2684157 193414283
cloud0_tkemenade 57305317669 20798 3285

1723788609.2710664 193414784
cloud_controller_tkemenade 42428799224 24946 4694

1723788609.2714732 193414784
cloud0_tkemenade 57305317669 20817 3287

1723788610.2742088 193415283
cloud_controller_tkemenade 42428799224 24964 4702

1723788610.274757 193415283
cloud0_tkemenade 57305317669 20830 3292

1723788611.277556 193415856
cloud_controller_tkemenade 42428799224 24995 4706

1723788611.2781126 193415856
cloud0_tkemenade 57305317669 20846 3298

1723788612.2806776 193416537
cloud_controller_tkemenade 42428799224 25045 4715

1723788612.2810442 193416537
cloud0_tkemenade 57305317669 20866 3302

1723788613.283521 193417017
cloud_controller_tkemenade 42428799224 25078 4721

1723788613.284118 193417017
cloud0_tkemenade 57305317669 20885 3304

1723788614.2896585 193417490
cloud_controller_tkemenade 42428799224 25105 4732

1723788614.291269 193417490
cloud0_tkemenade 57305317669 20940 3308

1723788615.2938037 193417978
cloud_controller_tkemenade 42428799224 25125 4739

1723788615.2943268 193417978
cloud0_tkemenade 57305317669 20969 3313

1723788615.3948493 193418013
cloud_controller_tkemenade 42429946555 25129 4741

1723788615.3953705 193418013
cloud0_tkemenade 57306207073 20970 3313

1723788616.3979578 193418468
cloud_controller_tkemenade 42429946555 25153 4752

1723788616.3985279 193418468
cloud0_tkemenade 57306207073 20990 3317

1723788617.401237 193418927
cloud_controller_tkemenade 42429946555 25180 4760

1723788617.4017932 193418927
cloud0_tkemenade 57306207073 21019 3321

1723788618.4044409 193419453
cloud_controller_tkemenade 42429946555 25216 4770

1723788618.405049 193419456
cloud0_tkemenade 57306207073 21045 3325

1723788619.4077694 193419965
cloud_controller_tkemenade 42429946555 25239 4778

1723788619.4081159 193419965
cloud0_tkemenade 57306207073 21064 3328

1723788620.4105582 193420439
cloud_controller_tkemenade 42429946555 25260 4788

1723788620.411117 193420439
cloud0_tkemenade 57306207073 21078 3331

1723788621.4136825 193421047
cloud_controller_tkemenade 42429946555 25278 4798

1723788621.414252 193421047
cloud0_tkemenade 57306207073 21098 3335

1723788622.4169116 193421503
cloud_controller_tkemenade 42431036139 25305 4807

1723788622.4175136 193421505
cloud0_tkemenade 57306982785 21120 3338

1723788623.4201992 193421995
cloud_controller_tkemenade 42431036139 25328 4816

1723788623.4207752 193421995
cloud0_tkemenade 57306982785 21139 3341

1723788624.423215 193422551
cloud_controller_tkemenade 42431036139 25347 4825

1723788624.4237704 193422551
cloud0_tkemenade 57306982785 21177 3346

1723788625.426566 193423026
cloud_controller_tkemenade 42431036139 25372 4835

1723788625.427151 193423026
cloud0_tkemenade 57306982785 21195 3351

1723788626.4298327 193423518
cloud_controller_tkemenade 42431036139 25409 4843

1723788626.4303062 193423518
cloud0_tkemenade 57306982785 21231 3358

1723788627.432934 193423989
cloud_controller_tkemenade 42431036139 25446 4850

1723788627.4333515 193423991
cloud0_tkemenade 57306982785 21285 3366

1723788628.435693 193424506
cloud_controller_tkemenade 42431036139 25474 4859

1723788628.4360507 193424506
cloud0_tkemenade 57306982785 21298 3369

1723788629.4385495 193424924
cloud_controller_tkemenade 42431036139 25504 4869

1723788629.4390907 193424924
cloud0_tkemenade 57306982785 21316 3373

1723788629.739914 193425072
cloud_controller_tkemenade 42432234953 25515 4873

1723788629.7404907 193425072
cloud0_tkemenade 57308033382 21322 3375

1723788630.7429442 193425565
cloud_controller_tkemenade 42432234953 25549 4882

1723788630.743427 193425565
cloud0_tkemenade 57308033382 21346 3380

1723788631.7461305 193426162
cloud_controller_tkemenade 42432234953 25573 4891

1723788631.7466755 193426162
cloud0_tkemenade 57308033382 21373 3386

1723788632.7491555 193426598
cloud_controller_tkemenade 42432234953 25597 4900

1723788632.7495222 193426598
cloud0_tkemenade 57308033382 21392 3389

1723788633.7520278 193427078
cloud_controller_tkemenade 42432234953 25618 4908

1723788633.7525175 193427078
cloud0_tkemenade 57308033382 21419 3394

1723788634.7550201 193427496
cloud_controller_tkemenade 42432234953 25636 4917

1723788634.7555463 193427496
cloud0_tkemenade 57308033382 21444 3398

1723788635.758118 193427956
cloud_controller_tkemenade 42432234953 25665 4923

1723788635.7586508 193427956
cloud0_tkemenade 57308033382 21460 3402

1723788636.7613788 193428433
cloud_controller_tkemenade 42432234953 25685 4931

1723788636.7619152 193428433
cloud0_tkemenade 57308033382 21492 3407

1723788636.8624208 193428465
cloud_controller_tkemenade 42433311728 25686 4931

1723788636.862987 193428465
cloud0_tkemenade 57308967508 21497 3408

1723788637.8656764 193428918
cloud_controller_tkemenade 42433311728 25712 4938

1723788637.8662188 193428918
cloud0_tkemenade 57308967508 21586 3416

1723788638.8688745 193429425
cloud_controller_tkemenade 42433311728 25732 4948

1723788638.869463 193429426
cloud0_tkemenade 57308967508 21604 3419

1723788639.8720913 193429915
cloud_controller_tkemenade 42433311728 25757 4955

1723788639.8726318 193429915
cloud0_tkemenade 57308967508 21632 3424

1723788640.8749802 193430490
cloud_controller_tkemenade 42433311728 25777 4961

1723788640.8755364 193430490
cloud0_tkemenade 57308967508 21699 3428

1723788641.8780818 193431021
cloud_controller_tkemenade 42433311728 25807 4968

1723788641.878516 193431021
cloud0_tkemenade 57308967508 21717 3433

1723788642.8810923 193431480
cloud_controller_tkemenade 42433311728 25832 4979

1723788642.8816862 193431480
cloud0_tkemenade 57308967508 21742 3435

1723788643.8841326 193432067
cloud_controller_tkemenade 42433311728 25961 4992

1723788643.8844795 193432067
cloud0_tkemenade 57308967508 21776 3443

1723788644.0850084 193432158
cloud_controller_tkemenade 42434912855 25963 4993

1723788644.0854006 193432158
cloud0_tkemenade 57310492842 21779 3443

1723788645.0878508 193432559
cloud_controller_tkemenade 42434912855 25989 4999

1723788645.0884242 193432559
cloud0_tkemenade 57310492842 21820 3448

1723788646.0911179 193433038
cloud_controller_tkemenade 42434912855 26016 5005

1723788646.0917046 193433038
cloud0_tkemenade 57310492842 21835 3450

1723788647.0942361 193433482
cloud_controller_tkemenade 42434912855 26038 5011

1723788647.0947878 193433482
cloud0_tkemenade 57310492842 21861 3456

1723788648.097342 193433972
cloud_controller_tkemenade 42434912855 26079 5023

1723788648.097938 193433972
cloud0_tkemenade 57310492842 21909 3459

1723788649.1007893 193434422
cloud_controller_tkemenade 42434912855 26107 5029

1723788649.1013863 193434426
cloud0_tkemenade 57310492842 21926 3463

1723788650.1042917 193434886
cloud_controller_tkemenade 42434912855 26133 5038

1723788650.1048822 193434886
cloud0_tkemenade 57310492842 21950 3467

1723788651.1074126 193435417
cloud_controller_tkemenade 42434912855 26154 5044

1723788651.107975 193435417
cloud0_tkemenade 57310492842 21981 3472

1723788651.2084808 193435478
cloud_controller_tkemenade 42436015201 26156 5046

1723788651.209071 193435481
cloud0_tkemenade 57311524069 21983 3472

1723788652.2115324 193435913
cloud_controller_tkemenade 42436015201 26189 5054

1723788652.2120898 193435913
cloud0_tkemenade 57311524069 22006 3478

1723788653.2149727 193436348
cloud_controller_tkemenade 42436015201 26219 5062

1723788653.215601 193436348
cloud0_tkemenade 57311524069 22026 3483

1723788654.2179906 193436914
cloud_controller_tkemenade 42436015201 26243 5071

1723788654.218393 193436914
cloud0_tkemenade 57311524069 22064 3488

1723788655.221125 193437351
cloud_controller_tkemenade 42436015201 26268 5080

1723788655.2216804 193437351
cloud0_tkemenade 57311524069 22080 3492

1723788656.2244947 193437832
cloud_controller_tkemenade 42436015201 26295 5089

1723788656.225125 193437834
cloud0_tkemenade 57311524069 22112 3495

1723788657.2279353 193438342
cloud_controller_tkemenade 42436015201 26327 5096

1723788657.2285619 193438342
cloud0_tkemenade 57311524069 22177 3502

1723788658.2308233 193438800
cloud_controller_tkemenade 42436015201 26361 5104

1723788658.2311652 193438800
cloud0_tkemenade 57311524069 22189 3504

1723788658.3314533 193438837
cloud_controller_tkemenade 42437178743 26362 5104

1723788658.3317978 193438837
cloud0_tkemenade 57312586242 22190 3504

1723788659.3343399 193439282
cloud_controller_tkemenade 42437178743 26387 5113

1723788659.3350444 193439282
cloud0_tkemenade 57312586242 22210 3507

1723788660.337812 193439769
cloud_controller_tkemenade 42437178743 26432 5121

1723788660.338234 193439769
cloud0_tkemenade 57312586242 22251 3514

1723788661.3407235 193440314
cloud_controller_tkemenade 42437178743 26453 5128

1723788661.3413064 193440315
cloud0_tkemenade 57312586242 22273 3516

1723788662.34372 193440746
cloud_controller_tkemenade 42437178743 26480 5136

1723788662.344284 193440746
cloud0_tkemenade 57312586242 22287 3522

1723788663.3467844 193441202
cloud_controller_tkemenade 42437178743 26505 5145

1723788663.3473692 193441202
cloud0_tkemenade 57312586242 22306 3532

1723788664.3498676 193441821
cloud_controller_tkemenade 42437178743 26520 5152

1723788664.3504314 193441821
cloud0_tkemenade 57312586242 22338 3533

1723788665.3531847 193442279
cloud_controller_tkemenade 42437178743 26541 5163

1723788665.353782 193442279
cloud0_tkemenade 57312586242 22363 3539

1723788665.5544198 193442354
cloud_controller_tkemenade 42438249987 26545 5163

1723788665.554822 193442354
cloud0_tkemenade 57313519117 22364 3539

1723788666.5572317 193442751
cloud_controller_tkemenade 42438249987 26570 5173

1723788666.5578167 193442751
cloud0_tkemenade 57313519117 22389 3541

1723788667.560382 193443184
cloud_controller_tkemenade 42438249987 26590 5180

1723788667.5609322 193443184
cloud0_tkemenade 57313519117 22418 3545

1723788668.5635476 193443641
cloud_controller_tkemenade 42438249987 26614 5190

1723788668.5641608 193443641
cloud0_tkemenade 57313519117 22437 3548

1723788669.5667317 193444064
cloud_controller_tkemenade 42438249987 26637 5196

1723788669.5672863 193444064
cloud0_tkemenade 57313519117 22453 3553

1723788670.5699446 193444440
cloud_controller_tkemenade 42438249987 26654 5206

1723788670.570509 193444440
cloud0_tkemenade 57313519117 22465 3556

1723788671.573164 193444995
cloud_controller_tkemenade 42438249987 26679 5213

1723788671.5737007 193444995
cloud0_tkemenade 57313519117 22477 3560

1723788672.576267 193445367
cloud_controller_tkemenade 42438249987 26698 5220

1723788672.576836 193445367
cloud0_tkemenade 57313519117 22500 3565

1723788672.7776322 193445460
cloud_controller_tkemenade 42439262035 26700 5221

1723788672.7781594 193445460
cloud0_tkemenade 57314293595 22501 3565

1723788673.7803664 193445852
cloud_controller_tkemenade 42439262035 26727 5229

1723788673.7807403 193445852
cloud0_tkemenade 57314293595 22533 3570

1723788674.7828975 193446242
cloud_controller_tkemenade 42439262035 26751 5240

1723788674.7832358 193446242
cloud0_tkemenade 57314293595 22555 3575

1723788675.7853105 193446708
cloud_controller_tkemenade 42439262035 26782 5248

1723788675.7856581 193446708
cloud0_tkemenade 57314293595 22605 3580

1723788676.7878246 193447147
cloud_controller_tkemenade 42439262035 26800 5256

1723788676.7881916 193447147
cloud0_tkemenade 57314293595 22615 3584

1723788677.7902913 193447593
cloud_controller_tkemenade 42439262035 26818 5262

1723788677.7906613 193447593
cloud0_tkemenade 57314293595 22651 3590

1723788678.7930043 193448011
cloud_controller_tkemenade 42439262035 26863 5270

1723788678.7933626 193448011
cloud0_tkemenade 57314293595 22664 3593

1723788679.7952845 193448412
cloud_controller_tkemenade 42439262035 26882 5277

1723788679.795625 193448412
cloud0_tkemenade 57314293595 22685 3597

1723788679.9960878 193448472
cloud_controller_tkemenade 42440360845 26887 5277

1723788679.9964118 193448472
cloud0_tkemenade 57315274351 22686 3597

1723788680.9984133 193448988
cloud_controller_tkemenade 42440360845 26905 5282

1723788680.9987283 193448988
cloud0_tkemenade 57315274351 22699 3600

1723788682.000771 193449432
cloud_controller_tkemenade 42440360845 26928 5291

1723788682.0012338 193449434
cloud0_tkemenade 57315274351 22720 3604

1723788683.003505 193449820
cloud_controller_tkemenade 42440360845 26950 5301

1723788683.004033 193449820
cloud0_tkemenade 57315274351 22741 3607

1723788684.0062478 193450261
cloud_controller_tkemenade 42440360845 26980 5308

1723788684.0065625 193450261
cloud0_tkemenade 57315274351 22776 3612

1723788685.0088909 193450706
cloud_controller_tkemenade 42440360845 26996 5315

1723788685.0094736 193450708
cloud0_tkemenade 57315274351 22795 3617

1723788686.0116878 193451171
cloud_controller_tkemenade 42440360845 27030 5324

1723788686.012248 193451171
cloud0_tkemenade 57315274351 22833 3620

1723788687.0141542 193451606
cloud_controller_tkemenade 42441468427 27057 5335

1723788687.014675 193451606
cloud0_tkemenade 57316295628 22869 3627

1723788688.0169113 193452012
cloud_controller_tkemenade 42441468427 27082 5347

1723788688.017399 193452013
cloud0_tkemenade 57316295628 22890 3635

1723788689.0196044 193452444
cloud_controller_tkemenade 42441468427 27103 5352

1723788689.0199444 193452444
cloud0_tkemenade 57316295628 22903 3639

1723788690.0218558 193452857
cloud_controller_tkemenade 42441468427 27140 5361

1723788690.0223002 193452857
cloud0_tkemenade 57316295628 22938 3645

1723788691.02473 193453330
cloud_controller_tkemenade 42441468427 27172 5371

1723788691.0253065 193453332
cloud0_tkemenade 57316295628 22956 3649

1723788692.027679 193453832
cloud_controller_tkemenade 42441468427 27194 5379

1723788692.027983 193453832
cloud0_tkemenade 57316295628 22993 3652

1723788693.030028 193454224
cloud_controller_tkemenade 42441468427 27215 5387

1723788693.030353 193454224
cloud0_tkemenade 57316295628 23007 3656

1723788694.0325367 193454616
cloud_controller_tkemenade 42441468427 27239 5398

1723788694.0330887 193454617
cloud0_tkemenade 57316295628 23041 3659

1723788694.1335225 193454692
cloud_controller_tkemenade 42442650977 27242 5398

1723788694.1338398 193454692
cloud0_tkemenade 57317285893 23044 3659

1723788695.1359785 193455062
cloud_controller_tkemenade 42442650977 27260 5405

1723788695.1363125 193455062
cloud0_tkemenade 57317285893 23066 3663

1723788696.1386049 193455484
cloud_controller_tkemenade 42442650977 27290 5413

1723788696.1391234 193455484
cloud0_tkemenade 57317285893 23083 3665

1723788697.1416423 193455943
cloud_controller_tkemenade 42442650977 27320 5419

1723788697.1421971 193455943
cloud0_tkemenade 57317285893 23117 3668

1723788698.1443572 193456469
cloud_controller_tkemenade 42442650977 27347 5429

1723788698.144678 193456469
cloud0_tkemenade 57317285893 23229 3678

1723788699.146612 193456919
cloud_controller_tkemenade 42442650977 27368 5436

1723788699.1469278 193456919
cloud0_tkemenade 57317285893 23243 3680

1723788700.1490128 193457363
cloud_controller_tkemenade 42442650977 27386 5443

1723788700.149362 193457363
cloud0_tkemenade 57317285893 23315 3683

1723788701.1511848 193457844
cloud_controller_tkemenade 42442650977 27405 5451

1723788701.151498 193457844
cloud0_tkemenade 57317285893 23333 3685

1723788701.3519666 193457987
cloud_controller_tkemenade 42443682635 27408 5453

1723788701.3523638 193457987
cloud0_tkemenade 57318775029 23336 3686

1723788702.3545074 193458378
cloud_controller_tkemenade 42443682635 27425 5460

1723788702.3550398 193458378
cloud0_tkemenade 57318775029 23352 3693

1723788703.3573487 193458835
cloud_controller_tkemenade 42443682635 27488 5469

1723788703.357719 193458835
cloud0_tkemenade 57318775029 23374 3698

1723788704.359999 193459316
cloud_controller_tkemenade 42443682635 27590 5476

1723788704.3605351 193459316
cloud0_tkemenade 57318775029 23416 3704

1723788705.3629644 193459720
cloud_controller_tkemenade 42443682635 27609 5481

1723788705.363512 193459720
cloud0_tkemenade 57318775029 23457 3708

1723788706.3659225 193460138
cloud_controller_tkemenade 42443682635 27634 5488

1723788706.3664472 193460138
cloud0_tkemenade 57318775029 23469 3712

1723788707.368761 193460599
cloud_controller_tkemenade 42443682635 27648 5495

1723788707.369071 193460601
cloud0_tkemenade 57318775029 23486 3716

1723788708.3708503 193461031
cloud_controller_tkemenade 42443682635 27686 5503

1723788708.3711574 193461031
cloud0_tkemenade 57318775029 23513 3722

1723788708.4715192 193461056
cloud_controller_tkemenade 42445258622 27687 5504

1723788708.4720623 193461056
cloud0_tkemenade 57319801808 23514 3722

1723788709.4742827 193461442
cloud_controller_tkemenade 42445258622 27710 5513

1723788709.4749804 193461442
cloud0_tkemenade 57319801808 23532 3725

1723788710.4772856 193461869
cloud_controller_tkemenade 42445258622 27735 5521

1723788710.4778223 193461869
cloud0_tkemenade 57319801808 23550 3728

1723788711.4801643 193462436
cloud_controller_tkemenade 42445258622 27756 5527

1723788711.480772 193462436
cloud0_tkemenade 57319801808 23573 3732

1723788712.4831939 193462870
cloud_controller_tkemenade 42445258622 27783 5536

1723788712.4839897 193462870
cloud0_tkemenade 57319801808 23598 3739

1723788713.486275 193463278
cloud_controller_tkemenade 42445258622 27814 5543

1723788713.4865932 193463278
cloud0_tkemenade 57319801808 23620 3743

1723788714.488849 193463721
cloud_controller_tkemenade 42445258622 27830 5552

1723788714.489402 193463727
cloud0_tkemenade 57319801808 23652 3746

1723788715.4914937 193464150
cloud_controller_tkemenade 42445258622 27851 5558

1723788715.4917917 193464150
cloud0_tkemenade 57319801808 23665 3750

1723788715.592097 193464185
cloud_controller_tkemenade 42446306918 27855 5558

1723788715.5926542 193464185
cloud0_tkemenade 57320658635 23670 3751

1723788716.5949311 193464622
cloud_controller_tkemenade 42446306918 27904 5570

1723788716.5954702 193464622
cloud0_tkemenade 57320658635 23712 3756

1723788717.5980682 193465131
cloud_controller_tkemenade 42446306918 27923 5575

1723788717.5986276 193465131
cloud0_tkemenade 57320658635 23748 3761

1723788718.6011202 193465591
cloud_controller_tkemenade 42446306918 27949 5585

1723788718.6016653 193465591
cloud0_tkemenade 57320658635 23763 3763

1723788719.6043158 193466022
cloud_controller_tkemenade 42446306918 27984 5595

1723788719.604912 193466022
cloud0_tkemenade 57320658635 23782 3766

1723788720.607407 193466562
cloud_controller_tkemenade 42446306918 28030 5603

1723788720.6079595 193466562
cloud0_tkemenade 57320658635 23813 3769

1723788721.6104414 193467066
cloud_controller_tkemenade 42446306918 28053 5608

1723788721.6108649 193467066
cloud0_tkemenade 57320658635 23836 3772

1723788722.6128573 193467562
cloud_controller_tkemenade 42446306918 28076 5613

1723788722.613204 193467566
cloud0_tkemenade 57320658635 23852 3778

1723788722.7135239 193467617
cloud_controller_tkemenade 42447619356 28077 5614

1723788722.7140684 193467617
cloud0_tkemenade 57321669629 23854 3778

1723788723.7163908 193468036
cloud_controller_tkemenade 42447619356 28110 5621

1723788723.716696 193468036
cloud0_tkemenade 57321669629 23878 3783

1723788724.7187502 193468474
cloud_controller_tkemenade 42447619356 28130 5630

1723788724.7193115 193468474
cloud0_tkemenade 57321669629 23903 3795

1723788725.7216587 193468852
cloud_controller_tkemenade 42447619356 28148 5635

1723788725.7221882 193468852
cloud0_tkemenade 57321669629 23910 3807

1723788726.724688 193469280
cloud_controller_tkemenade 42447619356 28182 5643

1723788726.7252007 193469282
cloud0_tkemenade 57321669629 23946 3813

1723788727.7275512 193469930
cloud_controller_tkemenade 42447619356 28203 5649

1723788727.7280035 193469930
cloud0_tkemenade 57321669629 23980 3818

1723788728.7300584 193470390
cloud_controller_tkemenade 42447619356 28229 5657

1723788728.730454 193470390
cloud0_tkemenade 57321669629 24002 3820

1723788729.7327793 193470882
cloud_controller_tkemenade 42447619356 28255 5665

1723788729.7333531 193470886
cloud0_tkemenade 57321669629 24016 3827

1723788729.8338046 193470964
cloud_controller_tkemenade 42448689122 28256 5666

1723788729.8343387 193470964
cloud0_tkemenade 57322655308 24016 3828

1723788730.8366249 193471412
cloud_controller_tkemenade 42448689122 28278 5673

1723788730.8372083 193471413
cloud0_tkemenade 57322655308 24020 3842

1723788731.8397856 193471914
cloud_controller_tkemenade 42448689122 28313 5683

1723788731.8403187 193471914
cloud0_tkemenade 57322655308 24032 3850

1723788732.842662 193472287
cloud_controller_tkemenade 42448689122 28353 5692

1723788732.8431928 193472287
cloud0_tkemenade 57322655308 24050 3854

1723788733.845748 193472766
cloud_controller_tkemenade 42448689122 28384 5700

1723788733.846294 193472766
cloud0_tkemenade 57322655308 24090 3858

1723788734.8486614 193473148
cloud_controller_tkemenade 42448689122 28409 5711

1723788734.8489807 193473148
cloud0_tkemenade 57322655308 24112 3859

1723788735.8512409 193473588
cloud_controller_tkemenade 42448689122 28439 5716

1723788735.851757 193473588
cloud0_tkemenade 57322655308 24142 3865

1723788736.854237 193473976
cloud_controller_tkemenade 42448689122 28465 5723

1723788736.8545687 193473976
cloud0_tkemenade 57322655308 24153 3867

1723788737.0550768 193474066
cloud_controller_tkemenade 42449956276 28468 5725

1723788737.0556307 193474066
cloud0_tkemenade 57323493797 24155 3868

1723788738.0581067 193474499
cloud_controller_tkemenade 42449956276 28501 5731

1723788738.0586462 193474499
cloud0_tkemenade 57323493797 24189 3873

1723788739.0611823 193474970
cloud_controller_tkemenade 42449956276 28529 5741

1723788739.0617766 193474970
cloud0_tkemenade 57323493797 24205 3876

1723788740.0642345 193475435
cloud_controller_tkemenade 42449956276 28547 5745

1723788740.0648346 193475435
cloud0_tkemenade 57323493797 24224 3882

1723788741.0673409 193475906
cloud_controller_tkemenade 42449956276 28572 5754

1723788741.0679176 193475906
cloud0_tkemenade 57323493797 24249 3885

1723788742.070192 193476381
cloud_controller_tkemenade 42449956276 28603 5761

1723788742.070547 193476381
cloud0_tkemenade 57323493797 24269 3889

1723788743.072791 193476795
cloud_controller_tkemenade 42449956276 28626 5771

1723788743.073361 193476796
cloud0_tkemenade 57323493797 24289 3893

1723788744.0755053 193477251
cloud_controller_tkemenade 42449956276 28660 5779

1723788744.075847 193477251
cloud0_tkemenade 57323493797 24322 3897

1723788745.077688 193477606
cloud_controller_tkemenade 42449956276 28679 5785

1723788745.0782247 193477606
cloud0_tkemenade 57323493797 24342 3903

1723788746.0806396 193478014
cloud_controller_tkemenade 42449956276 28704 5795

1723788746.0809886 193478014
cloud0_tkemenade 57323493797 24378 3912

1723788747.0832274 193478487
cloud_controller_tkemenade 42449956276 28743 5801

1723788747.0835943 193478487
cloud0_tkemenade 57323493797 24421 3916

1723788748.0857422 193478908
cloud_controller_tkemenade 42449956276 28769 5810

1723788748.0861325 193478908
cloud0_tkemenade 57323493797 24459 3922

1723788749.0882795 193479428
cloud_controller_tkemenade 42449956276 28800 5816

1723788749.0888143 193479428
cloud0_tkemenade 57323493797 24468 3926

1723788750.0910625 193479879
cloud_controller_tkemenade 42449956276 28831 5824

1723788750.0915942 193479879
cloud0_tkemenade 57323493797 24511 3932

1723788751.0939167 193480301
cloud_controller_tkemenade 42449956276 28859 5831

1723788751.094415 193480301
cloud0_tkemenade 57323493797 24523 3938

1723788751.3951976 193480481
cloud_controller_tkemenade 42451156280 28867 5835

1723788751.3957446 193480481
cloud0_tkemenade 57324684535 24543 3938

1723788752.3977115 193480893
cloud_controller_tkemenade 42451156280 28884 5842

1723788752.3982685 193480893
cloud0_tkemenade 57324684535 24559 3942

1723788753.40058 193481325
cloud_controller_tkemenade 42451156280 28911 5851

1723788753.4011402 193481327
cloud0_tkemenade 57324684535 24582 3946

1723788754.4031987 193481728
cloud_controller_tkemenade 42451156280 28929 5858

1723788754.4036129 193481728
cloud0_tkemenade 57324684535 24605 3951

1723788755.4056914 193482085
cloud_controller_tkemenade 42451156280 28948 5866

1723788755.4059935 193482085
cloud0_tkemenade 57324684535 24625 3957

1723788756.4079258 193482471
cloud_controller_tkemenade 42451156280 28971 5872

1723788756.40845 193482471
cloud0_tkemenade 57324684535 24655 3962

1723788757.4110568 193482885
cloud_controller_tkemenade 42451156280 29001 5880

1723788757.411592 193482885
cloud0_tkemenade 57324684535 24675 3966

1723788758.4137156 193483379
cloud_controller_tkemenade 42451156280 29021 5885

1723788758.4140778 193483379
cloud0_tkemenade 57324684535 24765 3972

1723788758.5143108 193483428
cloud_controller_tkemenade 42452143961 29023 5887

1723788758.5146651 193483428
cloud0_tkemenade 57325903778 24766 3972

1723788759.51697 193483893
cloud_controller_tkemenade 42452143961 29055 5893

1723788759.5175035 193483893
cloud0_tkemenade 57325903778 24783 3976

1723788760.5197601 193484432
cloud_controller_tkemenade 42452143961 29073 5899

1723788760.5200803 193484432
cloud0_tkemenade 57325903778 24867 3979

1723788761.522446 193484933
cloud_controller_tkemenade 42452143961 29097 5905

1723788761.5229807 193484933
cloud0_tkemenade 57325903778 24883 3985

1723788762.5254016 193485360
cloud_controller_tkemenade 42452143961 29119 5913

1723788762.525923 193485360
cloud0_tkemenade 57325903778 24899 3988

1723788763.5283043 193485899
cloud_controller_tkemenade 42452143961 29212 5919

1723788763.5286474 193485899
cloud0_tkemenade 57325903778 24950 3992

1723788764.5310059 193486362
cloud_controller_tkemenade 42452143961 29287 5929

1723788764.531524 193486362
cloud0_tkemenade 57325903778 24997 3998

1723788765.5338275 193486797
cloud_controller_tkemenade 42452143961 29308 5936

1723788765.5341547 193486797
cloud0_tkemenade 57325903778 25028 4004

1723788765.734646 193486852
cloud_controller_tkemenade 42453764962 29309 5937

1723788765.7351649 193486852
cloud0_tkemenade 57327327565 25029 4005

1723788766.7375576 193487238
cloud_controller_tkemenade 42453764962 29332 5945

1723788766.7380996 193487238
cloud0_tkemenade 57327327565 25039 4008

1723788767.7406547 193487667
cloud_controller_tkemenade 42453764962 29360 5950

1723788767.7412186 193487669
cloud0_tkemenade 57327327565 25061 4011

1723788768.7437313 193488124
cloud_controller_tkemenade 42453764962 29394 5960

1723788768.7442794 193488124
cloud0_tkemenade 57327327565 25082 4019

1723788769.7466953 193488588
cloud_controller_tkemenade 42453764962 29427 5967

1723788769.747235 193488588
cloud0_tkemenade 57327327565 25101 4024

1723788770.749758 193489104
cloud_controller_tkemenade 42453764962 29450 5972

1723788770.75033 193489104
cloud0_tkemenade 57327327565 25111 4028

1723788771.7527406 193489576
cloud_controller_tkemenade 42453764962 29485 5976

1723788771.7530692 193489578
cloud0_tkemenade 57327327565 25128 4034

1723788772.7548478 193490032
cloud_controller_tkemenade 42453764962 29509 5985

1723788772.755161 193490032
cloud0_tkemenade 57327327565 25170 4037

1723788772.8553746 193490069
cloud_controller_tkemenade 42454941588 29510 5986

1723788772.8557155 193490069
cloud0_tkemenade 57328148357 25170 4038

1723788773.8580272 193490519
cloud_controller_tkemenade 42454941588 29534 5992

1723788773.858664 193490519
cloud0_tkemenade 57328148357 25197 4041

1723788774.8609006 193491001
cloud_controller_tkemenade 42454941588 29556 5999

1723788774.8613498 193491003
cloud0_tkemenade 57328148357 25223 4043

1723788775.8637474 193491440
cloud_controller_tkemenade 42454941588 29589 6004

1723788775.8641589 193491440
cloud0_tkemenade 57328148357 25257 4051

1723788776.866563 193491892
cloud_controller_tkemenade 42454941588 29630 6015

1723788776.866959 193491892
cloud0_tkemenade 57328148357 25294 4055

1723788777.8694332 193492309
cloud_controller_tkemenade 42454941588 29653 6021

1723788777.8699849 193492309
cloud0_tkemenade 57328148357 25313 4060

1723788778.8721342 193492800
cloud_controller_tkemenade 42454941588 29677 6029

1723788778.8724747 193492800
cloud0_tkemenade 57328148357 25332 4064

1723788779.8746371 193493195
cloud_controller_tkemenade 42454941588 29715 6036

1723788779.875175 193493195
cloud0_tkemenade 57328148357 25367 4066

1723788780.0758317 193493286
cloud_controller_tkemenade 42456083131 29717 6037

1723788780.0763493 193493286
cloud0_tkemenade 57329157162 25372 4067

1723788781.078581 193493790
cloud_controller_tkemenade 42456083131 29743 6046

1723788781.0790954 193493790
cloud0_tkemenade 57329157162 25388 4071

1723788782.0812013 193494246
cloud_controller_tkemenade 42456083131 29758 6053

1723788782.0815237 193494246
cloud0_tkemenade 57329157162 25404 4074

1723788783.0838687 193494647
cloud_controller_tkemenade 42456083131 29778 6065

1723788783.0844014 193494647
cloud0_tkemenade 57329157162 25416 4079

1723788784.0865912 193495112
cloud_controller_tkemenade 42456083131 29807 6072

1723788784.0869615 193495112
cloud0_tkemenade 57329157162 25450 4083

1723788785.089317 193495623
cloud_controller_tkemenade 42456083131 29829 6080

1723788785.0898273 193495623
cloud0_tkemenade 57329157162 25476 4087

1723788786.0919976 193495996
cloud_controller_tkemenade 42456083131 29851 6088

1723788786.0923269 193495996
cloud0_tkemenade 57329157162 25500 4091

1723788787.0943134 193496402
cloud_controller_tkemenade 42456083131 29867 6098

1723788787.0946426 193496402
cloud0_tkemenade 57329157162 25517 4095

1723788787.1949453 193496445
cloud_controller_tkemenade 42457127276 29869 6098

1723788787.1952999 193496445
cloud0_tkemenade 57330024831 25519 4095

1723788788.1973064 193496833
cloud_controller_tkemenade 42457127276 29890 6105

1723788788.1978328 193496833
cloud0_tkemenade 57330024831 25547 4099

1723788789.2003226 193497277
cloud_controller_tkemenade 42457127276 29923 6109

1723788789.200874 193497277
cloud0_tkemenade 57330024831 25572 4105

1723788790.2030404 193497653
cloud_controller_tkemenade 42457127276 29945 6116

1723788790.203382 193497653
cloud0_tkemenade 57330024831 25596 4108

1723788791.205816 193498236
cloud_controller_tkemenade 42457127276 29968 6128

1723788791.2063653 193498236
cloud0_tkemenade 57330024831 25608 4113

1723788792.2087033 193498727
cloud_controller_tkemenade 42457127276 30053 6133

1723788792.2092779 193498729
cloud0_tkemenade 57330024831 25627 4117

1723788793.2116144 193499170
cloud_controller_tkemenade 42457127276 30080 6144

1723788793.2121632 193499170
cloud0_tkemenade 57330024831 25650 4121

1723788794.2145538 193499632
cloud_controller_tkemenade 42457127276 30104 6151

1723788794.2150686 193499632
cloud0_tkemenade 57330024831 25694 4126

1723788794.3155146 193499677
cloud_controller_tkemenade 42458506681 30105 6151

1723788794.3158784 193499677
cloud0_tkemenade 57331010798 25695 4126

1723788795.3180027 193500104
cloud_controller_tkemenade 42458506681 30132 6159

1723788795.3185523 193500104
cloud0_tkemenade 57331010798 25723 4130

1723788796.320999 193500526
cloud_controller_tkemenade 42458506681 30167 6164

1723788796.321537 193500526
cloud0_tkemenade 57331010798 25735 4134

1723788797.3241167 193500982
cloud_controller_tkemenade 42458506681 30192 6171

1723788797.324492 193500982
cloud0_tkemenade 57331010798 25750 4138

1723788798.326757 193501490
cloud_controller_tkemenade 42458506681 30225 6178

1723788798.3273087 193501490
cloud0_tkemenade 57331010798 25799 4143

1723788799.3297026 193501968
cloud_controller_tkemenade 42458506681 30254 6186

1723788799.3302984 193501968
cloud0_tkemenade 57331010798 25826 4147

1723788800.332595 193502396
cloud_controller_tkemenade 42458506681 30280 6195

1723788800.3330133 193502396
cloud0_tkemenade 57331010798 25843 4150

1723788801.334967 193502933
cloud_controller_tkemenade 42458506681 30304 6206

1723788801.335328 193502933
cloud0_tkemenade 57331010798 25862 4155

1723788801.43565 193502980
cloud_controller_tkemenade 42459613245 30305 6206

1723788801.436028 193502980
cloud0_tkemenade 57331869038 25862 4156

1723788802.4382837 193503394
cloud_controller_tkemenade 42459613245 30333 6214

1723788802.4386513 193503394
cloud0_tkemenade 57331869038 25879 4160

1723788803.440917 193503890
cloud_controller_tkemenade 42459613245 30361 6222

1723788803.441336 193503890
cloud0_tkemenade 57331869038 25902 4165

1723788804.44336 193504312
cloud_controller_tkemenade 42459613245 30380 6229

1723788804.4438934 193504312
cloud0_tkemenade 57331869038 25943 4168

1723788805.4462366 193504704
cloud_controller_tkemenade 42459613245 30401 6235

1723788805.4467773 193504704
cloud0_tkemenade 57331869038 25956 4173

1723788806.4491575 193505128
cloud_controller_tkemenade 42459613245 30435 6242

1723788806.4497604 193505128
cloud0_tkemenade 57331869038 25986 4179

1723788807.4520245 193505545
cloud_controller_tkemenade 42459613245 30469 6253

1723788807.4525476 193505545
cloud0_tkemenade 57331869038 26031 4185

1723788808.4548264 193505932
cloud_controller_tkemenade 42459613245 30491 6258

1723788808.4551725 193505932
cloud0_tkemenade 57331869038 26056 4192

1723788808.6557655 193506002
cloud_controller_tkemenade 42460736234 30493 6261

1723788808.6563454 193506002
cloud0_tkemenade 57332950090 26059 4192

1723788809.6587424 193506457
cloud_controller_tkemenade 42460736234 30530 6271

1723788809.6590743 193506457
cloud0_tkemenade 57332950090 26081 4196

1723788810.661345 193506865
cloud_controller_tkemenade 42460736234 30570 6279

1723788810.6617079 193506865
cloud0_tkemenade 57332950090 26112 4200

1723788811.663949 193507389
cloud_controller_tkemenade 42460736234 30602 6286

1723788811.6644893 193507389
cloud0_tkemenade 57332950090 26142 4206

1723788812.6668289 193507880
cloud_controller_tkemenade 42460736234 30616 6294

1723788812.6673555 193507880
cloud0_tkemenade 57332950090 26160 4209

1723788813.669798 193508362
cloud_controller_tkemenade 42460736234 30650 6301

1723788813.6703253 193508362
cloud0_tkemenade 57332950090 26199 4213

1723788814.6728842 193508782
cloud_controller_tkemenade 42460736234 30675 6306

1723788814.6734486 193508784
cloud0_tkemenade 57332950090 26220 4218

1723788815.675752 193509186
cloud_controller_tkemenade 42460736234 30699 6315

1723788815.6760602 193509186
cloud0_tkemenade 57332950090 26238 4223

1723788815.87655 193509248
cloud_controller_tkemenade 42461966297 30701 6317

1723788815.8768673 193509248
cloud0_tkemenade 57333942527 26242 4224

1723788816.8789988 193509683
cloud_controller_tkemenade 42461966297 30724 6323

1723788816.8794284 193509683
cloud0_tkemenade 57333942527 26265 4228

1723788817.8819633 193510138
cloud_controller_tkemenade 42461966297 30745 6328

1723788817.882531 193510138
cloud0_tkemenade 57333942527 26346 4231

1723788818.8850288 193510588
cloud_controller_tkemenade 42461966297 30763 6335

1723788818.8855765 193510588
cloud0_tkemenade 57333942527 26373 4237

1723788819.88801 193511068
cloud_controller_tkemenade 42461966297 30801 6346

1723788819.8883362 193511068
cloud0_tkemenade 57333942527 26405 4243

1723788820.8904183 193511627
cloud_controller_tkemenade 42461966297 30820 6353

1723788820.8907464 193511627
cloud0_tkemenade 57333942527 26484 4246

1723788821.8928838 193512090
cloud_controller_tkemenade 42461966297 30849 6363

1723788821.8934212 193512092
cloud0_tkemenade 57333942527 26504 4253

1723788822.895957 193512509
cloud_controller_tkemenade 42461966297 30870 6370

1723788822.8964689 193512509
cloud0_tkemenade 57333942527 26519 4257

1723788822.9969625 193512561
cloud_controller_tkemenade 42463054594 30874 6370

1723788822.9975014 193512561
cloud0_tkemenade 57335461307 26519 4257

1723788823.9996643 193513142
cloud_controller_tkemenade 42463054594 31015 6374

1723788824.0000064 193513142
cloud0_tkemenade 57335461307 26572 4261

1723788825.002125 193513584
cloud_controller_tkemenade 42463054594 31043 6380

1723788825.0026467 193513584
cloud0_tkemenade 57335461307 26608 4266

1723788826.0052419 193513966
cloud_controller_tkemenade 42463054594 31069 6386

1723788826.005804 193513966
cloud0_tkemenade 57335461307 26623 4273

1723788827.008359 193514417
cloud_controller_tkemenade 42463054594 31114 6392

1723788827.0089417 193514417
cloud0_tkemenade 57335461307 26639 4275

1723788828.0115879 193514887
cloud_controller_tkemenade 42463054594 31150 6402

1723788828.0119812 193514887
cloud0_tkemenade 57335461307 26665 4279

1723788829.0141687 193515360
cloud_controller_tkemenade 42463054594 31168 6410

1723788829.0145175 193515360
cloud0_tkemenade 57335461307 26689 4286

1723788830.0168295 193515802
cloud_controller_tkemenade 42464764327 31196 6419

1723788830.017188 193515806
cloud0_tkemenade 57336469728 26708 4291

1723788831.0193055 193516252
cloud_controller_tkemenade 42464764327 31211 6424

1723788831.0196388 193516252
cloud0_tkemenade 57336469728 26729 4294

1723788832.0218565 193516720
cloud_controller_tkemenade 42464764327 31242 6432

1723788832.022235 193516720
cloud0_tkemenade 57336469728 26749 4298

1723788833.0242622 193517165
cloud_controller_tkemenade 42464764327 31262 6436

1723788833.0245817 193517165
cloud0_tkemenade 57336469728 26762 4302

1723788834.0264797 193517696
cloud_controller_tkemenade 42464764327 31290 6443

1723788834.026869 193517696
cloud0_tkemenade 57336469728 26812 4307

1723788835.0291967 193518169
cloud_controller_tkemenade 42464764327 31315 6446

1723788835.0297458 193518169
cloud0_tkemenade 57336469728 26829 4311

1723788836.0321705 193518579
cloud_controller_tkemenade 42464764327 31349 6455

1723788836.0326962 193518579
cloud0_tkemenade 57336469728 26873 4318

1723788837.0347369 193519064
cloud_controller_tkemenade 42464764327 31380 6461

1723788837.0350668 193519064
cloud0_tkemenade 57336469728 26910 4325

1723788837.2354817 193519153
cloud_controller_tkemenade 42465846354 31386 6464

1723788837.2358053 193519153
cloud0_tkemenade 57337607482 26917 4327

1723788838.2380757 193519582
cloud_controller_tkemenade 42465846354 31402 6470

1723788838.2386124 193519582
cloud0_tkemenade 57337607482 26929 4331

1723788839.2411442 193520040
cloud_controller_tkemenade 42465846354 31425 6477

1723788839.2416894 193520040
cloud0_tkemenade 57337607482 26961 4333

1723788840.2440238 193520476
cloud_controller_tkemenade 42465846354 31474 6488

1723788840.2443948 193520476
cloud0_tkemenade 57337607482 26998 4338

1723788841.246401 193520951
cloud_controller_tkemenade 42465846354 31497 6497

1723788841.2467103 193520951
cloud0_tkemenade 57337607482 27021 4344

1723788842.2486906 193521392
cloud_controller_tkemenade 42465846354 31514 6504

1723788842.2490914 193521394
cloud0_tkemenade 57337607482 27035 4347

1723788843.2513437 193521790
cloud_controller_tkemenade 42465846354 31542 6511

1723788843.2518828 193521790
cloud0_tkemenade 57337607482 27046 4351

1723788844.2539122 193522256
cloud_controller_tkemenade 42465846354 31560 6517

1723788844.2542522 193522256
cloud0_tkemenade 57337607482 27077 4355

1723788844.354551 193522289
cloud_controller_tkemenade 42466944218 31561 6518

1723788844.3548603 193522289
cloud0_tkemenade 57338519992 27078 4355

1723788845.3567762 193522732
cloud_controller_tkemenade 42466944218 31586 6523

1723788845.3573446 193522734
cloud0_tkemenade 57338519992 27101 4359

1723788846.3598137 193523158
cloud_controller_tkemenade 42466944218 31608 6533

1723788846.3604248 193523158
cloud0_tkemenade 57338519992 27140 4361

1723788847.3628483 193523566
cloud_controller_tkemenade 42466944218 31638 6542

1723788847.3634071 193523566
cloud0_tkemenade 57338519992 27160 4366

1723788848.365619 193524095
cloud_controller_tkemenade 42466944218 31658 6548

1723788848.3661385 193524095
cloud0_tkemenade 57338519992 27186 4369

1723788849.3685338 193524564
cloud_controller_tkemenade 42466944218 31679 6555

1723788849.3691213 193524566
cloud0_tkemenade 57338519992 27212 4374

1723788850.371547 193525031
cloud_controller_tkemenade 42466944218 31702 6561

1723788850.3718808 193525031
cloud0_tkemenade 57338519992 27230 4378

1723788851.3742085 193525504
cloud_controller_tkemenade 42466944218 31732 6567

1723788851.3745697 193525504
cloud0_tkemenade 57338519992 27244 4383

1723788851.575113 193525653
cloud_controller_tkemenade 42467974904 31736 6568

1723788851.575475 193525653
cloud0_tkemenade 57339431045 27248 4384

1723788852.5775676 193526033
cloud_controller_tkemenade 42467974904 31753 6576

1723788852.578159 193526033
cloud0_tkemenade 57339431045 27264 4389

1723788853.580658 193526503
cloud_controller_tkemenade 42467974904 31790 6584

1723788853.5812457 193526505
cloud0_tkemenade 57339431045 27284 4394

1723788854.5837648 193527048
cloud_controller_tkemenade 42467974904 31814 6591

1723788854.584289 193527048
cloud0_tkemenade 57339431045 27319 4402

1723788855.5867558 193527458
cloud_controller_tkemenade 42467974904 31837 6599

1723788855.587307 193527458
cloud0_tkemenade 57339431045 27350 4407

1723788856.5897446 193527852
cloud_controller_tkemenade 42467974904 31866 6603

1723788856.5902755 193527852
cloud0_tkemenade 57339431045 27361 4411

1723788857.5929198 193528248
cloud_controller_tkemenade 42467974904 31889 6611

1723788857.593488 193528250
cloud0_tkemenade 57339431045 27381 4415

1723788858.595905 193528681
cloud_controller_tkemenade 42467974904 31915 6618

1723788858.596299 193528681
cloud0_tkemenade 57339431045 27405 4418

1723788858.7968788 193528765
cloud_controller_tkemenade 42469026390 31917 6619

1723788858.797454 193528766
cloud0_tkemenade 57340306531 27415 4419

1723788859.7999241 193529171
cloud_controller_tkemenade 42469026390 31958 6625

1723788859.800248 193529171
cloud0_tkemenade 57340306531 27430 4425

1723788860.802538 193529629
cloud_controller_tkemenade 42469026390 31971 6632

1723788860.8030794 193529629
cloud0_tkemenade 57340306531 27443 4428

1723788861.805426 193530129
cloud_controller_tkemenade 42469026390 32013 6640

1723788861.8059745 193530129
cloud0_tkemenade 57340306531 27459 4432

1723788862.808587 193530525
cloud_controller_tkemenade 42469026390 32038 6643

1723788862.8092017 193530527
cloud0_tkemenade 57340306531 27475 4437

1723788863.811779 193530991
cloud_controller_tkemenade 42469026390 32065 6658

1723788863.8123455 193530991
cloud0_tkemenade 57340306531 27506 4443

1723788864.8148096 193531501
cloud_controller_tkemenade 42469026390 32088 6664

1723788864.8153548 193531501
cloud0_tkemenade 57340306531 27531 4449

1723788865.8178468 193531933
cloud_controller_tkemenade 42469026390 32114 6670

1723788865.8184128 193531933
cloud0_tkemenade 57340306531 27564 4456

1723788865.918929 193531967
cloud_controller_tkemenade 42470194975 32116 6670

1723788865.919512 193531967
cloud0_tkemenade 57341218027 27564 4456

1723788866.9218256 193532446
cloud_controller_tkemenade 42470194975 32155 6679

1723788866.9223776 193532446
cloud0_tkemenade 57341218027 27595 4461

1723788867.925133 193532888
cloud_controller_tkemenade 42470194975 32182 6691

1723788867.9257443 193532888
cloud0_tkemenade 57341218027 27611 4465

1723788868.928508 193533338
cloud_controller_tkemenade 42470194975 32203 6696

1723788868.9290724 193533340
cloud0_tkemenade 57341218027 27639 4474

1723788869.9318526 193533772
cloud_controller_tkemenade 42470194975 32250 6705

1723788869.932451 193533772
cloud0_tkemenade 57341218027 27672 4480

1723788870.935064 193534278
cloud_controller_tkemenade 42470194975 32274 6710

1723788870.935628 193534278
cloud0_tkemenade 57341218027 27689 4484

1723788871.937953 193534738
cloud_controller_tkemenade 42470194975 32297 6722

1723788871.9385371 193534738
cloud0_tkemenade 57341218027 27710 4486

1723788872.9411354 193535146
cloud_controller_tkemenade 42470194975 32312 6732

1723788872.941709 193535146
cloud0_tkemenade 57341218027 27738 4490

1723788873.1424844 193535232
cloud_controller_tkemenade 42471370954 32318 6733

1723788873.143112 193535232
cloud0_tkemenade 57342159711 27740 4490

1723788874.1456082 193535660
cloud_controller_tkemenade 42471370954 32347 6740

1723788874.1459553 193535660
cloud0_tkemenade 57342159711 27781 4497

1723788875.1486485 193536106
cloud_controller_tkemenade 42471370954 32371 6744

1723788875.149011 193536106
cloud0_tkemenade 57342159711 27801 4501

1723788876.151401 193536550
cloud_controller_tkemenade 42471370954 32384 6761

1723788876.1519666 193536550
cloud0_tkemenade 57342159711 27818 4506

1723788877.154545 193536970
cloud_controller_tkemenade 42471370954 32412 6770

1723788877.1551101 193536970
cloud0_tkemenade 57342159711 27845 4509

1723788878.1576953 193537454
cloud_controller_tkemenade 42471370954 32438 6778

1723788878.1582437 193537454
cloud0_tkemenade 57342159711 27938 4512

1723788879.1608558 193537918
cloud_controller_tkemenade 42471370954 32459 6784

1723788879.1614835 193537918
cloud0_tkemenade 57342159711 27974 4517

1723788880.165203 193538474
cloud_controller_tkemenade 42471370954 32486 6798

1723788880.165706 193538474
cloud0_tkemenade 57342159711 28051 4522

1723788880.2661698 193538518
cloud_controller_tkemenade 42472461675 32487 6799

1723788880.2667706 193538518
cloud0_tkemenade 57343734183 28065 4523

1723788881.2692053 193539051
cloud_controller_tkemenade 42472461675 32510 6806

1723788881.2697794 193539051
cloud0_tkemenade 57343734183 28081 4528

1723788882.2723448 193539501
cloud_controller_tkemenade 42472461675 32533 6814

1723788882.2728865 193539501
cloud0_tkemenade 57343734183 28101 4533

1723788883.2754285 193539931
cloud_controller_tkemenade 42472461675 32580 6824

1723788883.2760267 193539931
cloud0_tkemenade 57343734183 28114 4537

1723788884.278781 193540484
cloud_controller_tkemenade 42472461675 32682 6829

1723788884.2791586 193540484
cloud0_tkemenade 57343734183 28169 4542

1723788885.2816477 193540924
cloud_controller_tkemenade 42472461675 32706 6837

1723788885.282212 193540924
cloud0_tkemenade 57343734183 28202 4546

1723788886.2848177 193541392
cloud_controller_tkemenade 42472461675 32728 6846

1723788886.2854433 193541393
cloud0_tkemenade 57343734183 28218 4548

1723788887.2880592 193541786
cloud_controller_tkemenade 42472461675 32749 6855

1723788887.2886047 193541786
cloud0_tkemenade 57343734183 28229 4551

1723788887.4891486 193541876
cloud_controller_tkemenade 42473917675 32752 6856

1723788887.4895062 193541876
cloud0_tkemenade 57344665661 28231 4552

1723788888.4918153 193542264
cloud_controller_tkemenade 42473917675 32784 6864

1723788888.4923744 193542264
cloud0_tkemenade 57344665661 28248 4560

1723788889.4947822 193542725
cloud_controller_tkemenade 42473917675 32806 6867

1723788889.4951336 193542725
cloud0_tkemenade 57344665661 28279 4565

1723788890.4976366 193543140
cloud_controller_tkemenade 42473917675 32843 6877

1723788890.4981983 193543140
cloud0_tkemenade 57344665661 28295 4568

1723788891.500697 193543623
cloud_controller_tkemenade 42473917675 32866 6883

1723788891.501279 193543625
cloud0_tkemenade 57344665661 28319 4572

1723788892.5038283 193544060
cloud_controller_tkemenade 42473917675 32897 6891

1723788892.5044203 193544060
cloud0_tkemenade 57344665661 28337 4574

1723788893.5069582 193544488
cloud_controller_tkemenade 42473917675 32921 6898

1723788893.5074916 193544488
cloud0_tkemenade 57344665661 28357 4578

1723788894.5101662 193545034
cloud_controller_tkemenade 42473917675 32943 6906

1723788894.510529 193545034
cloud0_tkemenade 57344665661 28396 4583

1723788894.7109857 193545118
cloud_controller_tkemenade 42475043150 32945 6908

1723788894.711596 193545118
cloud0_tkemenade 57345584416 28397 4584

1723788895.7142549 193545553
cloud_controller_tkemenade 42475043150 32985 6914

1723788895.7148228 193545553
cloud0_tkemenade 57345584416 28430 4591

1723788896.7173939 193545993
cloud_controller_tkemenade 42475043150 33016 6922

1723788896.7179976 193545993
cloud0_tkemenade 57345584416 28466 4593

1723788897.7208123 193546485
cloud_controller_tkemenade 42475043150 33041 6932

1723788897.7214336 193546487
cloud0_tkemenade 57345584416 28492 4599

1723788898.724217 193546938
cloud_controller_tkemenade 42475043150 33063 6940

1723788898.7248054 193546938
cloud0_tkemenade 57345584416 28507 4602

1723788899.7275512 193547410
cloud_controller_tkemenade 42475043150 33097 6948

1723788899.7281413 193547410
cloud0_tkemenade 57345584416 28544 4605

1723788900.730737 193547982
cloud_controller_tkemenade 42475043150 33146 6958

1723788900.7312975 193547982
cloud0_tkemenade 57345584416 28577 4611

1723788901.733795 193548452
cloud_controller_tkemenade 42476309724 33167 6969

1723788901.7341442 193548452
cloud0_tkemenade 57346632461 28600 4616

1723788902.7366457 193548820
cloud_controller_tkemenade 42476309724 33183 6973

1723788902.737276 193548822
cloud0_tkemenade 57346632461 28617 4620

1723788903.7398643 193549257
cloud_controller_tkemenade 42476309724 33213 6984

1723788903.7402654 193549257
cloud0_tkemenade 57346632461 28640 4626

1723788904.7428634 193549774
cloud_controller_tkemenade 42476309724 33231 6992

1723788904.7433264 193549774
cloud0_tkemenade 57346632461 28658 4643

1723788905.745859 193550318
cloud_controller_tkemenade 42476309724 33255 7001

1723788905.7464218 193550318
cloud0_tkemenade 57346632461 28666 4657

1723788906.7491834 193550812
cloud_controller_tkemenade 42476309724 33286 7004

1723788906.749749 193550812
cloud0_tkemenade 57346632461 28692 4663

1723788907.7526255 193551286
cloud_controller_tkemenade 42476309724 33315 7012

1723788907.7532635 193551288
cloud0_tkemenade 57346632461 28707 4669

1723788908.756025 193551720
cloud_controller_tkemenade 42476309724 33337 7020

1723788908.7593744 193551722
cloud0_tkemenade 57346632461 28725 4672

1723788908.9600773 193551828
cloud_controller_tkemenade 42477296513 33340 7020

1723788908.9604416 193551828
cloud0_tkemenade 57347442247 28728 4673

1723788909.962937 193552289
cloud_controller_tkemenade 42477296513 33356 7031

1723788909.963393 193552289
cloud0_tkemenade 57347442247 28753 4682

1723788910.9660418 193552766
cloud_controller_tkemenade 42477296513 33390 7036

1723788910.9665945 193552766
cloud0_tkemenade 57347442247 28764 4688

1723788911.9691775 193553320
cloud_controller_tkemenade 42477296513 33454 7042

1723788911.96973 193553320
cloud0_tkemenade 57347442247 28786 4692

1723788912.9723744 193553751
cloud_controller_tkemenade 42477296513 33474 7049

1723788912.9729626 193553751
cloud0_tkemenade 57347442247 28795 4703

1723788913.9757335 193554315
cloud_controller_tkemenade 42477296513 33509 7055

1723788913.9761863 193554315
cloud0_tkemenade 57347442247 28844 4720

1723788914.9789143 193554778
cloud_controller_tkemenade 42477296513 33528 7060

1723788914.9795005 193554778
cloud0_tkemenade 57347442247 28861 4739

1723788915.9823127 193555204
cloud_controller_tkemenade 42477296513 33565 7069

1723788915.982868 193555204
cloud0_tkemenade 57347442247 28873 4742

1723788916.1834815 193555292
cloud_controller_tkemenade 42478533936 33570 7070

1723788916.1838472 193555292
cloud0_tkemenade 57348420570 28874 4743

1723788917.1861646 193555750
cloud_controller_tkemenade 42478533936 33587 7078

1723788917.1867535 193555750
cloud0_tkemenade 57348420570 28891 4744

1723788918.189196 193556204
cloud_controller_tkemenade 42478533936 33621 7084

1723788918.1897407 193556204
cloud0_tkemenade 57348420570 28915 4750

1723788919.1923187 193556684
cloud_controller_tkemenade 42478533936 33638 7089

1723788919.1929502 193556684
cloud0_tkemenade 57348420570 28934 4755

1723788920.1956723 193557118
cloud_controller_tkemenade 42478533936 33664 7100

1723788920.1961215 193557118
cloud0_tkemenade 57348420570 28962 4762

1723788921.1988792 193557615
cloud_controller_tkemenade 42478533936 33682 7109

1723788921.1994386 193557615
cloud0_tkemenade 57348420570 28977 4768

1723788922.202161 193558077
cloud_controller_tkemenade 42478533936 33719 7120

1723788922.2027147 193558077
cloud0_tkemenade 57348420570 28996 4770

1723788923.205403 193558580
cloud_controller_tkemenade 42478533936 33744 7126

1723788923.205987 193558580
cloud0_tkemenade 57348420570 29013 4773

1723788923.3064644 193558617
cloud_controller_tkemenade 42479610301 33746 7129

1723788923.3070612 193558617
cloud0_tkemenade 57349178510 29013 4773

1723788924.3096924 193559070
cloud_controller_tkemenade 42479610301 33768 7138

1723788924.3102934 193559070
cloud0_tkemenade 57349178510 29075 4781

1723788925.3130453 193559552
cloud_controller_tkemenade 42479610301 33790 7146

1723788925.3136783 193559552
cloud0_tkemenade 57349178510 29090 4786

1723788926.316485 193560061
cloud_controller_tkemenade 42479610301 33829 7157

1723788926.3169203 193560061
cloud0_tkemenade 57349178510 29150 4789

1723788927.3193736 193560556
cloud_controller_tkemenade 42479610301 33867 7161

1723788927.3199532 193560556
cloud0_tkemenade 57349178510 29192 4797

1723788928.322539 193561017
cloud_controller_tkemenade 42479610301 33887 7167

1723788928.3229256 193561017
cloud0_tkemenade 57349178510 29204 4801

1723788929.325457 193561466
cloud_controller_tkemenade 42479610301 33901 7175

1723788929.3260446 193561466
cloud0_tkemenade 57349178510 29237 4804

1723788930.3288887 193561952
cloud_controller_tkemenade 42479610301 33950 7189

1723788930.3295012 193561953
cloud0_tkemenade 57349178510 29279 4812

1723788930.5302205 193562062
cloud_controller_tkemenade 42480706879 33953 7189

1723788930.5307536 193562062
cloud0_tkemenade 57350444109 29282 4813

1723788931.5333285 193562636
cloud_controller_tkemenade 42480706879 33975 7196

1723788931.5338802 193562636
cloud0_tkemenade 57350444109 29301 4816

1723788932.536453 193563023
cloud_controller_tkemenade 42480706879 33998 7204

1723788932.5370133 193563023
cloud0_tkemenade 57350444109 29323 4820

1723788933.5398147 193563466
cloud_controller_tkemenade 42480706879 34026 7209

1723788933.540411 193563466
cloud0_tkemenade 57350444109 29347 4825

1723788934.5429795 193563908
cloud_controller_tkemenade 42480706879 34044 7216

1723788934.543581 193563908
cloud0_tkemenade 57350444109 29379 4831

1723788935.5460372 193564354
cloud_controller_tkemenade 42480706879 34071 7226

1723788935.5465662 193564354
cloud0_tkemenade 57350444109 29401 4836

1723788936.549258 193564765
cloud_controller_tkemenade 42480706879 34095 7237

1723788936.5498807 193564765
cloud0_tkemenade 57350444109 29430 4840

1723788937.5524132 193565283
cloud_controller_tkemenade 42480706879 34120 7245

1723788937.5527887 193565283
cloud0_tkemenade 57350444109 29475 4843

1723788937.6530948 193565338
cloud_controller_tkemenade 42481733539 34122 7245

1723788937.653491 193565338
cloud0_tkemenade 57351493686 29495 4843

1723788938.6557925 193565794
cloud_controller_tkemenade 42481733539 34144 7252

1723788938.6563673 193565794
cloud0_tkemenade 57351493686 29530 4847

1723788939.6588628 193566286
cloud_controller_tkemenade 42481733539 34157 7259

1723788939.6594281 193566286
cloud0_tkemenade 57351493686 29568 4854

1723788940.6620655 193566769
cloud_controller_tkemenade 42481733539 34186 7268

1723788940.6626291 193566769
cloud0_tkemenade 57351493686 29650 4859

1723788941.6654599 193567305
cloud_controller_tkemenade 42481733539 34215 7275

1723788941.6660242 193567305
cloud0_tkemenade 57351493686 29666 4865

1723788942.6688552 193567685
cloud_controller_tkemenade 42481733539 34239 7282

1723788942.6694324 193567687
cloud0_tkemenade 57351493686 29682 4869

1723788943.6722996 193568177
cloud_controller_tkemenade 42481733539 34353 7284

1723788943.672887 193568177
cloud0_tkemenade 57351493686 29706 4872

1723788944.6754138 193568673
cloud_controller_tkemenade 42481733539 34394 7291

1723788944.6760113 193568673
cloud0_tkemenade 57351493686 29767 4878

1723788944.976956 193568811
cloud_controller_tkemenade 42483249276 34397 7292

1723788944.9775765 193568811
cloud0_tkemenade 57353065735 29785 4879

1723788945.9802248 193569239
cloud_controller_tkemenade 42483249276 34422 7298

1723788945.980777 193569239
cloud0_tkemenade 57353065735 29802 4883

1723788946.9832177 193569667
cloud_controller_tkemenade 42483249276 34448 7306

1723788946.9835835 193569667
cloud0_tkemenade 57353065735 29813 4886

1723788947.9859793 193570092
cloud_controller_tkemenade 42483249276 34478 7313

1723788947.986573 193570092
cloud0_tkemenade 57353065735 29849 4890

1723788948.9892135 193570593
cloud_controller_tkemenade 42483249276 34498 7324

1723788948.9897707 193570593
cloud0_tkemenade 57353065735 29870 4892

1723788949.9924495 193571074
cloud_controller_tkemenade 42483249276 34518 7330

1723788949.993054 193571076
cloud0_tkemenade 57353065735 29899 4902

1723788950.9959319 193571574
cloud_controller_tkemenade 42483249276 34550 7342

1723788950.9965384 193571574
cloud0_tkemenade 57353065735 29920 4909

1723788951.9991553 193572027
cloud_controller_tkemenade 42484329015 34582 7351

1723788951.9995131 193572027
cloud0_tkemenade 57353911898 29937 4912

1723788953.0018482 193572430
cloud_controller_tkemenade 42484329015 34599 7365

1723788953.0023944 193572430
cloud0_tkemenade 57353911898 29963 4915

1723788954.0051286 193572902
cloud_controller_tkemenade 42484329015 34623 7374

1723788954.0056624 193572902
cloud0_tkemenade 57353911898 29996 4919

1723788955.0082178 193573338
cloud_controller_tkemenade 42484329015 34642 7382

1723788955.008802 193573338
cloud0_tkemenade 57353911898 30025 4923

1723788956.0111701 193573816
cloud_controller_tkemenade 42484329015 34675 7395

1723788956.011708 193573816
cloud0_tkemenade 57353911898 30065 4931

1723788957.014465 193574282
cloud_controller_tkemenade 42484329015 34712 7403

1723788957.015031 193574282
cloud0_tkemenade 57353911898 30106 4934

1723788958.0176244 193574744
cloud_controller_tkemenade 42484329015 34729 7412

1723788958.0182147 193574744
cloud0_tkemenade 57353911898 30122 4937

1723788959.020968 193575178
cloud_controller_tkemenade 42484329015 34747 7423

1723788959.0213523 193575178
cloud0_tkemenade 57353911898 30132 4941

1723788959.1216571 193575252
cloud_controller_tkemenade 42485433952 34750 7424

1723788959.1220183 193575252
cloud0_tkemenade 57354956481 30136 4942

1723788960.1241608 193575678
cloud_controller_tkemenade 42485433952 34776 7435

1723788960.1247127 193575678
cloud0_tkemenade 57354956481 30176 4952

1723788961.1273856 193576228
cloud_controller_tkemenade 42485433952 34818 7446

1723788961.1279464 193576228
cloud0_tkemenade 57354956481 30194 4955

1723788962.1305754 193576716
cloud_controller_tkemenade 42485433952 34840 7457

1723788962.1311097 193576716
cloud0_tkemenade 57354956481 30214 4957

