1723798828.2277138 198507685
cloud_controller_tkemenade 45488084818 18025 2956
cloud0_tkemenade 61367868024 14783 2150

1723798829.230265 198508061
cloud_controller_tkemenade 45488084818 18048 2964

1723798829.2308078 198508061
cloud0_tkemenade 61367868024 14804 2155

1723798829.5317419 198508192
cloud_controller_tkemenade 45489289816 18054 2967

1723798829.5323179 198508192
cloud0_tkemenade 61370822681 14806 2156

1723798830.5344613 198508660
cloud_controller_tkemenade 45489289816 18097 2972

1723798830.5348065 198508660
cloud0_tkemenade 61370822681 14860 2161

1723798831.5369773 198509168
cloud_controller_tkemenade 45489289816 18125 2978

1723798831.5373552 198509168
cloud0_tkemenade 61370822681 14877 2164

1723798832.5396738 198509651
cloud_controller_tkemenade 45489289816 18144 2984

1723798832.5401945 198509651
cloud0_tkemenade 61370822681 14896 2167

1723798833.542629 198510127
cloud_controller_tkemenade 45489289816 18171 2997

1723798833.5430017 198510127
cloud0_tkemenade 61370822681 14928 2172

1723798834.5453837 198510572
cloud_controller_tkemenade 45489289816 18187 3004

1723798834.5458941 198510572
cloud0_tkemenade 61370822681 14939 2177

1723798835.5482123 198511041
cloud_controller_tkemenade 45489289816 18213 3012

1723798835.5486028 198511041
cloud0_tkemenade 61370822681 14960 2185

1723798836.5510015 198511485
cloud_controller_tkemenade 45489289816 18237 3023

1723798836.5515447 198511485
cloud0_tkemenade 61370822681 14982 2190

1723798836.6519947 198511531
cloud_controller_tkemenade 45490361821 18237 3024

1723798836.652404 198511531
cloud0_tkemenade 61371756793 14982 2190

1723798837.654866 198511983
cloud_controller_tkemenade 45490361821 18269 3034

1723798837.655274 198511983
cloud0_tkemenade 61371756793 15012 2197

1723798838.6576188 198512466
cloud_controller_tkemenade 45490361821 18299 3040

1723798838.6581523 198512466
cloud0_tkemenade 61371756793 15028 2210

1723798839.6604803 198512935
cloud_controller_tkemenade 45490361821 18314 3045

1723798839.6608071 198512935
cloud0_tkemenade 61371756793 15039 2213

1723798840.6627262 198513362
cloud_controller_tkemenade 45490361821 18331 3051

1723798840.6635137 198513362
cloud0_tkemenade 61371756793 15059 2217

1723798841.666298 198513857
cloud_controller_tkemenade 45490361821 18354 3059

1723798841.6667857 198513857
cloud0_tkemenade 61371756793 15074 2218

1723798842.6693022 198514337
cloud_controller_tkemenade 45490361821 18376 3063

1723798842.6698787 198514337
cloud0_tkemenade 61371756793 15089 2221

1723798843.672478 198514933
cloud_controller_tkemenade 45490361821 18399 3070

1723798843.6730554 198514935
cloud0_tkemenade 61371756793 15121 2227

1723798843.8737464 198515021
cloud_controller_tkemenade 45491351680 18404 3071

1723798843.87413 198515021
cloud0_tkemenade 61372649516 15136 2230

1723798844.8768256 198515476
cloud_controller_tkemenade 45491351680 18430 3076

1723798844.8774376 198515479
cloud0_tkemenade 61372649516 15150 2233

1723798845.8799973 198515913
cloud_controller_tkemenade 45491351680 18457 3083

1723798845.8804967 198515913
cloud0_tkemenade 61372649516 15182 2237

1723798846.8831906 198516359
cloud_controller_tkemenade 45491351680 18477 3091

1723798846.8837774 198516359
cloud0_tkemenade 61372649516 15194 2241

1723798847.8863118 198516865
cloud_controller_tkemenade 45491351680 18501 3104

1723798847.8868985 198516865
cloud0_tkemenade 61372649516 15214 2244

1723798848.889623 198517290
cloud_controller_tkemenade 45491351680 18532 3114

1723798848.8902235 198517290
cloud0_tkemenade 61372649516 15253 2248

1723798849.8930051 198517714
cloud_controller_tkemenade 45491351680 18559 3121

1723798849.8935742 198517714
cloud0_tkemenade 61372649516 15275 2252

1723798850.8986404 198518154
cloud_controller_tkemenade 45491351680 18580 3127

1723798850.8991451 198518154
cloud0_tkemenade 61372649516 15294 2256

1723798850.9996295 198518221
cloud_controller_tkemenade 45492409007 18582 3128

1723798851.0001943 198518221
cloud0_tkemenade 61373489024 15294 2257

1723798852.0027282 198518738
cloud_controller_tkemenade 45492409007 18610 3136

1723798852.0032945 198518738
cloud0_tkemenade 61373489024 15316 2261

1723798853.0058134 198519159
cloud_controller_tkemenade 45492409007 18629 3144

1723798853.0063827 198519159
cloud0_tkemenade 61373489024 15335 2264

1723798854.009202 198519667
cloud_controller_tkemenade 45492409007 18678 3153

1723798854.0097685 198519667
cloud0_tkemenade 61373489024 15359 2270

1723798855.012511 198520077
cloud_controller_tkemenade 45492409007 18702 3158

1723798855.0131493 198520079
cloud0_tkemenade 61373489024 15375 2272

1723798856.0157104 198520539
cloud_controller_tkemenade 45492409007 18726 3171

1723798856.0162637 198520539
cloud0_tkemenade 61373489024 15417 2277

1723798857.0190272 198520989
cloud_controller_tkemenade 45492409007 18757 3181

1723798857.0195847 198520989
cloud0_tkemenade 61373489024 15459 2284

1723798858.022031 198521413
cloud_controller_tkemenade 45492409007 18778 3190

1723798858.0223572 198521413
cloud0_tkemenade 61373489024 15492 2287

1723798858.1226978 198521451
cloud_controller_tkemenade 45493643359 18781 3191

1723798858.1230621 198521451
cloud0_tkemenade 61374576204 15495 2288

1723798859.1255627 198521854
cloud_controller_tkemenade 45493643359 18802 3200

1723798859.1261532 198521854
cloud0_tkemenade 61374576204 15528 2293

1723798860.1287906 198522323
cloud_controller_tkemenade 45493643359 18843 3207

1723798860.1294036 198522325
cloud0_tkemenade 61374576204 15591 2296

1723798861.132056 198522877
cloud_controller_tkemenade 45493643359 18875 3214

1723798861.132644 198522877
cloud0_tkemenade 61374576204 15610 2301

1723798862.135132 198523275
cloud_controller_tkemenade 45493643359 18895 3221

1723798862.1356802 198523275
cloud0_tkemenade 61374576204 15627 2305

1723798863.138346 198523685
cloud_controller_tkemenade 45493643359 18920 3229

1723798863.1389463 198523685
cloud0_tkemenade 61374576204 15646 2308

1723798864.1418247 198524170
cloud_controller_tkemenade 45493643359 18943 3234

1723798864.1424205 198524170
cloud0_tkemenade 61374576204 15679 2316

1723798865.1452355 198524678
cloud_controller_tkemenade 45493643359 18971 3239

1723798865.14583 198524678
cloud0_tkemenade 61374576204 15735 2321

1723798865.246289 198524727
cloud_controller_tkemenade 45494744158 18972 3240

1723798865.2466872 198524727
cloud0_tkemenade 61375870996 15754 2321

1723798866.2492523 198525165
cloud_controller_tkemenade 45494744158 18990 3249

1723798866.2498236 198525165
cloud0_tkemenade 61375870996 15769 2326

1723798867.2524288 198525572
cloud_controller_tkemenade 45494744158 19009 3255

1723798867.252974 198525572
cloud0_tkemenade 61375870996 15780 2329

1723798868.2555091 198525994
cloud_controller_tkemenade 45494744158 19039 3265

1723798868.2558744 198525994
cloud0_tkemenade 61375870996 15804 2334

1723798869.2584627 198526470
cloud_controller_tkemenade 45494744158 19069 3272

1723798869.2590418 198526470
cloud0_tkemenade 61375870996 15820 2339

1723798870.2617202 198526832
cloud_controller_tkemenade 45494744158 19088 3280

1723798870.2620664 198526832
cloud0_tkemenade 61375870996 15833 2342

1723798871.2642558 198527307
cloud_controller_tkemenade 45494744158 19103 3290

1723798871.2645795 198527307
cloud0_tkemenade 61375870996 15843 2345

1723798872.2667491 198527683
cloud_controller_tkemenade 45494744158 19130 3294

1723798872.2670872 198527683
cloud0_tkemenade 61375870996 15894 2349

1723798872.367416 198527735
cloud_controller_tkemenade 45495785401 19133 3295

1723798872.3677697 198527735
cloud0_tkemenade 61376729057 15896 2349

1723798873.3702366 198528088
cloud_controller_tkemenade 45495785401 19157 3302

1723798873.37079 198528088
cloud0_tkemenade 61376729057 15918 2354

1723798874.3734653 198528519
cloud_controller_tkemenade 45495785401 19175 3308

1723798874.374025 198528519
cloud0_tkemenade 61376729057 15954 2359

1723798875.376652 198529009
cloud_controller_tkemenade 45495785401 19196 3315

1723798875.3772361 198529011
cloud0_tkemenade 61376729057 15988 2364

1723798876.379571 198529409
cloud_controller_tkemenade 45495785401 19220 3327

1723798876.3801403 198529409
cloud0_tkemenade 61376729057 16009 2367

1723798877.382777 198529847
cloud_controller_tkemenade 45495785401 19244 3331

1723798877.383335 198529847
cloud0_tkemenade 61376729057 16026 2372

1723798878.3859391 198530290
cloud_controller_tkemenade 45495785401 19271 3342

1723798878.3865051 198530290
cloud0_tkemenade 61376729057 16051 2376

1723798879.3892417 198530772
cloud_controller_tkemenade 45495785401 19293 3346

1723798879.3898711 198530772
cloud0_tkemenade 61376729057 16070 2381

1723798879.691 198530915
cloud_controller_tkemenade 45496790765 19299 3350

1723798879.6913497 198530915
cloud0_tkemenade 61377697185 16072 2382

1723798880.6936014 198531411
cloud_controller_tkemenade 45496790765 19317 3359

1723798880.6939592 198531411
cloud0_tkemenade 61377697185 16085 2385

1723798881.6964765 198531906
cloud_controller_tkemenade 45496790765 19348 3368

1723798881.6969874 198531906
cloud0_tkemenade 61377697185 16104 2391

1723798882.699725 198532309
cloud_controller_tkemenade 45496790765 19373 3374

1723798882.7003248 198532309
cloud0_tkemenade 61377697185 16126 2393

1723798883.70305 198532793
cloud_controller_tkemenade 45496790765 19395 3380

1723798883.7035127 198532793
cloud0_tkemenade 61377697185 16155 2399

1723798884.70617 198533206
cloud_controller_tkemenade 45496790765 19412 3386

1723798884.7067757 198533206
cloud0_tkemenade 61377697185 16179 2402

1723798885.7093656 198533736
cloud_controller_tkemenade 45496790765 19445 3397

1723798885.709927 198533736
cloud0_tkemenade 61377697185 16213 2408

1723798886.7124755 198534171
cloud_controller_tkemenade 45496790765 19534 3402

1723798886.7128394 198534171
cloud0_tkemenade 61377697185 16244 2415

1723798886.9135017 198534274
cloud_controller_tkemenade 45498168683 19539 3405

1723798886.9140697 198534274
cloud0_tkemenade 61378707348 16262 2417

1723798887.9166756 198534725
cloud_controller_tkemenade 45498168683 19560 3416

1723798887.9173021 198534727
cloud0_tkemenade 61378707348 16284 2420

1723798888.9201164 198535223
cloud_controller_tkemenade 45498168683 19601 3425

1723798888.9206924 198535223
cloud0_tkemenade 61378707348 16321 2425

1723798889.9232018 198535673
cloud_controller_tkemenade 45498168683 19630 3431

1723798889.9237459 198535673
cloud0_tkemenade 61378707348 16356 2427

1723798890.9263883 198536167
cloud_controller_tkemenade 45498168683 19664 3436

1723798890.9269862 198536167
cloud0_tkemenade 61378707348 16373 2432

1723798891.929594 198536669
cloud_controller_tkemenade 45498168683 19690 3444

1723798891.9301336 198536669
cloud0_tkemenade 61378707348 16397 2435

1723798892.93291 198537074
cloud_controller_tkemenade 45498168683 19710 3452

1723798892.9334857 198537075
cloud0_tkemenade 61378707348 16414 2440

1723798893.9360652 198537486
cloud_controller_tkemenade 45498168683 19736 3458

1723798893.936424 198537486
cloud0_tkemenade 61378707348 16450 2443

1723798894.0368125 198537525
cloud_controller_tkemenade 45499336441 19738 3459

1723798894.0373895 198537527
cloud0_tkemenade 61379733143 16451 2443

1723798895.0401778 198537946
cloud_controller_tkemenade 45499336441 19755 3466

1723798895.0407555 198537946
cloud0_tkemenade 61379733143 16460 2445

1723798896.04339 198538456
cloud_controller_tkemenade 45499336441 19773 3469

1723798896.0439348 198538456
cloud0_tkemenade 61379733143 16478 2448

1723798897.0465324 198538873
cloud_controller_tkemenade 45499336441 19786 3478

1723798897.047081 198538873
cloud0_tkemenade 61379733143 16490 2452

1723798898.0497003 198539349
cloud_controller_tkemenade 45499336441 19812 3489

1723798898.0502486 198539349
cloud0_tkemenade 61379733143 16512 2455

1723798899.0528433 198539771
cloud_controller_tkemenade 45499336441 19841 3497

1723798899.0534265 198539772
cloud0_tkemenade 61379733143 16530 2460

1723798900.0560894 198540231
cloud_controller_tkemenade 45499336441 19854 3503

1723798900.0566616 198540231
cloud0_tkemenade 61379733143 16541 2463

1723798901.0595434 198540682
cloud_controller_tkemenade 45499336441 19869 3512

1723798901.0601337 198540682
cloud0_tkemenade 61379733143 16553 2465

1723798901.1605945 198540727
cloud_controller_tkemenade 45500220349 19873 3512

1723798901.1609974 198540727
cloud0_tkemenade 61380317738 16556 2465

1723798902.1634912 198541161
cloud_controller_tkemenade 45500220349 19895 3519

1723798902.1640365 198541161
cloud0_tkemenade 61380317738 16574 2469

1723798903.1666055 198541551
cloud_controller_tkemenade 45500220349 19915 3523

1723798903.1671696 198541551
cloud0_tkemenade 61380317738 16599 2472

1723798904.1699111 198542065
cloud_controller_tkemenade 45500220349 19941 3531

1723798904.1703982 198542065
cloud0_tkemenade 61380317738 16639 2478

1723798905.1731193 198542505
cloud_controller_tkemenade 45500220349 19963 3540

1723798905.1736963 198542505
cloud0_tkemenade 61380317738 16663 2482

1723798906.1763825 198542927
cloud_controller_tkemenade 45500220349 19995 3550

1723798906.176939 198542927
cloud0_tkemenade 61380317738 16682 2487

1723798907.1796212 198543380
cloud_controller_tkemenade 45500220349 20014 3555

1723798907.180172 198543380
cloud0_tkemenade 61380317738 16695 2489

1723798908.1828523 198543830
cloud_controller_tkemenade 45500220349 20043 3566

1723798908.1833873 198543830
cloud0_tkemenade 61380317738 16721 2493

1723798908.2838824 198543903
cloud_controller_tkemenade 45501275661 20046 3568

1723798908.2844748 198543903
cloud0_tkemenade 61381224936 16726 2493

1723798909.287157 198544373
cloud_controller_tkemenade 45501275661 20074 3578

1723798909.28772 198544373
cloud0_tkemenade 61381224936 16742 2496

1723798910.2903287 198544808
cloud_controller_tkemenade 45501275661 20096 3589

1723798910.2907453 198544808
cloud0_tkemenade 61381224936 16771 2500

1723798911.2931807 198545329
cloud_controller_tkemenade 45501275661 20122 3592

1723798911.293725 198545329
cloud0_tkemenade 61381224936 16785 2504

1723798912.2961977 198545826
cloud_controller_tkemenade 45501275661 20149 3599

1723798912.2967575 198545826
cloud0_tkemenade 61381224936 16808 2509

1723798913.2993903 198546395
cloud_controller_tkemenade 45501275661 20168 3604

1723798913.2999344 198546395
cloud0_tkemenade 61381224936 16946 2517

1723798914.3025584 198546825
cloud_controller_tkemenade 45501275661 20190 3612

1723798914.3031294 198546825
cloud0_tkemenade 61381224936 16985 2523

1723798915.3057754 198547285
cloud_controller_tkemenade 45501275661 20211 3620

1723798915.3060882 198547285
cloud0_tkemenade 61381224936 17005 2527

1723798915.4064171 198547317
cloud_controller_tkemenade 45502311961 20211 3620

1723798915.4067736 198547317
cloud0_tkemenade 61382722861 17006 2527

1723798916.409179 198547940
cloud_controller_tkemenade 45502311961 20245 3631

1723798916.4097493 198547940
cloud0_tkemenade 61382722861 17047 2533

1723798917.4123456 198548503
cloud_controller_tkemenade 45502311961 20273 3639

1723798917.412895 198548503
cloud0_tkemenade 61382722861 17089 2539

1723798918.415485 198548981
cloud_controller_tkemenade 45502311961 20294 3655

1723798918.416053 198548981
cloud0_tkemenade 61382722861 17125 2544

1723798919.4186087 198549402
cloud_controller_tkemenade 45502311961 20329 3661

1723798919.4191604 198549402
cloud0_tkemenade 61382722861 17159 2547

1723798920.4219632 198549840
cloud_controller_tkemenade 45502311961 20367 3672

1723798920.4225137 198549840
cloud0_tkemenade 61382722861 17190 2551

1723798921.4250317 198550357
cloud_controller_tkemenade 45502311961 20393 3680

1723798921.4256124 198550357
cloud0_tkemenade 61382722861 17209 2554

1723798922.4283097 198550760
cloud_controller_tkemenade 45502311961 20416 3692

1723798922.4288595 198550760
cloud0_tkemenade 61382722861 17233 2559

1723798922.5293581 198550791
cloud_controller_tkemenade 45503686330 20420 3693

1723798922.5299075 198550791
cloud0_tkemenade 61383999061 17233 2559

1723798923.5326755 198551230
cloud_controller_tkemenade 45503686330 20439 3701

1723798923.5332844 198551232
cloud0_tkemenade 61383999061 17260 2562

1723798924.5362127 198551646
cloud_controller_tkemenade 45503686330 20458 3708

1723798924.536756 198551646
cloud0_tkemenade 61383999061 17286 2567

1723798925.5392835 198552120
cloud_controller_tkemenade 45503686330 20479 3713

1723798925.5398264 198552120
cloud0_tkemenade 61383999061 17378 2570

1723798926.542575 198552511
cloud_controller_tkemenade 45503686330 20497 3723

1723798926.5431502 198552511
cloud0_tkemenade 61383999061 17389 2573

1723798927.5456362 198552927
cloud_controller_tkemenade 45503686330 20514 3731

1723798927.5461445 198552927
cloud0_tkemenade 61383999061 17399 2577

1723798928.5488207 198553380
cloud_controller_tkemenade 45503686330 20533 3741

1723798928.549431 198553382
cloud0_tkemenade 61383999061 17427 2580

1723798929.5521646 198553837
cloud_controller_tkemenade 45503686330 20557 3747

1723798929.5527134 198553837
cloud0_tkemenade 61383999061 17439 2584

1723798929.6531665 198553870
cloud_controller_tkemenade 45504618942 20559 3748

1723798929.6536937 198553870
cloud0_tkemenade 61385109542 17440 2584

1723798930.6562653 198554365
cloud_controller_tkemenade 45504618942 20637 3752

1723798930.656649 198554365
cloud0_tkemenade 61385109542 17455 2590

1723798931.6590579 198554821
cloud_controller_tkemenade 45504618942 20658 3758

1723798931.6596081 198554821
cloud0_tkemenade 61385109542 17470 2594

1723798932.6622412 198555196
cloud_controller_tkemenade 45504618942 20683 3764

1723798932.662716 198555196
cloud0_tkemenade 61385109542 17493 2597

1723798933.6655033 198555625
cloud_controller_tkemenade 45504618942 20705 3772

1723798933.6660461 198555625
cloud0_tkemenade 61385109542 17517 2602

1723798934.6687107 198556101
cloud_controller_tkemenade 45504618942 20729 3778

1723798934.6692486 198556103
cloud0_tkemenade 61385109542 17568 2608

1723798935.671851 198556618
cloud_controller_tkemenade 45504618942 20754 3788

1723798935.6722083 198556618
cloud0_tkemenade 61385109542 17598 2612

1723798936.674169 198557022
cloud_controller_tkemenade 45504618942 20785 3797

1723798936.674683 198557022
cloud0_tkemenade 61385109542 17617 2613

1723798936.7751837 198557083
cloud_controller_tkemenade 45505881873 20787 3797

1723798936.7757761 198557083
cloud0_tkemenade 61386053321 17620 2613

1723798937.778244 198557520
cloud_controller_tkemenade 45505881873 20812 3804

1723798937.7786477 198557520
cloud0_tkemenade 61386053321 17639 2616

1723798938.781251 198558065
cloud_controller_tkemenade 45505881873 20853 3811

1723798938.7818542 198558065
cloud0_tkemenade 61386053321 17669 2622

1723798939.784537 198558551
cloud_controller_tkemenade 45505881873 20882 3820

1723798939.7851286 198558552
cloud0_tkemenade 61386053321 17688 2625

1723798940.7876637 198559038
cloud_controller_tkemenade 45505881873 20908 3827

1723798940.7881021 198559038
cloud0_tkemenade 61386053321 17704 2628

1723798941.7904983 198559590
cloud_controller_tkemenade 45505881873 20941 3834

1723798941.7910562 198559590
cloud0_tkemenade 61386053321 17725 2633

1723798942.7936583 198560069
cloud_controller_tkemenade 45505881873 20964 3840

1723798942.7942624 198560069
cloud0_tkemenade 61386053321 17753 2637

1723798943.7971458 198560548
cloud_controller_tkemenade 45505881873 20986 3842

1723798943.7977362 198560548
cloud0_tkemenade 61386053321 17775 2641

1723798943.9987445 198560662
cloud_controller_tkemenade 45506964528 20992 3844

1723798943.9993489 198560662
cloud0_tkemenade 61386883791 17783 2641

1723798945.0018284 198561093
cloud_controller_tkemenade 45506964528 21016 3852

1723798945.0024102 198561093
cloud0_tkemenade 61386883791 17810 2646

1723798946.0051515 198561622
cloud_controller_tkemenade 45506964528 21102 3855

1723798946.0057604 198561622
cloud0_tkemenade 61386883791 17846 2654

1723798947.0085044 198562087
cloud_controller_tkemenade 45506964528 21140 3866

1723798947.0090613 198562089
cloud0_tkemenade 61386883791 17891 2662

1723798948.0117607 198562581
cloud_controller_tkemenade 45506964528 21166 3873

1723798948.0123298 198562581
cloud0_tkemenade 61386883791 17920 2665

1723798949.0149615 198563092
cloud_controller_tkemenade 45506964528 21199 3883

1723798949.015494 198563092
cloud0_tkemenade 61386883791 17950 2670

1723798950.0182226 198563536
cloud_controller_tkemenade 45506964528 21238 3889

1723798950.018808 198563536
cloud0_tkemenade 61386883791 17981 2674

1723798951.0214808 198564045
cloud_controller_tkemenade 45506964528 21270 3897

1723798951.021782 198564045
cloud0_tkemenade 61386883791 17994 2678

1723798951.1221077 198564084
cloud_controller_tkemenade 45508474551 21271 3897

1723798951.1225982 198564084
cloud0_tkemenade 61388015181 17995 2678

1723798952.1252127 198564562
cloud_controller_tkemenade 45508474551 21284 3906

1723798952.1257875 198564562
cloud0_tkemenade 61388015181 18018 2683

1723798953.1285636 198565019
cloud_controller_tkemenade 45508474551 21352 3915

1723798953.1291661 198565022
cloud0_tkemenade 61388015181 18039 2688

1723798954.1317332 198565471
cloud_controller_tkemenade 45508474551 21398 3921

1723798954.1323087 198565471
cloud0_tkemenade 61388015181 18062 2691

1723798955.134889 198565886
cloud_controller_tkemenade 45508474551 21417 3933

1723798955.1354818 198565886
cloud0_tkemenade 61388015181 18099 2695

1723798956.1381931 198566370
cloud_controller_tkemenade 45508474551 21435 3940

1723798956.1387274 198566370
cloud0_tkemenade 61388015181 18122 2698

1723798957.1414673 198566793
cloud_controller_tkemenade 45508474551 21461 3949

1723798957.1420276 198566793
cloud0_tkemenade 61388015181 18138 2701

1723798958.1448276 198567185
cloud_controller_tkemenade 45508474551 21489 3954

1723798958.145444 198567186
cloud0_tkemenade 61388015181 18165 2707

1723798958.245965 198567243
cloud_controller_tkemenade 45509735943 21490 3954

1723798958.2465453 198567243
cloud0_tkemenade 61388930487 18167 2707

1723798959.249069 198567699
cloud_controller_tkemenade 45509735943 21522 3963

1723798959.2496743 198567699
cloud0_tkemenade 61388930487 18181 2711

1723798960.2521195 198568147
cloud_controller_tkemenade 45509735943 21540 3967

1723798960.2526982 198568147
cloud0_tkemenade 61388930487 18208 2713

1723798961.2552772 198568689
cloud_controller_tkemenade 45509735943 21567 3976

1723798961.2556596 198568689
cloud0_tkemenade 61388930487 18221 2717

1723798962.258 198569132
cloud_controller_tkemenade 45509735943 21581 3982

1723798962.2585673 198569132
cloud0_tkemenade 61388930487 18245 2721

1723798963.2614002 198569667
cloud_controller_tkemenade 45509735943 21606 3995

1723798963.2619524 198569667
cloud0_tkemenade 61388930487 18271 2727

1723798964.2645812 198570110
cloud_controller_tkemenade 45509735943 21628 4000

1723798964.2651463 198570114
cloud0_tkemenade 61388930487 18300 2731

1723798965.267574 198570547
cloud_controller_tkemenade 45509735943 21652 4010

1723798965.2681603 198570547
cloud0_tkemenade 61388930487 18338 2738

1723798965.46883 198570679
cloud_controller_tkemenade 45510740987 21654 4012

1723798965.4694324 198570681
cloud0_tkemenade 61389858220 18341 2740

1723798966.4723747 198571095
cloud_controller_tkemenade 45510740987 21676 4021

1723798966.4729378 198571095
cloud0_tkemenade 61389858220 18351 2742

1723798967.4756088 198571537
cloud_controller_tkemenade 45510740987 21698 4029

1723798967.476184 198571537
cloud0_tkemenade 61389858220 18370 2744

1723798968.478753 198572053
cloud_controller_tkemenade 45510740987 21732 4035

1723798968.479152 198572053
cloud0_tkemenade 61389858220 18412 2753

1723798969.481597 198572513
cloud_controller_tkemenade 45510740987 21769 4048

1723798969.4821777 198572513
cloud0_tkemenade 61389858220 18436 2756

1723798970.4848511 198573040
cloud_controller_tkemenade 45510740987 21792 4055

1723798970.4854481 198573043
cloud0_tkemenade 61389858220 18446 2766

1723798971.4879603 198573688
cloud_controller_tkemenade 45510740987 21809 4060

1723798971.4883113 198573688
cloud0_tkemenade 61389858220 18455 2771

1723798972.4907358 198574204
cloud_controller_tkemenade 45510740987 21832 4071

1723798972.4910688 198574204
cloud0_tkemenade 61389858220 18479 2776

1723798972.5913656 198574244
cloud_controller_tkemenade 45511874298 21834 4072

1723798972.5917292 198574244
cloud0_tkemenade 61390702276 18479 2777

1723798973.5939906 198574825
cloud_controller_tkemenade 45511874298 21853 4080

1723798973.59454 198574825
cloud0_tkemenade 61390702276 18563 2784

1723798974.5971622 198575311
cloud_controller_tkemenade 45511874298 21874 4088

1723798974.5978084 198575311
cloud0_tkemenade 61390702276 18593 2791

1723798975.6005318 198575835
cloud_controller_tkemenade 45511874298 21897 4096

1723798975.601142 198575839
cloud0_tkemenade 61390702276 18613 2795

1723798976.603566 198576357
cloud_controller_tkemenade 45511874298 21941 4104

1723798976.6039102 198576357
cloud0_tkemenade 61390702276 18650 2800

1723798977.606061 198576864
cloud_controller_tkemenade 45511874298 21962 4113

1723798977.6064236 198576864
cloud0_tkemenade 61390702276 18691 2807

1723798978.6088357 198577330
cloud_controller_tkemenade 45511874298 21986 4121

1723798978.6093967 198577333
cloud0_tkemenade 61390702276 18720 2810

1723798979.6119342 198577753
cloud_controller_tkemenade 45511874298 22008 4130

1723798979.612475 198577753
cloud0_tkemenade 61390702276 18738 2812

1723798979.8131893 198577884
cloud_controller_tkemenade 45513134360 22023 4134

1723798979.8137553 198577884
cloud0_tkemenade 61392265590 18749 2814

1723798980.8159575 198578416
cloud_controller_tkemenade 45513134360 22052 4141

1723798980.816538 198578416
cloud0_tkemenade 61392265590 18789 2820

1723798981.818842 198578947
cloud_controller_tkemenade 45513134360 22074 4147

1723798981.8191905 198578947
cloud0_tkemenade 61392265590 18814 2824

1723798982.821785 198579427
cloud_controller_tkemenade 45513134360 22100 4153

1723798982.8223293 198579427
cloud0_tkemenade 61392265590 18834 2827

1723798983.8249588 198579869
cloud_controller_tkemenade 45513134360 22119 4161

1723798983.8254032 198579869
cloud0_tkemenade 61392265590 18860 2831

1723798984.8279579 198580333
cloud_controller_tkemenade 45513134360 22146 4173

1723798984.8285124 198580333
cloud0_tkemenade 61392265590 18883 2835

1723798985.8310986 198580859
cloud_controller_tkemenade 45513134360 22166 4177

1723798985.8316557 198580859
cloud0_tkemenade 61392265590 18970 2839

1723798986.8342123 198581315
cloud_controller_tkemenade 45514310966 22186 4183

1723798986.8347845 198581315
cloud0_tkemenade 61393696597 18985 2843

1723798987.8374553 198581819
cloud_controller_tkemenade 45514310966 22209 4189

1723798987.838011 198581819
cloud0_tkemenade 61393696597 19001 2846

1723798988.840543 198582284
cloud_controller_tkemenade 45514310966 22228 4194

1723798988.8410501 198582286
cloud0_tkemenade 61393696597 19033 2851

1723798989.843858 198582769
cloud_controller_tkemenade 45514310966 22259 4202

1723798989.844473 198582769
cloud0_tkemenade 61393696597 19043 2855

1723798990.84691 198583342
cloud_controller_tkemenade 45514310966 22342 4209

1723798990.8474953 198583342
cloud0_tkemenade 61393696597 19059 2857

1723798991.85007 198583876
cloud_controller_tkemenade 45514310966 22361 4216

1723798991.850657 198583876
cloud0_tkemenade 61393696597 19072 2861

1723798992.853027 198584313
cloud_controller_tkemenade 45514310966 22381 4224

1723798992.8535888 198584313
cloud0_tkemenade 61393696597 19087 2865

1723798993.8560557 198584766
cloud_controller_tkemenade 45514310966 22397 4229

1723798993.856608 198584766
cloud0_tkemenade 61393696597 19128 2867

1723798994.0573335 198584864
cloud_controller_tkemenade 45515679168 22401 4230

1723798994.0578883 198584864
cloud0_tkemenade 61394601795 19131 2868

1723798995.0602348 198585343
cloud_controller_tkemenade 45515679168 22428 4241

1723798995.0606892 198585343
cloud0_tkemenade 61394601795 19169 2875

1723798996.0631752 198585891
cloud_controller_tkemenade 45515679168 22455 4246

1723798996.06352 198585891
cloud0_tkemenade 61394601795 19183 2879

1723798997.0658264 198586365
cloud_controller_tkemenade 45515679168 22484 4254

1723798997.0664103 198586365
cloud0_tkemenade 61394601795 19205 2883

1723798998.0691679 198586860
cloud_controller_tkemenade 45515679168 22517 4261

1723798998.0697343 198586860
cloud0_tkemenade 61394601795 19232 2887

1723798999.0734606 198587396
cloud_controller_tkemenade 45515679168 22534 4268

1723798999.0740106 198587396
cloud0_tkemenade 61394601795 19265 2893

1723799000.0767245 198587957
cloud_controller_tkemenade 45515679168 22561 4275

1723799000.077296 198587960
cloud0_tkemenade 61394601795 19286 2896

1723799001.0797384 198588489
cloud_controller_tkemenade 45515679168 22589 4283

1723799001.0802722 198588489
cloud0_tkemenade 61394601795 19309 2900

1723799001.1806846 198588557
cloud_controller_tkemenade 45516934097 22591 4284

1723799001.1810412 198588557
cloud0_tkemenade 61395692143 19311 2900

1723799002.183316 198589125
cloud_controller_tkemenade 45516934097 22618 4292

1723799002.183648 198589125
cloud0_tkemenade 61395692143 19335 2902

1723799003.1859965 198589610
cloud_controller_tkemenade 45516934097 22641 4302

1723799003.1865792 198589610
cloud0_tkemenade 61395692143 19358 2907

1723799004.1892133 198590084
cloud_controller_tkemenade 45516934097 22663 4308

1723799004.189807 198590084
cloud0_tkemenade 61395692143 19374 2909

1723799005.1924815 198590543
cloud_controller_tkemenade 45516934097 22695 4318

1723799005.1930943 198590545
cloud0_tkemenade 61395692143 19404 2916

1723799006.1955829 198591107
cloud_controller_tkemenade 45516934097 22772 4328

1723799006.1961389 198591107
cloud0_tkemenade 61395692143 19446 2924

1723799007.1987982 198591636
cloud_controller_tkemenade 45516934097 22810 4334

1723799007.1993408 198591636
cloud0_tkemenade 61395692143 19511 2930

1723799008.202314 198592074
cloud_controller_tkemenade 45516934097 22828 4342

1723799008.2028403 198592074
cloud0_tkemenade 61395692143 19541 2934

1723799008.303357 198592119
cloud_controller_tkemenade 45518345961 22829 4343

1723799008.3039315 198592119
cloud0_tkemenade 61396951887 19541 2934

1723799009.3065286 198592531
cloud_controller_tkemenade 45518345961 22855 4350

1723799009.307083 198592531
cloud0_tkemenade 61396951887 19575 2939

1723799010.3097005 198592969
cloud_controller_tkemenade 45518345961 22902 4362

1723799010.3102913 198592969
cloud0_tkemenade 61396951887 19616 2947

1723799011.3129768 198593496
cloud_controller_tkemenade 45518345961 22937 4367

1723799011.313589 198593496
cloud0_tkemenade 61396951887 19632 2951

1723799012.316206 198594056
cloud_controller_tkemenade 45518345961 22955 4372

1723799012.3167841 198594056
cloud0_tkemenade 61396951887 19656 2956

1723799013.3193095 198594473
cloud_controller_tkemenade 45518345961 22987 4384

1723799013.3198922 198594473
cloud0_tkemenade 61396951887 19678 2962

1723799014.3224373 198594926
cloud_controller_tkemenade 45518345961 23012 4390

1723799014.3230338 198594926
cloud0_tkemenade 61396951887 19698 2965

1723799015.3256037 198595352
cloud_controller_tkemenade 45518345961 23044 4399

1723799015.3261597 198595352
cloud0_tkemenade 61396951887 19732 2970

1723799015.5268528 198595440
cloud_controller_tkemenade 45519589679 23048 4400

1723799015.5274382 198595440
cloud0_tkemenade 61397986806 19733 2970

1723799016.5298762 198595879
cloud_controller_tkemenade 45519589679 23069 4406

1723799016.5304284 198595879
cloud0_tkemenade 61397986806 19743 2975

1723799017.533199 198596317
cloud_controller_tkemenade 45519589679 23101 4413

1723799017.533786 198596317
cloud0_tkemenade 61397986806 19758 2979

1723799018.5366318 198596832
cloud_controller_tkemenade 45519589679 23124 4422

1723799018.537282 198596833
cloud0_tkemenade 61397986806 19792 2982

1723799019.5398448 198597349
cloud_controller_tkemenade 45519589679 23157 4429

1723799019.5403197 198597349
cloud0_tkemenade 61397986806 19810 2987

1723799020.542827 198597777
cloud_controller_tkemenade 45519589679 23181 4437

1723799020.5434089 198597777
cloud0_tkemenade 61397986806 19820 2990

1723799021.5460906 198598297
cloud_controller_tkemenade 45519589679 23205 4446

1723799021.5465548 198598297
cloud0_tkemenade 61397986806 19837 2994

1723799022.5491853 198598732
cloud_controller_tkemenade 45519589679 23219 4450

1723799022.5497675 198598732
cloud0_tkemenade 61397986806 19863 2997

1723799022.6502008 198598812
cloud_controller_tkemenade 45520579520 23220 4450

1723799022.650542 198598812
cloud0_tkemenade 61398683198 19868 2997

1723799023.6528826 198599204
cloud_controller_tkemenade 45520579520 23240 4459

1723799023.6532893 198599205
cloud0_tkemenade 61398683198 19891 3001

1723799024.6557899 198599670
cloud_controller_tkemenade 45520579520 23266 4468

1723799024.6565027 198599670
cloud0_tkemenade 61398683198 19922 3003

1723799025.6591492 198600119
cloud_controller_tkemenade 45520579520 23300 4475

1723799025.6597123 198600119
cloud0_tkemenade 61398683198 19963 3010

1723799026.6622608 198600556
cloud_controller_tkemenade 45520579520 23320 4482

1723799026.6628203 198600556
cloud0_tkemenade 61398683198 19980 3012

1723799027.6654885 198601028
cloud_controller_tkemenade 45520579520 23344 4487

1723799027.6660588 198601028
cloud0_tkemenade 61398683198 20004 3016

1723799028.668613 198601508
cloud_controller_tkemenade 45520579520 23377 4497

1723799028.6690338 198601508
cloud0_tkemenade 61398683198 20041 3022

1723799029.6715167 198601941
cloud_controller_tkemenade 45520579520 23409 4510

1723799029.6720452 198601941
cloud0_tkemenade 61398683198 20076 3024

1723799029.772499 198602002
cloud_controller_tkemenade 45521713959 23415 4511

1723799029.773059 198602003
cloud0_tkemenade 61399754613 20077 3024

1723799030.7757263 198602487
cloud_controller_tkemenade 45521713959 23435 4520

1723799030.7762847 198602487
cloud0_tkemenade 61399754613 20103 3027

1723799031.7786853 198602968
cloud_controller_tkemenade 45521713959 23475 4530

1723799031.779051 198602968
cloud0_tkemenade 61399754613 20120 3031

1723799032.782882 198603370
cloud_controller_tkemenade 45521713959 23492 4538

1723799032.7833366 198603370
cloud0_tkemenade 61399754613 20156 3035

1723799033.7857335 198603918
cloud_controller_tkemenade 45521713959 23517 4546

1723799033.7862911 198603918
cloud0_tkemenade 61399754613 20242 3041

1723799034.7890687 198604337
cloud_controller_tkemenade 45521713959 23542 4553

1723799034.7896965 198604337
cloud0_tkemenade 61399754613 20260 3044

1723799035.7924554 198604826
cloud_controller_tkemenade 45521713959 23589 4568

1723799035.7930243 198604826
cloud0_tkemenade 61399754613 20310 3052

1723799036.795535 198605425
cloud_controller_tkemenade 45521713959 23618 4575

1723799036.7961385 198605425
cloud0_tkemenade 61399754613 20344 3058

1723799036.9967763 198605543
cloud_controller_tkemenade 45523010581 23623 4575

1723799036.9973752 198605546
cloud0_tkemenade 61401240523 20354 3061

1723799037.9998908 198605944
cloud_controller_tkemenade 45523010581 23652 4584

1723799038.0004494 198605944
cloud0_tkemenade 61401240523 20385 3065

1723799039.0032058 198606376
cloud_controller_tkemenade 45523010581 23680 4590

1723799039.0038142 198606376
cloud0_tkemenade 61401240523 20418 3069

1723799040.006422 198606828
cloud_controller_tkemenade 45523010581 23723 4600

1723799040.0068073 198606828
cloud0_tkemenade 61401240523 20462 3074

1723799041.0094366 198607349
cloud_controller_tkemenade 45523010581 23760 4609

1723799041.0100248 198607349
cloud0_tkemenade 61401240523 20479 3078

1723799042.0126872 198607882
cloud_controller_tkemenade 45523010581 23786 4620

1723799042.0132651 198607884
cloud0_tkemenade 61401240523 20500 3081

1723799043.0159202 198608335
cloud_controller_tkemenade 45523010581 23810 4627

1723799043.0163808 198608335
cloud0_tkemenade 61401240523 20527 3088

1723799044.0187693 198608808
cloud_controller_tkemenade 45523010581 23828 4638

1723799044.0193205 198608808
cloud0_tkemenade 61401240523 20555 3091

1723799044.1198442 198608852
cloud_controller_tkemenade 45524208673 23830 4638

1723799044.1204562 198608852
cloud0_tkemenade 61402269995 20556 3092

1723799045.1229563 198609291
cloud_controller_tkemenade 45524208673 23855 4646

1723799045.1235216 198609291
cloud0_tkemenade 61402269995 20613 3095

1723799046.1260998 198609813
cloud_controller_tkemenade 45524208673 23888 4660

1723799046.1266484 198609813
cloud0_tkemenade 61402269995 20666 3097

1723799047.1292684 198610252
cloud_controller_tkemenade 45524208673 23905 4667

1723799047.129858 198610252
cloud0_tkemenade 61402269995 20680 3104

1723799048.1325881 198610693
cloud_controller_tkemenade 45524208673 23931 4677

1723799048.1331952 198610697
cloud0_tkemenade 61402269995 20711 3108

1723799049.1358354 198611134
cloud_controller_tkemenade 45524208673 23952 4686

1723799049.1363897 198611134
cloud0_tkemenade 61402269995 20734 3113

1723799050.138962 198611608
cloud_controller_tkemenade 45524208673 24007 4694

1723799050.139525 198611608
cloud0_tkemenade 61402269995 20749 3116

1723799051.1420338 198612092
cloud_controller_tkemenade 45524208673 24082 4700

1723799051.1425076 198612092
cloud0_tkemenade 61402269995 20768 3121

1723799051.3431494 198612182
cloud_controller_tkemenade 45525687865 24088 4701

1723799051.3437138 198612182
cloud0_tkemenade 61403403886 20771 3122

1723799052.345817 198612605
cloud_controller_tkemenade 45525687865 24111 4709

1723799052.3464186 198612605
cloud0_tkemenade 61403403886 20793 3126

1723799053.349124 198613053
cloud_controller_tkemenade 45525687865 24135 4716

1723799053.3496974 198613053
cloud0_tkemenade 61403403886 20822 3130

1723799054.352177 198613533
cloud_controller_tkemenade 45525687865 24157 4722

1723799054.3527448 198613533
cloud0_tkemenade 61403403886 20852 3135

1723799055.3552437 198613916
cloud_controller_tkemenade 45525687865 24190 4728

1723799055.3558614 198613916
cloud0_tkemenade 61403403886 20899 3141

1723799056.3585079 198614365
cloud_controller_tkemenade 45525687865 24222 4739

1723799056.3590853 198614365
cloud0_tkemenade 61403403886 20910 3147

1723799057.3616862 198614820
cloud_controller_tkemenade 45525687865 24241 4745

1723799057.3622477 198614820
cloud0_tkemenade 61403403886 20945 3153

1723799058.3648863 198615283
cloud_controller_tkemenade 45525687865 24281 4750

1723799058.3654828 198615288
cloud0_tkemenade 61403403886 20994 3156

1723799058.4659278 198615360
cloud_controller_tkemenade 45526788152 24283 4750

1723799058.4665163 198615360
cloud0_tkemenade 61404561850 21000 3158

1723799059.4690204 198615751
cloud_controller_tkemenade 45526788152 24304 4756

1723799059.4695961 198615751
cloud0_tkemenade 61404561850 21039 3159

1723799060.4723935 198616199
cloud_controller_tkemenade 45526788152 24340 4765

1723799060.4729488 198616199
cloud0_tkemenade 61404561850 21055 3164

1723799061.4755924 198616709
cloud_controller_tkemenade 45526788152 24364 4775

1723799061.475938 198616709
cloud0_tkemenade 61404561850 21073 3166

1723799062.4782312 198617132
cloud_controller_tkemenade 45526788152 24394 4782

1723799062.4788222 198617132
cloud0_tkemenade 61404561850 21090 3169

1723799063.4812958 198617605
cloud_controller_tkemenade 45526788152 24413 4791

1723799063.4816692 198617605
cloud0_tkemenade 61404561850 21118 3172

1723799064.484053 198618095
cloud_controller_tkemenade 45526788152 24436 4796

1723799064.4844167 198618095
cloud0_tkemenade 61404561850 21135 3177

1723799065.486719 198618563
cloud_controller_tkemenade 45526788152 24464 4803

1723799065.4871583 198618563
cloud0_tkemenade 61404561850 21167 3183

1723799065.5875232 198618600
cloud_controller_tkemenade 45527881913 24465 4804

1723799065.5879653 198618600
cloud0_tkemenade 61405488766 21170 3183

1723799066.590385 198619139
cloud_controller_tkemenade 45527881913 24572 4810

1723799066.5909402 198619139
cloud0_tkemenade 61405488766 21213 3193

1723799067.5936146 198619639
cloud_controller_tkemenade 45527881913 24591 4817

1723799067.594212 198619639
cloud0_tkemenade 61405488766 21259 3197

1723799068.5968926 198620121
cloud_controller_tkemenade 45527881913 24626 4824

1723799068.5975275 198620123
cloud0_tkemenade 61405488766 21304 3203

1723799069.6002266 198620587
cloud_controller_tkemenade 45527881913 24654 4831

1723799069.6008048 198620587
cloud0_tkemenade 61405488766 21325 3207

1723799070.603262 198621100
cloud_controller_tkemenade 45527881913 24696 4845

1723799070.603856 198621100
cloud0_tkemenade 61405488766 21362 3213

1723799071.6064248 198621660
cloud_controller_tkemenade 45527881913 24722 4851

1723799071.6070142 198621660
cloud0_tkemenade 61405488766 21378 3218

1723799072.6094377 198622061
cloud_controller_tkemenade 45527881913 24752 4859

1723799072.6099849 198622061
cloud0_tkemenade 61405488766 21398 3225

1723799072.8106933 198622175
cloud_controller_tkemenade 45529431522 24761 4860

1723799072.811274 198622175
cloud0_tkemenade 61406746163 21411 3228

1723799073.8140876 198622612
cloud_controller_tkemenade 45529431522 24815 4864

1723799073.8146465 198622612
cloud0_tkemenade 61406746163 21436 3233

1723799074.8168733 198623057
cloud_controller_tkemenade 45529431522 24836 4873

1723799074.8174613 198623060
cloud0_tkemenade 61406746163 21450 3235

1723799075.819911 198623571
cloud_controller_tkemenade 45529431522 24855 4878

1723799075.8204882 198623571
cloud0_tkemenade 61406746163 21482 3238

1723799076.823163 198624012
cloud_controller_tkemenade 45529431522 24891 4884

1723799076.8237474 198624012
cloud0_tkemenade 61406746163 21495 3241

1723799077.826434 198624521
cloud_controller_tkemenade 45529431522 24920 4890

1723799077.8269901 198624521
cloud0_tkemenade 61406746163 21516 3245

1723799078.8296857 198624980
cloud_controller_tkemenade 45529431522 24948 4896

1723799078.8302402 198624980
cloud0_tkemenade 61406746163 21544 3252

1723799079.8327496 198625443
cloud_controller_tkemenade 45529431522 24971 4905

1723799079.8333557 198625445
cloud0_tkemenade 61406746163 21559 3255

1723799080.0339615 198625536
cloud_controller_tkemenade 45530651272 24982 4906

1723799080.034533 198625536
cloud0_tkemenade 61407593470 21565 3256

1723799081.0368738 198625985
cloud_controller_tkemenade 45530651272 25004 4916

1723799081.0374494 198625987
cloud0_tkemenade 61407593470 21581 3259

1723799082.0399308 198626472
cloud_controller_tkemenade 45530651272 25029 4921

1723799082.040485 198626472
cloud0_tkemenade 61407593470 21597 3263

1723799083.0430996 198626927
cloud_controller_tkemenade 45530651272 25054 4932

1723799083.043699 198626927
cloud0_tkemenade 61407593470 21638 3267

1723799084.0463119 198627527
cloud_controller_tkemenade 45530651272 25076 4937

1723799084.0467029 198627527
cloud0_tkemenade 61407593470 21680 3274

1723799085.0492482 198627932
cloud_controller_tkemenade 45530651272 25096 4944

1723799085.049815 198627932
cloud0_tkemenade 61407593470 21705 3279

1723799086.0524623 198628359
cloud_controller_tkemenade 45530651272 25119 4950

1723799086.0530124 198628359
cloud0_tkemenade 61407593470 21731 3283

1723799087.0557752 198628771
cloud_controller_tkemenade 45531678622 25143 4955

1723799087.0563388 198628771
cloud0_tkemenade 61408611395 21747 3286

1723799088.0589278 198629242
cloud_controller_tkemenade 45531678622 25176 4961

1723799088.05949 198629242
cloud0_tkemenade 61408611395 21775 3288

1723799089.062165 198629651
cloud_controller_tkemenade 45531678622 25200 4966

1723799089.0627286 198629651
cloud0_tkemenade 61408611395 21804 3295

1723799090.0654905 198630111
cloud_controller_tkemenade 45531678622 25232 4974

1723799090.0660932 198630111
cloud0_tkemenade 61408611395 21832 3300

1723799091.0687683 198630605
cloud_controller_tkemenade 45531678622 25264 4980

1723799091.0693753 198630607
cloud0_tkemenade 61408611395 21847 3303

1723799092.0719218 198631099
cloud_controller_tkemenade 45531678622 25297 4985

1723799092.0724378 198631099
cloud0_tkemenade 61408611395 21872 3309

1723799093.0750308 198631497
cloud_controller_tkemenade 45531678622 25330 4993

1723799093.0756109 198631497
cloud0_tkemenade 61408611395 21927 3315

1723799094.0779715 198631923
cloud_controller_tkemenade 45531678622 25349 4999

1723799094.078572 198631923
cloud0_tkemenade 61408611395 21980 3321

1723799094.2791836 198632008
cloud_controller_tkemenade 45532855344 25355 5001

1723799094.2797422 198632008
cloud0_tkemenade 61409852469 21982 3322

1723799095.28196 198632443
cloud_controller_tkemenade 45532855344 25378 5008

1723799095.2824528 198632443
cloud0_tkemenade 61409852469 22001 3326

1723799096.2848525 198632978
cloud_controller_tkemenade 45532855344 25414 5015

1723799096.285294 198632981
cloud0_tkemenade 61409852469 22045 3333

1723799097.2876925 198633447
cloud_controller_tkemenade 45532855344 25446 5025

1723799097.2880363 198633447
cloud0_tkemenade 61409852469 22093 3342

1723799098.2904131 198633906
cloud_controller_tkemenade 45532855344 25474 5031

1723799098.2910106 198633906
cloud0_tkemenade 61409852469 22122 3347

1723799099.2937632 198634372
cloud_controller_tkemenade 45532855344 25500 5033

1723799099.2943113 198634372
cloud0_tkemenade 61409852469 22152 3350

1723799100.2969105 198634843
cloud_controller_tkemenade 45532855344 25542 5040

1723799100.2975106 198634843
cloud0_tkemenade 61409852469 22189 3355

1723799101.3000503 198635343
cloud_controller_tkemenade 45532855344 25568 5050

1723799101.3005748 198635343
cloud0_tkemenade 61409852469 22203 3359

1723799101.4010563 198635405
cloud_controller_tkemenade 45534085527 25569 5051

1723799101.4014673 198635405
cloud0_tkemenade 61411059441 22206 3359

1723799102.4039595 198635764
cloud_controller_tkemenade 45534085527 25593 5060

1723799102.4045153 198635764
cloud0_tkemenade 61411059441 22233 3363

1723799103.4071455 198636229
cloud_controller_tkemenade 45534085527 25616 5069

1723799103.4077196 198636229
cloud0_tkemenade 61411059441 22263 3368

1723799104.410354 198636640
cloud_controller_tkemenade 45534085527 25639 5075

1723799104.410922 198636640
cloud0_tkemenade 61411059441 22282 3373

1723799105.4136057 198637128
cloud_controller_tkemenade 45534085527 25661 5080

1723799105.4142013 198637128
cloud0_tkemenade 61411059441 22370 3376

1723799106.4168851 198637565
cloud_controller_tkemenade 45534085527 25691 5088

1723799106.417472 198637567
cloud0_tkemenade 61411059441 22397 3387

1723799107.4200134 198638051
cloud_controller_tkemenade 45534085527 25717 5094

1723799107.4205976 198638051
cloud0_tkemenade 61411059441 22424 3392

1723799108.4231052 198638549
cloud_controller_tkemenade 45534085527 25742 5104

1723799108.423679 198638549
cloud0_tkemenade 61411059441 22454 3405

1723799108.6244164 198638637
cloud_controller_tkemenade 45535103741 25745 5106

1723799108.6250367 198638638
cloud0_tkemenade 61412388900 22458 3407

1723799109.6275656 198639099
cloud_controller_tkemenade 45535103741 25769 5110

1723799109.6281385 198639099
cloud0_tkemenade 61412388900 22474 3412

1723799110.6306958 198639647
cloud_controller_tkemenade 45535103741 25862 5119

1723799110.6312807 198639647
cloud0_tkemenade 61412388900 22487 3416

1723799111.6338427 198640213
cloud_controller_tkemenade 45535103741 25889 5125

1723799111.6344132 198640213
cloud0_tkemenade 61412388900 22503 3422

1723799112.636768 198640611
cloud_controller_tkemenade 45535103741 25912 5133

1723799112.6373353 198640612
cloud0_tkemenade 61412388900 22522 3426

1723799113.639828 198641071
cloud_controller_tkemenade 45535103741 25939 5138

1723799113.640425 198641071
cloud0_tkemenade 61412388900 22554 3431

1723799114.6431396 198641563
cloud_controller_tkemenade 45535103741 25958 5148

1723799114.643692 198641563
cloud0_tkemenade 61412388900 22583 3436

1723799115.6462648 198642012
cloud_controller_tkemenade 45536385991 25988 5153

1723799115.646789 198642012
cloud0_tkemenade 61413233522 22614 3440

1723799116.6493666 198642435
cloud_controller_tkemenade 45536385991 26015 5163

1723799116.649938 198642435
cloud0_tkemenade 61413233522 22639 3447

1723799117.6521845 198642888
cloud_controller_tkemenade 45536385991 26040 5171

1723799117.6527226 198642888
cloud0_tkemenade 61413233522 22661 3450

1723799118.6553247 198643379
cloud_controller_tkemenade 45536385991 26081 5183

1723799118.655888 198643379
cloud0_tkemenade 61413233522 22710 3456

1723799119.6585965 198643874
cloud_controller_tkemenade 45536385991 26105 5189

1723799119.659193 198643874
cloud0_tkemenade 61413233522 22735 3460

1723799120.6617498 198644283
cloud_controller_tkemenade 45536385991 26140 5197

1723799120.6622682 198644283
cloud0_tkemenade 61413233522 22747 3463

1723799121.6649926 198644813
cloud_controller_tkemenade 45536385991 26167 5204

1723799121.6655653 198644813
cloud0_tkemenade 61413233522 22765 3466

1723799122.668315 198645171
cloud_controller_tkemenade 45536385991 26199 5209

1723799122.6688828 198645171
cloud0_tkemenade 61413233522 22785 3469

1723799122.8695722 198645266
cloud_controller_tkemenade 45537671922 26206 5211

1723799122.870081 198645266
cloud0_tkemenade 61414180306 22787 3470

1723799123.8725026 198645659
cloud_controller_tkemenade 45537671922 26226 5215

1723799123.873027 198645659
cloud0_tkemenade 61414180306 22814 3476

1723799124.8756506 198646154
cloud_controller_tkemenade 45537671922 26253 5223

1723799124.8762538 198646154
cloud0_tkemenade 61414180306 22837 3480

1723799125.8789296 198646680
cloud_controller_tkemenade 45537671922 26319 5225

1723799125.8794894 198646680
cloud0_tkemenade 61414180306 22885 3486

1723799126.882019 198647173
cloud_controller_tkemenade 45537671922 26383 5232

1723799126.8823805 198647173
cloud0_tkemenade 61414180306 22942 3495

1723799127.8845534 198647680
cloud_controller_tkemenade 45537671922 26405 5239

1723799127.8849082 198647680
cloud0_tkemenade 61414180306 22968 3498

1723799128.887125 198648138
cloud_controller_tkemenade 45537671922 26437 5248

1723799128.887682 198648138
cloud0_tkemenade 61414180306 23000 3504

1723799129.89035 198648610
cloud_controller_tkemenade 45537671922 26466 5254

1723799129.8907213 198648610
cloud0_tkemenade 61414180306 23037 3507

1723799130.091309 198648699
cloud_controller_tkemenade 45539079829 26475 5256

1723799130.0919247 198648699
cloud0_tkemenade 61415538734 23052 3507

1723799131.0944636 198649254
cloud_controller_tkemenade 45539079829 26520 5266

1723799131.0950441 198649254
cloud0_tkemenade 61415538734 23068 3515

1723799132.0975955 198649733
cloud_controller_tkemenade 45539079829 26540 5268

1723799132.0981514 198649733
cloud0_tkemenade 61415538734 23094 3527

1723799133.1008923 198650176
cloud_controller_tkemenade 45539079829 26570 5284

1723799133.1014998 198650178
cloud0_tkemenade 61415538734 23115 3533

1723799134.1041753 198650609
cloud_controller_tkemenade 45539079829 26594 5290

1723799134.104731 198650609
cloud0_tkemenade 61415538734 23143 3543

1723799135.1073272 198651043
cloud_controller_tkemenade 45539079829 26622 5295

1723799135.1078916 198651043
cloud0_tkemenade 61415538734 23154 3546

1723799136.110687 198651445
cloud_controller_tkemenade 45539079829 26653 5298

1723799136.1112623 198651445
cloud0_tkemenade 61415538734 23182 3550

1723799137.113833 198651935
cloud_controller_tkemenade 45539079829 26684 5306

1723799137.1141946 198651935
cloud0_tkemenade 61415538734 23206 3556

1723799137.2145793 198651978
cloud_controller_tkemenade 45540263139 26687 5307

1723799137.215179 198651978
cloud0_tkemenade 61416461086 23208 3557

1723799138.2182121 198652439
cloud_controller_tkemenade 45540263139 26713 5314

1723799138.2185981 198652439
cloud0_tkemenade 61416461086 23233 3561

1723799139.2207687 198652935
cloud_controller_tkemenade 45540263139 26735 5319

1723799139.2213795 198652943
cloud0_tkemenade 61416461086 23250 3564

1723799140.2241704 198653373
cloud_controller_tkemenade 45540263139 26766 5328

1723799140.2247295 198653373
cloud0_tkemenade 61416461086 23260 3567

1723799141.227198 198653915
cloud_controller_tkemenade 45540263139 26796 5338

1723799141.227738 198653915
cloud0_tkemenade 61416461086 23275 3571

1723799142.2302682 198654359
cloud_controller_tkemenade 45540263139 26819 5343

1723799142.2308187 198654359
cloud0_tkemenade 61416461086 23298 3575

1723799143.2335162 198654793
cloud_controller_tkemenade 45540263139 26846 5351

1723799143.2339947 198654793
cloud0_tkemenade 61416461086 23325 3580

1723799144.2366319 198655270
cloud_controller_tkemenade 45540263139 26872 5355

1723799144.2372162 198655273
cloud0_tkemenade 61416461086 23364 3585

1723799144.3376653 198655317
cloud_controller_tkemenade 45541323614 26872 5356

1723799144.3381824 198655317
cloud0_tkemenade 61417295267 23365 3585

1723799145.3408668 198655757
cloud_controller_tkemenade 45541323614 26908 5365

1723799145.3414571 198655759
cloud0_tkemenade 61417295267 23394 3592

1723799146.3437874 198656223
cloud_controller_tkemenade 45541323614 26937 5370

1723799146.3443534 198656223
cloud0_tkemenade 61417295267 23416 3598

1723799147.346672 198656655
cloud_controller_tkemenade 45541323614 26950 5389

1723799147.3470783 198656655
cloud0_tkemenade 61417295267 23433 3603

1723799148.3496199 198657133
cloud_controller_tkemenade 45541323614 26981 5400

1723799148.3500555 198657133
cloud0_tkemenade 61417295267 23467 3604

1723799149.3524277 198657659
cloud_controller_tkemenade 45541323614 27006 5405

1723799149.3528614 198657659
cloud0_tkemenade 61417295267 23497 3610

1723799150.3553753 198658127
cloud_controller_tkemenade 45541323614 27039 5414

1723799150.3559842 198658127
cloud0_tkemenade 61417295267 23521 3614

1723799151.358648 198658670
cloud_controller_tkemenade 45541323614 27071 5422

1723799151.359266 198658670
cloud0_tkemenade 61417295267 23533 3617

1723799151.4598007 198658717
cloud_controller_tkemenade 45542463394 27073 5422

1723799151.4603894 198658717
cloud0_tkemenade 61418160814 23535 3617

1723799152.4629111 198659152
cloud_controller_tkemenade 45542463394 27100 5429

1723799152.4634688 198659152
cloud0_tkemenade 61418160814 23559 3624

1723799153.4659438 198659651
cloud_controller_tkemenade 45542463394 27131 5438

1723799153.4665353 198659651
cloud0_tkemenade 61418160814 23648 3627

1723799154.4692335 198660148
cloud_controller_tkemenade 45542463394 27149 5444

1723799154.4697976 198660148
cloud0_tkemenade 61418160814 23672 3631

1723799155.4725142 198660607
cloud_controller_tkemenade 45542463394 27183 5453

1723799155.4731545 198660609
cloud0_tkemenade 61418160814 23687 3636

1723799156.4757755 198661085
cloud_controller_tkemenade 45542463394 27230 5462

1723799156.476154 198661085
cloud0_tkemenade 61418160814 23740 3646

1723799157.4786673 198661723
cloud_controller_tkemenade 45542463394 27258 5470

1723799157.4790263 198661723
cloud0_tkemenade 61418160814 23788 3651

1723799158.481492 198662193
cloud_controller_tkemenade 45542463394 27288 5478

1723799158.4820302 198662193
cloud0_tkemenade 61418160814 23838 3659

1723799158.5824807 198662260
cloud_controller_tkemenade 45543665464 27289 5478

1723799158.5830467 198662260
cloud0_tkemenade 61419679913 23845 3659

1723799159.585693 198662743
cloud_controller_tkemenade 45543665464 27311 5485

1723799159.5862715 198662743
cloud0_tkemenade 61419679913 23879 3661

1723799160.5886986 198663206
cloud_controller_tkemenade 45543665464 27359 5493

1723799160.5892446 198663209
cloud0_tkemenade 61419679913 23914 3670

1723799161.5918448 198663763
cloud_controller_tkemenade 45543665464 27393 5499

1723799161.5923862 198663763
cloud0_tkemenade 61419679913 23934 3676

1723799162.5948071 198664165
cloud_controller_tkemenade 45543665464 27414 5503

1723799162.595349 198664165
cloud0_tkemenade 61419679913 23954 3678

1723799163.5976694 198664604
cloud_controller_tkemenade 45543665464 27445 5513

1723799163.5982351 198664604
cloud0_tkemenade 61419679913 23993 3683

1723799164.6009486 198665055
cloud_controller_tkemenade 45543665464 27468 5521

1723799164.601565 198665055
cloud0_tkemenade 61419679913 24009 3687

1723799165.604034 198665565
cloud_controller_tkemenade 45543665464 27495 5528

1723799165.6045997 198665565
cloud0_tkemenade 61419679913 24093 3693

1723799165.9054902 198665666
cloud_controller_tkemenade 45544821171 27501 5529

1723799165.9060824 198665666
cloud0_tkemenade 61420973416 24098 3694

1723799166.9083445 198666111
cloud_controller_tkemenade 45544821171 27533 5538

1723799166.908914 198666111
cloud0_tkemenade 61420973416 24121 3697

1723799167.9114661 198666543
cloud_controller_tkemenade 45544821171 27556 5546

1723799167.9120643 198666543
cloud0_tkemenade 61420973416 24140 3701

1723799168.9145265 198667052
cloud_controller_tkemenade 45544821171 27585 5553

1723799168.915104 198667052
cloud0_tkemenade 61420973416 24172 3707

1723799169.917933 198667553
cloud_controller_tkemenade 45544821171 27605 5560

1723799169.9183729 198667553
cloud0_tkemenade 61420973416 24187 3710

1723799170.920918 198668127
cloud_controller_tkemenade 45544821171 27689 5567

1723799170.921459 198668128
cloud0_tkemenade 61420973416 24199 3713

1723799171.9239428 198668595
cloud_controller_tkemenade 45544821171 27725 5571

1723799171.924497 198668595
cloud0_tkemenade 61420973416 24218 3717

1723799172.9268456 198668987
cloud_controller_tkemenade 45544821171 27746 5581

1723799172.9271586 198668987
cloud0_tkemenade 61420973416 24235 3721

1723799173.0275166 198669009
cloud_controller_tkemenade 45546181101 27748 5581

1723799173.0280368 198669009
cloud0_tkemenade 61421732975 24235 3722

1723799174.0305142 198669435
cloud_controller_tkemenade 45546181101 27773 5587

1723799174.0310311 198669435
cloud0_tkemenade 61421732975 24288 3725

1723799175.0335553 198669897
cloud_controller_tkemenade 45546181101 27801 5594

1723799175.0341449 198669897
cloud0_tkemenade 61421732975 24316 3729

1723799176.036843 198670352
cloud_controller_tkemenade 45546181101 27826 5602

1723799176.037444 198670354
cloud0_tkemenade 61421732975 24334 3733

1723799177.040068 198670817
cloud_controller_tkemenade 45546181101 27853 5610

1723799177.040608 198670817
cloud0_tkemenade 61421732975 24355 3737

1723799178.0432909 198671219
cloud_controller_tkemenade 45546181101 27882 5618

1723799178.0438747 198671219
cloud0_tkemenade 61421732975 24376 3741

1723799179.0465782 198671775
cloud_controller_tkemenade 45546181101 27919 5627

1723799179.047146 198671775
cloud0_tkemenade 61421732975 24419 3746

1723799180.049847 198672226
cloud_controller_tkemenade 45547239968 27945 5631

1723799180.0503516 198672226
cloud0_tkemenade 61422753570 24445 3751

1723799181.0531144 198672733
cloud_controller_tkemenade 45547239968 27972 5640

1723799181.053674 198672733
cloud0_tkemenade 61422753570 24462 3754

1723799182.0563478 198673166
cloud_controller_tkemenade 45547239968 28009 5651

1723799182.05689 198673166
cloud0_tkemenade 61422753570 24479 3759

1723799183.0595207 198673533
cloud_controller_tkemenade 45547239968 28030 5660

1723799183.060122 198673533
cloud0_tkemenade 61422753570 24496 3762

1723799184.0628195 198674031
cloud_controller_tkemenade 45547239968 28049 5673

1723799184.0631607 198674031
cloud0_tkemenade 61422753570 24544 3765

1723799185.0658495 198674497
cloud_controller_tkemenade 45547239968 28075 5683

1723799185.0662673 198674497
cloud0_tkemenade 61422753570 24556 3766

1723799186.0686545 198675040
cloud_controller_tkemenade 45547239968 28157 5688

1723799186.0691264 198675043
cloud0_tkemenade 61422753570 24602 3772

1723799187.0716045 198675497
cloud_controller_tkemenade 45547239968 28196 5702

1723799187.0720212 198675497
cloud0_tkemenade 61422753570 24652 3781

1723799187.2724617 198675575
cloud_controller_tkemenade 45548718375 28200 5704

1723799187.2728138 198675575
cloud0_tkemenade 61423857868 24658 3782

1723799188.2752717 198675970
cloud_controller_tkemenade 45548718375 28225 5711

1723799188.2758005 198675970
cloud0_tkemenade 61423857868 24694 3786

1723799189.278482 198676437
cloud_controller_tkemenade 45548718375 28253 5723

1723799189.2790024 198676437
cloud0_tkemenade 61423857868 24727 3792

1723799190.2814968 198676837
cloud_controller_tkemenade 45548718375 28291 5733

1723799190.2818902 198676837
cloud0_tkemenade 61423857868 24761 3797

1723799191.2843606 198677313
cloud_controller_tkemenade 45548718375 28325 5738

1723799191.2849224 198677313
cloud0_tkemenade 61423857868 24780 3802

1723799192.2874925 198677774
cloud_controller_tkemenade 45548718375 28348 5746

1723799192.2879226 198677774
cloud0_tkemenade 61423857868 24796 3809

1723799193.2904012 198678175
cloud_controller_tkemenade 45548718375 28377 5752

1723799193.2909524 198678175
cloud0_tkemenade 61423857868 24819 3812

1723799194.293474 198678598
cloud_controller_tkemenade 45548718375 28428 5759

1723799194.2937913 198678598
cloud0_tkemenade 61423857868 24846 3816

1723799194.3941636 198678631
cloud_controller_tkemenade 45550122172 28428 5760

1723799194.394658 198678631
cloud0_tkemenade 61424955202 24847 3817

1723799195.3973446 198679065
cloud_controller_tkemenade 45550122172 28460 5768

1723799195.3979511 198679065
cloud0_tkemenade 61424955202 24867 3819

1723799196.4006543 198679527
cloud_controller_tkemenade 45550122172 28489 5775

1723799196.4012604 198679527
cloud0_tkemenade 61424955202 24883 3822

1723799197.4038916 198679995
cloud_controller_tkemenade 45550122172 28515 5783

1723799197.4044454 198679995
cloud0_tkemenade 61424955202 24914 3826

1723799198.4070833 198680463
cloud_controller_tkemenade 45550122172 28537 5792

1723799198.4076326 198680463
cloud0_tkemenade 61424955202 24938 3828

1723799199.4101808 198680933
cloud_controller_tkemenade 45550122172 28568 5801

1723799199.4106338 198680933
cloud0_tkemenade 61424955202 24954 3833

1723799200.413375 198681423
cloud_controller_tkemenade 45550122172 28586 5808

1723799200.4139392 198681423
cloud0_tkemenade 61424955202 24967 3835

1723799201.416143 198681934
cloud_controller_tkemenade 45550122172 28619 5820

1723799201.416551 198681934
cloud0_tkemenade 61424955202 24981 3837

1723799201.6170862 198682084
cloud_controller_tkemenade 45551278112 28624 5820

1723799201.6174457 198682084
cloud0_tkemenade 61425680498 24986 3837

1723799202.6199102 198682437
cloud_controller_tkemenade 45551278112 28645 5826

1723799202.6202562 198682437
cloud0_tkemenade 61425680498 25006 3841

1723799203.6227236 198682867
cloud_controller_tkemenade 45551278112 28676 5833

1723799203.6232884 198682867
cloud0_tkemenade 61425680498 25033 3846

1723799204.6257703 198683473
cloud_controller_tkemenade 45551278112 28689 5840

1723799204.626297 198683473
cloud0_tkemenade 61425680498 25070 3853

1723799205.628987 198683907
cloud_controller_tkemenade 45551278112 28729 5846

1723799205.6296031 198683907
cloud0_tkemenade 61425680498 25102 3858

1723799206.632053 198684386
cloud_controller_tkemenade 45551278112 28760 5851

1723799206.6326215 198684386
cloud0_tkemenade 61425680498 25121 3860

1723799207.6352038 198684829
cloud_controller_tkemenade 45551278112 28786 5861

1723799207.6357934 198684829
cloud0_tkemenade 61425680498 25166 3865

1723799208.6383529 198685317
cloud_controller_tkemenade 45551278112 28827 5869

1723799208.63889 198685317
cloud0_tkemenade 61425680498 25214 3872

1723799208.7394128 198685374
cloud_controller_tkemenade 45552393608 28832 5869

1723799208.7400036 198685374
cloud0_tkemenade 61426840259 25217 3872

1723799209.742644 198685868
cloud_controller_tkemenade 45552393608 28856 5878

1723799209.7432258 198685868
cloud0_tkemenade 61426840259 25248 3875

1723799210.745844 198686374
cloud_controller_tkemenade 45552393608 28884 5885

1723799210.7463226 198686374
cloud0_tkemenade 61426840259 25263 3881

1723799211.7488432 198686886
cloud_controller_tkemenade 45552393608 28926 5894

1723799211.7494092 198686888
cloud0_tkemenade 61426840259 25282 3886

1723799212.7520618 198687350
cloud_controller_tkemenade 45552393608 28944 5899

1723799212.7526324 198687350
cloud0_tkemenade 61426840259 25309 3889

1723799213.7552748 198687864
cloud_controller_tkemenade 45552393608 28973 5906

1723799213.755871 198687864
cloud0_tkemenade 61426840259 25402 3891

1723799214.7585027 198688357
cloud_controller_tkemenade 45552393608 28993 5912

1723799214.759073 198688357
cloud0_tkemenade 61426840259 25428 3895

1723799215.7615302 198688787
cloud_controller_tkemenade 45553515877 29029 5921

1723799215.7621439 198688787
cloud0_tkemenade 61428087224 25465 3903

1723799216.7647038 198689223
cloud_controller_tkemenade 45553515877 29070 5927

1723799216.765331 198689226
cloud0_tkemenade 61428087224 25501 3908

1723799217.7678587 198689700
cloud_controller_tkemenade 45553515877 29096 5935

1723799217.768324 198689700
cloud0_tkemenade 61428087224 25546 3915

1723799218.77083 198690112
cloud_controller_tkemenade 45553515877 29126 5943

1723799218.7713778 198690112
cloud0_tkemenade 61428087224 25582 3918

1723799219.7739527 198690569
cloud_controller_tkemenade 45553515877 29168 5952

1723799219.774307 198690569
cloud0_tkemenade 61428087224 25614 3922

1723799220.7768447 198690991
cloud_controller_tkemenade 45553515877 29204 5962

1723799220.777457 198690993
cloud0_tkemenade 61428087224 25649 3928

1723799221.78017 198691512
cloud_controller_tkemenade 45553515877 29238 5974

1723799221.7807376 198691512
cloud0_tkemenade 61428087224 25667 3932

1723799222.783096 198692004
cloud_controller_tkemenade 45553515877 29257 5980

1723799222.7835245 198692004
cloud0_tkemenade 61428087224 25687 3936

1723799222.9841866 198692080
cloud_controller_tkemenade 45554845892 29261 5981

1723799222.98476 198692080
cloud0_tkemenade 61429259441 25691 3936

1723799223.9873357 198692497
cloud_controller_tkemenade 45554845892 29289 5992

1723799223.9877496 198692497
cloud0_tkemenade 61429259441 25751 3939

1723799224.9902961 198692916
cloud_controller_tkemenade 45554845892 29312 6002

1723799224.9908504 198692916
cloud0_tkemenade 61429259441 25783 3942

1723799225.9934533 198693399
cloud_controller_tkemenade 45554845892 29338 6010

1723799225.994042 198693399
cloud0_tkemenade 61429259441 25860 3944

1723799226.9968317 198693868
cloud_controller_tkemenade 45554845892 29366 6017

1723799226.9974585 198693870
cloud0_tkemenade 61429259441 25881 3948

1723799227.9998589 198694320
cloud_controller_tkemenade 45554845892 29387 6026

1723799228.0004196 198694320
cloud0_tkemenade 61429259441 25909 3952

1723799229.0029204 198694770
cloud_controller_tkemenade 45554845892 29414 6036

1723799229.0034974 198694770
cloud0_tkemenade 61429259441 25931 3955

1723799230.005908 198695235
cloud_controller_tkemenade 45554845892 29439 6043

1723799230.0062153 198695235
cloud0_tkemenade 61429259441 25946 3959

1723799230.1065743 198695280
cloud_controller_tkemenade 45555941059 29450 6043

1723799230.1071277 198695280
cloud0_tkemenade 61430536378 25947 3960

1723799231.1094553 198695817
cloud_controller_tkemenade 45555941059 29531 6050

1723799231.1100094 198695817
cloud0_tkemenade 61430536378 25963 3962

1723799232.1126208 198696294
cloud_controller_tkemenade 45555941059 29559 6059

1723799232.1130486 198696297
cloud0_tkemenade 61430536378 25988 3965

1723799233.1155202 198696766
cloud_controller_tkemenade 45555941059 29583 6065

1723799233.116081 198696766
cloud0_tkemenade 61430536378 26005 3968

1723799234.1184227 198697320
cloud_controller_tkemenade 45555941059 29605 6074

1723799234.1189735 198697320
cloud0_tkemenade 61430536378 26077 3972

1723799235.1215982 198697786
cloud_controller_tkemenade 45555941059 29632 6081

1723799235.1221948 198697786
cloud0_tkemenade 61430536378 26106 3978

1723799236.1247652 198698201
cloud_controller_tkemenade 45555941059 29663 6091

1723799236.1253595 198698204
cloud0_tkemenade 61430536378 26125 3983

1723799237.1276066 198698634
cloud_controller_tkemenade 45555941059 29684 6096

1723799237.128064 198698634
cloud0_tkemenade 61430536378 26147 3989

1723799237.2284675 198698671
cloud_controller_tkemenade 45557277712 29686 6098

1723799237.2289186 198698671
cloud0_tkemenade 61431566622 26148 3990

1723799238.2313945 198699150
cloud_controller_tkemenade 45557277712 29719 6107

1723799238.2319682 198699150
cloud0_tkemenade 61431566622 26178 3995

1723799239.2346504 198699637
cloud_controller_tkemenade 45557277712 29739 6120

1723799239.2352557 198699637
cloud0_tkemenade 61431566622 26201 3999

1723799240.2379093 198700116
cloud_controller_tkemenade 45557277712 29767 6130

1723799240.2385073 198700116
cloud0_tkemenade 61431566622 26230 4004

1723799241.2411582 198700646
cloud_controller_tkemenade 45557277712 29791 6139

1723799241.2417183 198700646
cloud0_tkemenade 61431566622 26242 4007

1723799242.2440443 198701067
cloud_controller_tkemenade 45557277712 29831 6145

1723799242.2446005 198701067
cloud0_tkemenade 61431566622 26263 4009

1723799243.2471466 198701486
cloud_controller_tkemenade 45557277712 29860 6151

1723799243.24773 198701486
cloud0_tkemenade 61431566622 26281 4012

1723799244.2501786 198702001
cloud_controller_tkemenade 45557277712 29881 6157

1723799244.2507272 198702001
cloud0_tkemenade 61431566622 26310 4016

1723799244.3511782 198702051
cloud_controller_tkemenade 45558398260 29882 6157

1723799244.3517668 198702051
cloud0_tkemenade 61432397145 26311 4016

1723799245.3543124 198702434
cloud_controller_tkemenade 45558398260 29907 6168

1723799245.3549361 198702434
cloud0_tkemenade 61432397145 26339 4019

1723799246.3576455 198702962
cloud_controller_tkemenade 45558398260 30001 6175

1723799246.3582256 198702962
cloud0_tkemenade 61432397145 26376 4025

1723799247.3608236 198703471
cloud_controller_tkemenade 45558398260 30038 6183

1723799247.361499 198703472
cloud0_tkemenade 61432397145 26436 4035

1723799248.3641503 198703987
cloud_controller_tkemenade 45558398260 30066 6194

1723799248.3646922 198703987
cloud0_tkemenade 61432397145 26476 4038

1723799249.3674326 198704445
cloud_controller_tkemenade 45558398260 30094 6201

1723799249.3680296 198704445
cloud0_tkemenade 61432397145 26502 4042

1723799250.3704796 198704958
cloud_controller_tkemenade 45558398260 30142 6215

1723799250.3710446 198704958
cloud0_tkemenade 61432397145 26547 4046

1723799251.373504 198705451
cloud_controller_tkemenade 45558398260 30182 6227

1723799251.374057 198705451
cloud0_tkemenade 61432397145 26565 4048

1723799251.5747125 198705574
cloud_controller_tkemenade 45560019077 30188 6229

1723799251.5752032 198705574
cloud0_tkemenade 61433651554 26568 4049

1723799252.5773532 198705971
cloud_controller_tkemenade 45560019077 30208 6237

1723799252.5777755 198705971
cloud0_tkemenade 61433651554 26585 4053

1723799253.580258 198706515
cloud_controller_tkemenade 45560019077 30297 6243

1723799253.5806212 198706515
cloud0_tkemenade 61433651554 26622 4057

1723799254.5830352 198706987
cloud_controller_tkemenade 45560019077 30319 6249

1723799254.5835853 198706987
cloud0_tkemenade 61433651554 26643 4060

1723799255.5861392 198707453
cloud_controller_tkemenade 45560019077 30355 6257

1723799255.5866902 198707453
cloud0_tkemenade 61433651554 26667 4064

1723799256.589246 198707913
cloud_controller_tkemenade 45560019077 30380 6265

1723799256.589831 198707913
cloud0_tkemenade 61433651554 26683 4067

1723799257.592425 198708440
cloud_controller_tkemenade 45560019077 30416 6276

1723799257.5929859 198708440
cloud0_tkemenade 61433651554 26720 4073

1723799258.5954223 198708896
cloud_controller_tkemenade 45560019077 30438 6284

1723799258.595792 198708896
cloud0_tkemenade 61433651554 26755 4079

1723799258.796567 198708991
cloud_controller_tkemenade 45561385476 30442 6284

1723799258.7969494 198708991
cloud0_tkemenade 61434630072 26762 4079

1723799259.7989714 198709482
cloud_controller_tkemenade 45561385476 30463 6292

1723799259.7993145 198709482
cloud0_tkemenade 61434630072 26778 4082

1723799260.8015857 198710017
cloud_controller_tkemenade 45561385476 30490 6299

1723799260.8021502 198710017
cloud0_tkemenade 61434630072 26793 4086

1723799261.8045955 198710509
cloud_controller_tkemenade 45561385476 30526 6307

1723799261.804973 198710509
cloud0_tkemenade 61434630072 26812 4090

1723799262.8071637 198710890
cloud_controller_tkemenade 45561385476 30551 6317

1723799262.8075266 198710890
cloud0_tkemenade 61434630072 26831 4093

1723799263.8098345 198711341
cloud_controller_tkemenade 45561385476 30578 6325

1723799263.8101625 198711341
cloud0_tkemenade 61434630072 26878 4096

1723799264.8125806 198711896
cloud_controller_tkemenade 45561385476 30596 6332

1723799264.8129027 198711896
cloud0_tkemenade 61434630072 26898 4101

1723799265.8148463 198712349
cloud_controller_tkemenade 45561385476 30624 6341

1723799265.8151696 198712349
cloud0_tkemenade 61434630072 26929 4105

1723799265.915448 198712379
cloud_controller_tkemenade 45562502841 30628 6341

1723799265.916003 198712379
cloud0_tkemenade 61435529528 26931 4105

1723799266.9184217 198712821
cloud_controller_tkemenade 45562502841 30653 6351

1723799266.9187737 198712821
cloud0_tkemenade 61435529528 26952 4109

1723799267.9214528 198713273
cloud_controller_tkemenade 45562502841 30687 6363

1723799267.9220068 198713273
cloud0_tkemenade 61435529528 26987 4114

1723799268.9245963 198713799
cloud_controller_tkemenade 45562502841 30717 6371

1723799268.925218 198713800
cloud0_tkemenade 61435529528 27017 4121

1723799269.9277081 198714273
cloud_controller_tkemenade 45562502841 30743 6380

1723799269.9281018 198714273
cloud0_tkemenade 61435529528 27050 4123

1723799270.9301286 198714838
cloud_controller_tkemenade 45562502841 30773 6388

1723799270.9304724 198714838
cloud0_tkemenade 61435529528 27064 4127

1723799271.932803 198715375
cloud_controller_tkemenade 45562502841 30807 6395

1723799271.9331305 198715376
cloud0_tkemenade 61435529528 27093 4131

1723799272.9351711 198715822
cloud_controller_tkemenade 45562502841 30835 6402

1723799272.9357803 198715822
cloud0_tkemenade 61435529528 27117 4134

1723799273.0362387 198715871
cloud_controller_tkemenade 45563719038 30841 6403

1723799273.0367222 198715871
cloud0_tkemenade 61436475459 27132 4136

1723799274.038865 198716398
cloud_controller_tkemenade 45563719038 30876 6410

1723799274.039419 198716398
cloud0_tkemenade 61436475459 27204 4140

1723799275.0417883 198716900
cloud_controller_tkemenade 45563719038 30901 6415

1723799275.04224 198716900
cloud0_tkemenade 61436475459 27232 4145

1723799276.0445986 198717382
cloud_controller_tkemenade 45563719038 30933 6426

1723799276.0451863 198717385
cloud0_tkemenade 61436475459 27273 4154

1723799277.0474496 198717916
cloud_controller_tkemenade 45563719038 30969 6436

1723799277.047795 198717916
cloud0_tkemenade 61436475459 27311 4163

1723799278.0500429 198718521
cloud_controller_tkemenade 45563719038 30996 6443

1723799278.0505474 198718521
cloud0_tkemenade 61436475459 27357 4169

1723799279.0530627 198719011
cloud_controller_tkemenade 45563719038 31023 6450

1723799279.053472 198719011
cloud0_tkemenade 61436475459 27395 4173

1723799280.055872 198719455
cloud_controller_tkemenade 45563719038 31058 6456

1723799280.0564063 198719455
cloud0_tkemenade 61436475459 27433 4177

1723799280.1569066 198719499
cloud_controller_tkemenade 45565006172 31062 6457

1723799280.1574707 198719501
cloud0_tkemenade 61438168570 27435 4178

1723799281.1598022 198720020
cloud_controller_tkemenade 45565006172 31095 6465

1723799281.160174 198720020
cloud0_tkemenade 61438168570 27449 4181

1723799282.1625133 198720580
cloud_controller_tkemenade 45565006172 31124 6474

1723799282.163029 198720580
cloud0_tkemenade 61438168570 27491 4184

1723799283.1655886 198721000
cloud_controller_tkemenade 45565006172 31146 6483

1723799283.1661627 198721000
cloud0_tkemenade 61438168570 27510 4189

1723799284.1686935 198721444
cloud_controller_tkemenade 45565006172 31174 6491

1723799284.1692708 198721445
cloud0_tkemenade 61438168570 27533 4195

1723799285.1717308 198721925
cloud_controller_tkemenade 45565006172 31201 6499

1723799285.1720893 198721925
cloud0_tkemenade 61438168570 27605 4198

1723799286.1744518 198722461
cloud_controller_tkemenade 45565006172 31225 6506

1723799286.1749694 198722461
cloud0_tkemenade 61438168570 27640 4202

1723799287.1773083 198722891
cloud_controller_tkemenade 45565006172 31254 6514

1723799287.1777887 198722891
cloud0_tkemenade 61438168570 27657 4206

1723799287.2782373 198722947
cloud_controller_tkemenade 45566204264 31258 6515

1723799287.2787833 198722947
cloud0_tkemenade 61439352622 27658 4206

1723799288.2814682 198723387
cloud_controller_tkemenade 45566204264 31281 6525

1723799288.2820551 198723387
cloud0_tkemenade 61439352622 27705 4208

1723799289.284655 198723878
cloud_controller_tkemenade 45566204264 31302 6529

1723799289.285036 198723878
cloud0_tkemenade 61439352622 27721 4211

1723799290.2874906 198724419
cloud_controller_tkemenade 45566204264 31371 6535

1723799290.2880473 198724419
cloud0_tkemenade 61439352622 27742 4215

1723799291.2904418 198724937
cloud_controller_tkemenade 45566204264 31425 6543

1723799291.2907748 198724937
cloud0_tkemenade 61439352622 27756 4218

1723799292.2934208 198725437
cloud_controller_tkemenade 45566204264 31459 6551

1723799292.2939637 198725437
cloud0_tkemenade 61439352622 27780 4221

1723799293.2964256 198725835
cloud_controller_tkemenade 45566204264 31490 6557

1723799293.296758 198725835
cloud0_tkemenade 61439352622 27804 4226

1723799294.2990918 198726301
cloud_controller_tkemenade 45566204264 31510 6567

1723799294.2996385 198726301
cloud0_tkemenade 61439352622 27837 4232

1723799294.500166 198726374
cloud_controller_tkemenade 45567548475 31512 6568

1723799294.5005112 198726374
cloud0_tkemenade 61440264765 27839 4233

1723799295.503225 198726865
cloud_controller_tkemenade 45567548475 31542 6574

1723799295.503846 198726865
cloud0_tkemenade 61440264765 27874 4237

1723799296.5062854 198727338
cloud_controller_tkemenade 45567548475 31569 6585

1723799296.5068297 198727338
cloud0_tkemenade 61440264765 27891 4240

1723799297.5093586 198727808
cloud_controller_tkemenade 45567548475 31602 6590

1723799297.509935 198727808
cloud0_tkemenade 61440264765 27912 4242

1723799298.5121713 198728333
cloud_controller_tkemenade 45567548475 31667 6598

1723799298.512714 198728333
cloud0_tkemenade 61440264765 27958 4251

1723799299.5150335 198728714
cloud_controller_tkemenade 45567548475 31697 6603

1723799299.5153666 198728714
cloud0_tkemenade 61440264765 27982 4253

1723799300.5174913 198729112
cloud_controller_tkemenade 45567548475 31726 6609

1723799300.5180066 198729112
cloud0_tkemenade 61440264765 28006 4256

1723799301.5200613 198729615
cloud_controller_tkemenade 45567548475 31753 6619

1723799301.5203874 198729615
cloud0_tkemenade 61440264765 28018 4258

1723799301.620713 198729684
cloud_controller_tkemenade 45568890393 31765 6621

1723799301.621063 198729685
cloud0_tkemenade 61441195892 28019 4259

1723799302.6232333 198730081
cloud_controller_tkemenade 45568890393 31798 6626

1723799302.6237552 198730081
cloud0_tkemenade 61441195892 28040 4261

1723799303.6262782 198730516
cloud_controller_tkemenade 45568890393 31818 6635

1723799303.6268115 198730516
cloud0_tkemenade 61441195892 28061 4265

1723799304.6291108 198730930
cloud_controller_tkemenade 45568890393 31838 6641

1723799304.6294382 198730930
cloud0_tkemenade 61441195892 28080 4268

1723799305.631503 198731343
cloud_controller_tkemenade 45568890393 31866 6648

1723799305.6318371 198731343
cloud0_tkemenade 61441195892 28110 4277

1723799306.6340454 198731830
cloud_controller_tkemenade 45568890393 31966 6653

1723799306.6346073 198731830
cloud0_tkemenade 61441195892 28160 4283

1723799307.63672 198732340
cloud_controller_tkemenade 45568890393 31993 6661

1723799307.6373067 198732345
cloud0_tkemenade 61441195892 28202 4289

1723799308.6394053 198732740
cloud_controller_tkemenade 45568890393 32022 6669

1723799308.6399183 198732740
cloud0_tkemenade 61441195892 28254 4294

1723799308.7403774 198732770
cloud_controller_tkemenade 45570422183 32025 6670

1723799308.7407076 198732770
cloud0_tkemenade 61442493857 28255 4295

1723799309.7428534 198733177
cloud_controller_tkemenade 45570422183 32052 6678

1723799309.7432399 198733177
cloud0_tkemenade 61442493857 28280 4297

1723799310.7456615 198733641
cloud_controller_tkemenade 45570422183 32096 6686

1723799310.7461736 198733641
cloud0_tkemenade 61442493857 28327 4305

1723799311.7483304 198734198
cloud_controller_tkemenade 45570422183 32129 6694

1723799311.7486603 198734198
cloud0_tkemenade 61442493857 28347 4307

1723799312.7508757 198734585
cloud_controller_tkemenade 45570422183 32156 6705

1723799312.7513947 198734585
cloud0_tkemenade 61442493857 28370 4314

1723799313.753748 198734952
cloud_controller_tkemenade 45570422183 32180 6711

1723799313.754077 198734952
cloud0_tkemenade 61442493857 28396 4320

1723799314.756165 198735349
cloud_controller_tkemenade 45570422183 32205 6718

1723799314.75651 198735349
cloud0_tkemenade 61442493857 28418 4325

1723799315.7588773 198735775
cloud_controller_tkemenade 45570422183 32233 6727

1723799315.7593827 198735775
cloud0_tkemenade 61442493857 28444 4328

1723799315.9600832 198735893
cloud_controller_tkemenade 45571714647 32243 6729

1723799315.9604652 198735893
cloud0_tkemenade 61443564621 28446 4329

1723799316.962979 198736332
cloud_controller_tkemenade 45571714647 32264 6739

1723799316.9635632 198736332
cloud0_tkemenade 61443564621 28462 4331

1723799317.9660654 198736879
cloud_controller_tkemenade 45571714647 32294 6746

1723799317.9664009 198736879
cloud0_tkemenade 61443564621 28494 4339

1723799318.9689326 198737341
cloud_controller_tkemenade 45571714647 32321 6752

1723799318.9693627 198737343
cloud0_tkemenade 61443564621 28521 4341

1723799319.9716978 198737763
cloud_controller_tkemenade 45571714647 32339 6757

1723799319.9722552 198737763
cloud0_tkemenade 61443564621 28532 4343

1723799320.9745295 198738273
cloud_controller_tkemenade 45571714647 32363 6764

1723799320.9748478 198738273
cloud0_tkemenade 61443564621 28547 4345

1723799321.9769323 198738803
cloud_controller_tkemenade 45571714647 32403 6772

1723799321.977303 198738803
cloud0_tkemenade 61443564621 28568 4350

1723799322.9793794 198739227
cloud_controller_tkemenade 45571714647 32434 6784

1723799322.979891 198739227
cloud0_tkemenade 61443564621 28585 4352

1723799323.0803986 198739260
cloud_controller_tkemenade 45572875052 32437 6784

1723799323.0809712 198739260
cloud0_tkemenade 61444313568 28586 4352

1723799324.0834553 198739726
cloud_controller_tkemenade 45572875052 32460 6790

1723799324.0838099 198739726
cloud0_tkemenade 61444313568 28636 4360

1723799325.0860143 198740274
cloud_controller_tkemenade 45572875052 32487 6797

1723799325.0863528 198740274
cloud0_tkemenade 61444313568 28667 4366

1723799326.0886364 198740740
cloud_controller_tkemenade 45572875052 32516 6804

1723799326.0892086 198740741
cloud0_tkemenade 61444313568 28694 4368

1723799327.0918193 198741221
cloud_controller_tkemenade 45572875052 32544 6814

1723799327.0923605 198741221
cloud0_tkemenade 61444313568 28714 4372

1723799328.0947084 198741776
cloud_controller_tkemenade 45572875052 32581 6822

1723799328.0952795 198741776
cloud0_tkemenade 61444313568 28744 4381

1723799329.097945 198742270
cloud_controller_tkemenade 45572875052 32603 6831

1723799329.098573 198742270
cloud0_tkemenade 61444313568 28767 4386

1723799330.1007712 198742707
cloud_controller_tkemenade 45572875052 32625 6840

1723799330.1011293 198742709
cloud0_tkemenade 61444313568 28793 4388

1723799330.2014484 198742739
cloud_controller_tkemenade 45574024572 32627 6841

1723799330.2017963 198742739
cloud0_tkemenade 61445449126 28795 4388

1723799331.2038944 198743221
cloud_controller_tkemenade 45574024572 32650 6845

1723799331.2044451 198743221
cloud0_tkemenade 61445449126 28808 4390

1723799332.2068338 198743737
cloud_controller_tkemenade 45574024572 32683 6855

1723799332.2071998 198743737
cloud0_tkemenade 61445449126 28832 4393

1723799333.2094164 198744194
cloud_controller_tkemenade 45574024572 32712 6862

1723799333.2099583 198744194
cloud0_tkemenade 61445449126 28908 4396

1723799334.2124333 198744672
cloud_controller_tkemenade 45574024572 32738 6871

1723799334.2129972 198744672
cloud0_tkemenade 61445449126 28947 4399

1723799335.2154636 198745054
cloud_controller_tkemenade 45574024572 32760 6878

1723799335.2159739 198745054
cloud0_tkemenade 61445449126 28969 4402

1723799336.218375 198745519
cloud_controller_tkemenade 45574024572 32790 6889

1723799336.2189221 198745519
cloud0_tkemenade 61445449126 29011 4408

1723799337.2213755 198745952
cloud_controller_tkemenade 45574024572 32828 6896

1723799337.2217705 198745952
cloud0_tkemenade 61445449126 29072 4412

1723799337.422304 198746019
cloud_controller_tkemenade 45575248253 32831 6898

1723799337.4227035 198746019
cloud0_tkemenade 61446874410 29073 4414

1723799338.4250538 198746477
cloud_controller_tkemenade 45575248253 32869 6907

1723799338.4256318 198746477
cloud0_tkemenade 61446874410 29119 4419

1723799339.4281914 198746959
cloud_controller_tkemenade 45575248253 32895 6913

1723799339.4285872 198746959
cloud0_tkemenade 61446874410 29144 4424

1723799340.4308648 198747473
cloud_controller_tkemenade 45575248253 32938 6922

1723799340.4314594 198747473
cloud0_tkemenade 61446874410 29193 4428

1723799341.4338143 198747966
cloud_controller_tkemenade 45575248253 32967 6933

1723799341.434165 198747966
cloud0_tkemenade 61446874410 29209 4431

1723799342.4364262 198748417
cloud_controller_tkemenade 45575248253 32988 6943

1723799342.4369712 198748417
cloud0_tkemenade 61446874410 29232 4434

1723799343.4394557 198748840
cloud_controller_tkemenade 45575248253 33017 6953

1723799343.4401002 198748840
cloud0_tkemenade 61446874410 29256 4437

1723799344.442489 198749211
cloud_controller_tkemenade 45576524458 33046 6959

1723799344.4430473 198749211
cloud0_tkemenade 61447930263 29275 4442

1723799345.4457998 198749733
cloud_controller_tkemenade 45576524458 33074 6964

1723799345.4464157 198749733
cloud0_tkemenade 61447930263 29369 4447

1723799346.4490137 198750165
cloud_controller_tkemenade 45576524458 33100 6974

1723799346.4495988 198750165
cloud0_tkemenade 61447930263 29383 4451

1723799347.4523757 198750634
cloud_controller_tkemenade 45576524458 33122 6981

1723799347.4529457 198750634
cloud0_tkemenade 61447930263 29402 4453

1723799348.4556453 198751088
cloud_controller_tkemenade 45576524458 33150 6990

1723799348.4562402 198751088
cloud0_tkemenade 61447930263 29449 4459

1723799349.458682 198751610
cloud_controller_tkemenade 45576524458 33173 6997

1723799349.4592278 198751610
cloud0_tkemenade 61447930263 29468 4461

1723799350.4617777 198752069
cloud_controller_tkemenade 45576524458 33260 7002

1723799350.4621706 198752069
cloud0_tkemenade 61447930263 29486 4465

1723799351.4644895 198752543
cloud_controller_tkemenade 45576524458 33285 7009

1723799351.465032 198752545
cloud0_tkemenade 61447930263 29505 4467

1723799351.6656802 198752625
cloud_controller_tkemenade 45577785301 33289 7010

1723799351.6662261 198752625
cloud0_tkemenade 61449045788 29509 4468

1723799352.668502 198753029
cloud_controller_tkemenade 45577785301 33314 7018

1723799352.669069 198753032
cloud0_tkemenade 61449045788 29527 4472

1723799353.6716614 198753471
cloud_controller_tkemenade 45577785301 33339 7026

1723799353.6719944 198753471
cloud0_tkemenade 61449045788 29563 4475

1723799354.6744304 198753861
cloud_controller_tkemenade 45577785301 33362 7037

1723799354.6750157 198753861
cloud0_tkemenade 61449045788 29591 4479

1723799355.677742 198754347
cloud_controller_tkemenade 45577785301 33391 7046

1723799355.6780822 198754347
cloud0_tkemenade 61449045788 29627 4484

1723799356.680545 198754715
cloud_controller_tkemenade 45577785301 33423 7057

1723799356.6810431 198754717
cloud0_tkemenade 61449045788 29645 4489

1723799357.6838 198755153
cloud_controller_tkemenade 45577785301 33441 7067

1723799357.6843562 198755153
cloud0_tkemenade 61449045788 29666 4491

1723799358.686638 198755571
cloud_controller_tkemenade 45577785301 33481 7075

1723799358.687157 198755571
cloud0_tkemenade 61449045788 29707 4500

1723799358.8878202 198755656
cloud_controller_tkemenade 45578987805 33488 7077

1723799358.8881984 198755656
cloud0_tkemenade 61450124370 29713 4500

1723799359.890585 198756093
cloud_controller_tkemenade 45578987805 33511 7084

1723799359.8909621 198756093
cloud0_tkemenade 61450124370 29750 4503

1723799360.893642 198756606
cloud_controller_tkemenade 45578987805 33539 7090

1723799360.8941956 198756606
cloud0_tkemenade 61450124370 29771 4507

1723799361.8966684 198757082
cloud_controller_tkemenade 45578987805 33576 7098

1723799361.897199 198757085
cloud0_tkemenade 61450124370 29788 4510

1723799362.8999243 198757574
cloud_controller_tkemenade 45578987805 33605 7108

1723799362.900493 198757574
cloud0_tkemenade 61450124370 29798 4513

1723799363.9032083 198758019
cloud_controller_tkemenade 45578987805 33626 7113

1723799363.9037611 198758019
cloud0_tkemenade 61450124370 29824 4518

1723799364.9064376 198758412
cloud_controller_tkemenade 45578987805 33648 7127

1723799364.9069085 198758412
cloud0_tkemenade 61450124370 29844 4523

1723799365.9093702 198758901
cloud_controller_tkemenade 45578987805 33719 7133

1723799365.9099455 198758901
cloud0_tkemenade 61450124370 29888 4529

1723799366.1107183 198758999
cloud_controller_tkemenade 45580380062 33739 7134

1723799366.111324 198758999
cloud0_tkemenade 61451081263 29894 4530

1723799367.1137662 198759481
cloud_controller_tkemenade 45580380062 33777 7145

1723799367.1143072 198759481
cloud0_tkemenade 61451081263 29944 4535

1723799368.1167939 198759921
cloud_controller_tkemenade 45580380062 33806 7152

1723799368.1173835 198759924
cloud0_tkemenade 61451081263 29978 4541

1723799369.1198068 198760378
cloud_controller_tkemenade 45580380062 33839 7162

1723799369.120347 198760378
cloud0_tkemenade 61451081263 30018 4547

1723799370.122771 198760885
cloud_controller_tkemenade 45580380062 33878 7169

1723799370.123247 198760885
cloud0_tkemenade 61451081263 30057 4553

1723799371.1255639 198761420
cloud_controller_tkemenade 45580380062 33913 7180

1723799371.1262188 198761420
cloud0_tkemenade 61451081263 30076 4558

1723799372.1287987 198761892
cloud_controller_tkemenade 45580380062 33938 7189

1723799372.1293528 198761893
cloud0_tkemenade 61451081263 30096 4566

1723799373.1317532 198762322
cloud_controller_tkemenade 45580380062 33966 7203

1723799373.132289 198762322
cloud0_tkemenade 61451081263 30115 4570

1723799373.3329163 198762414
cloud_controller_tkemenade 45581814944 33982 7204

1723799373.3335078 198762414
cloud0_tkemenade 61452337373 30120 4571

1723799374.3361907 198762840
cloud_controller_tkemenade 45581814944 34020 7212

1723799374.3367636 198762840
cloud0_tkemenade 61452337373 30143 4576

1723799375.3391998 198763265
cloud_controller_tkemenade 45581814944 34049 7222

1723799375.3397415 198763265
cloud0_tkemenade 61452337373 30165 4577

1723799376.342301 198763727
cloud_controller_tkemenade 45581814944 34077 7228

1723799376.342671 198763727
cloud0_tkemenade 61452337373 30186 4579

1723799377.3452604 198764107
cloud_controller_tkemenade 45581814944 34110 7236

1723799377.3458276 198764107
cloud0_tkemenade 61452337373 30200 4584

1723799378.3485403 198764553
cloud_controller_tkemenade 45581814944 34133 7241

1723799378.349182 198764556
cloud0_tkemenade 61452337373 30235 4590

1723799379.3518548 198765021
cloud_controller_tkemenade 45581814944 34166 7249

1723799379.352405 198765021
cloud0_tkemenade 61452337373 30261 4595

1723799380.3548272 198765442
cloud_controller_tkemenade 45583011517 34188 7256

1723799380.3553889 198765442
cloud0_tkemenade 61453157247 30276 4598

1723799381.3578486 198765993
cloud_controller_tkemenade 45583011517 34211 7267

1723799381.3583982 198765993
cloud0_tkemenade 61453157247 30290 4601

1723799382.3608937 198766465
cloud_controller_tkemenade 45583011517 34240 7274

1723799382.3612907 198766466
cloud0_tkemenade 61453157247 30312 4607

1723799383.3638632 198766956
cloud_controller_tkemenade 45583011517 34269 7284

1723799383.3644428 198766956
cloud0_tkemenade 61453157247 30334 4610

1723799384.3673005 198767405
cloud_controller_tkemenade 45583011517 34290 7289

1723799384.3678558 198767405
cloud0_tkemenade 61453157247 30381 4613

1723799385.3703573 198767833
cloud_controller_tkemenade 45583011517 34324 7300

1723799385.3708653 198767833
cloud0_tkemenade 61453157247 30411 4619

1723799386.3734357 198768273
cloud_controller_tkemenade 45583011517 34349 7309

1723799386.373849 198768273
cloud0_tkemenade 61453157247 30434 4621

1723799387.3762605 198768688
cloud_controller_tkemenade 45583011517 34377 7315

1723799387.3768125 198768688
cloud0_tkemenade 61453157247 30453 4623

1723799387.5774412 198768788
cloud_controller_tkemenade 45584149105 34381 7315

1723799387.577829 198768788
cloud0_tkemenade 61454078151 30456 4623

1723799388.580159 198769297
cloud_controller_tkemenade 45584149105 34416 7325

1723799388.5805187 198769297
cloud0_tkemenade 61454078151 30504 4630

1723799389.583068 198769769
cloud_controller_tkemenade 45584149105 34447 7332

1723799389.583625 198769769
cloud0_tkemenade 61454078151 30529 4634

1723799390.5862017 198770209
cloud_controller_tkemenade 45584149105 34472 7338

1723799390.5865898 198770209
cloud0_tkemenade 61454078151 30547 4639

1723799391.5887709 198770765
cloud_controller_tkemenade 45584149105 34502 7344

1723799391.5891514 198770770
cloud0_tkemenade 61454078151 30562 4642

1723799392.591545 198771273
cloud_controller_tkemenade 45584149105 34525 7352

1723799392.5920923 198771273
cloud0_tkemenade 61454078151 30590 4645

1723799393.5946703 198771761
cloud_controller_tkemenade 45584149105 34549 7362

1723799393.5952737 198771761
cloud0_tkemenade 61454078151 30674 4647

1723799394.5976448 198772212
cloud_controller_tkemenade 45584149105 34568 7369

1723799394.5980988 198772212
cloud0_tkemenade 61454078151 30699 4649

1723799394.6984782 198772249
cloud_controller_tkemenade 45585254856 34570 7369

1723799394.6989264 198772249
cloud0_tkemenade 61455316960 30699 4649

1723799395.7014065 198772677
cloud_controller_tkemenade 45585254856 34603 7375

1723799395.7019928 198772677
cloud0_tkemenade 61455316960 30736 4655

1723799396.704712 198773137
cloud_controller_tkemenade 45585254856 34642 7385

1723799396.7053342 198773138
cloud0_tkemenade 61455316960 30776 4661

1723799397.7080824 198773621
cloud_controller_tkemenade 45585254856 34671 7394

1723799397.7084906 198773621
cloud0_tkemenade 61455316960 30825 4671

1723799398.7110066 198774232
cloud_controller_tkemenade 45585254856 34705 7404

1723799398.711559 198774232
cloud0_tkemenade 61455316960 30868 4676

1723799399.714127 198774662
cloud_controller_tkemenade 45585254856 34731 7412

1723799399.7146668 198774662
cloud0_tkemenade 61455316960 30894 4679

1723799400.7173972 198775115
cloud_controller_tkemenade 45585254856 34780 7420

1723799400.7179577 198775115
cloud0_tkemenade 61455316960 30932 4684

1723799401.720202 198775685
cloud_controller_tkemenade 45585254856 34810 7429

1723799401.7207613 198775685
cloud0_tkemenade 61455316960 30956 4689

1723799401.921344 198775789
cloud_controller_tkemenade 45586671493 34817 7431

1723799401.9217045 198775789
cloud0_tkemenade 61456696682 30960 4689

1723799402.9240413 198776193
cloud_controller_tkemenade 45586671493 34839 7439

1723799402.9246168 198776193
cloud0_tkemenade 61456696682 30974 4693

1723799403.927363 198776642
cloud_controller_tkemenade 45586671493 34865 7448

1723799403.927912 198776642
cloud0_tkemenade 61456696682 31003 4697

1723799404.9304967 198777043
cloud_controller_tkemenade 45586671493 34894 7457

1723799404.9310513 198777043
cloud0_tkemenade 61456696682 31025 4703

1723799405.9334288 198777484
cloud_controller_tkemenade 45586671493 34917 7460

1723799405.9339893 198777484
cloud0_tkemenade 61456696682 31099 4705

1723799406.9363549 198777915
cloud_controller_tkemenade 45586671493 34945 7468

1723799406.9369102 198777915
cloud0_tkemenade 61456696682 31116 4710

1723799407.9395072 198778334
cloud_controller_tkemenade 45586671493 34968 7475

1723799407.9400704 198778334
cloud0_tkemenade 61456696682 31140 4714

1723799408.942666 198778807
cloud_controller_tkemenade 45586671493 35002 7483

1723799408.9432516 198778807
cloud0_tkemenade 61456696682 31180 4721

1723799409.0437107 198778856
cloud_controller_tkemenade 45587762467 35003 7484

1723799409.0442326 198778856
cloud0_tkemenade 61457837041 31181 4721

1723799410.046689 198779309
cloud_controller_tkemenade 45587762467 35024 7489

1723799410.0471563 198779309
cloud0_tkemenade 61457837041 31195 4723

1723799411.0497541 198779935
cloud_controller_tkemenade 45587762467 35116 7495

1723799411.050301 198779935
cloud0_tkemenade 61457837041 31233 4725

1723799412.0530672 198780431
cloud_controller_tkemenade 45587762467 35148 7505

1723799412.0536401 198780431
cloud0_tkemenade 61457837041 31253 4729

1723799413.0558543 198781007
cloud_controller_tkemenade 45587762467 35173 7511

1723799413.0561688 198781007
cloud0_tkemenade 61457837041 31274 4733

1723799414.0585818 198781493
cloud_controller_tkemenade 45587762467 35198 7520

1723799414.0591774 198781493
cloud0_tkemenade 61457837041 31312 4737

1723799415.0618076 198782011
cloud_controller_tkemenade 45587762467 35229 7529

1723799415.0623899 198782011
cloud0_tkemenade 61457837041 31371 4741

1723799416.0646238 198782470
cloud_controller_tkemenade 45587762467 35259 7534

1723799416.0651486 198782474
cloud0_tkemenade 61457837041 31387 4745

1723799416.165582 198782521
cloud_controller_tkemenade 45589134658 35262 7536

1723799416.1660147 198782521
cloud0_tkemenade 61458872824 31393 4745

1723799417.168266 198782975
cloud_controller_tkemenade 45589134658 35285 7544

1723799417.168816 198782975
cloud0_tkemenade 61458872824 31422 4748

1723799418.1714077 198783442
cloud_controller_tkemenade 45589134658 35324 7549

1723799418.1719928 198783442
cloud0_tkemenade 61458872824 31456 4751

1723799419.1745746 198783981
cloud_controller_tkemenade 45589134658 35354 7559

1723799419.1751359 198783981
cloud0_tkemenade 61458872824 31492 4756

1723799420.177617 198784383
cloud_controller_tkemenade 45589134658 35381 7565

1723799420.1781504 198784383
cloud0_tkemenade 61458872824 31518 4758

1723799421.1806524 198784900
cloud_controller_tkemenade 45589134658 35406 7572

1723799421.181042 198784900
cloud0_tkemenade 61458872824 31536 4763

1723799422.183291 198785380
cloud_controller_tkemenade 45589134658 35436 7579

1723799422.1838307 198785380
cloud0_tkemenade 61458872824 31551 4766

1723799423.1860766 198785960
cloud_controller_tkemenade 45589134658 35462 7586

1723799423.1866248 198785960
cloud0_tkemenade 61458872824 31568 4769

1723799423.2870512 198786012
cloud_controller_tkemenade 45590286673 35464 7586

1723799423.2874033 198786012
cloud0_tkemenade 61459796264 31569 4770

1723799424.2898188 198786463
cloud_controller_tkemenade 45590286673 35491 7592

1723799424.2903688 198786463
cloud0_tkemenade 61459796264 31589 4773

1723799425.2930596 198786963
cloud_controller_tkemenade 45590286673 35521 7601

1723799425.293663 198786963
cloud0_tkemenade 61459796264 31616 4779

1723799426.2960322 198787521
cloud_controller_tkemenade 45590286673 35606 7606

1723799426.2963815 198787521
cloud0_tkemenade 61459796264 31665 4789

1723799427.2986503 198788039
cloud_controller_tkemenade 45590286673 35646 7614

1723799427.2992365 198788039
cloud0_tkemenade 61459796264 31717 4794

