1717268823.9559534 331566498
cloud0_tkemenade 18983395188 2720 324
cloud1_tkemenade 13656455053 2695 398

1717268824.958266 331566620
cloud0_tkemenade 18983395188 2720 324

1717268824.9587753 331566620
cloud1_tkemenade 13656455053 2696 398

1717268825.9611719 331566732
cloud0_tkemenade 18983395188 2720 325

1717268825.9616535 331566732
cloud1_tkemenade 13656455053 2697 399

1717268826.963766 331566827
cloud0_tkemenade 18983395188 2729 325

1717268826.9642334 331566827
cloud1_tkemenade 13656455053 2707 399

1717268827.96686 331566898
cloud0_tkemenade 18983395188 2729 325

1717268827.96734 331566898
cloud1_tkemenade 13656455053 2708 399

1717268828.9696183 331566980
cloud0_tkemenade 18983395188 2729 325

1717268828.970128 331566980
cloud1_tkemenade 13656455053 2708 399

1717268829.9726949 331567091
cloud0_tkemenade 18983395188 2733 326

1717268829.9730113 331567091
cloud1_tkemenade 13656455053 2712 399

1717268830.975235 331567353
cloud0_tkemenade 18983395188 2734 327

1717268830.9757557 331567353
cloud1_tkemenade 13656455053 2712 399

1717268831.9781675 331567502
cloud0_tkemenade 18983395188 2734 327

1717268831.9786859 331567502
cloud1_tkemenade 13656455053 2713 399

1717268832.9812076 331567570
cloud0_tkemenade 18983395188 2735 327

1717268832.9817126 331567570
cloud1_tkemenade 13656455053 2713 399

1717268833.9842212 331567648
cloud0_tkemenade 18983395188 2735 327

1717268833.9847298 331567648
cloud1_tkemenade 13656455053 2713 399

1717268834.9873056 331567745
cloud0_tkemenade 18983395188 2735 327

1717268834.9878154 331567745
cloud1_tkemenade 13656455053 2714 399

1717268835.9903262 331567868
cloud0_tkemenade 18983395188 2736 328

1717268835.990829 331567868
cloud1_tkemenade 13656455053 2715 399

1717268836.9931824 331567955
cloud0_tkemenade 18983395188 2736 328

1717268836.9936802 331567955
cloud1_tkemenade 13656455053 2727 400

1717268837.995792 331568044
cloud0_tkemenade 18983395188 2736 328

1717268837.9960785 331568044
cloud1_tkemenade 13656455053 2727 400

1717268838.9983683 331568141
cloud0_tkemenade 18983395188 2738 338

1717268838.998887 331568141
cloud1_tkemenade 13656455053 2727 400

1717268840.0013614 331568254
cloud0_tkemenade 18983395188 2738 338

1717268840.0017068 331568254
cloud1_tkemenade 13656455053 2732 400

1717268840.4026282 331568307
cloud0_tkemenade 18983491028 2743 341

1717268840.4029655 331568307
cloud1_tkemenade 13656542181 2732 400

1717268841.4052575 331568625
cloud0_tkemenade 18983491028 2744 342

1717268841.4057918 331568625
cloud1_tkemenade 13656542181 2732 400

1717268842.4083111 331568715
cloud0_tkemenade 18983491028 2744 342

1717268842.408836 331568715
cloud1_tkemenade 13656542181 2733 400

1717268843.4109416 331568786
cloud0_tkemenade 18983491028 2744 342

1717268843.4114442 331568786
cloud1_tkemenade 13656542181 2733 401

1717268844.4138043 331568881
cloud0_tkemenade 18983491028 2748 343

1717268844.414314 331568881
cloud1_tkemenade 13656542181 2733 401

1717268845.416914 331568994
cloud0_tkemenade 18983491028 2748 343

1717268845.4174738 331568995
cloud1_tkemenade 13656542181 2734 401

1717268846.4199765 331569116
cloud0_tkemenade 18983491028 2748 343

1717268846.4205022 331569116
cloud1_tkemenade 13656542181 2734 401

1717268847.4231012 331569188
cloud0_tkemenade 18983491028 2748 343

1717268847.4236033 331569188
cloud1_tkemenade 13656542181 2735 401

1717268847.524049 331569204
cloud0_tkemenade 18983521783 2748 343

1717268847.5245621 331569204
cloud1_tkemenade 13656559755 2735 401

1717268848.5269713 331569273
cloud0_tkemenade 18983521783 2749 343

1717268848.5274985 331569273
cloud1_tkemenade 13656559755 2735 401

1717268849.5300024 331569359
cloud0_tkemenade 18983521783 2749 343

1717268849.530519 331569359
cloud1_tkemenade 13656559755 2735 401

1717268850.5328956 331569512
cloud0_tkemenade 18983521783 2749 343

1717268850.5334783 331569513
cloud1_tkemenade 13656559755 2735 401

1717268851.5358818 331569766
cloud0_tkemenade 18983521783 2749 345

1717268851.5363986 331569766
cloud1_tkemenade 13656559755 2735 403

1717268852.5388274 331569889
cloud0_tkemenade 18983521783 2749 345

1717268852.5393558 331569889
cloud1_tkemenade 13656559755 2735 403

1717268853.5416522 331569958
cloud0_tkemenade 18983521783 2750 346

1717268853.542168 331569958
cloud1_tkemenade 13656559755 2736 403

1717268854.5446246 331570057
cloud0_tkemenade 18983521783 2750 346

1717268854.5451386 331570059
cloud1_tkemenade 13656559755 2736 403

1717268854.645614 331570065
cloud0_tkemenade 18983543945 2750 346

1717268854.6461222 331570065
cloud1_tkemenade 13656573052 2736 403

1717268855.648758 331570165
cloud0_tkemenade 18983543945 2750 346

1717268855.649091 331570165
cloud1_tkemenade 13656573052 2736 403

1717268856.651345 331570263
cloud0_tkemenade 18983543945 2750 346

1717268856.6516526 331570263
cloud1_tkemenade 13656573052 2736 403

1717268857.6538937 331570337
cloud0_tkemenade 18983543945 2751 346

1717268857.654407 331570337
cloud1_tkemenade 13656573052 2737 403

1717268858.6568832 331570423
cloud0_tkemenade 18983543945 2751 346

1717268858.6574595 331570423
cloud1_tkemenade 13656573052 2737 403

1717268859.6599908 331570508
cloud0_tkemenade 18983543945 2751 346

1717268859.6605074 331570508
cloud1_tkemenade 13656573052 2737 403

1717268860.6627116 331570721
cloud0_tkemenade 18983543945 2751 346

1717268860.6631284 331570721
cloud1_tkemenade 13656573052 2737 404

1717268861.6652968 331570904
cloud0_tkemenade 18983543945 2751 346

1717268861.6658123 331570904
cloud1_tkemenade 13656573052 2737 404

1717268861.8664691 331570950
cloud0_tkemenade 18983548311 2751 346

1717268861.8669999 331570950
cloud1_tkemenade 13656581785 2737 404

1717268862.869414 331571052
cloud0_tkemenade 18983548311 2752 346

1717268862.869918 331571052
cloud1_tkemenade 13656581785 2738 404

1717268863.8724263 331571136
cloud0_tkemenade 18983548311 2752 346

1717268863.8729467 331571136
cloud1_tkemenade 13656581785 2738 404

1717268864.8752062 331571228
cloud0_tkemenade 18983548311 2752 346

1717268864.8757107 331571228
cloud1_tkemenade 13656581785 2738 404

1717268865.8782187 331571332
cloud0_tkemenade 18983548311 2753 346

1717268865.8787172 331571332
cloud1_tkemenade 13656581785 2739 404

1717268866.8811831 331571439
cloud0_tkemenade 18983548311 2753 346

1717268866.881567 331571439
cloud1_tkemenade 13656581785 2739 404

1717268867.8837974 331571513
cloud0_tkemenade 18983548311 2753 346

1717268867.8842728 331571513
cloud1_tkemenade 13656581785 2739 405

1717268868.8866658 331571590
cloud0_tkemenade 18983548311 2754 346

1717268868.8871474 331571590
cloud1_tkemenade 13656581785 2739 405

1717268868.9875987 331571610
cloud0_tkemenade 18983561171 2754 346

1717268868.9881039 331571610
cloud1_tkemenade 13656594645 2739 405

1717268869.990464 331571721
cloud0_tkemenade 18983561171 2754 346

1717268869.990774 331571721
cloud1_tkemenade 13656594645 2739 405

1717268870.9930782 331572000
cloud0_tkemenade 18983561171 2754 346

1717268870.9935622 331572000
cloud1_tkemenade 13656594645 2740 405

1717268871.9959388 331572120
cloud0_tkemenade 18983561171 2755 347

1717268871.9964416 331572120
cloud1_tkemenade 13656594645 2740 405

1717268872.9985018 331572242
cloud0_tkemenade 18983561171 2755 347

1717268872.9990046 331572242
cloud1_tkemenade 13656594645 2740 405

1717268874.0013707 331572316
cloud0_tkemenade 18983561171 2755 347

1717268874.0018716 331572316
cloud1_tkemenade 13656594645 2740 405

1717268875.004155 331572395
cloud0_tkemenade 18983561171 2755 347

1717268875.004654 331572395
cloud1_tkemenade 13656594645 2740 405

1717268876.0068483 331572498
cloud0_tkemenade 18983561171 2756 347

1717268876.0073335 331572498
cloud1_tkemenade 13656594645 2741 405

1717268876.107762 331572537
cloud0_tkemenade 18983574658 2756 347

1717268876.1080754 331572537
cloud1_tkemenade 13656603636 2741 405

1717268877.1101692 331572630
cloud0_tkemenade 18983574658 2756 347

1717268877.1106772 331572630
cloud1_tkemenade 13656603636 2741 405

1717268878.1130977 331572718
cloud0_tkemenade 18983574658 2756 347

1717268878.1136239 331572718
cloud1_tkemenade 13656603636 2741 405

1717268879.1161282 331572801
cloud0_tkemenade 18983574658 2757 348

1717268879.116622 331572801
cloud1_tkemenade 13656603636 2742 405

1717268880.1192522 331572877
cloud0_tkemenade 18983574658 2757 348

1717268880.119759 331572877
cloud1_tkemenade 13656603636 2742 405

1717268881.1220353 331573177
cloud0_tkemenade 18983574658 2757 348

1717268881.122537 331573177
cloud1_tkemenade 13656603636 2742 405

1717268882.125149 331573262
cloud0_tkemenade 18983574658 2757 348

1717268882.1256733 331573262
cloud1_tkemenade 13656603636 2742 406

1717268883.1277688 331573376
cloud0_tkemenade 18983574658 2757 348

1717268883.1282594 331573376
cloud1_tkemenade 13656603636 2743 406

1717268883.3288465 331573400
cloud0_tkemenade 18983583532 2757 348

1717268883.3291457 331573400
cloud1_tkemenade 13656616948 2743 406

1717268884.3313212 331573478
cloud0_tkemenade 18983583532 2758 348

1717268884.3317897 331573478
cloud1_tkemenade 13656616948 2743 406

1717268885.333949 331573569
cloud0_tkemenade 18983583532 2758 348

1717268885.3344333 331573569
cloud1_tkemenade 13656616948 2743 406

1717268886.3370543 331573693
cloud0_tkemenade 18983583532 2758 348

1717268886.3375783 331573693
cloud1_tkemenade 13656616948 2743 406

1717268887.3399851 331573775
cloud0_tkemenade 18983583532 2758 349

1717268887.3404927 331573775
cloud1_tkemenade 13656616948 2743 406

1717268888.3428133 331573844
cloud0_tkemenade 18983583532 2758 349

1717268888.3432987 331573844
cloud1_tkemenade 13656616948 2744 406

1717268889.3456185 331573922
cloud0_tkemenade 18983583532 2758 349

1717268889.3461144 331573922
cloud1_tkemenade 13656616948 2744 406

1717268890.3482676 331574007
cloud0_tkemenade 18983583532 2758 349

1717268890.348777 331574007
cloud1_tkemenade 13656616948 2744 406

1717268890.549403 331574084
cloud0_tkemenade 18983592088 2758 349

1717268890.5497139 331574084
cloud1_tkemenade 13656621226 2744 406

1717268891.5519562 331574320
cloud0_tkemenade 18983592088 2758 349

1717268891.5524642 331574320
cloud1_tkemenade 13656621226 2744 406

1717268892.554692 331574395
cloud0_tkemenade 18983592088 2759 349

1717268892.5551944 331574395
cloud1_tkemenade 13656621226 2744 406

1717268893.5574474 331574506
cloud0_tkemenade 18983592088 2759 349

1717268893.557959 331574506
cloud1_tkemenade 13656621226 2745 406

1717268894.560447 331574590
cloud0_tkemenade 18983592088 2759 349

1717268894.5609581 331574590
cloud1_tkemenade 13656621226 2745 407

1717268895.5632465 331574668
cloud0_tkemenade 18983592088 2759 350

1717268895.563743 331574668
cloud1_tkemenade 13656621226 2745 407

1717268896.5661018 331574795
cloud0_tkemenade 18983592088 2759 350

1717268896.566605 331574795
cloud1_tkemenade 13656621226 2746 407

1717268897.5690744 331574875
cloud0_tkemenade 18983592088 2760 350

1717268897.5695875 331574875
cloud1_tkemenade 13656621226 2746 407

1717268897.6700442 331574881
cloud0_tkemenade 18983605433 2760 350

1717268897.67056 331574881
cloud1_tkemenade 13656634571 2746 407

1717268898.6732464 331574946
cloud0_tkemenade 18983605433 2760 350

1717268898.6737568 331574946
cloud1_tkemenade 13656634571 2746 407

1717268899.676417 331575068
cloud0_tkemenade 18983605433 2760 350

1717268899.676959 331575068
cloud1_tkemenade 13656634571 2746 407

1717268900.6793263 331575281
cloud0_tkemenade 18983605433 2760 350

1717268900.6796293 331575281
cloud1_tkemenade 13656634571 2747 407

1717268901.6819263 331575489
cloud0_tkemenade 18983605433 2760 351

1717268901.6824331 331575489
cloud1_tkemenade 13656634571 2747 407

1717268902.6848865 331575567
cloud0_tkemenade 18983605433 2760 353

1717268902.6852124 331575567
cloud1_tkemenade 13656634571 2747 407

1717268903.687656 331575676
cloud0_tkemenade 18983605433 2760 353

1717268903.6881688 331575676
cloud1_tkemenade 13656634571 2748 407

1717268904.690431 331575774
cloud0_tkemenade 18983605433 2760 353

1717268904.690937 331575774
cloud1_tkemenade 13656634571 2748 407

1717268904.791427 331575784
cloud0_tkemenade 18983618567 2760 353

1717268904.7919273 331575784
cloud1_tkemenade 13656643327 2748 407

1717268905.7944472 331575852
cloud0_tkemenade 18983618567 2760 354

1717268905.7949402 331575852
cloud1_tkemenade 13656643327 2748 407

1717268906.7975903 331575987
cloud0_tkemenade 18983618567 2761 354

1717268906.798092 331575987
cloud1_tkemenade 13656643327 2749 407

1717268907.8005836 331576056
cloud0_tkemenade 18983618567 2761 354

1717268907.8011143 331576056
cloud1_tkemenade 13656643327 2749 407

1717268908.8035214 331576137
cloud0_tkemenade 18983618567 2761 354

1717268908.8040237 331576137
cloud1_tkemenade 13656643327 2749 407

1717268909.8064306 331576207
cloud0_tkemenade 18983618567 2761 354

1717268909.8069093 331576207
cloud1_tkemenade 13656643327 2750 407

1717268910.8094065 331576440
cloud0_tkemenade 18983618567 2761 354

1717268910.809906 331576440
cloud1_tkemenade 13656643327 2750 407

1717268911.8123024 331576610
cloud0_tkemenade 18983618567 2762 356

1717268911.8127873 331576610
cloud1_tkemenade 13656643327 2750 408

1717268911.9131775 331576627
cloud0_tkemenade 18983640594 2762 356

1717268911.9136624 331576627
cloud1_tkemenade 13656656543 2750 408

1717268912.9161954 331576689
cloud0_tkemenade 18983640594 2762 356

1717268912.9166963 331576689
cloud1_tkemenade 13656656543 2750 408

1717268913.9190774 331576813
cloud0_tkemenade 18983640594 2763 356

1717268913.9195702 331576813
cloud1_tkemenade 13656656543 2751 408

1717268914.9221 331576894
cloud0_tkemenade 18983640594 2763 356

1717268914.9226284 331576894
cloud1_tkemenade 13656656543 2751 408

1717268915.9249072 331576974
cloud0_tkemenade 18983640594 2763 356

1717268915.925425 331576975
cloud1_tkemenade 13656656543 2751 408

1717268916.9275875 331577103
cloud0_tkemenade 18983640594 2764 356

1717268916.9280756 331577103
cloud1_tkemenade 13656656543 2752 408

1717268917.9303799 331577199
cloud0_tkemenade 18983640594 2764 356

1717268917.9308798 331577199
cloud1_tkemenade 13656656543 2752 408

1717268918.933418 331577276
cloud0_tkemenade 18983640594 2764 356

1717268918.9339068 331577276
cloud1_tkemenade 13656656543 2752 408

1717268919.0343566 331577294
cloud0_tkemenade 18983649194 2764 356

1717268919.0348606 331577294
cloud1_tkemenade 13656665143 2752 408

1717268920.0371766 331577382
cloud0_tkemenade 18983649194 2764 356

1717268920.037688 331577382
cloud1_tkemenade 13656665143 2753 408

1717268921.0400476 331577655
cloud0_tkemenade 18983649194 2764 356

1717268921.0405517 331577655
cloud1_tkemenade 13656665143 2753 408

1717268922.0429413 331577792
cloud0_tkemenade 18983649194 2764 356

1717268922.043432 331577792
cloud1_tkemenade 13656665143 2753 408

1717268923.0456927 331577870
cloud0_tkemenade 18983649194 2764 357

1717268923.0462055 331577870
cloud1_tkemenade 13656665143 2753 408

1717268924.0486312 331577983
cloud0_tkemenade 18983649194 2765 357

1717268924.0491426 331577983
cloud1_tkemenade 13656665143 2753 408

1717268925.0515072 331578070
cloud0_tkemenade 18983649194 2765 357

1717268925.0520055 331578070
cloud1_tkemenade 13656665143 2754 408

1717268926.0542362 331578151
cloud0_tkemenade 18983649194 2765 357

1717268926.0547495 331578151
cloud1_tkemenade 13656665143 2754 408

1717268926.2554522 331578171
cloud0_tkemenade 18983658083 2765 357

1717268926.2559612 331578171
cloud1_tkemenade 13656674032 2754 408

1717268927.258301 331578314
cloud0_tkemenade 18983658083 2765 357

1717268927.258796 331578314
cloud1_tkemenade 13656674032 2755 408

1717268928.2610776 331578390
cloud0_tkemenade 18983658083 2765 357

1717268928.2616067 331578390
cloud1_tkemenade 13656674032 2755 408

1717268929.2640576 331578483
cloud0_tkemenade 18983658083 2765 357

1717268929.2645671 331578483
cloud1_tkemenade 13656674032 2755 408

1717268930.2669063 331578573
cloud0_tkemenade 18983658083 2765 357

1717268930.2672043 331578573
cloud1_tkemenade 13656674032 2755 408

1717268931.2693796 331578891
cloud0_tkemenade 18983658083 2766 357

1717268931.269797 331578891
cloud1_tkemenade 13656674032 2755 408

1717268932.2718515 331579006
cloud0_tkemenade 18983658083 2766 357

1717268932.2723417 331579006
cloud1_tkemenade 13656674032 2756 408

1717268933.1744847 331579070
cloud0_tkemenade 18983662657 2766 357

1717268933.174984 331579070
cloud1_tkemenade 13656683180 2756 408

1717268934.1774645 331579182
cloud0_tkemenade 18983662657 2766 357

1717268934.1779678 331579182
cloud1_tkemenade 13656683180 2756 408

1717268935.180105 331579272
cloud0_tkemenade 18983662657 2766 358

1717268935.1804206 331579272
cloud1_tkemenade 13656683180 2756 409

1717268936.1827214 331579341
cloud0_tkemenade 18983662657 2766 358

1717268936.1832335 331579341
cloud1_tkemenade 13656683180 2757 409

1717268937.1857154 331579471
cloud0_tkemenade 18983662657 2767 358

1717268937.186235 331579471
cloud1_tkemenade 13656683180 2757 409

1717268938.1887028 331579553
cloud0_tkemenade 18983662657 2767 358

1717268938.1892047 331579553
cloud1_tkemenade 13656683180 2757 409

1717268939.1912901 331579650
cloud0_tkemenade 18983662657 2768 359

1717268939.1917796 331579650
cloud1_tkemenade 13656683180 2757 409

1717268940.1942239 331579728
cloud0_tkemenade 18983662657 2768 359

1717268940.19455 331579728
cloud1_tkemenade 13656683180 2758 409

1717268940.3951077 331579767
cloud0_tkemenade 18983679776 2768 359

1717268940.395465 331579767
cloud1_tkemenade 13656696019 2758 409

1717268941.397724 331580066
cloud0_tkemenade 18983679776 2769 359

1717268941.398228 331580066
cloud1_tkemenade 13656696019 2758 409

1717268942.4008608 331580164
cloud0_tkemenade 18983679776 2769 359

1717268942.4013815 331580164
cloud1_tkemenade 13656696019 2758 409

1717268943.4038076 331580230
cloud0_tkemenade 18983679776 2769 359

1717268943.404321 331580230
cloud1_tkemenade 13656696019 2759 409

1717268944.406585 331580353
cloud0_tkemenade 18983679776 2769 359

1717268944.407059 331580353
cloud1_tkemenade 13656696019 2759 409

1717268945.4092422 331580448
cloud0_tkemenade 18983679776 2770 359

1717268945.409731 331580448
cloud1_tkemenade 13656696019 2759 409

1717268946.4121041 331580513
cloud0_tkemenade 18983679776 2770 359

1717268946.4126184 331580513
cloud1_tkemenade 13656696019 2759 409

1717268947.4149427 331580640
cloud0_tkemenade 18983688681 2770 359

1717268947.4154387 331580640
cloud1_tkemenade 13656704924 2760 409

1717268948.41755 331580734
cloud0_tkemenade 18983688681 2770 360

1717268948.4180543 331580734
cloud1_tkemenade 13656704924 2760 409

1717268949.420682 331580812
cloud0_tkemenade 18983688681 2770 360

1717268949.4212255 331580812
cloud1_tkemenade 13656704924 2760 409

1717268950.4251196 331580923
cloud0_tkemenade 18983688681 2770 360

1717268950.4256556 331580923
cloud1_tkemenade 13656704924 2760 409

1717268951.428002 331581208
cloud0_tkemenade 18983688681 2770 361

1717268951.428511 331581208
cloud1_tkemenade 13656704924 2760 409

1717268952.4309757 331581315
cloud0_tkemenade 18983688681 2770 361

1717268952.4314682 331581315
cloud1_tkemenade 13656704924 2761 409

1717268953.4336534 331581382
cloud0_tkemenade 18983688681 2770 361

1717268953.4341538 331581382
cloud1_tkemenade 13656704924 2761 409

1717268954.4364846 331581502
cloud0_tkemenade 18983688681 2771 361

1717268954.4369576 331581502
cloud1_tkemenade 13656704924 2761 409

1717268954.5374117 331581516
cloud0_tkemenade 18983701912 2771 361

1717268954.537909 331581516
cloud1_tkemenade 13656709334 2761 409

1717268955.5404947 331581584
cloud0_tkemenade 18983701912 2771 361

1717268955.5410135 331581584
cloud1_tkemenade 13656709334 2762 410

1717268956.544916 331581669
cloud0_tkemenade 18983701912 2771 361

1717268956.545436 331581670
cloud1_tkemenade 13656709334 2763 410

1717268957.5479248 331581798
cloud0_tkemenade 18983701912 2771 362

1717268957.5484362 331581798
cloud1_tkemenade 13656709334 2763 410

1717268958.5509555 331581913
cloud0_tkemenade 18983701912 2771 362

1717268958.551469 331581913
cloud1_tkemenade 13656709334 2763 410

1717268959.5537808 331581996
cloud0_tkemenade 18983701912 2771 362

1717268959.5542655 331581996
cloud1_tkemenade 13656709334 2763 410

1717268960.5565867 331582146
cloud0_tkemenade 18983701912 2772 362

1717268960.5570116 331582146
cloud1_tkemenade 13656709334 2763 411

1717268961.5593545 331582366
cloud0_tkemenade 18983701912 2772 363

1717268961.559877 331582366
cloud1_tkemenade 13656709334 2763 411

1717268961.8607802 331582399
cloud0_tkemenade 18983714613 2772 363

1717268961.8613245 331582399
cloud1_tkemenade 13656726269 2763 411

1717268962.8637466 331582510
cloud0_tkemenade 18983714613 2772 363

1717268962.86426 331582510
cloud1_tkemenade 13656726269 2764 411

1717268963.866841 331582574
cloud0_tkemenade 18983714613 2772 364

1717268963.867349 331582574
cloud1_tkemenade 13656726269 2764 411

1717268964.869692 331582704
cloud0_tkemenade 18983714613 2772 364

1717268964.8701947 331582704
cloud1_tkemenade 13656726269 2764 411

1717268965.872726 331582772
cloud0_tkemenade 18983714613 2772 364

1717268965.8732584 331582774
cloud1_tkemenade 13656726269 2764 411

1717268966.875462 331582858
cloud0_tkemenade 18983714613 2772 365

1717268966.8759587 331582858
cloud1_tkemenade 13656726269 2765 411

1717268967.8783407 331582969
cloud0_tkemenade 18983714613 2772 365

1717268967.8788586 331582969
cloud1_tkemenade 13656726269 2765 411

1717268968.8807259 331583071
cloud0_tkemenade 18983723250 2772 365

1717268968.8811986 331583072
cloud1_tkemenade 13656734906 2765 411

1717268969.8836503 331583149
cloud0_tkemenade 18983723250 2772 365

1717268969.884151 331583149
cloud1_tkemenade 13656734906 2765 411

1717268970.8867257 331583390
cloud0_tkemenade 18983723250 2772 366

1717268970.887243 331583390
cloud1_tkemenade 13656734906 2766 411

1717268971.8897946 331583580
cloud0_tkemenade 18983723250 2826 369

1717268971.8902893 331583580
cloud1_tkemenade 13656734906 2766 411

1717268972.8927436 331583772
cloud0_tkemenade 18983723250 2922 384

1717268972.8930466 331583772
cloud1_tkemenade 13656734906 2766 411

1717268973.89531 331583899
cloud0_tkemenade 18983723250 2970 410

1717268973.8957906 331583899
cloud1_tkemenade 13656734906 2767 411

1717268974.8982701 331584104
cloud0_tkemenade 18983723250 3041 416

1717268974.8987877 331584104
cloud1_tkemenade 13656734906 2767 411

1717268975.901221 331584287
cloud0_tkemenade 18983723250 3132 420

1717268975.90174 331584287
cloud1_tkemenade 13656734906 2767 411

1717268976.1024013 331584328
cloud0_tkemenade 18985662397 3152 420

1717268976.102923 331584328
cloud1_tkemenade 13656743967 2767 411

1717268977.1052525 331584533
cloud0_tkemenade 18985662397 3248 425

1717268977.1057591 331584533
cloud1_tkemenade 13656743967 2767 411

1717268978.1082225 331584738
cloud0_tkemenade 18985662397 3344 430

1717268978.1087637 331584738
cloud1_tkemenade 13656743967 2767 411

1717268979.111248 331584945
cloud0_tkemenade 18985662397 3448 434

1717268979.111752 331584945
cloud1_tkemenade 13656743967 2768 411

1717268980.1139925 331585134
cloud0_tkemenade 18985662397 3548 434

1717268980.1143017 331585134
cloud1_tkemenade 13656743967 2768 411

1717268981.116504 331585506
cloud0_tkemenade 18985662397 3648 435

1717268981.11702 331585506
cloud1_tkemenade 13656743967 2768 411

1717268982.119443 331585702
cloud0_tkemenade 18985662397 3746 438

1717268982.11997 331585702
cloud1_tkemenade 13656743967 2768 411

1717268983.12213 331585872
cloud0_tkemenade 18985662397 3846 440

1717268983.1226008 331585872
cloud1_tkemenade 13656743967 2768 411

1717268983.223067 331585904
cloud0_tkemenade 18989253649 3856 440

1717268983.2236075 331585904
cloud1_tkemenade 13656748941 2768 411

1717268984.2258813 331586081
cloud0_tkemenade 18989253649 3955 442

1717268984.2263634 331586081
cloud1_tkemenade 13656748941 2768 412

1717268985.2286522 331586318
cloud0_tkemenade 18989253649 4055 443

1717268985.2291896 331586320
cloud1_tkemenade 13656748941 2768 412

1717268986.2315814 331586501
cloud0_tkemenade 18989253649 4155 443

1717268986.2320654 331586501
cloud1_tkemenade 13656748941 2768 413

1717268987.234446 331586707
cloud0_tkemenade 18989253649 4254 445

1717268987.234952 331586707
cloud1_tkemenade 13656748941 2768 413

1717268988.237204 331586819
cloud0_tkemenade 18989253649 4288 454

1717268988.2374825 331586819
cloud1_tkemenade 13656748941 2768 413

1717268989.2396195 331587054
cloud0_tkemenade 18989253649 4414 507

1717268989.2399368 331587054
cloud1_tkemenade 13656748941 2768 413

1717268990.2422278 331587201
cloud0_tkemenade 18989253649 4488 509

1717268990.2425706 331587201
cloud1_tkemenade 13656748941 2768 414

1717268990.3428686 331587224
cloud0_tkemenade 18992667382 4493 511

1717268990.3431785 331587224
cloud1_tkemenade 13656763385 2768 414

1717268991.3454225 331587508
cloud0_tkemenade 18992667382 4493 511

1717268991.3459275 331587508
cloud1_tkemenade 13656763385 2768 414

1717268992.3481936 331587595
cloud0_tkemenade 18992667382 4494 511

1717268992.3486912 331587595
cloud1_tkemenade 13656763385 2768 414

1717268993.3509667 331587662
cloud0_tkemenade 18992667382 4495 511

1717268993.351478 331587662
cloud1_tkemenade 13656763385 2768 415

1717268994.3537946 331587764
cloud0_tkemenade 18992667382 4499 511

1717268994.3542745 331587764
cloud1_tkemenade 13656763385 2768 415

1717268995.3566768 331587893
cloud0_tkemenade 18992667382 4500 511

1717268995.3571994 331587894
cloud1_tkemenade 13656763385 2768 415

1717268996.3594718 331587976
cloud0_tkemenade 18992667382 4500 511

1717268996.3599539 331587976
cloud1_tkemenade 13656763385 2768 416

1717268997.362393 331588081
cloud0_tkemenade 18992667382 4500 512

1717268997.362873 331588081
cloud1_tkemenade 13656763385 2769 416

1717268997.4633899 331588093
cloud0_tkemenade 18992738367 4500 512

1717268997.4639022 331588093
cloud1_tkemenade 13656776694 2769 416

1717268998.4660668 331588174
cloud0_tkemenade 18992738367 4500 512

1717268998.466557 331588174
cloud1_tkemenade 13656776694 2769 416

1717268999.4689746 331588281
cloud0_tkemenade 18992738367 4500 512

1717268999.469491 331588282
cloud1_tkemenade 13656776694 2769 416

1717269000.4718025 331588408
cloud0_tkemenade 18992738367 4500 512

1717269000.4723084 331588408
cloud1_tkemenade 13656776694 2769 416

1717269001.4747255 331588684
cloud0_tkemenade 18992738367 4500 513

1717269001.475238 331588684
cloud1_tkemenade 13656776694 2769 417

1717269002.4776747 331588788
cloud0_tkemenade 18992738367 4500 514

1717269002.4781837 331588788
cloud1_tkemenade 13656776694 2769 417

1717269003.4802842 331588860
cloud0_tkemenade 18992738367 4500 514

1717269003.4807804 331588860
cloud1_tkemenade 13656776694 2770 417

1717269004.4831426 331588960
cloud0_tkemenade 18992747298 4500 514

1717269004.483625 331588960
cloud1_tkemenade 13656785625 2770 417

1717269005.485856 331589058
cloud0_tkemenade 18992747298 4501 514

1717269005.4863715 331589058
cloud1_tkemenade 13656785625 2770 417

1717269006.488861 331589148
cloud0_tkemenade 18992747298 4501 514

1717269006.4893847 331589148
cloud1_tkemenade 13656785625 2770 417

1717269007.4918754 331589245
cloud0_tkemenade 18992747298 4501 514

1717269007.4923823 331589245
cloud1_tkemenade 13656785625 2770 417

1717269008.494449 331589317
cloud0_tkemenade 18992747298 4502 514

1717269008.4949389 331589317
cloud1_tkemenade 13656785625 2770 417

1717269009.4975235 331589430
cloud0_tkemenade 18992747298 4502 514

1717269009.4980104 331589430
cloud1_tkemenade 13656785625 2770 418

1717269010.5004885 331589570
cloud0_tkemenade 18992747298 4502 514

1717269010.5009928 331589570
cloud1_tkemenade 13656785625 2770 418

1717269011.50337 331589799
cloud0_tkemenade 18992747298 4502 515

1717269011.5038455 331589799
cloud1_tkemenade 13656785625 2770 418

1717269011.604353 331589815
cloud0_tkemenade 18992760750 4503 515

1717269011.60487 331589815
cloud1_tkemenade 13656790109 2770 418

1717269012.6070278 331589905
cloud0_tkemenade 18992760750 4503 515

1717269012.6075354 331589905
cloud1_tkemenade 13656790109 2770 418

1717269013.6097982 331589972
cloud0_tkemenade 18992760750 4503 515

1717269013.6103168 331589972
cloud1_tkemenade 13656790109 2770 419

1717269014.612818 331590080
cloud0_tkemenade 18992760750 4503 515

1717269014.6133435 331590080
cloud1_tkemenade 13656790109 2771 419

1717269015.6154041 331590158
cloud0_tkemenade 18992760750 4504 515

1717269015.6157434 331590158
cloud1_tkemenade 13656790109 2771 419

1717269016.6180272 331590264
cloud0_tkemenade 18992760750 4504 515

1717269016.6185374 331590264
cloud1_tkemenade 13656790109 2771 419

1717269017.6209805 331590363
cloud0_tkemenade 18992760750 4504 515

1717269017.6213322 331590363
cloud1_tkemenade 13656790109 2771 419

1717269018.6236262 331590424
cloud0_tkemenade 18992760750 4504 515

1717269018.6241388 331590424
cloud1_tkemenade 13656790109 2771 419

1717269018.8247733 331590447
cloud0_tkemenade 18992769358 4504 515

1717269018.8253114 331590447
cloud1_tkemenade 13656798717 2771 419

1717269019.8275833 331590556
cloud0_tkemenade 18992769358 4504 515

1717269019.8279188 331590556
cloud1_tkemenade 13656798717 2772 419

1717269020.8301022 331590777
cloud0_tkemenade 18992769358 4504 515

1717269020.830621 331590777
cloud1_tkemenade 13656798717 2772 419

1717269021.8331504 331590934
cloud0_tkemenade 18992769358 4505 515

1717269021.8337035 331590934
cloud1_tkemenade 13656798717 2772 419

1717269022.836209 331591017
cloud0_tkemenade 18992769358 4505 515

1717269022.8367124 331591017
cloud1_tkemenade 13656798717 2772 419

1717269023.8393085 331591085
cloud0_tkemenade 18992769358 4505 515

1717269023.8397832 331591085
cloud1_tkemenade 13656798717 2772 419

1717269024.842201 331591182
cloud0_tkemenade 18992769358 4506 515

1717269024.8427005 331591182
cloud1_tkemenade 13656798717 2772 419

1717269025.844888 331591257
cloud0_tkemenade 18992769358 4506 515

1717269025.8454316 331591258
cloud1_tkemenade 13656798717 2773 419

1717269025.945893 331591281
cloud0_tkemenade 18992778256 4506 515

1717269025.9464056 331591281
cloud1_tkemenade 13656807615 2773 419

1717269026.9489086 331591372
cloud0_tkemenade 18992778256 4506 515

1717269026.9494512 331591372
cloud1_tkemenade 13656807615 2773 419

1717269027.9518852 331591468
cloud0_tkemenade 18992778256 4506 516

1717269027.9523911 331591468
cloud1_tkemenade 13656807615 2773 419

1717269028.9545302 331591551
cloud0_tkemenade 18992778256 4507 516

1717269028.9550269 331591551
cloud1_tkemenade 13656807615 2773 419

1717269029.957359 331591648
cloud0_tkemenade 18992778256 4507 516

1717269029.9576914 331591648
cloud1_tkemenade 13656807615 2774 419

1717269030.9598818 331591927
cloud0_tkemenade 18992778256 4507 516

1717269030.9603953 331591927
cloud1_tkemenade 13656807615 2774 419

1717269031.9632955 331592044
cloud0_tkemenade 18992778256 4507 516

1717269031.963837 331592044
cloud1_tkemenade 13656807615 2774 420

1717269032.9663157 331592134
cloud0_tkemenade 18992778256 4508 516

1717269032.9668155 331592134
cloud1_tkemenade 13656807615 2774 420

1717269033.2678273 331592162
cloud0_tkemenade 18992791125 4508 516

1717269033.2683506 331592162
cloud1_tkemenade 13656816194 2774 420

1717269034.2709565 331592248
cloud0_tkemenade 18992791125 4508 516

1717269034.2714922 331592248
cloud1_tkemenade 13656816194 2774 420

1717269035.2742095 331592370
cloud0_tkemenade 18992791125 4509 516

1717269035.2747366 331592370
cloud1_tkemenade 13656816194 2775 420

1717269036.2773814 331592479
cloud0_tkemenade 18992791125 4509 516

1717269036.2777293 331592479
cloud1_tkemenade 13656816194 2775 420

1717269037.2799816 331592574
cloud0_tkemenade 18992791125 4509 516

1717269037.2804992 331592574
cloud1_tkemenade 13656816194 2775 420

1717269038.2828546 331592659
cloud0_tkemenade 18992791125 4509 517

1717269038.2833648 331592659
cloud1_tkemenade 13656816194 2776 420

1717269039.285627 331592736
cloud0_tkemenade 18992791125 4509 517

1717269039.2861323 331592736
cloud1_tkemenade 13656816194 2776 420

1717269040.2884953 331592856
cloud0_tkemenade 18992799570 4509 517

1717269040.2887974 331592856
cloud1_tkemenade 13656824639 2776 420

1717269041.2909322 331593142
cloud0_tkemenade 18992799570 4509 518

1717269041.2914379 331593142
cloud1_tkemenade 13656824639 2776 421

1717269042.2938447 331593221
cloud0_tkemenade 18992799570 4509 518

1717269042.2943516 331593221
cloud1_tkemenade 13656824639 2777 421

1717269043.2967138 331593307
cloud0_tkemenade 18992799570 4509 518

1717269043.2972608 331593308
cloud1_tkemenade 13656824639 2777 421

1717269044.2995908 331593386
cloud0_tkemenade 18992799570 4509 518

1717269044.300109 331593386
cloud1_tkemenade 13656824639 2777 421

1717269045.3026345 331593484
cloud0_tkemenade 18992799570 4509 519

1717269045.3031716 331593484
cloud1_tkemenade 13656824639 2778 421

1717269046.3057368 331593558
cloud0_tkemenade 18992799570 4509 519

1717269046.3060603 331593558
cloud1_tkemenade 13656824639 2778 421

1717269047.3084002 331593696
cloud0_tkemenade 18992799570 4509 519

1717269047.3088984 331593696
cloud1_tkemenade 13656824639 2778 421

1717269047.409246 331593708
cloud0_tkemenade 18992808378 4509 519

1717269047.409738 331593708
cloud1_tkemenade 13656837851 2778 421

1717269048.412215 331593785
cloud0_tkemenade 18992808378 4509 520

1717269048.4127424 331593785
cloud1_tkemenade 13656837851 2779 421

1717269049.415175 331593853
cloud0_tkemenade 18992808378 4509 520

1717269049.4156823 331593853
cloud1_tkemenade 13656837851 2779 422

1717269050.4179516 331593966
cloud0_tkemenade 18992808378 4509 520

1717269050.418467 331593966
cloud1_tkemenade 13656837851 2779 422

1717269051.4208834 331594241
cloud0_tkemenade 18992808378 4509 520

1717269051.4213965 331594242
cloud1_tkemenade 13656837851 2780 422

1717269052.423682 331594313
cloud0_tkemenade 18992808378 4510 520

1717269052.4240127 331594313
cloud1_tkemenade 13656837851 2780 422

1717269053.4260938 331594386
cloud0_tkemenade 18992808378 4510 521

1717269053.426599 331594386
cloud1_tkemenade 13656837851 2780 422

1717269054.4290304 331594458
cloud0_tkemenade 18992808378 4510 521

1717269054.4295146 331594458
cloud1_tkemenade 13656837851 2780 422

1717269054.6301317 331594484
cloud0_tkemenade 18992821457 4510 521

1717269054.6306193 331594484
cloud1_tkemenade 13656850930 2780 422

1717269055.6329737 331594564
cloud0_tkemenade 18992821457 4510 521

1717269055.6334932 331594564
cloud1_tkemenade 13656850930 2780 422

1717269056.6357605 331594656
cloud0_tkemenade 18992821457 4510 521

1717269056.636265 331594656
cloud1_tkemenade 13656850930 2781 422

1717269057.63873 331594756
cloud0_tkemenade 18992821457 4510 521

1717269057.6390429 331594756
cloud1_tkemenade 13656850930 2781 422

1717269058.641487 331594837
cloud0_tkemenade 18992821457 4510 521

1717269058.6419775 331594837
cloud1_tkemenade 13656850930 2781 422

1717269059.6444736 331594915
cloud0_tkemenade 18992821457 4511 521

1717269059.6449647 331594915
cloud1_tkemenade 13656850930 2782 422

1717269060.647285 331595111
cloud0_tkemenade 18992821457 4511 521

1717269060.6477904 331595111
cloud1_tkemenade 13656850930 2782 422

1717269061.6500494 331595294
cloud0_tkemenade 18992821457 4511 521

1717269061.6505272 331595294
cloud1_tkemenade 13656850930 2782 422

1717269061.7510355 331595305
cloud0_tkemenade 18992825926 4511 521

1717269061.751543 331595305
cloud1_tkemenade 13656859868 2782 422

1717269062.7536957 331595391
cloud0_tkemenade 18992825926 4512 521

1717269062.7540228 331595391
cloud1_tkemenade 13656859868 2782 422

1717269063.7561843 331595470
cloud0_tkemenade 18992825926 4512 522

1717269063.7567024 331595470
cloud1_tkemenade 13656859868 2783 422

1717269064.7589822 331595569
cloud0_tkemenade 18992825926 4512 522

1717269064.7594988 331595569
cloud1_tkemenade 13656859868 2783 422

1717269065.7617137 331595645
cloud0_tkemenade 18992825926 4512 522

1717269065.762219 331595645
cloud1_tkemenade 13656859868 2783 422

1717269066.7646906 331595725
cloud0_tkemenade 18992825926 4512 522

1717269066.7651868 331595726
cloud1_tkemenade 13656859868 2783 422

1717269067.7676623 331595863
cloud0_tkemenade 18992825926 4513 522

1717269067.7681746 331595863
cloud1_tkemenade 13656859868 2784 422

1717269068.7704477 331595950
cloud0_tkemenade 18992825926 4514 522

1717269068.7709458 331595950
cloud1_tkemenade 13656859868 2784 422

1717269068.9715233 331595970
cloud0_tkemenade 18992842700 4514 522

1717269068.9720042 331595970
cloud1_tkemenade 13656868255 2784 422

1717269069.9743888 331596052
cloud0_tkemenade 18992842700 4514 522

1717269069.9747324 331596052
cloud1_tkemenade 13656868255 2784 422

1717269070.977082 331596316
cloud0_tkemenade 18992842700 4514 522

1717269070.9776409 331596316
cloud1_tkemenade 13656868255 2784 422

1717269071.9800491 331596429
cloud0_tkemenade 18992842700 4515 522

1717269071.980548 331596429
cloud1_tkemenade 13656868255 2785 422

1717269072.9829917 331596527
cloud0_tkemenade 18992842700 4515 522

1717269072.9835036 331596527
cloud1_tkemenade 13656868255 2785 422

1717269073.9859715 331596596
cloud0_tkemenade 18992842700 4515 522

1717269073.9864655 331596596
cloud1_tkemenade 13656868255 2785 422

1717269074.988765 331596683
cloud0_tkemenade 18992842700 4515 522

1717269074.989274 331596683
cloud1_tkemenade 13656868255 2785 423

1717269075.9916608 331596771
cloud0_tkemenade 18992842700 4516 522

1717269075.9922016 331596771
cloud1_tkemenade 13656868255 2785 423

1717269076.192966 331596802
cloud0_tkemenade 18992851390 4516 522

1717269076.1935153 331596802
cloud1_tkemenade 13656876945 2785 423

1717269077.1961224 331596916
cloud0_tkemenade 18992851390 4516 522

1717269077.196646 331596916
cloud1_tkemenade 13656876945 2786 423

1717269078.1991584 331597051
cloud0_tkemenade 18992851390 4516 523

1717269078.199671 331597051
cloud1_tkemenade 13656876945 2786 423

1717269079.201948 331597119
cloud0_tkemenade 18992851390 4516 523

1717269079.202456 331597119
cloud1_tkemenade 13656876945 2786 423

1717269080.2047975 331597189
cloud0_tkemenade 18992851390 4516 523

1717269080.2051206 331597189
cloud1_tkemenade 13656876945 2786 424

1717269081.2073174 331597513
cloud0_tkemenade 18992851390 4517 523

1717269081.2078192 331597513
cloud1_tkemenade 13656876945 2786 424

1717269082.2101507 331597592
cloud0_tkemenade 18992851390 4517 523

1717269082.210656 331597592
cloud1_tkemenade 13656876945 2787 424

1717269083.213081 331597683
cloud0_tkemenade 18992851390 4517 523

1717269083.2135844 331597683
cloud1_tkemenade 13656876945 2787 424

1717269083.3140292 331597696
cloud0_tkemenade 18992860312 4517 523

1717269083.314551 331597696
cloud1_tkemenade 13656890329 2787 424

1717269084.3169987 331597764
cloud0_tkemenade 18992860312 4517 523

1717269084.3175137 331597764
cloud1_tkemenade 13656890329 2787 424

1717269085.3198829 331597839
cloud0_tkemenade 18992860312 4518 524

1717269085.3203843 331597839
cloud1_tkemenade 13656890329 2787 425

1717269086.3227499 331597936
cloud0_tkemenade 18992860312 4518 524

1717269086.3232472 331597936
cloud1_tkemenade 13656890329 2787 425

1717269087.3256562 331598025
cloud0_tkemenade 18992860312 4518 524

1717269087.3261714 331598025
cloud1_tkemenade 13656890329 2787 425

1717269088.3285072 331598160
cloud0_tkemenade 18992860312 4518 524

1717269088.328991 331598160
cloud1_tkemenade 13656890329 2788 425

1717269089.3314004 331598230
cloud0_tkemenade 18992860312 4518 524

1717269089.331895 331598230
cloud1_tkemenade 13656890329 2788 425

1717269090.3340175 331598324
cloud0_tkemenade 18992860312 4518 524

1717269090.3342798 331598324
cloud1_tkemenade 13656890329 2788 425

1717269090.5347106 331598388
cloud0_tkemenade 18992868903 4519 524

1717269090.5349846 331598388
cloud1_tkemenade 13656898920 2788 425

1717269091.5372264 331598644
cloud0_tkemenade 18992868903 4519 524

1717269091.5375485 331598644
cloud1_tkemenade 13656898920 2788 425

1717269092.5397873 331598722
cloud0_tkemenade 18992868903 4519 524

1717269092.5402641 331598722
cloud1_tkemenade 13656898920 2788 425

1717269093.54259 331598798
cloud0_tkemenade 18992868903 4520 524

1717269093.543104 331598798
cloud1_tkemenade 13656898920 2789 425

1717269094.545446 331598893
cloud0_tkemenade 18992868903 4520 524

1717269094.5459425 331598893
cloud1_tkemenade 13656898920 2789 426

1717269095.5482903 331598966
cloud0_tkemenade 18992868903 4520 525

1717269095.548778 331598966
cloud1_tkemenade 13656898920 2789 426

1717269096.5509498 331599063
cloud0_tkemenade 18992868903 4520 525

1717269096.5514708 331599063
cloud1_tkemenade 13656898920 2789 426

1717269097.5536447 331599153
cloud0_tkemenade 18992882281 4520 525

1717269097.554173 331599153
cloud1_tkemenade 13656907839 2789 427

1717269098.556772 331599280
cloud0_tkemenade 18992882281 4520 526

1717269098.5572937 331599280
cloud1_tkemenade 13656907839 2789 427

1717269099.5598507 331599356
cloud0_tkemenade 18992882281 4520 526

1717269099.5603452 331599356
cloud1_tkemenade 13656907839 2789 427

1717269100.5627155 331599520
cloud0_tkemenade 18992882281 4520 526

1717269100.563029 331599520
cloud1_tkemenade 13656907839 2789 427

1717269101.5652633 331599776
cloud0_tkemenade 18992882281 4520 527

1717269101.5657651 331599776
cloud1_tkemenade 13656907839 2789 427

1717269102.5681326 331599861
cloud0_tkemenade 18992882281 4520 527

1717269102.5686226 331599861
cloud1_tkemenade 13656907839 2789 428

1717269103.570955 331599948
cloud0_tkemenade 18992882281 4520 527

1717269103.571462 331599948
cloud1_tkemenade 13656907839 2789 428

1717269104.573911 331600048
cloud0_tkemenade 18992904523 4522 528

1717269104.574424 331600048
cloud1_tkemenade 13656916735 2789 428

1717269105.5767896 331600116
cloud0_tkemenade 18992904523 4522 528

1717269105.5773394 331600116
cloud1_tkemenade 13656916735 2789 428

1717269106.5796368 331600258
cloud0_tkemenade 18992904523 4522 528

1717269106.5801392 331600258
cloud1_tkemenade 13656916735 2845 436

1717269107.582452 331600366
cloud0_tkemenade 18992904523 4523 528

1717269107.5827572 331600366
cloud1_tkemenade 13656916735 2868 444

1717269108.5850432 331600578
cloud0_tkemenade 18992904523 4523 528

1717269108.5855927 331600578
cloud1_tkemenade 13656916735 2953 489

1717269109.5879655 331600722
cloud0_tkemenade 18992904523 4523 528

1717269109.5884683 331600722
cloud1_tkemenade 13656916735 3008 523

1717269110.59063 331601016
cloud0_tkemenade 18992904523 4578 536

1717269110.590936 331601016
cloud1_tkemenade 13656916735 3090 540

1717269111.5932112 331601386
cloud0_tkemenade 18992904523 4624 577

1717269111.5936992 331601386
cloud1_tkemenade 13656916735 3186 558

1717269111.894535 331601450
cloud0_tkemenade 18993672190 4633 586

1717269111.8950286 331601450
cloud1_tkemenade 13659337839 3190 560

1717269112.8975163 331601664
cloud0_tkemenade 18993672190 4709 614

1717269112.8980129 331601664
cloud1_tkemenade 13659337839 3236 573

1717269113.9005554 331601838
cloud0_tkemenade 18993672190 4799 626

1717269113.9010947 331601838
cloud1_tkemenade 13659337839 3241 574

1717269114.903495 331602036
cloud0_tkemenade 18993672190 4919 636

1717269114.9038417 331602036
cloud1_tkemenade 13659337839 3253 578

1717269115.906097 331602137
cloud0_tkemenade 18993672190 4942 649

1717269115.906619 331602137
cloud1_tkemenade 13659337839 3272 583

1717269116.9092932 331602351
cloud0_tkemenade 18993672190 4993 658

1717269116.9098094 331602351
cloud1_tkemenade 13659337839 3370 590

1717269117.9122467 331602538
cloud0_tkemenade 18993672190 5000 660

1717269117.9127762 331602538
cloud1_tkemenade 13659337839 3450 603

1717269118.9150667 331602745
cloud0_tkemenade 18995813033 5014 665

1717269118.915581 331602745
cloud1_tkemenade 13661083091 3515 613

1717269119.9180098 331603102
cloud0_tkemenade 18995813033 5079 672

1717269119.918548 331603102
cloud1_tkemenade 13661083091 3737 626

1717269120.9209073 331603574
cloud0_tkemenade 18995813033 5174 681

1717269120.9214723 331603575
cloud1_tkemenade 13661083091 3897 652

1717269121.9240038 331603875
cloud0_tkemenade 18995813033 5242 699

1717269121.9245346 331603875
cloud1_tkemenade 13661083091 3999 664

1717269122.9269073 331604284
cloud0_tkemenade 18995813033 5426 708

1717269122.9274406 331604284
cloud1_tkemenade 13661083091 4142 684

1717269123.9298022 331604696
cloud0_tkemenade 18995813033 5592 719

1717269123.9301078 331604696
cloud1_tkemenade 13661083091 4317 712

