1717269525.6393442 331664818
cloud0_tkemenade 18999071150 2794 340
cloud1_tkemenade 13666992368 2698 413

1717269526.6418216 331664918
cloud0_tkemenade 18999071150 2795 341

1717269526.6423206 331664918
cloud1_tkemenade 13666992368 2699 413

1717269527.6445954 331665040
cloud0_tkemenade 18999071150 2796 342

1717269527.6449697 331665040
cloud1_tkemenade 13666992368 2699 413

1717269528.6471007 331665164
cloud0_tkemenade 18999071150 2804 343

1717269528.6475863 331665164
cloud1_tkemenade 13666992368 2708 414

1717269529.6499531 331665248
cloud0_tkemenade 18999071150 2805 343

1717269529.650456 331665248
cloud1_tkemenade 13666992368 2708 414

1717269530.6527455 331665431
cloud0_tkemenade 18999071150 2806 343

1717269530.653072 331665431
cloud1_tkemenade 13666992368 2708 415

1717269531.6553345 331665640
cloud0_tkemenade 18999071150 2806 344

1717269531.6558404 331665640
cloud1_tkemenade 13666992368 2709 415

1717269532.6582801 331665756
cloud0_tkemenade 18999071150 2810 345

1717269532.6586134 331665756
cloud1_tkemenade 13666992368 2711 415

1717269533.6610122 331665854
cloud0_tkemenade 18999071150 2812 345

1717269533.6615417 331665854
cloud1_tkemenade 13666992368 2711 416

1717269534.66391 331665946
cloud0_tkemenade 18999071150 2812 345

1717269534.6644194 331665946
cloud1_tkemenade 13666992368 2711 416

1717269535.666702 331666021
cloud0_tkemenade 18999071150 2814 345

1717269535.6672046 331666021
cloud1_tkemenade 13666992368 2711 416

1717269536.6697807 331666111
cloud0_tkemenade 18999071150 2814 346

1717269536.670275 331666111
cloud1_tkemenade 13666992368 2711 416

1717269537.672904 331666232
cloud0_tkemenade 18999071150 2814 347

1717269537.6732464 331666232
cloud1_tkemenade 13666992368 2719 419

1717269538.6754074 331666346
cloud0_tkemenade 18999071150 2815 347

1717269538.675874 331666346
cloud1_tkemenade 13666992368 2719 420

1717269539.678236 331666424
cloud0_tkemenade 18999071150 2816 348

1717269539.6787274 331666424
cloud1_tkemenade 13666992368 2720 420

1717269540.6812007 331666616
cloud0_tkemenade 18999071150 2819 348

1717269540.681695 331666616
cloud1_tkemenade 13666992368 2720 420

1717269541.6840513 331666817
cloud0_tkemenade 18999071150 2819 349

1717269541.6845536 331666817
cloud1_tkemenade 13666992368 2723 420

1717269542.1858659 331666897
cloud0_tkemenade 18999175476 2830 351

1717269542.1861756 331666897
cloud1_tkemenade 13667064943 2723 420

1717269543.188277 331666999
cloud0_tkemenade 18999175476 2832 351

1717269543.1887777 331666999
cloud1_tkemenade 13667064943 2723 420

1717269544.191138 331667078
cloud0_tkemenade 18999175476 2833 351

1717269544.1916542 331667078
cloud1_tkemenade 13667064943 2724 420

1717269545.194074 331667191
cloud0_tkemenade 18999175476 2834 351

1717269545.194369 331667191
cloud1_tkemenade 13667064943 2724 420

1717269546.196791 331667274
cloud0_tkemenade 18999175476 2839 351

1717269546.197105 331667274
cloud1_tkemenade 13667064943 2725 420

1717269547.1994276 331667368
cloud0_tkemenade 18999175476 2840 351

1717269547.199747 331667368
cloud1_tkemenade 13667064943 2725 420

1717269548.2018452 331667460
cloud0_tkemenade 18999175476 2841 351

1717269548.202165 331667460
cloud1_tkemenade 13667064943 2726 421

1717269549.2042964 331667584
cloud0_tkemenade 18999175476 2842 351

1717269549.2046063 331667584
cloud1_tkemenade 13667064943 2727 421

1717269549.4051087 331667602
cloud0_tkemenade 18999227897 2842 351

1717269549.405653 331667602
cloud1_tkemenade 13667086785 2727 421

1717269550.4079256 331667718
cloud0_tkemenade 18999227897 2843 351

1717269550.4084337 331667718
cloud1_tkemenade 13667086785 2727 421

1717269551.4107425 331668007
cloud0_tkemenade 18999227897 2843 352

1717269551.411068 331668007
cloud1_tkemenade 13667086785 2727 421

1717269552.4135125 331668105
cloud0_tkemenade 18999227897 2844 353

1717269552.414021 331668105
cloud1_tkemenade 13667086785 2727 422

1717269553.416551 331668240
cloud0_tkemenade 18999227897 2846 353

1717269553.4170778 331668240
cloud1_tkemenade 13667086785 2746 423

1717269554.4193041 331668314
cloud0_tkemenade 18999227897 2847 353

1717269554.419806 331668314
cloud1_tkemenade 13667086785 2747 423

1717269555.422071 331668378
cloud0_tkemenade 18999227897 2848 353

1717269555.4225771 331668378
cloud1_tkemenade 13667086785 2747 423

1717269556.4250438 331668452
cloud0_tkemenade 18999227897 2849 354

1717269556.425587 331668452
cloud1_tkemenade 13667086785 2751 424

1717269556.526022 331668463
cloud0_tkemenade 18999273134 2849 354

1717269556.526492 331668463
cloud1_tkemenade 13667208925 2751 424

1717269557.5288196 331668552
cloud0_tkemenade 18999273134 2850 355

1717269557.5293524 331668552
cloud1_tkemenade 13667208925 2751 424

1717269558.5318716 331668625
cloud0_tkemenade 18999273134 2851 355

1717269558.5324142 331668625
cloud1_tkemenade 13667208925 2752 424

1717269559.5347214 331668757
cloud0_tkemenade 18999273134 2852 355

1717269559.535229 331668757
cloud1_tkemenade 13667208925 2752 424

1717269560.5374668 331668898
cloud0_tkemenade 18999273134 2853 355

1717269560.5379791 331668898
cloud1_tkemenade 13667208925 2752 424

1717269561.5404377 331669126
cloud0_tkemenade 18999273134 2854 355

1717269561.5407586 331669126
cloud1_tkemenade 13667208925 2753 424

1717269562.542902 331669207
cloud0_tkemenade 18999273134 2855 356

1717269562.5434039 331669207
cloud1_tkemenade 13667208925 2753 424

1717269563.5458922 331669325
cloud0_tkemenade 18999273134 2856 356

1717269563.5463943 331669325
cloud1_tkemenade 13667208925 2753 424

1717269563.6468837 331669332
cloud0_tkemenade 18999312922 2856 356

1717269563.6473787 331669332
cloud1_tkemenade 13667217766 2753 424

1717269564.6498582 331669420
cloud0_tkemenade 18999312922 2856 356

1717269564.6503394 331669420
cloud1_tkemenade 13667217766 2754 424

1717269565.6527987 331669482
cloud0_tkemenade 18999312922 2857 357

1717269565.6533332 331669482
cloud1_tkemenade 13667217766 2754 424

1717269566.6556282 331669562
cloud0_tkemenade 18999312922 2858 357

1717269566.6561232 331669562
cloud1_tkemenade 13667217766 2754 424

1717269567.6584878 331669647
cloud0_tkemenade 18999312922 2859 357

1717269567.6587975 331669647
cloud1_tkemenade 13667217766 2754 424

1717269568.6610932 331669737
cloud0_tkemenade 18999312922 2860 357

1717269568.661445 331669737
cloud1_tkemenade 13667217766 2755 424

1717269569.6637077 331669840
cloud0_tkemenade 18999312922 2861 357

1717269569.6642063 331669840
cloud1_tkemenade 13667217766 2755 425

1717269570.666424 331670031
cloud0_tkemenade 18999312922 2862 358

1717269570.6669278 331670031
cloud1_tkemenade 13667217766 2755 425

1717269570.9678192 331670124
cloud0_tkemenade 18999347105 2862 358

1717269570.968272 331670124
cloud1_tkemenade 13667230584 2755 425

1717269571.9705207 331670253
cloud0_tkemenade 18999347105 2863 358

1717269571.971018 331670253
cloud1_tkemenade 13667230584 2755 425

1717269572.9734588 331670358
cloud0_tkemenade 18999347105 2864 358

1717269572.9739642 331670358
cloud1_tkemenade 13667230584 2756 425

1717269573.9762259 331670450
cloud0_tkemenade 18999347105 2865 359

1717269573.9767334 331670450
cloud1_tkemenade 13667230584 2756 425

1717269574.9789493 331670528
cloud0_tkemenade 18999347105 2866 359

1717269574.9794424 331670528
cloud1_tkemenade 13667230584 2757 425

1717269575.9816196 331670602
cloud0_tkemenade 18999347105 2866 360

1717269575.9821055 331670602
cloud1_tkemenade 13667230584 2757 425

1717269576.9845426 331670680
cloud0_tkemenade 18999347105 2867 360

1717269576.985037 331670680
cloud1_tkemenade 13667230584 2757 425

1717269577.9873712 331670781
cloud0_tkemenade 18999382261 2868 361

1717269577.9878404 331670781
cloud1_tkemenade 13667239373 2757 425

1717269578.990117 331670882
cloud0_tkemenade 18999382261 2868 361

1717269578.9904463 331670882
cloud1_tkemenade 13667239373 2757 425

1717269579.9928563 331671004
cloud0_tkemenade 18999382261 2870 362

1717269579.9931867 331671004
cloud1_tkemenade 13667239373 2757 426

1717269580.9953084 331671260
cloud0_tkemenade 18999382261 2870 362

1717269580.9958203 331671260
cloud1_tkemenade 13667239373 2758 426

1717269581.9983308 331671399
cloud0_tkemenade 18999382261 2871 362

1717269581.9988253 331671399
cloud1_tkemenade 13667239373 2758 427

1717269583.001515 331671490
cloud0_tkemenade 18999382261 2872 362

1717269583.0019915 331671490
cloud1_tkemenade 13667239373 2758 427

1717269584.00429 331671588
cloud0_tkemenade 18999382261 2873 362

1717269584.0048022 331671588
cloud1_tkemenade 13667239373 2759 427

1717269585.0073607 331671672
cloud0_tkemenade 18999382261 2874 363

1717269585.0078623 331671672
cloud1_tkemenade 13667239373 2759 427

1717269585.208565 331671706
cloud0_tkemenade 18999421744 2875 363

1717269585.2090867 331671706
cloud1_tkemenade 13667256921 2759 427

1717269586.2112935 331671780
cloud0_tkemenade 18999421744 2875 363

1717269586.21162 331671780
cloud1_tkemenade 13667256921 2759 427

1717269587.2136717 331671876
cloud0_tkemenade 18999421744 2875 364

1717269587.2139835 331671876
cloud1_tkemenade 13667256921 2759 427

1717269588.2160969 331671976
cloud0_tkemenade 18999421744 2876 365

1717269588.216613 331671976
cloud1_tkemenade 13667256921 2759 427

1717269589.2191088 331672064
cloud0_tkemenade 18999421744 2878 365

1717269589.2196233 331672064
cloud1_tkemenade 13667256921 2760 427

1717269590.2220447 331672168
cloud0_tkemenade 18999421744 2879 365

1717269590.2223659 331672168
cloud1_tkemenade 13667256921 2760 428

1717269591.2246087 331672482
cloud0_tkemenade 18999421744 2880 365

1717269591.2251103 331672483
cloud1_tkemenade 13667256921 2760 428

1717269592.227387 331672586
cloud0_tkemenade 18999421744 2881 365

1717269592.2276926 331672586
cloud1_tkemenade 13667256921 2760 428

1717269592.4281905 331672612
cloud0_tkemenade 18999460940 2881 365

1717269592.4287145 331672612
cloud1_tkemenade 13667265631 2760 428

1717269593.4311855 331672718
cloud0_tkemenade 18999460940 2882 366

1717269593.4317005 331672718
cloud1_tkemenade 13667265631 2760 428

1717269594.4341936 331672830
cloud0_tkemenade 18999460940 2882 367

1717269594.434741 331672830
cloud1_tkemenade 13667265631 2761 428

1717269595.4372113 331672904
cloud0_tkemenade 18999460940 2883 367

1717269595.4377224 331672904
cloud1_tkemenade 13667265631 2761 428

1717269596.4402647 331672957
cloud0_tkemenade 18999460940 2884 368

1717269596.440765 331672957
cloud1_tkemenade 13667265631 2761 428

1717269597.443271 331673038
cloud0_tkemenade 18999460940 2885 368

1717269597.4437785 331673038
cloud1_tkemenade 13667265631 2762 428

1717269598.44618 331673137
cloud0_tkemenade 18999460940 2886 368

1717269598.4466815 331673137
cloud1_tkemenade 13667265631 2762 428

1717269599.44919 331673235
cloud0_tkemenade 18999460940 2888 368

1717269599.4496694 331673235
cloud1_tkemenade 13667265631 2762 428

1717269599.5501153 331673244
cloud0_tkemenade 18999503759 2888 368

1717269599.550594 331673244
cloud1_tkemenade 13667274194 2762 428

1717269600.5528975 331673421
cloud0_tkemenade 18999503759 2889 368

1717269600.5532994 331673422
cloud1_tkemenade 13667274194 2762 428

1717269601.555604 331673635
cloud0_tkemenade 18999503759 2889 368

1717269601.5560882 331673635
cloud1_tkemenade 13667274194 2763 428

1717269602.5582488 331673730
cloud0_tkemenade 18999503759 2890 369

1717269602.5587473 331673730
cloud1_tkemenade 13667274194 2763 428

1717269603.5612338 331673829
cloud0_tkemenade 18999503759 2891 369

1717269603.5617292 331673829
cloud1_tkemenade 13667274194 2763 428

1717269604.5642507 331673934
cloud0_tkemenade 18999503759 2892 369

1717269604.5647461 331673934
cloud1_tkemenade 13667274194 2763 428

1717269605.5670195 331674010
cloud0_tkemenade 18999503759 2893 369

1717269605.5675156 331674010
cloud1_tkemenade 13667274194 2764 428

1717269606.5698519 331674075
cloud0_tkemenade 18999503759 2894 370

1717269606.570354 331674075
cloud1_tkemenade 13667274194 2764 428

1717269606.8712196 331674106
cloud0_tkemenade 18999538613 2894 370

1717269606.8717284 331674106
cloud1_tkemenade 13667287264 2764 429

1717269607.874245 331674200
cloud0_tkemenade 18999538613 2895 370

1717269607.8747494 331674200
cloud1_tkemenade 13667287264 2764 429

1717269608.8772569 331674279
cloud0_tkemenade 18999538613 2896 370

1717269608.8777516 331674279
cloud1_tkemenade 13667287264 2765 429

1717269609.8802817 331674368
cloud0_tkemenade 18999538613 2896 371

1717269609.880798 331674368
cloud1_tkemenade 13667287264 2765 429

1717269610.8832054 331674648
cloud0_tkemenade 18999538613 2897 372

1717269610.8837109 331674648
cloud1_tkemenade 13667287264 2765 429

1717269611.88599 331674790
cloud0_tkemenade 18999538613 2898 372

1717269611.886482 331674790
cloud1_tkemenade 13667287264 2765 429

1717269612.8891082 331674878
cloud0_tkemenade 18999538613 2899 372

1717269612.8896408 331674878
cloud1_tkemenade 13667287264 2766 429

1717269613.892023 331674981
cloud0_tkemenade 18999574352 2900 372

1717269613.8925064 331674981
cloud1_tkemenade 13667296198 2766 429

1717269614.8947005 331675082
cloud0_tkemenade 18999574352 2901 372

1717269614.8951967 331675082
cloud1_tkemenade 13667296198 2766 429

1717269615.8976955 331675142
cloud0_tkemenade 18999574352 2902 372

1717269615.8981926 331675142
cloud1_tkemenade 13667296198 2766 429

1717269616.900849 331675219
cloud0_tkemenade 18999574352 2903 373

1717269616.9013903 331675220
cloud1_tkemenade 13667296198 2767 429

1717269617.9037542 331675306
cloud0_tkemenade 18999574352 2904 373

1717269617.9042637 331675306
cloud1_tkemenade 13667296198 2767 429

1717269618.9065835 331675394
cloud0_tkemenade 18999574352 2905 373

1717269618.9070563 331675394
cloud1_tkemenade 13667296198 2767 429

1717269619.9093113 331675478
cloud0_tkemenade 18999574352 2906 373

1717269619.9098036 331675478
cloud1_tkemenade 13667296198 2768 429

1717269620.912057 331675722
cloud0_tkemenade 18999574352 2907 374

1717269620.9125247 331675722
cloud1_tkemenade 13667296198 2768 429

1717269621.0130153 331675753
cloud0_tkemenade 18999614439 2907 374

1717269621.0135643 331675753
cloud1_tkemenade 13667305106 2768 429

1717269622.0160165 331675868
cloud0_tkemenade 18999614439 2907 374

1717269622.016515 331675868
cloud1_tkemenade 13667305106 2768 429

1717269623.018909 331675957
cloud0_tkemenade 18999614439 2908 374

1717269623.0194001 331675957
cloud1_tkemenade 13667305106 2768 429

1717269624.0217834 331676036
cloud0_tkemenade 18999614439 2909 375

1717269624.0222888 331676036
cloud1_tkemenade 13667305106 2769 429

1717269625.0247805 331676151
cloud0_tkemenade 18999614439 2910 375

1717269625.0252993 331676151
cloud1_tkemenade 13667305106 2769 429

1717269626.0276916 331676216
cloud0_tkemenade 18999614439 2911 375

1717269626.0282037 331676216
cloud1_tkemenade 13667305106 2769 430

1717269627.0305111 331676296
cloud0_tkemenade 18999614439 2912 376

1717269627.0310128 331676296
cloud1_tkemenade 13667305106 2769 430

1717269628.0335298 331676386
cloud0_tkemenade 18999614439 2912 376

1717269628.03404 331676386
cloud1_tkemenade 13667305106 2770 430

1717269628.2346902 331676408
cloud0_tkemenade 18999645063 2912 376

1717269628.2352083 331676408
cloud1_tkemenade 13667318230 2770 430

1717269629.2377236 331676481
cloud0_tkemenade 18999645063 2913 377

1717269629.2382233 331676481
cloud1_tkemenade 13667318230 2770 430

1717269630.2407978 331676593
cloud0_tkemenade 18999645063 2914 377

1717269630.241344 331676594
cloud1_tkemenade 13667318230 2770 430

1717269631.2437487 331676920
cloud0_tkemenade 18999645063 2915 377

1717269631.244094 331676920
cloud1_tkemenade 13667318230 2771 430

1717269632.2463362 331677008
cloud0_tkemenade 18999645063 2918 377

1717269632.2468555 331677008
cloud1_tkemenade 13667318230 2771 430

1717269633.2493048 331677115
cloud0_tkemenade 18999645063 2919 378

1717269633.2498298 331677115
cloud1_tkemenade 13667318230 2771 431

1717269634.2522945 331677193
cloud0_tkemenade 18999645063 2919 379

1717269634.2527983 331677193
cloud1_tkemenade 13667318230 2771 431

1717269635.2552812 331677289
cloud0_tkemenade 18999695173 2920 379

1717269635.2558146 331677289
cloud1_tkemenade 13667327340 2771 431

1717269636.258152 331677368
cloud0_tkemenade 18999695173 2921 380

1717269636.2586532 331677368
cloud1_tkemenade 13667327340 2772 431

1717269637.2610157 331677454
cloud0_tkemenade 18999695173 2922 380

1717269637.2615283 331677454
cloud1_tkemenade 13667327340 2772 431

1717269638.2637768 331677547
cloud0_tkemenade 18999695173 2923 380

1717269638.2643762 331677547
cloud1_tkemenade 13667327340 2772 431

1717269639.266576 331677615
cloud0_tkemenade 18999695173 2923 381

1717269639.2670822 331677615
cloud1_tkemenade 13667327340 2773 431

1717269640.2696044 331677720
cloud0_tkemenade 18999695173 2924 382

1717269640.2698917 331677720
cloud1_tkemenade 13667327340 2773 431

1717269641.272297 331678058
cloud0_tkemenade 18999695173 2925 382

1717269641.2728155 331678058
cloud1_tkemenade 13667327340 2773 431

1717269642.2751925 331678139
cloud0_tkemenade 18999695173 2926 382

1717269642.2756982 331678139
cloud1_tkemenade 13667327340 2773 432

1717269642.4764428 331678155
cloud0_tkemenade 18999738333 2926 383

1717269642.4769278 331678155
cloud1_tkemenade 13667340288 2773 432

1717269643.4793591 331678251
cloud0_tkemenade 18999738333 2926 384

1717269643.4798512 331678251
cloud1_tkemenade 13667340288 2773 432

1717269644.4822738 331678334
cloud0_tkemenade 18999738333 2927 384

1717269644.4827867 331678334
cloud1_tkemenade 13667340288 2773 432

1717269645.4853837 331678422
cloud0_tkemenade 18999738333 2928 385

1717269645.485893 331678422
cloud1_tkemenade 13667340288 2773 432

1717269646.4884818 331678494
cloud0_tkemenade 18999738333 2929 385

1717269646.4889781 331678494
cloud1_tkemenade 13667340288 2773 432

1717269647.491263 331678602
cloud0_tkemenade 18999738333 2930 385

1717269647.4917293 331678602
cloud1_tkemenade 13667340288 2774 432

1717269648.4940634 331678695
cloud0_tkemenade 18999738333 2931 385

1717269648.4945638 331678695
cloud1_tkemenade 13667340288 2774 432

1717269649.4965508 331678767
cloud0_tkemenade 18999738333 2932 385

1717269649.497048 331678767
cloud1_tkemenade 13667340288 2774 432

1717269649.6976702 331678795
cloud0_tkemenade 18999772856 2932 385

1717269649.6981535 331678795
cloud1_tkemenade 13667344603 2774 432

1717269650.7004795 331679016
cloud0_tkemenade 18999772856 2933 385

1717269650.7008896 331679016
cloud1_tkemenade 13667344603 2774 433

1717269651.7032154 331679230
cloud0_tkemenade 18999772856 2933 385

1717269651.7037158 331679230
cloud1_tkemenade 13667344603 2774 433

1717269652.7060277 331679312
cloud0_tkemenade 18999772856 2934 386

1717269652.70652 331679312
cloud1_tkemenade 13667344603 2774 433

1717269653.7088442 331679425
cloud0_tkemenade 18999772856 2935 386

1717269653.7093596 331679426
cloud1_tkemenade 13667344603 2774 433

1717269654.711663 331679521
cloud0_tkemenade 18999772856 2936 386

1717269654.712148 331679521
cloud1_tkemenade 13667344603 2775 433

1717269655.7144127 331679615
cloud0_tkemenade 18999772856 2936 386

1717269655.7149055 331679615
cloud1_tkemenade 13667344603 2775 433

1717269656.717237 331679674
cloud0_tkemenade 18999772856 2938 387

1717269656.717686 331679674
cloud1_tkemenade 13667344603 2775 434

1717269656.8181448 331679689
cloud0_tkemenade 18999809341 2938 387

1717269656.8186467 331679689
cloud1_tkemenade 13667358285 2775 434

1717269657.8211367 331679777
cloud0_tkemenade 18999809341 2939 387

1717269657.8216505 331679777
cloud1_tkemenade 13667358285 2776 434

1717269658.8240979 331679890
cloud0_tkemenade 18999809341 2940 387

1717269658.824571 331679890
cloud1_tkemenade 13667358285 2776 434

1717269659.8270092 331679965
cloud0_tkemenade 18999809341 2941 387

1717269659.8275113 331679965
cloud1_tkemenade 13667358285 2776 434

1717269660.829852 331680244
cloud0_tkemenade 18999809341 2942 388

1717269660.8303316 331680244
cloud1_tkemenade 13667358285 2776 434

1717269661.8328416 331680454
cloud0_tkemenade 18999809341 2942 388

1717269661.8333495 331680454
cloud1_tkemenade 13667358285 2777 434

1717269662.8357558 331680538
cloud0_tkemenade 18999809341 2943 389

1717269662.8362224 331680538
cloud1_tkemenade 13667358285 2777 434

1717269663.8385804 331680642
cloud0_tkemenade 18999809341 2945 389

1717269663.8390758 331680642
cloud1_tkemenade 13667358285 2778 434

1717269664.0397806 331680668
cloud0_tkemenade 18999849254 2945 389

1717269664.0402882 331680668
cloud1_tkemenade 13667371589 2778 434

1717269665.0425422 331680770
cloud0_tkemenade 18999849254 2946 389

1717269665.0430474 331680770
cloud1_tkemenade 13667371589 2778 434

1717269666.0454817 331680874
cloud0_tkemenade 18999849254 2947 389

1717269666.0459774 331680874
cloud1_tkemenade 13667371589 2778 434

1717269667.0483375 331680954
cloud0_tkemenade 18999849254 2948 389

1717269667.0488412 331680954
cloud1_tkemenade 13667371589 2779 434

1717269668.0511804 331681034
cloud0_tkemenade 18999849254 2949 389

1717269668.0516717 331681034
cloud1_tkemenade 13667371589 2779 434

1717269669.0540464 331681125
cloud0_tkemenade 18999849254 2950 390

1717269669.0545626 331681125
cloud1_tkemenade 13667371589 2779 435

1717269670.057065 331681200
cloud0_tkemenade 18999849254 2951 390

1717269670.0573854 331681200
cloud1_tkemenade 13667371589 2779 435

1717269671.0596526 331681467
cloud0_tkemenade 18999849254 2952 390

1717269671.0601542 331681467
cloud1_tkemenade 13667371589 2779 435

1717269671.1606271 331681493
cloud0_tkemenade 18999884778 2952 390

1717269671.1609745 331681493
cloud1_tkemenade 13667380470 2780 435

1717269672.1632652 331681621
cloud0_tkemenade 18999884778 2953 390

1717269672.1637726 331681621
cloud1_tkemenade 13667380470 2780 435

1717269673.1661236 331681702
cloud0_tkemenade 18999884778 2954 391

1717269673.166627 331681702
cloud1_tkemenade 13667380470 2780 435

1717269674.1691508 331681788
cloud0_tkemenade 18999884778 2955 391

1717269674.1696796 331681788
cloud1_tkemenade 13667380470 2780 435

1717269675.1719825 331681864
cloud0_tkemenade 18999884778 2956 391

1717269675.1724894 331681864
cloud1_tkemenade 13667380470 2781 435

1717269676.1747723 331681974
cloud0_tkemenade 18999884778 2957 391

1717269676.1752543 331681974
cloud1_tkemenade 13667380470 2781 435

1717269677.1776514 331682050
cloud0_tkemenade 18999884778 2958 391

1717269677.178163 331682050
cloud1_tkemenade 13667380470 2781 435

1717269678.1802435 331682155
cloud0_tkemenade 18999919790 2959 391

1717269678.180695 331682155
cloud1_tkemenade 13667389223 2781 435

1717269679.1827385 331682264
cloud0_tkemenade 18999919790 2960 391

1717269679.1832387 331682264
cloud1_tkemenade 13667389223 2782 435

1717269680.1854486 331682352
cloud0_tkemenade 18999919790 2961 391

1717269680.1857717 331682352
cloud1_tkemenade 13667389223 2782 435

1717269681.1881025 331682652
cloud0_tkemenade 18999919790 2962 392

1717269681.1886137 331682652
cloud1_tkemenade 13667389223 2782 435

1717269682.1910346 331682768
cloud0_tkemenade 18999919790 2963 392

1717269682.191543 331682768
cloud1_tkemenade 13667389223 2782 435

1717269683.1938226 331682851
cloud0_tkemenade 18999919790 2964 392

1717269683.1942856 331682851
cloud1_tkemenade 13667389223 2783 435

1717269684.1967244 331682944
cloud0_tkemenade 18999919790 2965 392

1717269684.1972523 331682945
cloud1_tkemenade 13667389223 2783 435

1717269685.1994264 331683026
cloud0_tkemenade 18999919790 2966 392

1717269685.199908 331683026
cloud1_tkemenade 13667389223 2783 435

1717269685.5007386 331683057
cloud0_tkemenade 18999954562 2966 392

1717269685.5012462 331683058
cloud1_tkemenade 13667397916 2783 435

1717269686.5034332 331683146
cloud0_tkemenade 18999954562 2967 392

1717269686.5039458 331683146
cloud1_tkemenade 13667397916 2783 435

1717269687.5063202 331683228
cloud0_tkemenade 18999954562 2969 392

1717269687.506812 331683228
cloud1_tkemenade 13667397916 2784 435

1717269688.5093234 331683307
cloud0_tkemenade 18999954562 2970 392

1717269688.5098076 331683307
cloud1_tkemenade 13667397916 2784 435

1717269689.512279 331683379
cloud0_tkemenade 18999954562 2971 392

1717269689.5127707 331683379
cloud1_tkemenade 13667397916 2784 435

1717269690.5151865 331683501
cloud0_tkemenade 18999954562 2972 392

1717269690.515675 331683501
cloud1_tkemenade 13667397916 2784 435

1717269691.5182354 331683763
cloud0_tkemenade 18999954562 2973 393

1717269691.5187223 331683763
cloud1_tkemenade 13667397916 2784 435

1717269692.5209768 331683887
cloud0_tkemenade 18999954562 2973 393

1717269692.5215 331683888
cloud1_tkemenade 13667397916 2785 435

1717269692.621881 331683904
cloud0_tkemenade 18999990100 2973 393

1717269692.6224594 331683904
cloud1_tkemenade 13667406800 2785 435

1717269693.6246448 331684008
cloud0_tkemenade 18999990100 2975 393

1717269693.6251976 331684008
cloud1_tkemenade 13667406800 2785 436

1717269694.6275222 331684096
cloud0_tkemenade 18999990100 2976 393

1717269694.6280203 331684096
cloud1_tkemenade 13667406800 2785 436

1717269695.630424 331684166
cloud0_tkemenade 18999990100 2977 393

1717269695.6309235 331684166
cloud1_tkemenade 13667406800 2785 436

1717269696.6333647 331684263
cloud0_tkemenade 18999990100 2978 394

1717269696.6338532 331684263
cloud1_tkemenade 13667406800 2786 436

1717269697.6364472 331684338
cloud0_tkemenade 18999990100 2979 394

1717269697.63695 331684338
cloud1_tkemenade 13667406800 2786 436

1717269698.6393483 331684427
cloud0_tkemenade 18999990100 2979 394

1717269698.639662 331684427
cloud1_tkemenade 13667406800 2786 436

1717269699.6420557 331684499
cloud0_tkemenade 18999990100 2980 394

1717269699.6425219 331684499
cloud1_tkemenade 13667406800 2786 436

1717269699.742968 331684506
cloud0_tkemenade 19000024833 2981 395

1717269699.743439 331684506
cloud1_tkemenade 13667415483 2786 436

1717269700.7455862 331684721
cloud0_tkemenade 19000024833 2981 395

1717269700.7458935 331684721
cloud1_tkemenade 13667415483 2787 436

1717269701.7478294 331684900
cloud0_tkemenade 19000024833 2982 395

1717269701.7483196 331684900
cloud1_tkemenade 13667415483 2787 436

1717269702.7509117 331685034
cloud0_tkemenade 19000024833 2983 395

1717269702.7514257 331685034
cloud1_tkemenade 13667415483 2787 436

1717269703.7536356 331685128
cloud0_tkemenade 19000024833 2984 395

1717269703.7541234 331685128
cloud1_tkemenade 13667415483 2787 436

1717269704.7566319 331685224
cloud0_tkemenade 19000024833 2985 395

1717269704.7570918 331685224
cloud1_tkemenade 13667415483 2788 436

1717269705.7595358 331685290
cloud0_tkemenade 19000024833 2987 395

1717269705.7600298 331685290
cloud1_tkemenade 13667415483 2788 436

1717269706.7626119 331685391
cloud0_tkemenade 19000024833 2988 396

1717269706.7631202 331685391
cloud1_tkemenade 13667415483 2788 436

1717269706.863609 331685402
cloud0_tkemenade 19000068681 2988 396

1717269706.8641045 331685402
cloud1_tkemenade 13667424252 2788 436

1717269707.8663974 331685497
cloud0_tkemenade 19000068681 2988 396

1717269707.8668907 331685497
cloud1_tkemenade 13667424252 2789 436

1717269708.869238 331685587
cloud0_tkemenade 19000068681 2989 397

1717269708.8697085 331685587
cloud1_tkemenade 13667424252 2789 436

1717269709.872136 331685656
cloud0_tkemenade 19000068681 2989 397

1717269709.872619 331685656
cloud1_tkemenade 13667424252 2789 436

1717269710.8748922 331685901
cloud0_tkemenade 19000068681 2990 397

1717269710.8752186 331685901
cloud1_tkemenade 13667424252 2789 436

1717269711.8776367 331686051
cloud0_tkemenade 19000068681 2992 397

1717269711.8781295 331686051
cloud1_tkemenade 13667424252 2790 436

1717269712.880495 331686175
cloud0_tkemenade 19000068681 2992 398

1717269712.8809826 331686175
cloud1_tkemenade 13667424252 2790 437

1717269713.8832262 331686273
cloud0_tkemenade 19000104798 2993 399

1717269713.883732 331686273
cloud1_tkemenade 13667437796 2790 437

1717269714.8861132 331686356
cloud0_tkemenade 19000104798 2993 399

1717269714.8865979 331686356
cloud1_tkemenade 13667437796 2790 437

1717269715.8890123 331686423
cloud0_tkemenade 19000104798 2994 400

1717269715.8894966 331686423
cloud1_tkemenade 13667437796 2791 437

1717269716.8919587 331686543
cloud0_tkemenade 19000104798 2996 400

1717269716.8924742 331686543
cloud1_tkemenade 13667437796 2791 437

1717269717.8949275 331686634
cloud0_tkemenade 19000104798 2996 400

1717269717.895423 331686634
cloud1_tkemenade 13667437796 2792 437

1717269718.8978834 331686743
cloud0_tkemenade 19000104798 2997 400

1717269718.8983693 331686743
cloud1_tkemenade 13667437796 2792 437

1717269719.9007053 331686823
cloud0_tkemenade 19000104798 2998 401

1717269719.90121 331686823
cloud1_tkemenade 13667437796 2792 437

1717269720.9033353 331687062
cloud0_tkemenade 19000104798 2999 401

1717269720.9038303 331687062
cloud1_tkemenade 13667437796 2792 437

1717269721.2046905 331687151
cloud0_tkemenade 19000139243 2999 401

1717269721.2050068 331687151
cloud1_tkemenade 13667446407 2792 437

1717269722.2067916 331687245
cloud0_tkemenade 19000139243 3000 402

1717269722.207097 331687245
cloud1_tkemenade 13667446407 2793 437

1717269723.2093816 331687371
cloud0_tkemenade 19000139243 3001 402

1717269723.209676 331687371
cloud1_tkemenade 13667446407 2793 437

1717269724.2119699 331687479
cloud0_tkemenade 19000139243 3002 402

1717269724.2124786 331687479
cloud1_tkemenade 13667446407 2793 437

1717269725.2149098 331687570
cloud0_tkemenade 19000139243 3003 402

1717269725.2154098 331687570
cloud1_tkemenade 13667446407 2794 437

1717269726.2179363 331687644
cloud0_tkemenade 19000139243 3003 403

1717269726.2184377 331687644
cloud1_tkemenade 13667446407 2794 437

1717269727.220967 331687744
cloud0_tkemenade 19000139243 3004 403

1717269727.221521 331687746
cloud1_tkemenade 13667446407 2794 437

1717269728.2239778 331687829
cloud0_tkemenade 19000139243 3005 403

1717269728.2244725 331687829
cloud1_tkemenade 13667446407 2794 437

1717269728.5252495 331687860
cloud0_tkemenade 19000173322 3005 403

1717269728.5257444 331687860
cloud1_tkemenade 13667459186 2794 438

1717269729.5278578 331687942
cloud0_tkemenade 19000173322 3006 403

1717269729.5283527 331687942
cloud1_tkemenade 13667459186 2794 438

1717269730.5306442 331688077
cloud0_tkemenade 19000173322 3007 403

1717269730.531141 331688077
cloud1_tkemenade 13667459186 2794 438

1717269731.5336595 331688316
cloud0_tkemenade 19000173322 3009 403

1717269731.5341604 331688316
cloud1_tkemenade 13667459186 2794 438

1717269732.536407 331688405
cloud0_tkemenade 19000173322 3010 403

1717269732.536876 331688405
cloud1_tkemenade 13667459186 2795 438

1717269733.539291 331688528
cloud0_tkemenade 19000173322 3010 404

1717269733.5397913 331688528
cloud1_tkemenade 13667459186 2795 438

1717269734.5421193 331688627
cloud0_tkemenade 19000173322 3012 404

1717269734.5426173 331688627
cloud1_tkemenade 13667459186 2795 438

1717269735.5449421 331688687
cloud0_tkemenade 19000173322 3012 404

1717269735.5454483 331688690
cloud1_tkemenade 13667459186 2795 438

1717269735.6458802 331688698
cloud0_tkemenade 19000209306 3012 404

1717269735.6462052 331688698
cloud1_tkemenade 13667463684 2795 438

1717269736.648727 331688766
cloud0_tkemenade 19000209306 3013 405

1717269736.649266 331688766
cloud1_tkemenade 13667463684 2795 438

1717269737.6514528 331688885
cloud0_tkemenade 19000209306 3014 405

1717269737.6517515 331688885
cloud1_tkemenade 13667463684 2795 438

1717269738.6536047 331688958
cloud0_tkemenade 19000209306 3015 405

1717269738.6540928 331688958
cloud1_tkemenade 13667463684 2796 439

1717269739.6563158 331689052
cloud0_tkemenade 19000209306 3016 405

1717269739.6568017 331689052
cloud1_tkemenade 13667463684 2796 439

1717269740.6592004 331689243
cloud0_tkemenade 19000209306 3017 405

1717269740.6596918 331689243
cloud1_tkemenade 13667463684 2796 439

1717269741.6619856 331689420
cloud0_tkemenade 19000209306 3018 405

1717269741.6623108 331689420
cloud1_tkemenade 13667463684 2796 439

1717269742.6646755 331689517
cloud0_tkemenade 19000209306 3019 405

1717269742.6649797 331689517
cloud1_tkemenade 13667463684 2797 439

1717269742.865436 331689541
cloud0_tkemenade 19000244515 3019 405

1717269742.8659375 331689541
cloud1_tkemenade 13667476887 2797 439

1717269743.8685756 331689670
cloud0_tkemenade 19000244515 3020 406

1717269743.8691268 331689670
cloud1_tkemenade 13667476887 2797 439

1717269744.871605 331689774
cloud0_tkemenade 19000244515 3021 406

1717269744.8720949 331689774
cloud1_tkemenade 13667476887 2798 439

1717269745.8746004 331689851
cloud0_tkemenade 19000244515 3022 406

1717269745.875114 331689851
cloud1_tkemenade 13667476887 2798 439

1717269746.8775058 331689920
cloud0_tkemenade 19000244515 3023 406

1717269746.8780007 331689920
cloud1_tkemenade 13667476887 2798 439

1717269747.8806381 331690019
cloud0_tkemenade 19000244515 3024 407

1717269747.8811412 331690019
cloud1_tkemenade 13667476887 2799 439

1717269748.883721 331690103
cloud0_tkemenade 19000244515 3025 407

1717269748.8842072 331690103
cloud1_tkemenade 13667476887 2799 439

1717269749.8866627 331690194
cloud0_tkemenade 19000283488 3026 407

1717269749.8871737 331690194
cloud1_tkemenade 13667485547 2799 439

1717269750.8896248 331690442
cloud0_tkemenade 19000283488 3026 408

1717269750.8901045 331690442
cloud1_tkemenade 13667485547 2799 439

1717269751.8925273 331690583
cloud0_tkemenade 19000283488 3028 409

1717269751.8930078 331690583
cloud1_tkemenade 13667485547 2800 439

1717269752.8954065 331690682
cloud0_tkemenade 19000283488 3029 409

1717269752.8959088 331690682
cloud1_tkemenade 13667485547 2800 439

1717269753.8984957 331690825
cloud0_tkemenade 19000283488 3030 409

1717269753.8990011 331690825
cloud1_tkemenade 13667485547 2800 439

1717269754.9014661 331690936
cloud0_tkemenade 19000283488 3031 409

1717269754.9019327 331690936
cloud1_tkemenade 13667485547 2801 439

1717269755.9041893 331691002
cloud0_tkemenade 19000283488 3032 410

1717269755.9046776 331691002
cloud1_tkemenade 13667485547 2801 439

1717269756.906806 331691072
cloud0_tkemenade 19000283488 3033 410

1717269756.9072814 331691072
cloud1_tkemenade 13667485547 2801 439

1717269757.107994 331691101
cloud0_tkemenade 19000327658 3033 410

1717269757.1085143 331691101
cloud1_tkemenade 13667494381 2801 439

1717269758.1109543 331691191
cloud0_tkemenade 19000327658 3034 410

1717269758.111461 331691191
cloud1_tkemenade 13667494381 2802 439

1717269759.1139348 331691272
cloud0_tkemenade 19000327658 3034 411

1717269759.11443 331691272
cloud1_tkemenade 13667494381 2802 439

1717269760.1170044 331691352
cloud0_tkemenade 19000327658 3035 412

1717269760.117411 331691352
cloud1_tkemenade 13667494381 2802 439

1717269761.1197622 331691630
cloud0_tkemenade 19000327658 3036 412

1717269761.120262 331691630
cloud1_tkemenade 13667494381 2802 439

1717269762.1225429 331691743
cloud0_tkemenade 19000327658 3036 412

1717269762.1230369 331691743
cloud1_tkemenade 13667494381 2802 439

1717269763.125445 331691837
cloud0_tkemenade 19000327658 3037 412

1717269763.1259446 331691837
cloud1_tkemenade 13667494381 2803 440

1717269764.1282432 331691970
cloud0_tkemenade 19000327658 3038 413

1717269764.1287384 331691970
cloud1_tkemenade 13667494381 2803 440

1717269764.3309388 331691999
cloud0_tkemenade 19000363002 3038 413

1717269764.3314366 331691999
cloud1_tkemenade 13667507635 2803 440

1717269765.3337958 331692091
cloud0_tkemenade 19000363002 3040 413

1717269765.3342497 331692091
cloud1_tkemenade 13667507635 2803 440

1717269766.336822 331692175
cloud0_tkemenade 19000363002 3041 413

1717269766.3373072 331692176
cloud1_tkemenade 13667507635 2803 440

1717269767.3395789 331692267
cloud0_tkemenade 19000363002 3042 413

1717269767.3398492 331692267
cloud1_tkemenade 13667507635 2804 440

1717269768.3417587 331692354
cloud0_tkemenade 19000363002 3043 413

1717269768.342043 331692354
cloud1_tkemenade 13667507635 2804 440

1717269769.3443942 331692460
cloud0_tkemenade 19000363002 3044 413

1717269769.3448431 331692460
cloud1_tkemenade 13667507635 2804 440

1717269770.3470502 331692552
cloud0_tkemenade 19000363002 3046 413

1717269770.3473449 331692552
cloud1_tkemenade 13667507635 2804 440

1717269771.3497329 331692827
cloud0_tkemenade 19000363002 3046 414

1717269771.350209 331692827
cloud1_tkemenade 13667507635 2804 440

1717269771.450607 331692835
cloud0_tkemenade 19000403721 3046 414

1717269771.4508815 331692835
cloud1_tkemenade 13667512159 2804 440

1717269772.452984 331692932
cloud0_tkemenade 19000403721 3047 414

1717269772.4535048 331692932
cloud1_tkemenade 13667512159 2805 440

1717269773.4559314 331693021
cloud0_tkemenade 19000403721 3048 414

1717269773.456418 331693021
cloud1_tkemenade 13667512159 2805 440

1717269774.4587507 331693175
cloud0_tkemenade 19000403721 3050 414

1717269774.4592528 331693175
cloud1_tkemenade 13667512159 2805 440

1717269775.4616048 331693243
cloud0_tkemenade 19000403721 3051 414

1717269775.462104 331693243
cloud1_tkemenade 13667512159 2805 440

1717269776.4646485 331693310
cloud0_tkemenade 19000403721 3052 414

1717269776.4651477 331693311
cloud1_tkemenade 13667512159 2806 440

1717269777.467583 331693402
cloud0_tkemenade 19000403721 3053 414

1717269777.46809 331693402
cloud1_tkemenade 13667512159 2806 440

1717269778.4702652 331693501
cloud0_tkemenade 19000403721 3054 414

1717269778.4705608 331693501
cloud1_tkemenade 13667512159 2806 440

1717269778.6710556 331693523
cloud0_tkemenade 19000438587 3054 414

1717269778.6715658 331693523
cloud1_tkemenade 13667520875 2806 440

1717269779.6739745 331693620
cloud0_tkemenade 19000438587 3055 414

1717269779.6744754 331693620
cloud1_tkemenade 13667520875 2807 440

1717269780.6766732 331693816
cloud0_tkemenade 19000438587 3055 415

1717269780.677176 331693818
cloud1_tkemenade 13667520875 2807 440

1717269781.6796143 331694026
cloud0_tkemenade 19000438587 3056 415

1717269781.6801193 331694026
cloud1_tkemenade 13667520875 2808 440

1717269782.6824737 331694107
cloud0_tkemenade 19000438587 3057 415

1717269782.6829572 331694107
cloud1_tkemenade 13667520875 2808 440

1717269783.6854458 331694214
cloud0_tkemenade 19000438587 3058 416

1717269783.685978 331694214
cloud1_tkemenade 13667520875 2809 440

1717269784.6883981 331694354
cloud0_tkemenade 19000438587 3059 416

1717269784.688912 331694354
cloud1_tkemenade 13667520875 2809 440

1717269785.6914363 331694452
cloud0_tkemenade 19000474339 3060 416

1717269785.6919174 331694452
cloud1_tkemenade 13667534282 2809 440

1717269786.6944044 331694520
cloud0_tkemenade 19000474339 3062 416

1717269786.6949115 331694520
cloud1_tkemenade 13667534282 2810 440

1717269787.6974194 331694599
cloud0_tkemenade 19000474339 3063 416

1717269787.6979332 331694599
cloud1_tkemenade 13667534282 2810 440

1717269788.700436 331694695
cloud0_tkemenade 19000474339 3064 416

1717269788.7007642 331694695
cloud1_tkemenade 13667534282 2810 440

1717269789.7031376 331694798
cloud0_tkemenade 19000474339 3065 416

1717269789.7034726 331694798
cloud1_tkemenade 13667534282 2810 441

1717269790.705677 331695009
cloud0_tkemenade 19000474339 3065 417

1717269790.7059855 331695009
cloud1_tkemenade 13667534282 2810 441

1717269791.70829 331695186
cloud0_tkemenade 19000474339 3066 417

1717269791.7087915 331695186
cloud1_tkemenade 13667534282 2810 441

1717269792.7111206 331695261
cloud0_tkemenade 19000474339 3067 418

1717269792.7116086 331695261
cloud1_tkemenade 13667534282 2811 441

1717269792.9122655 331695278
cloud0_tkemenade 19000514104 3067 418

1717269792.9127655 331695278
cloud1_tkemenade 13667547537 2811 441

1717269793.9152527 331695391
cloud0_tkemenade 19000514104 3068 418

1717269793.9157865 331695391
cloud1_tkemenade 13667547537 2811 441

1717269794.9182363 331695535
cloud0_tkemenade 19000514104 3069 418

1717269794.9187467 331695535
cloud1_tkemenade 13667547537 2811 441

1717269795.921232 331695594
cloud0_tkemenade 19000514104 3071 418

1717269795.9217412 331695594
cloud1_tkemenade 13667547537 2812 441

1717269796.9242275 331695662
cloud0_tkemenade 19000514104 3072 419

1717269796.9247296 331695662
cloud1_tkemenade 13667547537 2812 441

1717269797.9272316 331695729
cloud0_tkemenade 19000514104 3073 419

1717269797.9277155 331695729
cloud1_tkemenade 13667547537 2812 441

1717269798.930048 331695840
cloud0_tkemenade 19000514104 3074 419

1717269798.9305491 331695840
cloud1_tkemenade 13667547537 2813 441

1717269799.936588 331695948
cloud0_tkemenade 19000514104 3075 419

1717269799.9370553 331695948
cloud1_tkemenade 13667547537 2813 441

1717269800.037534 331695962
cloud0_tkemenade 19000552930 3075 419

1717269800.0380516 331695962
cloud1_tkemenade 13667556165 2813 441

1717269801.0404882 331696230
cloud0_tkemenade 19000552930 3075 420

1717269801.0410023 331696230
cloud1_tkemenade 13667556165 2813 441

1717269802.0433745 331696331
cloud0_tkemenade 19000552930 3077 420

1717269802.0438578 331696331
cloud1_tkemenade 13667556165 2813 441

1717269803.0462186 331696412
cloud0_tkemenade 19000552930 3077 421

1717269803.0467112 331696412
cloud1_tkemenade 13667556165 2814 441

1717269804.0494654 331696505
cloud0_tkemenade 19000552930 3078 421

1717269804.0499802 331696505
cloud1_tkemenade 13667556165 2814 441

1717269805.052553 331696652
cloud0_tkemenade 19000552930 3079 422

1717269805.0530813 331696652
cloud1_tkemenade 13667556165 2814 441

1717269806.055483 331696716
cloud0_tkemenade 19000552930 3079 423

1717269806.0559893 331696716
cloud1_tkemenade 13667556165 2815 442

1717269807.058439 331696783
cloud0_tkemenade 19000593400 3080 423

1717269807.0589414 331696783
cloud1_tkemenade 13667569655 2815 442

1717269808.061419 331696912
cloud0_tkemenade 19000593400 3081 423

1717269808.0619342 331696912
cloud1_tkemenade 13667569655 2882 454

1717269809.0644617 331697111
cloud0_tkemenade 19000593400 3083 423

1717269809.0648267 331697111
cloud1_tkemenade 13667569655 2986 512

1717269810.067311 331697282
cloud0_tkemenade 19000593400 3084 424

1717269810.0676446 331697282
cloud1_tkemenade 13667569655 3067 520

1717269811.0700004 331697646
cloud0_tkemenade 19000593400 3085 424

1717269811.0705318 331697646
cloud1_tkemenade 13667569655 3163 537

1717269812.0731897 331697830
cloud0_tkemenade 19000593400 3129 428

1717269812.0735621 331697830
cloud1_tkemenade 13667569655 3213 550

1717269813.0758462 331697960
cloud0_tkemenade 19000593400 3162 438

1717269813.076344 331697960
cloud1_tkemenade 13667569655 3222 553

1717269814.078673 331698118
cloud0_tkemenade 19000593400 3224 473

1717269814.0792 331698118
cloud1_tkemenade 13667569655 3236 557

1717269814.1796825 331698149
cloud0_tkemenade 19001518260 3231 478

1717269814.1801927 331698149
cloud1_tkemenade 13670023739 3236 557

1717269815.182491 331698355
cloud0_tkemenade 19001518260 3300 505

1717269815.1828687 331698355
cloud1_tkemenade 13670023739 3255 563

1717269816.1854112 331698613
cloud0_tkemenade 19001518260 3385 517

1717269816.1859236 331698613
cloud1_tkemenade 13670023739 3360 567

1717269817.1882715 331698860
cloud0_tkemenade 19001518260 3487 537

1717269817.1887832 331698860
cloud1_tkemenade 13670023739 3442 574

1717269818.1910093 331699022
cloud0_tkemenade 19001518260 3537 550

1717269818.1915228 331699022
cloud1_tkemenade 13670023739 3485 584

1717269819.193931 331699284
cloud0_tkemenade 19001518260 3555 559

1717269819.1944318 331699284
cloud1_tkemenade 13670023739 3639 594

1717269820.1968174 331699605
cloud0_tkemenade 19001518260 3562 563

1717269820.1971262 331699605
cloud1_tkemenade 13670023739 3843 610

1717269821.1991906 331700040
cloud0_tkemenade 19001518260 3572 568

1717269821.1995966 331700040
cloud1_tkemenade 13670023739 4010 623

1717269821.2998827 331700065
cloud0_tkemenade 19003614053 3572 568

1717269821.3003895 331700065
cloud1_tkemenade 13674085243 4023 624

1717269822.3029451 331700418
cloud0_tkemenade 19003614053 3678 573

1717269822.3034854 331700418
cloud1_tkemenade 13674085243 4198 644

1717269823.3059156 331700728
cloud0_tkemenade 19003614053 3764 582

1717269823.3064501 331700728
cloud1_tkemenade 13674085243 4357 669

1717269824.3090286 331700870
cloud0_tkemenade 19003614053 3768 587

1717269824.3095691 331700870
cloud1_tkemenade 13674085243 4399 672

1717269825.3117914 331701309
cloud0_tkemenade 19003614053 3820 606

1717269825.3123443 331701309
cloud1_tkemenade 13674085243 4682 702

