1721162204.8951337 62776224
cloud0_tkemenade 23881213141 8222 1037

1721162205.5967834 62776297
cloud0_tkemenade 23884214948 8290 1039

1721162206.5992665 62776403
cloud0_tkemenade 23884214948 8395 1040

1721162207.6018257 62776502
cloud0_tkemenade 23884214948 8492 1043

1721162208.6042023 62776609
cloud0_tkemenade 23884214948 8585 1064

1721162209.6067932 62776712
cloud0_tkemenade 23884214948 8684 1068

1721162210.6092384 62776814
cloud0_tkemenade 23884214948 8784 1069

1721162211.61163 62776918
cloud0_tkemenade 23884214948 8886 1072

1721162212.6140716 62777026
cloud0_tkemenade 23887340806 8987 1082

1721162213.6167245 62777120
cloud0_tkemenade 23887340806 9081 1088

1721162214.6192389 62777215
cloud0_tkemenade 23887340806 9176 1091

1721162215.6215646 62777309
cloud0_tkemenade 23887340806 9270 1091

1721162216.62372 62777390
cloud0_tkemenade 23887340806 9352 1096

1721162217.626014 62777475
cloud0_tkemenade 23887340806 9437 1099

1721162218.6284432 62777585
cloud0_tkemenade 23887340806 9535 1101

1721162219.6308823 62777672
cloud0_tkemenade 23890147756 9614 1109

1721162220.6334608 62777774
cloud0_tkemenade 23890147756 9714 1110

1721162221.6359155 62777873
cloud0_tkemenade 23890147756 9813 1110

1721162222.638419 62777973
cloud0_tkemenade 23890147756 9913 1110

1721162223.6408913 62778073
cloud0_tkemenade 23890147756 10013 1110

1721162224.6433437 62778175
cloud0_tkemenade 23890147756 10114 1110

1721162225.6457293 62778268
cloud0_tkemenade 23890147756 10207 1112

1721162226.6479683 62778357
cloud0_tkemenade 23893001776 10292 1116

1721162227.6502874 62778448
cloud0_tkemenade 23893001776 10382 1120

1721162228.6526651 62778553
cloud0_tkemenade 23893001776 10475 1122

1721162229.6551995 62778648
cloud0_tkemenade 23893001776 10568 1126

1721162230.6573708 62778745
cloud0_tkemenade 23893001776 10659 1130

1721162231.6597068 62778846
cloud0_tkemenade 23893001776 10759 1130

1721162232.6621583 62778948
cloud0_tkemenade 23893001776 10860 1130

1721162233.6645708 62779057
cloud0_tkemenade 23895848142 10960 1130

1721162234.6670551 62779152
cloud0_tkemenade 23895848142 11054 1132

1721162235.6696105 62779249
cloud0_tkemenade 23895848142 11151 1134

1721162236.6720893 62779347
cloud0_tkemenade 23895848142 11249 1137

1721162237.6745198 62779448
cloud0_tkemenade 23895848142 11349 1137

1721162238.676943 62779560
cloud0_tkemenade 23895848142 11448 1138

1721162239.6794634 62779659
cloud0_tkemenade 23895848142 11547 1139

1721162240.6819556 62779761
cloud0_tkemenade 23895848142 11647 1139

1721162240.7825105 62779778
cloud0_tkemenade 23898875906 11657 1139

1721162241.7848713 62779879
cloud0_tkemenade 23898875906 11757 1139

1721162242.787306 62779980
cloud0_tkemenade 23898875906 11858 1139

1721162243.7897782 62780057
cloud0_tkemenade 23898875906 11936 1147

1721162244.7922845 62780141
cloud0_tkemenade 23898875906 12020 1158

1721162245.7947762 62780235
cloud0_tkemenade 23898875906 12114 1160

1721162246.7973201 62780236
cloud0_tkemenade 23898875906 12114 1160

1721162247.7999737 62780246
cloud0_tkemenade 23900756508 12115 1160

1721162248.802465 62780272
cloud0_tkemenade 23900756508 12115 1160

1721162249.8052034 62780279
cloud0_tkemenade 23900756508 12120 1160

1721162250.807738 62780282
cloud0_tkemenade 23900756508 12120 1160

1721162251.8102622 62780283
cloud0_tkemenade 23900756508 12121 1160

1721162252.8127494 62780284
cloud0_tkemenade 23900756508 12121 1160

1721162253.8152566 62780284
cloud0_tkemenade 23900756508 12121 1160

1721162254.817718 62780286
cloud0_tkemenade 23900756508 12122 1160

1721162254.9183543 62780287
cloud0_tkemenade 23900781653 12122 1160

1721162255.920796 62780295
cloud0_tkemenade 23900781653 12129 1161

1721162256.9235132 62780303
cloud0_tkemenade 23900781653 12138 1161

1721162257.9262176 62780304
cloud0_tkemenade 23900781653 12138 1161

1721162258.9287531 62780308
cloud0_tkemenade 23900781653 12139 1161

1721162259.9313254 62780329
cloud0_tkemenade 23900781653 12144 1161

1721162260.934005 62780332
cloud0_tkemenade 23900781653 12144 1161

1721162261.9366658 62780344
cloud0_tkemenade 23900847792 12144 1161

1721162262.9392164 62780347
cloud0_tkemenade 23900847792 12145 1161

1721162263.9416432 62780347
cloud0_tkemenade 23900847792 12145 1161

1721162264.9441016 62780347
cloud0_tkemenade 23900847792 12145 1161

1721162265.9465628 62780349
cloud0_tkemenade 23900847792 12145 1162

1721162266.9489791 62780349
cloud0_tkemenade 23900847792 12145 1162

1721162267.9514534 62780349
cloud0_tkemenade 23900847792 12145 1162

1721162268.9539104 62780349
cloud0_tkemenade 23900847792 12146 1162

1721162269.1546884 62780357
cloud0_tkemenade 23900858200 12146 1162

1721162270.1573212 62780376
cloud0_tkemenade 23900858200 12146 1162

1721162271.1599615 62780376
cloud0_tkemenade 23900858200 12146 1162

1721162272.162561 62780378
cloud0_tkemenade 23900858200 12146 1162

1721162273.165144 62780378
cloud0_tkemenade 23900858200 12146 1162

1721162274.1677396 62780382
cloud0_tkemenade 23900858200 12146 1162

1721162275.1703858 62780387
cloud0_tkemenade 23900858200 12150 1164

1721162276.1729188 62780387
cloud0_tkemenade 23900858200 12150 1164

1721162276.473978 62780391
cloud0_tkemenade 23900875037 12150 1164

1721162277.4765377 62780392
cloud0_tkemenade 23900875037 12150 1164

1721162278.4790695 62780393
cloud0_tkemenade 23900875037 12150 1164

1721162279.4816215 62780402
cloud0_tkemenade 23900875037 12150 1164

1721162280.4841175 62780414
cloud0_tkemenade 23900875037 12151 1164

1721162281.4865801 62780415
cloud0_tkemenade 23900875037 12152 1164

1721162282.4890487 62780415
cloud0_tkemenade 23900875037 12152 1164

1721162283.4911864 62780422
cloud0_tkemenade 23900880847 12152 1164

1721162284.493763 62780423
cloud0_tkemenade 23900880847 12152 1164

1721162285.4962866 62780423
cloud0_tkemenade 23900880847 12153 1164

1721162286.498841 62780424
cloud0_tkemenade 23900880847 12153 1164

1721162287.501412 62780425
cloud0_tkemenade 23900880847 12153 1164

1721162288.5038793 62780426
cloud0_tkemenade 23900880847 12153 1164

1721162289.506459 62780427
cloud0_tkemenade 23900880847 12153 1164

1721162290.508928 62780445
cloud0_tkemenade 23900886641 12154 1164

1721162291.511532 62780445
cloud0_tkemenade 23900886641 12154 1164

1721162292.5141144 62780446
cloud0_tkemenade 23900886641 12154 1164

1721162293.5166924 62780449
cloud0_tkemenade 23900886641 12155 1164

1721162294.519215 62780450
cloud0_tkemenade 23900886641 12155 1164

1721162295.52178 62780450
cloud0_tkemenade 23900886641 12155 1165

1721162296.5243366 62780450
cloud0_tkemenade 23900886641 12155 1165

1721162297.5268211 62780453
cloud0_tkemenade 23900892318 12155 1165

1721162298.5293717 62780454
cloud0_tkemenade 23900892318 12155 1165

1721162299.5318038 62780469
cloud0_tkemenade 23900892318 12155 1165

1721162300.534331 62780481
cloud0_tkemenade 23900892318 12156 1165

1721162301.5368326 62780481
cloud0_tkemenade 23900892318 12156 1165

1721162302.539047 62780482
cloud0_tkemenade 23900892318 12156 1165

1721162303.5413635 62780482
cloud0_tkemenade 23900892318 12156 1165

1721162304.5438194 62780482
cloud0_tkemenade 23900892318 12156 1165

1721162304.6443887 62780485
cloud0_tkemenade 23900895237 12156 1165

1721162305.646951 62780485
cloud0_tkemenade 23900895237 12157 1165

1721162306.6495159 62780486
cloud0_tkemenade 23900895237 12157 1165

1721162307.6520514 62780487
cloud0_tkemenade 23900895237 12157 1165

1721162308.6545236 62780487
cloud0_tkemenade 23900895237 12157 1165

1721162309.657069 62780488
cloud0_tkemenade 23900895237 12158 1165

1721162310.6595373 62780515
cloud0_tkemenade 23900895237 12158 1165

1721162311.661714 62780518
cloud0_tkemenade 23900901080 12158 1165

1721162312.664315 62780519
cloud0_tkemenade 23900901080 12158 1165

1721162313.666871 62780520
cloud0_tkemenade 23900901080 12159 1165

1721162314.6694274 62780520
cloud0_tkemenade 23900901080 12159 1165

1721162315.6719553 62780520
cloud0_tkemenade 23900901080 12159 1165

1721162316.6744788 62780521
cloud0_tkemenade 23900901080 12159 1165

1721162317.677118 62780521
cloud0_tkemenade 23900901080 12160 1165

1721162318.6795933 62780521
cloud0_tkemenade 23900901080 12160 1165

1721162318.7802105 62780526
cloud0_tkemenade 23900906815 12160 1165

1721162319.7828717 62780527
cloud0_tkemenade 23900906815 12160 1165

1721162320.7855678 62780548
cloud0_tkemenade 23900906815 12160 1165

1721162321.7882645 62780548
cloud0_tkemenade 23900906815 12160 1165

1721162322.7908282 62780551
cloud0_tkemenade 23900906815 12160 1165

1721162323.7933757 62780552
cloud0_tkemenade 23900906815 12161 1165

1721162324.7959232 62780553
cloud0_tkemenade 23900906815 12161 1165

1721162325.7991135 62780559
cloud0_tkemenade 23900909733 12161 1165

1721162326.801748 62780560
cloud0_tkemenade 23900909733 12161 1165

1721162327.8043313 62780560
cloud0_tkemenade 23900909733 12161 1165

1721162328.8068454 62780561
cloud0_tkemenade 23900909733 12161 1165

1721162329.8093748 62780562
cloud0_tkemenade 23900909733 12161 1165

1721162330.8120005 62780579
cloud0_tkemenade 23900909733 12161 1165

1721162331.8146093 62780581
cloud0_tkemenade 23900909733 12162 1165

1721162332.8171952 62780587
cloud0_tkemenade 23900912644 12162 1165

1721162333.8197978 62780589
cloud0_tkemenade 23900912644 12162 1165

1721162334.822379 62780589
cloud0_tkemenade 23900912644 12162 1165

1721162335.8249314 62780590
cloud0_tkemenade 23900912644 12162 1165

1721162336.8274803 62780591
cloud0_tkemenade 23900912644 12162 1165

1721162337.830031 62780592
cloud0_tkemenade 23900912644 12163 1165

1721162338.832614 62780595
cloud0_tkemenade 23900912644 12163 1165

1721162339.8351097 62780600
cloud0_tkemenade 23900915558 12163 1165

1721162340.837733 62780601
cloud0_tkemenade 23900915558 12163 1165

1721162341.8402646 62780613
cloud0_tkemenade 23900915558 12164 1166

1721162342.8429954 62780614
cloud0_tkemenade 23900915558 12164 1166

1721162343.84561 62780614
cloud0_tkemenade 23900915558 12165 1166

1721162344.8481946 62780614
cloud0_tkemenade 23900915558 12165 1166

1721162345.8507838 62780615
cloud0_tkemenade 23900915558 12165 1166

1721162346.8533225 62780615
cloud0_tkemenade 23900915558 12165 1166

1721162346.9539258 62780619
cloud0_tkemenade 23900924197 12165 1166

1721162347.9563153 62780621
cloud0_tkemenade 23900924197 12165 1166

1721162348.9588125 62780622
cloud0_tkemenade 23900924197 12165 1166

1721162349.961357 62780624
cloud0_tkemenade 23900924197 12165 1166

1721162350.9638875 62780625
cloud0_tkemenade 23900924197 12165 1166

1721162351.9665713 62780639
cloud0_tkemenade 23900924197 12166 1166

1721162352.9691956 62780641
cloud0_tkemenade 23900924197 12166 1166

1721162353.9717379 62780642
cloud0_tkemenade 23900924197 12166 1166

1721162354.0723524 62780645
cloud0_tkemenade 23900927058 12166 1166

1721162355.074945 62780646
cloud0_tkemenade 23900927058 12166 1166

1721162356.077542 62780647
cloud0_tkemenade 23900927058 12166 1166

1721162357.080122 62780647
cloud0_tkemenade 23900927058 12167 1167

1721162358.082584 62780647
cloud0_tkemenade 23900927058 12167 1167

1721162359.085159 62780649
cloud0_tkemenade 23900927058 12167 1167

1721162360.087785 62780651
cloud0_tkemenade 23900927058 12167 1167

1721162361.0903606 62780655
cloud0_tkemenade 23900932817 12167 1167

1721162362.0929892 62780671
cloud0_tkemenade 23900932817 12167 1167

1721162363.095649 62780671
cloud0_tkemenade 23900932817 12168 1167

1721162364.0981884 62780671
cloud0_tkemenade 23900932817 12168 1167

1721162365.1006532 62780672
cloud0_tkemenade 23900932817 12168 1167

1721162366.1030793 62780673
cloud0_tkemenade 23900932817 12168 1167

1721162367.1056132 62780673
cloud0_tkemenade 23900932817 12168 1167

1721162368.1081583 62780681
cloud0_tkemenade 23900939515 12169 1167

1721162369.110791 62780683
cloud0_tkemenade 23900939515 12169 1167

1721162370.1133928 62780686
cloud0_tkemenade 23900939515 12169 1167

1721162371.1159565 62780686
cloud0_tkemenade 23900939515 12169 1167

1721162372.118522 62780711
cloud0_tkemenade 23900939515 12169 1167

1721162373.1211553 62780712
cloud0_tkemenade 23900939515 12170 1167

1721162374.1237514 62780713
cloud0_tkemenade 23900939515 12170 1167

1721162375.1262383 62780716
cloud0_tkemenade 23900942367 12170 1167

1721162376.1288326 62780717
cloud0_tkemenade 23900942367 12171 1167

1721162377.1314442 62780718
cloud0_tkemenade 23900942367 12171 1167

1721162378.1340106 62780719
cloud0_tkemenade 23900942367 12171 1167

1721162379.1366284 62780730
cloud0_tkemenade 23900942367 12171 1167

1721162380.1393085 62780732
cloud0_tkemenade 23900942367 12171 1167

1721162381.1418288 62780733
cloud0_tkemenade 23900942367 12172 1167

1721162382.144342 62780745
cloud0_tkemenade 23900948166 12172 1167

1721162383.1469598 62780749
cloud0_tkemenade 23900948166 12172 1167

1721162384.1495688 62780749
cloud0_tkemenade 23900948166 12172 1167

1721162385.1521187 62780749
cloud0_tkemenade 23900948166 12172 1167

1721162386.1546693 62780749
cloud0_tkemenade 23900948166 12173 1167

1721162387.1572323 62780750
cloud0_tkemenade 23900948166 12173 1167

1721162388.1597583 62780750
cloud0_tkemenade 23900948166 12173 1167

1721162389.1620462 62780757
cloud0_tkemenade 23900951037 12173 1167

1721162390.1645756 62780760
cloud0_tkemenade 23900951037 12173 1167

1721162391.1672258 62780761
cloud0_tkemenade 23900951037 12174 1167

1721162392.1697938 62780763
cloud0_tkemenade 23900951037 12174 1168

1721162393.1723335 62780783
cloud0_tkemenade 23900951037 12174 1168

1721162394.1750524 62780784
cloud0_tkemenade 23900951037 12174 1168

1721162395.1777124 62780789
cloud0_tkemenade 23900951037 12174 1168

1721162396.180168 62780789
cloud0_tkemenade 23900951037 12175 1168

1721162396.2807853 62780795
cloud0_tkemenade 23900959612 12175 1168

1721162397.2834232 62780797
cloud0_tkemenade 23900959612 12175 1168

1721162398.2859983 62780797
cloud0_tkemenade 23900959612 12175 1168

1721162399.2885635 62780798
cloud0_tkemenade 23900959612 12175 1168

1721162400.2911637 62780801
cloud0_tkemenade 23900959612 12175 1168

1721162401.293731 62780801
cloud0_tkemenade 23900959612 12175 1168

1721162402.296378 62780801
cloud0_tkemenade 23900959612 12176 1168

1721162403.298984 62780821
cloud0_tkemenade 23900959612 12176 1168

1721162403.3996968 62780824
cloud0_tkemenade 23900962592 12176 1168

1721162404.4022465 62780825
cloud0_tkemenade 23900962592 12176 1168

1721162405.4048963 62780831
cloud0_tkemenade 23900962592 12176 1168

1721162406.4075334 62780831
cloud0_tkemenade 23900962592 12176 1168

1721162407.410132 62780831
cloud0_tkemenade 23900962592 12177 1168

1721162408.4127011 62780831
cloud0_tkemenade 23900962592 12177 1168

1721162409.4152226 62780836
cloud0_tkemenade 23900962592 12177 1168

1721162410.4178221 62780843
cloud0_tkemenade 23900962592 12177 1168

1721162410.5185246 62780843
cloud0_tkemenade 23900965448 12177 1168

1721162411.5209868 62780844
cloud0_tkemenade 23900965448 12177 1168

1721162412.523688 62780844
cloud0_tkemenade 23900965448 12178 1168

1721162413.5263247 62780860
cloud0_tkemenade 23900965448 12178 1168

1721162414.5290592 62780860
cloud0_tkemenade 23900965448 12178 1168

1721162415.531631 62780860
cloud0_tkemenade 23900965448 12178 1168

1721162416.5341926 62780862
cloud0_tkemenade 23900965448 12178 1168

1721162417.436482 62780863
cloud0_tkemenade 23900968477 12178 1168

1721162418.4389112 62780865
cloud0_tkemenade 23900968477 12179 1168

1721162419.441518 62780865
cloud0_tkemenade 23900968477 12179 1168

1721162420.444131 62780869
cloud0_tkemenade 23900968477 12179 1168

1721162421.4467807 62780870
cloud0_tkemenade 23900968477 12179 1168

1721162422.4492912 62780870
cloud0_tkemenade 23900968477 12179 1168

1721162423.4518013 62780880
cloud0_tkemenade 23900968477 12179 1168

1721162424.4544353 62780885
cloud0_tkemenade 23900974534 12180 1168

1721162425.4570336 62780885
cloud0_tkemenade 23900974534 12180 1168

1721162426.4594562 62780886
cloud0_tkemenade 23900974534 12180 1168

1721162427.4620185 62780886
cloud0_tkemenade 23900974534 12180 1168

1721162428.464553 62780887
cloud0_tkemenade 23900974534 12180 1168

1721162429.4670117 62780888
cloud0_tkemenade 23900974534 12180 1168

1721162430.4696195 62780904
cloud0_tkemenade 23900974534 12181 1168

1721162431.4721992 62780905
cloud0_tkemenade 23900974534 12181 1168

1721162431.6729684 62780909
cloud0_tkemenade 23900977354 12181 1168

1721162432.6755462 62780909
cloud0_tkemenade 23900977354 12181 1168

1721162433.6782403 62780922
cloud0_tkemenade 23900977354 12181 1169

1721162434.6809652 62780925
cloud0_tkemenade 23900977354 12182 1169

1721162435.6836364 62780927
cloud0_tkemenade 23900977354 12182 1169

1721162436.6862683 62780928
cloud0_tkemenade 23900977354 12182 1169

1721162437.688906 62780928
cloud0_tkemenade 23900977354 12182 1169

1721162438.6914265 62780928
cloud0_tkemenade 23900977354 12182 1169

1721162438.7920454 62780932
cloud0_tkemenade 23900983076 12182 1169

1721162439.7946475 62780937
cloud0_tkemenade 23900983076 12183 1169

1721162440.7972822 62780940
cloud0_tkemenade 23900983076 12183 1169

1721162441.799891 62780945
cloud0_tkemenade 23900983076 12183 1169

1721162442.8024895 62780947
cloud0_tkemenade 23900983076 12183 1169

1721162443.805221 62780977
cloud0_tkemenade 23900983076 12183 1169

1721162444.8078794 62780977
cloud0_tkemenade 23900983076 12184 1169

1721162445.8104692 62780981
cloud0_tkemenade 23900989086 12184 1169

1721162446.8130133 62780982
cloud0_tkemenade 23900989086 12184 1169

1721162447.815584 62780983
cloud0_tkemenade 23900989086 12184 1169

1721162448.8181648 62780983
cloud0_tkemenade 23900989086 12184 1169

1721162449.8207526 62780987
cloud0_tkemenade 23900989086 12184 1169

1721162450.8233867 62780991
cloud0_tkemenade 23900989086 12184 1170

1721162451.8259778 62780991
cloud0_tkemenade 23900989086 12184 1170

1721162452.8285036 62780995
cloud0_tkemenade 23900991926 12184 1170

1721162453.8309796 62781005
cloud0_tkemenade 23900991926 12184 1170

1721162454.8336928 62781005
cloud0_tkemenade 23900991926 12184 1170

1721162455.83629 62781005
cloud0_tkemenade 23900991926 12185 1170

1721162456.8388598 62781007
cloud0_tkemenade 23900991926 12185 1170

1721162457.841454 62781007
cloud0_tkemenade 23900991926 12185 1170

1721162458.8440437 62781009
cloud0_tkemenade 23900991926 12185 1170

1721162459.84661 62781013
cloud0_tkemenade 23900994813 12185 1170

1721162460.8492565 62781015
cloud0_tkemenade 23900994813 12186 1170

1721162461.8518667 62781016
cloud0_tkemenade 23900994813 12186 1170

1721162462.8544507 62781017
cloud0_tkemenade 23900994813 12186 1170

1721162463.8569987 62781017
cloud0_tkemenade 23900994813 12186 1170

1721162464.8596454 62781032
cloud0_tkemenade 23900994813 12186 1170

1721162465.862236 62781033
cloud0_tkemenade 23900994813 12186 1170

1721162466.8647573 62781035
cloud0_tkemenade 23901001208 12186 1171

1721162467.8673003 62781035
cloud0_tkemenade 23901001208 12186 1171

1721162468.8698483 62781035
cloud0_tkemenade 23901001208 12187 1171

1721162469.8724124 62781044
cloud0_tkemenade 23901001208 12187 1171

1721162470.8750513 62781046
cloud0_tkemenade 23901001208 12187 1171

1721162471.8776648 62781048
cloud0_tkemenade 23901001208 12187 1171

1721162472.8803458 62781049
cloud0_tkemenade 23901001208 12187 1171

1721162473.8828826 62781049
cloud0_tkemenade 23901001208 12188 1171

1721162474.0837073 62781052
cloud0_tkemenade 23901006823 12188 1171

1721162475.0862656 62781066
cloud0_tkemenade 23901006823 12188 1171

1721162476.0889924 62781067
cloud0_tkemenade 23901006823 12188 1171

1721162477.091563 62781067
cloud0_tkemenade 23901006823 12188 1171

1721162478.0941217 62781068
cloud0_tkemenade 23901006823 12188 1171

1721162479.0966628 62781069
cloud0_tkemenade 23901006823 12188 1171

1721162480.0992792 62781071
cloud0_tkemenade 23901006823 12188 1171

1721162481.101572 62781075
cloud0_tkemenade 23901009699 12189 1171

1721162482.1040914 62781076
cloud0_tkemenade 23901009699 12189 1171

1721162483.1066422 62781078
cloud0_tkemenade 23901009699 12190 1171

1721162484.1091363 62781078
cloud0_tkemenade 23901009699 12190 1171

1721162485.1116815 62781092
cloud0_tkemenade 23901009699 12190 1171

1721162486.1142855 62781094
cloud0_tkemenade 23901009699 12190 1171

1721162487.1167707 62781094
cloud0_tkemenade 23901009699 12190 1171

1721162488.1189082 62781102
cloud0_tkemenade 23901009699 12190 1171

1721162488.2195506 62781102
cloud0_tkemenade 23901012815 12190 1171

1721162489.221992 62781104
cloud0_tkemenade 23901012815 12191 1171

1721162490.2245836 62781105
cloud0_tkemenade 23901012815 12191 1171

1721162491.2271335 62781106
cloud0_tkemenade 23901012815 12191 1171

1721162492.2296839 62781107
cloud0_tkemenade 23901012815 12191 1171

1721162493.2322466 62781108
cloud0_tkemenade 23901012815 12192 1171

1721162494.2348273 62781108
cloud0_tkemenade 23901012815 12192 1171

1721162495.1371603 62781119
cloud0_tkemenade 23901018787 12192 1171

1721162496.1398299 62781119
cloud0_tkemenade 23901018787 12192 1171

1721162497.1424398 62781119
cloud0_tkemenade 23901018787 12192 1171

1721162498.1450062 62781119
cloud0_tkemenade 23901018787 12192 1171

1721162499.147579 62781121
cloud0_tkemenade 23901018787 12193 1171

1721162500.1502538 62781127
cloud0_tkemenade 23901018787 12193 1171

1721162501.152946 62781127
cloud0_tkemenade 23901018787 12193 1171

1721162502.1553946 62781134
cloud0_tkemenade 23901021692 12193 1171

1721162503.1579635 62781135
cloud0_tkemenade 23901021692 12193 1171

1721162504.16059 62781136
cloud0_tkemenade 23901021692 12193 1171

1721162505.163135 62781149
cloud0_tkemenade 23901021692 12194 1171

1721162506.1658204 62781149
cloud0_tkemenade 23901021692 12194 1171

1721162507.1684318 62781149
cloud0_tkemenade 23901021692 12194 1171

1721162508.1710374 62781150
cloud0_tkemenade 23901021692 12194 1171

1721162509.173332 62781150
cloud0_tkemenade 23901021692 12194 1171

1721162509.273972 62781154
cloud0_tkemenade 23901024562 12194 1171

1721162510.2765994 62781156
cloud0_tkemenade 23901024562 12195 1171

1721162511.279243 62781157
cloud0_tkemenade 23901024562 12195 1171

1721162512.281829 62781158
cloud0_tkemenade 23901024562 12195 1171

1721162513.2844193 62781158
cloud0_tkemenade 23901024562 12195 1171

1721162514.2869313 62781161
cloud0_tkemenade 23901024562 12199 1172

1721162515.2896113 62781169
cloud0_tkemenade 23901024562 12199 1173

1721162516.292122 62781177
cloud0_tkemenade 23901045574 12199 1173

1721162517.2947779 62781177
cloud0_tkemenade 23901045574 12199 1173

1721162518.2973433 62781177
cloud0_tkemenade 23901045574 12199 1173

1721162519.2998505 62781179
cloud0_tkemenade 23901045574 12199 1173

1721162520.3024023 62781181
cloud0_tkemenade 23901045574 12200 1173

1721162521.3049703 62781181
cloud0_tkemenade 23901045574 12200 1173

1721162522.3075547 62781182
cloud0_tkemenade 23901045574 12200 1173

1721162523.3100219 62781183
cloud0_tkemenade 23901045574 12200 1173

1721162523.4106889 62781184
cloud0_tkemenade 23901048426 12200 1173

1721162524.4131877 62781185
cloud0_tkemenade 23901048426 12200 1173

1721162525.4156797 62781185
cloud0_tkemenade 23901048426 12200 1173

1721162526.4183571 62781192
cloud0_tkemenade 23901048426 12201 1173

1721162527.4210167 62781192
cloud0_tkemenade 23901048426 12201 1173

1721162528.4235845 62781193
cloud0_tkemenade 23901048426 12201 1173

1721162529.4261193 62781199
cloud0_tkemenade 23901048426 12201 1173

1721162530.4287336 62781200
cloud0_tkemenade 23901048426 12201 1173

1721162530.5293589 62781203
cloud0_tkemenade 23901051244 12201 1173

1721162531.5318694 62781203
cloud0_tkemenade 23901051244 12202 1173

1721162532.5344894 62781205
cloud0_tkemenade 23901051244 12202 1173

1721162533.537162 62781207
cloud0_tkemenade 23901051244 12202 1173

1721162534.5396845 62781209
cloud0_tkemenade 23901051244 12202 1173

1721162535.5422382 62781210
cloud0_tkemenade 23901051244 12202 1173

1721162536.5447688 62781233
cloud0_tkemenade 23901051244 12202 1173

1721162537.5473084 62781234
cloud0_tkemenade 23901051244 12202 1173

1721162537.6479375 62781237
cloud0_tkemenade 23901056941 12203 1173

1721162538.6502147 62781239
cloud0_tkemenade 23901056941 12203 1173

1721162539.652797 62781240
cloud0_tkemenade 23901056941 12203 1173

1721162540.6554391 62781245
cloud0_tkemenade 23901056941 12203 1174

1721162541.6581223 62781245
cloud0_tkemenade 23901056941 12203 1174

1721162542.6606615 62781247
cloud0_tkemenade 23901056941 12203 1174

1721162543.6632206 62781247
cloud0_tkemenade 23901056941 12203 1174

1721162544.6657798 62781248
cloud0_tkemenade 23901056941 12204 1174

1721162544.766456 62781253
cloud0_tkemenade 23901062638 12204 1174

1721162545.7691474 62781253
cloud0_tkemenade 23901062638 12204 1174

1721162546.771618 62781276
cloud0_tkemenade 23901062638 12204 1174

1721162547.7739992 62781276
cloud0_tkemenade 23901062638 12205 1174

1721162548.7765603 62781277
cloud0_tkemenade 23901062638 12205 1174

1721162549.7790658 62781278
cloud0_tkemenade 23901062638 12205 1174

1721162550.7816863 62781301
cloud0_tkemenade 23901062638 12213 1175

1721162551.7842805 62781303
cloud0_tkemenade 23901062638 12213 1175

1721162551.9851315 62781307
cloud0_tkemenade 23901090814 12213 1175

1721162552.9876053 62781309
cloud0_tkemenade 23901090814 12214 1175

1721162553.9902418 62781315
cloud0_tkemenade 23901090814 12218 1175

1721162554.9929137 62781316
cloud0_tkemenade 23901090814 12218 1175

1721162555.995544 62781316
cloud0_tkemenade 23901090814 12218 1175

1721162556.9981778 62781326
cloud0_tkemenade 23901090814 12218 1175

1721162558.0008552 62781327
cloud0_tkemenade 23901090814 12219 1175

1721162559.0033536 62781333
cloud0_tkemenade 23901108136 12219 1175

1721162560.0060327 62781337
cloud0_tkemenade 23901108136 12219 1175

1721162561.008557 62781337
cloud0_tkemenade 23901108136 12219 1175

1721162562.0110574 62781337
cloud0_tkemenade 23901108136 12219 1175

1721162563.0135748 62781341
cloud0_tkemenade 23901108136 12219 1175

1721162564.0161245 62781342
cloud0_tkemenade 23901108136 12220 1175

1721162565.0186334 62781343
cloud0_tkemenade 23901108136 12220 1175

1721162566.020985 62781349
cloud0_tkemenade 23901111211 12220 1175

1721162566.1216192 62781349
cloud0_tkemenade 23901111211 12220 1175

1721162567.1240125 62781361
cloud0_tkemenade 23901111211 12220 1175

1721162568.1266844 62781362
cloud0_tkemenade 23901111211 12220 1175

1721162569.129294 62781364
cloud0_tkemenade 23901111211 12221 1175

1721162570.1319115 62781366
cloud0_tkemenade 23901111211 12221 1175

1721162571.1344907 62781367
cloud0_tkemenade 23901111211 12221 1175

1721162572.1369996 62781367
cloud0_tkemenade 23901111211 12221 1175

1721162573.0393133 62781371
cloud0_tkemenade 23901114161 12221 1175

1721162574.0418677 62781371
cloud0_tkemenade 23901114161 12221 1175

1721162575.044311 62781372
cloud0_tkemenade 23901114161 12221 1175

1721162576.0467706 62781372
cloud0_tkemenade 23901114161 12222 1175

1721162577.049201 62781386
cloud0_tkemenade 23901114161 12222 1175

1721162578.051882 62781387
cloud0_tkemenade 23901114161 12222 1175

1721162579.0544045 62781388
cloud0_tkemenade 23901114161 12222 1175

1721162580.056931 62781394
cloud0_tkemenade 23901117403 12222 1175

1721162581.059463 62781395
cloud0_tkemenade 23901117403 12223 1175

1721162582.0620463 62781396
cloud0_tkemenade 23901117403 12223 1175

1721162583.064619 62781397
cloud0_tkemenade 23901117403 12223 1175

1721162584.0671704 62781397
cloud0_tkemenade 23901117403 12223 1175

1721162585.0697527 62781398
cloud0_tkemenade 23901117403 12224 1175

1721162586.0722804 62781398
cloud0_tkemenade 23901117403 12224 1175

1721162587.0747101 62781416
cloud0_tkemenade 23901117403 12224 1175

1721162587.1753457 62781419
cloud0_tkemenade 23901123128 12224 1175

1721162588.1779587 62781420
cloud0_tkemenade 23901123128 12224 1175

1721162589.1805491 62781421
cloud0_tkemenade 23901123128 12224 1175

1721162590.183088 62781426
cloud0_tkemenade 23901123128 12225 1175

1721162591.1856987 62781426
cloud0_tkemenade 23901123128 12225 1175

1721162592.1883225 62781427
cloud0_tkemenade 23901123128 12225 1175

1721162593.1908224 62781431
cloud0_tkemenade 23901123128 12225 1175

1721162594.193256 62781437
cloud0_tkemenade 23901126042 12225 1175

1721162595.1957505 62781437
cloud0_tkemenade 23901126042 12225 1175

1721162596.1983633 62781438
cloud0_tkemenade 23901126042 12225 1175

1721162597.200969 62781443
cloud0_tkemenade 23901126042 12226 1175

1721162598.203488 62781446
cloud0_tkemenade 23901126042 12226 1175

1721162599.2060356 62781447
cloud0_tkemenade 23901126042 12226 1175

1721162600.2086022 62781455
cloud0_tkemenade 23901126042 12226 1175

1721162601.211186 62781460
cloud0_tkemenade 23901126042 12226 1175

1721162601.3118505 62781461
cloud0_tkemenade 23901129011 12226 1175

1721162602.3144605 62781461
cloud0_tkemenade 23901129011 12226 1176

1721162603.3170712 62781463
cloud0_tkemenade 23901129011 12226 1176

1721162604.31956 62781463
cloud0_tkemenade 23901129011 12227 1176

1721162605.322185 62781464
cloud0_tkemenade 23901129011 12227 1176

1721162606.3247795 62781465
cloud0_tkemenade 23901129011 12227 1176

1721162607.327288 62781465
cloud0_tkemenade 23901129011 12227 1176

1721162608.3297725 62781480
cloud0_tkemenade 23901129011 12227 1176

1721162608.4305365 62781483
cloud0_tkemenade 23901134654 12227 1176

1721162609.4330237 62781489
cloud0_tkemenade 23901134654 12227 1176

1721162610.4356635 62781492
cloud0_tkemenade 23901134654 12229 1176

1721162611.4382396 62781493
cloud0_tkemenade 23901134654 12229 1176

1721162612.4407163 62781493
cloud0_tkemenade 23901134654 12229 1176

1721162613.4431682 62781494
cloud0_tkemenade 23901134654 12229 1176

1721162614.4457135 62781495
cloud0_tkemenade 23901134654 12229 1177

1721162615.448112 62781497
cloud0_tkemenade 23901143302 12229 1177

1721162616.4505715 62781499
cloud0_tkemenade 23901143302 12229 1177

1721162617.4531298 62781499
cloud0_tkemenade 23901143302 12229 1177

1721162618.4556189 62781519
cloud0_tkemenade 23901143302 12229 1177

1721162619.4582314 62781521
cloud0_tkemenade 23901143302 12229 1177

1721162620.4607859 62781523
cloud0_tkemenade 23901143302 12229 1177

1721162621.46331 62781523
cloud0_tkemenade 23901143302 12229 1178

1721162622.4655018 62781525
cloud0_tkemenade 23901143302 12229 1178

1721162622.6663349 62781533
cloud0_tkemenade 23901146120 12229 1178

1721162623.6689193 62781537
cloud0_tkemenade 23901146120 12229 1178

1721162624.6715605 62781539
cloud0_tkemenade 23901146120 12229 1178

1721162625.6741343 62781541
cloud0_tkemenade 23901146120 12229 1178

1721162626.6767018 62781542
cloud0_tkemenade 23901146120 12229 1179

1721162627.679235 62781544
cloud0_tkemenade 23901146120 12229 1179

1721162628.6817646 62781561
cloud0_tkemenade 23901146120 12229 1179

1721162629.684406 62781564
cloud0_tkemenade 23901149020 12229 1179

1721162630.6870267 62781570
cloud0_tkemenade 23901149020 12229 1180

1721162631.6896791 62781571
cloud0_tkemenade 23901149020 12229 1180

1721162632.6922307 62781573
cloud0_tkemenade 23901149020 12229 1180

1721162633.6948078 62781574
cloud0_tkemenade 23901149020 12229 1180

1721162634.6973543 62781574
cloud0_tkemenade 23901149020 12229 1181

1721162635.6999183 62781574
cloud0_tkemenade 23901149020 12229 1181

1721162636.7025445 62781581
cloud0_tkemenade 23901149020 12229 1181

1721162636.8032095 62781581
cloud0_tkemenade 23901154686 12229 1181

1721162637.8057902 62781582
cloud0_tkemenade 23901154686 12229 1181

1721162638.8081472 62781594
cloud0_tkemenade 23901154686 12229 1181

1721162639.8107934 62781602
cloud0_tkemenade 23901154686 12229 1182

1721162640.813433 62781603
cloud0_tkemenade 23901154686 12229 1182

1721162641.8159952 62781603
cloud0_tkemenade 23901154686 12229 1182

1721162642.8185973 62781604
cloud0_tkemenade 23901154686 12229 1182

1721162643.8210886 62781604
cloud0_tkemenade 23901154686 12229 1182

1721162644.0219185 62781608
cloud0_tkemenade 23901160304 12229 1183

1721162645.0245397 62781608
cloud0_tkemenade 23901160304 12229 1183

1721162646.0270338 62781608
cloud0_tkemenade 23901160304 12229 1183

1721162647.02949 62781608
cloud0_tkemenade 23901160304 12229 1183

1721162648.0318954 62781609
cloud0_tkemenade 23901160304 12229 1183

1721162649.03435 62781623
cloud0_tkemenade 23901160304 12229 1184

1721162650.0370014 62781625
cloud0_tkemenade 23901160304 12229 1184

1721162650.9392939 62781630
cloud0_tkemenade 23901163646 12229 1184

1721162651.9416583 62781630
cloud0_tkemenade 23901163646 12229 1184

1721162652.9442437 62781633
cloud0_tkemenade 23901163646 12229 1184

1721162653.946788 62781634
cloud0_tkemenade 23901163646 12229 1184

1721162654.9492402 62781634
cloud0_tkemenade 23901163646 12229 1184

1721162655.951657 62781634
cloud0_tkemenade 23901163646 12229 1185

1721162656.9541266 62781635
cloud0_tkemenade 23901163646 12229 1185

1721162657.9566946 62781635
cloud0_tkemenade 23901163646 12229 1185

1721162658.057284 62781641
cloud0_tkemenade 23901167043 12229 1185

1721162659.0598733 62781664
cloud0_tkemenade 23901167043 12229 1185

1721162660.062571 62781667
cloud0_tkemenade 23901167043 12229 1186

1721162661.065152 62781667
cloud0_tkemenade 23901167043 12229 1186

1721162662.0677032 62781667
cloud0_tkemenade 23901167043 12229 1186

1721162663.0702562 62781667
cloud0_tkemenade 23901167043 12229 1186

1721162664.0728648 62781667
cloud0_tkemenade 23901167043 12229 1186

1721162665.0751457 62781668
cloud0_tkemenade 23901167043 12229 1186

1721162665.1757836 62781671
cloud0_tkemenade 23901169901 12229 1186

1721162666.1783504 62781673
cloud0_tkemenade 23901169901 12229 1187

1721162667.1807587 62781674
cloud0_tkemenade 23901169901 12229 1187

1721162668.1831207 62781674
cloud0_tkemenade 23901169901 12229 1187

1721162669.1857588 62781693
cloud0_tkemenade 23901169901 12229 1187

1721162670.188494 62781695
cloud0_tkemenade 23901169901 12229 1187

1721162671.1911137 62781709
cloud0_tkemenade 23901169901 12229 1188

1721162672.193618 62781713
cloud0_tkemenade 23901178553 12230 1188

1721162673.1962166 62781713
cloud0_tkemenade 23901178553 12230 1188

1721162674.198707 62781713
cloud0_tkemenade 23901178553 12230 1188

1721162675.2012656 62781714
cloud0_tkemenade 23901178553 12230 1188

1721162676.203821 62781715
cloud0_tkemenade 23901178553 12230 1188

1721162677.2063754 62781715
cloud0_tkemenade 23901178553 12231 1188

1721162678.2089128 62781715
cloud0_tkemenade 23901178553 12231 1188

1721162679.2113044 62781725
cloud0_tkemenade 23901181433 12231 1188

1721162680.2137728 62781735
cloud0_tkemenade 23901181433 12231 1188

1721162681.2164009 62781735
cloud0_tkemenade 23901181433 12231 1188

1721162682.2189996 62781736
cloud0_tkemenade 23901181433 12231 1188

1721162683.2215455 62781738
cloud0_tkemenade 23901181433 12231 1188

1721162684.2240138 62781741
cloud0_tkemenade 23901181433 12232 1188

1721162685.2266161 62781741
cloud0_tkemenade 23901181433 12232 1188

1721162686.229128 62781742
cloud0_tkemenade 23901181433 12232 1188

1721162686.3297517 62781747
cloud0_tkemenade 23901184259 12232 1188

1721162687.3322682 62781751
cloud0_tkemenade 23901184259 12232 1188

1721162688.334868 62781752
cloud0_tkemenade 23901184259 12232 1188

1721162689.3374267 62781760
cloud0_tkemenade 23901184259 12232 1188

1721162690.340113 62781776
cloud0_tkemenade 23901184259 12233 1188

1721162691.3427587 62781777
cloud0_tkemenade 23901184259 12233 1188

1721162692.3453612 62781777
cloud0_tkemenade 23901184259 12233 1188

1721162693.3478303 62781779
cloud0_tkemenade 23901187174 12233 1188

1721162694.3504398 62781779
cloud0_tkemenade 23901187174 12234 1188

1721162695.353009 62781779
cloud0_tkemenade 23901187174 12234 1188

1721162696.3554876 62781779
cloud0_tkemenade 23901187174 12234 1188

1721162697.3579676 62781779
cloud0_tkemenade 23901187174 12234 1188

1721162698.360409 62781780
cloud0_tkemenade 23901187174 12234 1188

1721162699.3627908 62781781
cloud0_tkemenade 23901187174 12234 1188

1721162700.365193 62781807
cloud0_tkemenade 23901187174 12235 1188

1721162700.4659302 62781812
cloud0_tkemenade 23901194176 12235 1188

1721162701.472006 62781814
cloud0_tkemenade 23901194176 12235 1188

1721162702.4747791 62781815
cloud0_tkemenade 23901194176 12235 1188

1721162703.4773633 62781815
cloud0_tkemenade 23901194176 12235 1188

1721162704.4799337 62781816
cloud0_tkemenade 23901194176 12235 1188

1721162705.48248 62781816
cloud0_tkemenade 23901194176 12235 1188

1721162706.48496 62781817
cloud0_tkemenade 23901194176 12236 1188

1721162707.4873471 62781820
cloud0_tkemenade 23901197072 12236 1188

1721162708.4897356 62781820
cloud0_tkemenade 23901197072 12236 1188

1721162709.4921992 62781820
cloud0_tkemenade 23901197072 12236 1188

1721162710.4946349 62781831
cloud0_tkemenade 23901197072 12236 1188

1721162711.4972208 62781831
cloud0_tkemenade 23901197072 12237 1188

1721162712.4995596 62781843
cloud0_tkemenade 23901197072 12237 1188

1721162713.5021453 62781845
cloud0_tkemenade 23901197072 12237 1188

1721162714.5044138 62781849
cloud0_tkemenade 23901197072 12237 1188

1721162714.6050704 62781850
cloud0_tkemenade 23901199931 12237 1188

1721162715.6076584 62781850
cloud0_tkemenade 23901199931 12237 1188

1721162716.6101792 62781851
cloud0_tkemenade 23901199931 12237 1188

1721162717.612624 62781851
cloud0_tkemenade 23901199931 12238 1188

1721162718.6150901 62781851
cloud0_tkemenade 23901199931 12238 1188

1721162719.6176841 62781859
cloud0_tkemenade 23901199931 12238 1188

1721162720.6203 62781875
cloud0_tkemenade 23901199931 12238 1188

1721162721.6229482 62781878
cloud0_tkemenade 23901199931 12238 1188

1721162721.7236366 62781878
cloud0_tkemenade 23901203139 12238 1188

1721162722.726151 62781878
cloud0_tkemenade 23901203139 12239 1188

1721162723.7287652 62781879
cloud0_tkemenade 23901203139 12239 1188

1721162724.73134 62781879
cloud0_tkemenade 23901203139 12239 1188

1721162725.7339404 62781880
cloud0_tkemenade 23901203139 12239 1188

1721162726.7365174 62781881
cloud0_tkemenade 23901203139 12239 1188

1721162727.7391183 62781881
cloud0_tkemenade 23901203139 12240 1188

1721162728.6414444 62781889
cloud0_tkemenade 23901208905 12240 1188

1721162729.6440308 62781890
cloud0_tkemenade 23901208905 12240 1188

1721162730.6467044 62781907
cloud0_tkemenade 23901208905 12240 1188

1721162731.649405 62781907
cloud0_tkemenade 23901208905 12240 1189

1721162732.6519928 62781908
cloud0_tkemenade 23901208905 12241 1189

1721162733.654547 62781910
cloud0_tkemenade 23901208905 12241 1189

1721162734.657122 62781911
cloud0_tkemenade 23901208905 12241 1189

1721162735.6596506 62781914
cloud0_tkemenade 23901214703 12241 1189

1721162736.6621282 62781915
cloud0_tkemenade 23901214703 12241 1189

1721162737.664585 62781915
cloud0_tkemenade 23901214703 12241 1189

1721162738.666952 62781915
cloud0_tkemenade 23901214703 12242 1189

1721162739.6694643 62781916
cloud0_tkemenade 23901214703 12242 1189

1721162740.6719728 62781917
cloud0_tkemenade 23901214703 12242 1189

1721162741.6746726 62781927
cloud0_tkemenade 23901214703 12242 1189

1721162742.6772282 62781930
cloud0_tkemenade 23901214703 12242 1189

1721162742.7778563 62781933
cloud0_tkemenade 23901217979 12242 1189

1721162743.7804034 62781933
cloud0_tkemenade 23901217979 12242 1189

1721162744.7829704 62781936
cloud0_tkemenade 23901217979 12242 1189

1721162745.7856123 62781936
cloud0_tkemenade 23901217979 12243 1189

1721162746.7882032 62781936
cloud0_tkemenade 23901217979 12243 1189

1721162747.7907798 62781937
cloud0_tkemenade 23901217979 12243 1189

1721162748.7933395 62781937
cloud0_tkemenade 23901217979 12243 1189

1721162749.795701 62781949
cloud0_tkemenade 23901217979 12243 1189

1721162749.8963547 62781953
cloud0_tkemenade 23901220834 12243 1189

1721162750.8989143 62781955
cloud0_tkemenade 23901220834 12243 1189

1721162751.9014738 62781962
cloud0_tkemenade 23901220834 12244 1189

1721162752.9040413 62781963
cloud0_tkemenade 23901220834 12244 1189

1721162753.9065535 62781963
cloud0_tkemenade 23901220834 12244 1189

1721162754.9091356 62781963
cloud0_tkemenade 23901220834 12244 1189

1721162755.9116914 62781963
cloud0_tkemenade 23901220834 12244 1189

1721162756.9142044 62781965
cloud0_tkemenade 23901220834 12244 1189

1721162757.0148733 62781966
cloud0_tkemenade 23901223950 12244 1189

1721162758.0174654 62781971
cloud0_tkemenade 23901223950 12245 1189

1721162759.0200899 62781972
cloud0_tkemenade 23901223950 12245 1189

1721162760.0226798 62781982
cloud0_tkemenade 23901223950 12245 1189

1721162761.025343 62781982
cloud0_tkemenade 23901223950 12245 1189

1721162762.0279567 62782000
cloud0_tkemenade 23901223950 12245 1189

1721162763.030606 62782000
cloud0_tkemenade 23901223950 12245 1189

1721162764.0331712 62782000
cloud0_tkemenade 23901223950 12245 1189

1721162764.1337984 62782005
cloud0_tkemenade 23901226767 12245 1189

1721162765.1364253 62782005
cloud0_tkemenade 23901226767 12246 1189

1721162766.138984 62782007
cloud0_tkemenade 23901226767 12246 1189

1721162767.141554 62782007
cloud0_tkemenade 23901226767 12246 1189

1721162768.144309 62782011
cloud0_tkemenade 23901226767 12246 1189

1721162769.1468685 62782013
cloud0_tkemenade 23901226767 12246 1189

1721162770.1495066 62782016
cloud0_tkemenade 23901226767 12247 1189

1721162771.1521072 62782016
cloud0_tkemenade 23901226767 12247 1189

1721162771.2527208 62782025
cloud0_tkemenade 23901232469 12247 1189

1721162772.2553189 62782034
cloud0_tkemenade 23901232469 12247 1189

1721162773.257911 62782035
cloud0_tkemenade 23901232469 12247 1189

1721162774.2605226 62782038
cloud0_tkemenade 23901232469 12247 1189

1721162775.26305 62782038
cloud0_tkemenade 23901232469 12247 1189

1721162776.2656431 62782039
cloud0_tkemenade 23901232469 12248 1189

1721162777.2682638 62782039
cloud0_tkemenade 23901232469 12249 1189

1721162778.2707765 62782040
cloud0_tkemenade 23901232469 12249 1189

1721162778.4716532 62782045
cloud0_tkemenade 23901238202 12249 1189

1721162779.4742162 62782046
cloud0_tkemenade 23901238202 12249 1189

1721162780.476935 62782050
cloud0_tkemenade 23901238202 12249 1189

1721162781.4795325 62782050
cloud0_tkemenade 23901238202 12249 1189

1721162782.4821522 62782065
cloud0_tkemenade 23901238202 12250 1189

1721162783.4848459 62782066
cloud0_tkemenade 23901238202 12250 1189

1721162784.4874353 62782067
cloud0_tkemenade 23901238202 12250 1189

1721162785.4900217 62782068
cloud0_tkemenade 23901238202 12250 1189

1721162785.5907068 62782071
cloud0_tkemenade 23901241251 12250 1189

1721162786.5933125 62782071
cloud0_tkemenade 23901241251 12250 1189

1721162787.595835 62782072
cloud0_tkemenade 23901241251 12251 1189

1721162788.5982354 62782073
cloud0_tkemenade 23901241251 12251 1189

1721162789.6007175 62782074
cloud0_tkemenade 23901241251 12251 1189

1721162790.6031916 62782083
cloud0_tkemenade 23901241251 12251 1189

1721162791.6058342 62782096
cloud0_tkemenade 23901241251 12251 1189

1721162792.6084583 62782112
cloud0_tkemenade 23901244608 12251 1189

1721162793.6110716 62782113
cloud0_tkemenade 23901244608 12252 1189

1721162794.6137195 62782114
cloud0_tkemenade 23901244608 12252 1189

1721162795.6163163 62782114
cloud0_tkemenade 23901244608 12252 1189

1721162796.6188877 62782114
cloud0_tkemenade 23901244608 12252 1189

1721162797.6214964 62782115
cloud0_tkemenade 23901244608 12253 1189

1721162798.6240814 62782116
cloud0_tkemenade 23901244608 12253 1189

1721162799.626564 62782119
cloud0_tkemenade 23901250268 12253 1189

1721162800.629002 62782121
cloud0_tkemenade 23901250268 12253 1189

1721162801.6313963 62782121
cloud0_tkemenade 23901250268 12253 1189

1721162802.6340463 62782135
cloud0_tkemenade 23901250268 12253 1189

1721162803.636696 62782136
cloud0_tkemenade 23901250268 12254 1189

1721162804.6391866 62782138
cloud0_tkemenade 23901250268 12254 1189

