1722596881.209574 17223142
cloud_controller_tkemenade 12349108890 22455 3723
cloud0_tkemenade 26051604674 18742 2924

1722596882.2125032 17223428
cloud_controller_tkemenade 12349108890 22531 3750

1722596882.2129796 17223428
cloud0_tkemenade 26051604674 18943 2926

1722596883.2151265 17223718
cloud_controller_tkemenade 12349108890 22613 3782

1722596883.2164388 17223718
cloud0_tkemenade 26051604674 19145 2928

1722596883.717918 17223879
cloud_controller_tkemenade 12354460005 22672 3784

1722596883.718439 17223879
cloud0_tkemenade 26058443318 19244 2930

1722596884.721083 17224180
cloud_controller_tkemenade 12354460005 22775 3789

1722596884.7215939 17224180
cloud0_tkemenade 26058443318 19439 2937

1722596885.72386 17224410
cloud_controller_tkemenade 12354460005 22806 3795

1722596885.72431 17224410
cloud0_tkemenade 26058443318 19639 2938

1722596886.7265549 17224635
cloud_controller_tkemenade 12354460005 22829 3801

1722596886.727051 17224635
cloud0_tkemenade 26058443318 19841 2943

1722596887.7294965 17224864
cloud_controller_tkemenade 12354460005 22852 3809

1722596887.7300084 17224865
cloud0_tkemenade 26058443318 20041 2943

1722596888.7325065 17225085
cloud_controller_tkemenade 12354460005 22873 3814

1722596888.7330089 17225085
cloud0_tkemenade 26058443318 20242 2943

1722596889.7347531 17225313
cloud_controller_tkemenade 12354460005 22901 3823

1722596889.7352433 17225313
cloud0_tkemenade 26058443318 20441 2948

1722596890.737555 17225552
cloud_controller_tkemenade 12354460005 22941 3831

1722596890.7380552 17225553
cloud0_tkemenade 26058443318 20642 2948

1722596890.9387167 17225601
cloud_controller_tkemenade 12355977163 22945 3833

1722596890.939182 17225601
cloud0_tkemenade 26065019181 20682 2948

1722596891.9409957 17225831
cloud_controller_tkemenade 12355977163 22971 3839

1722596891.9415147 17225831
cloud0_tkemenade 26065019181 20882 2948

1722596892.943859 17226065
cloud_controller_tkemenade 12355977163 22994 3845

1722596892.944353 17226065
cloud0_tkemenade 26065019181 21083 2948

1722596893.9468641 17226284
cloud_controller_tkemenade 12355977163 23013 3851

1722596893.9473534 17226284
cloud0_tkemenade 26065019181 21284 2949

1722596894.9499464 17226552
cloud_controller_tkemenade 12355977163 23077 3860

1722596894.9504712 17226552
cloud0_tkemenade 26065019181 21485 2949

1722596895.9530005 17226886
cloud_controller_tkemenade 12355977163 23214 3866

1722596895.9535196 17226886
cloud0_tkemenade 26065019181 21684 2949

1722596896.9560528 17227218
cloud_controller_tkemenade 12355977163 23343 3878

1722596896.956563 17227218
cloud0_tkemenade 26065019181 21885 2949

1722596897.95892 17227621
cloud_controller_tkemenade 12359014144 23538 3879

1722596897.9592016 17227621
cloud0_tkemenade 26071793985 22085 2949

1722596898.9612055 17227939
cloud_controller_tkemenade 12359014144 23656 3888

1722596898.9617343 17227941
cloud0_tkemenade 26071793985 22286 2950

1722596899.9640617 17228266
cloud_controller_tkemenade 12359014144 23783 3900

1722596899.9645739 17228266
cloud0_tkemenade 26071793985 22486 2951

1722596900.966785 17228514
cloud_controller_tkemenade 12359014144 23820 3908

1722596900.967284 17228514
cloud0_tkemenade 26071793985 22688 2952

1722596901.9698844 17228741
cloud_controller_tkemenade 12359014144 23842 3910

1722596901.9703898 17228741
cloud0_tkemenade 26071793985 22890 2955

1722596902.9728477 17228972
cloud_controller_tkemenade 12359014144 23861 3917

1722596902.973325 17228972
cloud0_tkemenade 26071793985 23088 2959

1722596903.9755569 17229194
cloud_controller_tkemenade 12359014144 23882 3925

1722596903.97604 17229194
cloud0_tkemenade 26071793985 23288 2963

1722596904.97844 17229434
cloud_controller_tkemenade 12359014144 23917 3933

1722596904.978944 17229434
cloud0_tkemenade 26071793985 23490 2964

1722596905.0793917 17229460
cloud_controller_tkemenade 12361007350 23921 3934

1722596905.0798805 17229460
cloud0_tkemenade 26078343743 23510 2964

1722596906.0820913 17229688
cloud_controller_tkemenade 12361007350 23948 3941

1722596906.0826004 17229688
cloud0_tkemenade 26078343743 23709 2967

1722596907.085065 17229906
cloud_controller_tkemenade 12361007350 23968 3946

1722596907.0855627 17229906
cloud0_tkemenade 26078343743 23909 2969

1722596908.0879087 17230136
cloud_controller_tkemenade 12361007350 23990 3952

1722596908.0884116 17230136
cloud0_tkemenade 26078343743 24110 2969

1722596909.0910378 17230369
cloud_controller_tkemenade 12361007350 24017 3957

1722596909.0915518 17230369
cloud0_tkemenade 26078343743 24309 2973

1722596910.0940735 17230621
cloud_controller_tkemenade 12361007350 24062 3963

1722596910.094551 17230621
cloud0_tkemenade 26078343743 24518 2984

1722596911.0972307 17230847
cloud_controller_tkemenade 12361007350 24089 3972

1722596911.0977364 17230848
cloud0_tkemenade 26078343743 24718 2987

1722596912.1003609 17231062
cloud_controller_tkemenade 12361007350 24107 3980

1722596912.1008677 17231062
cloud0_tkemenade 26078343743 24918 2988

1722596912.30156 17231106
cloud_controller_tkemenade 12362064763 24110 3981

1722596912.3020532 17231107
cloud0_tkemenade 26084861500 24958 2988

1722596913.3043249 17231338
cloud_controller_tkemenade 12362064763 24129 3984

1722596913.3047903 17231338
cloud0_tkemenade 26084861500 25158 2988

1722596914.307077 17231559
cloud_controller_tkemenade 12362064763 24149 3990

1722596914.307551 17231559
cloud0_tkemenade 26084861500 25358 2990

1722596915.3100169 17231785
cloud_controller_tkemenade 12362064763 24177 3996

1722596915.3104918 17231785
cloud0_tkemenade 26084861500 25558 2990

1722596916.3129532 17232005
cloud_controller_tkemenade 12362064763 24195 3999

1722596916.3134143 17232005
cloud0_tkemenade 26084861500 25758 2990

1722596917.315723 17232226
cloud_controller_tkemenade 12362064763 24213 4007

1722596917.3161838 17232226
cloud0_tkemenade 26084861500 25958 2992

1722596918.3186328 17232444
cloud_controller_tkemenade 12362064763 24231 4010

1722596918.3191144 17232444
cloud0_tkemenade 26084861500 26158 2993

1722596919.3216786 17232685
cloud_controller_tkemenade 12362064763 24254 4015

1722596919.3221939 17232685
cloud0_tkemenade 26084861500 26358 2997

1722596919.4226508 17232710
cloud_controller_tkemenade 12362898452 24256 4015

1722596919.4231415 17232710
cloud0_tkemenade 26091470804 26378 2997

1722596920.4250998 17232948
cloud_controller_tkemenade 12362898452 24293 4019

1722596920.4256144 17232948
cloud0_tkemenade 26091470804 26579 2997

1722596921.4279363 17233168
cloud_controller_tkemenade 12362898452 24315 4029

1722596921.42843 17233168
cloud0_tkemenade 26091470804 26779 2997

1722596922.4306452 17233396
cloud_controller_tkemenade 12362898452 24339 4034

1722596922.43114 17233396
cloud0_tkemenade 26091470804 26979 2998

1722596923.4335446 17233625
cloud_controller_tkemenade 12362898452 24357 4042

1722596923.4340608 17233626
cloud0_tkemenade 26091470804 27179 2998

1722596924.4363942 17233846
cloud_controller_tkemenade 12362898452 24378 4047

1722596924.4368923 17233846
cloud0_tkemenade 26091470804 27378 3000

1722596925.43926 17234079
cloud_controller_tkemenade 12362898452 24404 4054

1722596925.4397557 17234079
cloud0_tkemenade 26091470804 27579 3000

1722596926.4421427 17234298
cloud_controller_tkemenade 12362898452 24425 4061

1722596926.4426274 17234298
cloud0_tkemenade 26091470804 27779 3000

1722596926.6433258 17234354
cloud_controller_tkemenade 12363908003 24431 4064

1722596926.6438515 17234354
cloud0_tkemenade 26098010152 27819 3000

1722596927.6458993 17234571
cloud_controller_tkemenade 12363908003 24450 4070

1722596927.6464005 17234571
cloud0_tkemenade 26098010152 28020 3001

1722596928.6488657 17234794
cloud_controller_tkemenade 12363908003 24470 4076

1722596928.649376 17234794
cloud0_tkemenade 26098010152 28219 3002

1722596929.651785 17235018
cloud_controller_tkemenade 12363908003 24495 4083

1722596929.652289 17235018
cloud0_tkemenade 26098010152 28420 3002

1722596930.6547441 17235252
cloud_controller_tkemenade 12363908003 24531 4089

1722596930.6552367 17235252
cloud0_tkemenade 26098010152 28619 3003

1722596931.6574874 17235470
cloud_controller_tkemenade 12363908003 24554 4095

1722596931.6580362 17235471
cloud0_tkemenade 26098010152 28819 3004

1722596932.6605582 17235690
cloud_controller_tkemenade 12363908003 24571 4099

1722596932.6610696 17235690
cloud0_tkemenade 26098010152 29019 3004

1722596933.6635034 17235930
cloud_controller_tkemenade 12364845814 24590 4106

1722596933.6639557 17235930
cloud0_tkemenade 26104510786 29219 3005

1722596934.6660528 17236147
cloud_controller_tkemenade 12364845814 24609 4113

1722596934.6665516 17236147
cloud0_tkemenade 26104510786 29419 3005

1722596935.6688545 17236380
cloud_controller_tkemenade 12364845814 24640 4121

1722596935.6693373 17236380
cloud0_tkemenade 26104510786 29620 3006

1722596936.6719315 17236606
cloud_controller_tkemenade 12364845814 24663 4125

1722596936.6724436 17236606
cloud0_tkemenade 26104510786 29823 3011

1722596937.674988 17236828
cloud_controller_tkemenade 12364845814 24683 4131

1722596937.6754637 17236828
cloud0_tkemenade 26104510786 30026 3012

1722596938.678183 17237052
cloud_controller_tkemenade 12364845814 24703 4135

1722596938.678663 17237052
cloud0_tkemenade 26104510786 30229 3013

1722596939.6814826 17237276
cloud_controller_tkemenade 12364845814 24727 4143

1722596939.6820056 17237277
cloud0_tkemenade 26104510786 30430 3013

1722596940.6843264 17237516
cloud_controller_tkemenade 12364845814 24764 4151

1722596940.6848464 17237516
cloud0_tkemenade 26104510786 30630 3013

1722596940.985725 17237590
cloud_controller_tkemenade 12365782120 24771 4153

1722596940.9862094 17237590
cloud0_tkemenade 26110708044 30691 3014

1722596941.988635 17237803
cloud_controller_tkemenade 12365782120 24789 4160

1722596941.9890702 17237803
cloud0_tkemenade 26110708044 30891 3014

1722596942.9914315 17238021
cloud_controller_tkemenade 12365782120 24805 4166

1722596942.9918954 17238021
cloud0_tkemenade 26110708044 31091 3014

1722596943.9942746 17238240
cloud_controller_tkemenade 12365782120 24821 4176

1722596943.9947417 17238240
cloud0_tkemenade 26110708044 31292 3014

1722596944.9972131 17238463
cloud_controller_tkemenade 12365782120 24846 4182

1722596944.997692 17238463
cloud0_tkemenade 26110708044 31493 3014

1722596946.0001836 17238686
cloud_controller_tkemenade 12365782120 24872 4187

1722596946.0006313 17238686
cloud0_tkemenade 26110708044 31693 3014

1722596947.0030565 17238914
cloud_controller_tkemenade 12365782120 24897 4193

1722596947.0035095 17238914
cloud0_tkemenade 26110708044 31894 3014

1722596948.0059257 17239144
cloud_controller_tkemenade 12365782120 24917 4198

1722596948.0063949 17239144
cloud0_tkemenade 26110708044 32094 3014

1722596948.3072627 17239213
cloud_controller_tkemenade 12366645808 24921 4199

1722596948.3077173 17239213
cloud0_tkemenade 26117040314 32154 3014

1722596949.3101683 17239442
cloud_controller_tkemenade 12366645808 24939 4205

1722596949.3106437 17239442
cloud0_tkemenade 26117040314 32355 3014

1722596950.313099 17239669
cloud_controller_tkemenade 12366645808 24967 4212

1722596950.313562 17239669
cloud0_tkemenade 26117040314 32555 3014

1722596951.3160524 17239908
cloud_controller_tkemenade 12366645808 24996 4221

1722596951.3165278 17239908
cloud0_tkemenade 26117040314 32756 3014

1722596952.3189204 17240134
cloud_controller_tkemenade 12366645808 25015 4227

1722596952.319373 17240134
cloud0_tkemenade 26117040314 32957 3014

1722596953.3218641 17240364
cloud_controller_tkemenade 12366645808 25033 4233

1722596953.322334 17240364
cloud0_tkemenade 26117040314 33158 3014

1722596954.324821 17240593
cloud_controller_tkemenade 12366645808 25050 4241

1722596954.3253002 17240593
cloud0_tkemenade 26117040314 33358 3014

1722596955.3290699 17240829
cloud_controller_tkemenade 12366645808 25075 4246

1722596955.3295279 17240829
cloud0_tkemenade 26117040314 33559 3014

1722596955.429995 17240861
cloud_controller_tkemenade 12367559231 25083 4246

1722596955.4304075 17240861
cloud0_tkemenade 26123434274 33579 3014

1722596956.4327097 17241085
cloud_controller_tkemenade 12367559231 25104 4252

1722596956.433152 17241085
cloud0_tkemenade 26123434274 33779 3015

1722596957.4355645 17241310
cloud_controller_tkemenade 12367559231 25127 4257

1722596957.4360142 17241310
cloud0_tkemenade 26123434274 33979 3015

1722596958.4385188 17241548
cloud_controller_tkemenade 12367559231 25142 4263

1722596958.438987 17241548
cloud0_tkemenade 26123434274 34180 3016

1722596959.4414299 17241770
cloud_controller_tkemenade 12367559231 25161 4268

1722596959.4419231 17241771
cloud0_tkemenade 26123434274 34381 3016

1722596960.4443433 17241998
cloud_controller_tkemenade 12367559231 25191 4274

1722596960.4448414 17241998
cloud0_tkemenade 26123434274 34581 3016

1722596961.4473386 17242232
cloud_controller_tkemenade 12367559231 25224 4279

1722596961.4478126 17242232
cloud0_tkemenade 26123434274 34782 3016

1722596962.4499426 17242451
cloud_controller_tkemenade 12367559231 25241 4285

1722596962.4504006 17242451
cloud0_tkemenade 26123434274 34983 3016

1722596962.6510525 17242499
cloud_controller_tkemenade 12368477380 25244 4287

1722596962.6515276 17242499
cloud0_tkemenade 26129861316 35023 3016

1722596963.6539364 17242713
cloud_controller_tkemenade 12368477380 25259 4292

1722596963.6543946 17242713
cloud0_tkemenade 26129861316 35223 3016

1722596964.6565995 17242947
cloud_controller_tkemenade 12368477380 25281 4299

1722596964.6570988 17242947
cloud0_tkemenade 26129861316 35423 3016

1722596965.6595156 17243196
cloud_controller_tkemenade 12368477380 25318 4303

1722596965.6600091 17243196
cloud0_tkemenade 26129861316 35624 3016

1722596966.6624286 17243418
cloud_controller_tkemenade 12368477380 25338 4310

1722596966.6629248 17243418
cloud0_tkemenade 26129861316 35824 3016

1722596967.6652322 17243634
cloud_controller_tkemenade 12368477380 25355 4313

1722596967.665693 17243634
cloud0_tkemenade 26129861316 36025 3016

1722596968.66787 17243860
cloud_controller_tkemenade 12368477380 25371 4319

1722596968.6683686 17243860
cloud0_tkemenade 26129861316 36226 3019

1722596969.6706297 17244105
cloud_controller_tkemenade 12369387220 25402 4325

1722596969.671096 17244105
cloud0_tkemenade 26136362790 36426 3019

1722596970.673401 17244340
cloud_controller_tkemenade 12369387220 25441 4331

1722596970.6739316 17244341
cloud0_tkemenade 26136362790 36627 3019

1722596971.6762693 17244558
cloud_controller_tkemenade 12369387220 25457 4338

1722596971.676735 17244558
cloud0_tkemenade 26136362790 36827 3019

1722596972.6788795 17244776
cloud_controller_tkemenade 12369387220 25475 4343

1722596972.6793425 17244776
cloud0_tkemenade 26136362790 37028 3019

1722596973.6812077 17245000
cloud_controller_tkemenade 12369387220 25494 4348

1722596973.6816714 17245000
cloud0_tkemenade 26136362790 37229 3019

1722596974.6838644 17245237
cloud_controller_tkemenade 12369387220 25516 4353

1722596974.6843235 17245237
cloud0_tkemenade 26136362790 37429 3019

1722596975.68674 17245470
cloud_controller_tkemenade 12369387220 25545 4360

1722596975.6871903 17245470
cloud0_tkemenade 26136362790 37630 3019

1722596976.6895933 17245687
cloud_controller_tkemenade 12369387220 25564 4366

1722596976.6900792 17245688
cloud0_tkemenade 26136362790 37830 3019

1722596976.7905428 17245714
cloud_controller_tkemenade 12370322399 25566 4366

1722596976.7909899 17245714
cloud0_tkemenade 26142840618 37850 3019

1722596977.7933655 17245935
cloud_controller_tkemenade 12370322399 25581 4371

1722596977.7938254 17245936
cloud0_tkemenade 26142840618 38051 3019

1722596978.7962017 17246155
cloud_controller_tkemenade 12370322399 25600 4376

1722596978.79667 17246155
cloud0_tkemenade 26142840618 38251 3019

1722596979.7989328 17246379
cloud_controller_tkemenade 12370322399 25622 4384

1722596979.7993827 17246379
cloud0_tkemenade 26142840618 38452 3020

1722596980.8017244 17246610
cloud_controller_tkemenade 12370322399 25655 4392

1722596980.802175 17246610
cloud0_tkemenade 26142840618 38653 3020

1722596981.804542 17246835
cloud_controller_tkemenade 12370322399 25675 4406

1722596981.804987 17246835
cloud0_tkemenade 26142840618 38853 3020

1722596982.8073826 17247055
cloud_controller_tkemenade 12370322399 25693 4412

1722596982.807848 17247055
cloud0_tkemenade 26142840618 39053 3020

1722596983.8100471 17247278
cloud_controller_tkemenade 12370322399 25715 4421

1722596983.810574 17247278
cloud0_tkemenade 26142840618 39254 3020

1722596983.911057 17247304
cloud_controller_tkemenade 12371261877 25717 4421

1722596983.911521 17247304
cloud0_tkemenade 26149316638 39274 3020

1722596984.9139323 17247550
cloud_controller_tkemenade 12371261877 25738 4426

1722596984.9144323 17247550
cloud0_tkemenade 26149316638 39475 3020

1722596985.9169586 17247780
cloud_controller_tkemenade 12371261877 25765 4433

1722596985.9174285 17247780
cloud0_tkemenade 26149316638 39675 3020

1722596986.9198704 17248002
cloud_controller_tkemenade 12371261877 25785 4439

1722596986.9203649 17248002
cloud0_tkemenade 26149316638 39876 3020

1722596987.9228318 17248222
cloud_controller_tkemenade 12371261877 25802 4445

1722596987.9233093 17248222
cloud0_tkemenade 26149316638 40076 3020

1722596988.9257326 17248446
cloud_controller_tkemenade 12371261877 25821 4447

1722596988.926268 17248446
cloud0_tkemenade 26149316638 40277 3020

1722596989.928739 17248669
cloud_controller_tkemenade 12371261877 25844 4455

1722596989.9292266 17248669
cloud0_tkemenade 26149316638 40477 3020

1722596990.931628 17248909
cloud_controller_tkemenade 12371261877 25881 4462

1722596990.9321003 17248909
cloud0_tkemenade 26149316638 40677 3021

1722596991.0325596 17248932
cloud_controller_tkemenade 12372203358 25883 4462

1722596991.0329843 17248932
cloud0_tkemenade 26155806460 40697 3021

1722596992.0352836 17249155
cloud_controller_tkemenade 12372203358 25905 4470

1722596992.0357733 17249155
cloud0_tkemenade 26155806460 40898 3021

1722596993.0380511 17249380
cloud_controller_tkemenade 12372203358 25923 4477

1722596993.0385463 17249380
cloud0_tkemenade 26155806460 41099 3021

1722596994.0409899 17249597
cloud_controller_tkemenade 12372203358 25940 4484

1722596994.0414574 17249597
cloud0_tkemenade 26155806460 41299 3021

1722596995.043892 17249826
cloud_controller_tkemenade 12372203358 25962 4490

1722596995.0443985 17249826
cloud0_tkemenade 26155806460 41500 3021

1722596996.0468454 17250064
cloud_controller_tkemenade 12372203358 25991 4498

1722596996.0473187 17250064
cloud0_tkemenade 26155806460 41701 3021

1722596997.0498443 17250304
cloud_controller_tkemenade 12372203358 26029 4501

1722596997.0503523 17250304
cloud0_tkemenade 26155806460 41901 3021

1722596998.0526614 17250533
cloud_controller_tkemenade 12373156134 26050 4507

1722596998.0531535 17250533
cloud0_tkemenade 26162158302 42101 3021

1722596998.1535554 17250554
cloud_controller_tkemenade 12373156134 26051 4508

1722596999.055795 17250751
cloud0_tkemenade 26162158302 42302 3021

1722596999.1564734 17250772
cloud_controller_tkemenade 12373156134 26068 4513

1722597000.058846 17250970
cloud0_tkemenade 26162158302 42503 3021

1722597000.1594946 17250992
cloud_controller_tkemenade 12373156134 26091 4519

1722597001.0619166 17251210
cloud0_tkemenade 26162158302 42703 3021

1722597001.1625922 17251230
cloud_controller_tkemenade 12373156134 26128 4528

1722597002.0650065 17251429
cloud0_tkemenade 26162158302 42903 3021

1722597002.1656768 17251450
cloud_controller_tkemenade 12373156134 26148 4534

1722597003.0680087 17251646
cloud0_tkemenade 26162158302 43104 3021

1722597003.168669 17251670
cloud_controller_tkemenade 12373156134 26167 4539

1722597004.0711334 17251868
cloud0_tkemenade 26162158302 43305 3021

1722597004.1717863 17251888
cloud_controller_tkemenade 12373156134 26184 4543

1722597005.0742426 17252105
cloud0_tkemenade 26162158302 43505 3022

1722597005.1748834 17252130
cloud_controller_tkemenade 12374075535 26208 4550

1722597005.1753263 17252130
cloud0_tkemenade 26168653573 43525 3022

1722597006.1777978 17252360
cloud_controller_tkemenade 12374075535 26240 4557

1722597006.1782813 17252360
cloud0_tkemenade 26168653573 43726 3022

1722597007.1806757 17252580
cloud_controller_tkemenade 12374075535 26259 4563

1722597007.1811712 17252580
cloud0_tkemenade 26168653573 43926 3022

1722597008.183659 17252799
cloud_controller_tkemenade 12374075535 26277 4566

1722597008.1841507 17252799
cloud0_tkemenade 26168653573 44126 3022

1722597009.1865997 17253020
cloud_controller_tkemenade 12374075535 26295 4573

1722597009.1870914 17253020
cloud0_tkemenade 26168653573 44327 3022

1722597010.1895876 17253239
cloud_controller_tkemenade 12374075535 26316 4579

1722597010.19007 17253240
cloud0_tkemenade 26168653573 44528 3022

1722597011.192482 17253477
cloud_controller_tkemenade 12374075535 26350 4588

1722597011.1929882 17253477
cloud0_tkemenade 26168653573 44728 3022

1722597012.195416 17253696
cloud_controller_tkemenade 12374075535 26372 4595

1722597012.1959045 17253696
cloud0_tkemenade 26168653573 44929 3022

1722597012.2963688 17253724
cloud_controller_tkemenade 12375034686 26377 4595

1722597012.2968209 17253724
cloud0_tkemenade 26175143832 44949 3022

1722597013.2991781 17253944
cloud_controller_tkemenade 12375034686 26396 4602

1722597013.2996416 17253944
cloud0_tkemenade 26175143832 45150 3022

1722597014.302031 17254166
cloud_controller_tkemenade 12375034686 26415 4606

1722597014.3024766 17254166
cloud0_tkemenade 26175143832 45350 3022

1722597015.3046892 17254399
cloud_controller_tkemenade 12375034686 26439 4613

1722597015.3050108 17254399
cloud0_tkemenade 26175143832 45550 3022

1722597016.3069077 17254627
cloud_controller_tkemenade 12375034686 26464 4619

1722597016.3073606 17254627
cloud0_tkemenade 26175143832 45751 3022

1722597017.3097525 17254850
cloud_controller_tkemenade 12375034686 26485 4624

1722597017.3102376 17254850
cloud0_tkemenade 26175143832 45952 3022

1722597018.3124573 17255077
cloud_controller_tkemenade 12375034686 26501 4629

1722597018.3129227 17255077
cloud0_tkemenade 26175143832 46152 3022

1722597019.3153784 17255305
cloud_controller_tkemenade 12375034686 26517 4638

1722597019.3158433 17255305
cloud0_tkemenade 26175143832 46353 3022

1722597019.4162579 17255331
cloud_controller_tkemenade 12375892247 26518 4639

1722597019.4167137 17255331
cloud0_tkemenade 26181616592 46373 3022

1722597020.4189656 17255553
cloud_controller_tkemenade 12375892247 26542 4645

1722597020.4194322 17255553
cloud0_tkemenade 26181616592 46573 3022

1722597021.4217553 17255793
cloud_controller_tkemenade 12375892247 26580 4651

1722597021.4222388 17255793
cloud0_tkemenade 26181616592 46774 3022

1722597022.4244726 17256016
cloud_controller_tkemenade 12375892247 26603 4659

1722597022.4249406 17256016
cloud0_tkemenade 26181616592 46974 3022

1722597023.427357 17256235
cloud_controller_tkemenade 12375892247 26622 4664

1722597023.4278321 17256235
cloud0_tkemenade 26181616592 47175 3022

1722597024.430165 17256449
cloud_controller_tkemenade 12375892247 26637 4672

1722597024.4306276 17256449
cloud0_tkemenade 26181616592 47376 3022

1722597025.4330137 17256680
cloud_controller_tkemenade 12375892247 26661 4677

1722597025.4335198 17256680
cloud0_tkemenade 26181616592 47575 3022

1722597026.4359102 17256915
cloud_controller_tkemenade 12376884423 26688 4682

1722597026.4363754 17256915
cloud0_tkemenade 26188107466 47776 3022

1722597027.438598 17257138
cloud_controller_tkemenade 12376884423 26710 4687

1722597027.4390779 17257138
cloud0_tkemenade 26188107466 47977 3022

1722597028.4414325 17257351
cloud_controller_tkemenade 12376884423 26726 4693

1722597028.441929 17257352
cloud0_tkemenade 26188107466 48178 3022

1722597029.4441576 17257582
cloud_controller_tkemenade 12376884423 26753 4699

1722597029.4446397 17257582
cloud0_tkemenade 26188107466 48378 3022

1722597030.4467673 17257806
cloud_controller_tkemenade 12376884423 26778 4704

1722597030.44724 17257806
cloud0_tkemenade 26188107466 48579 3022

1722597031.4496968 17258044
cloud_controller_tkemenade 12376884423 26817 4713

1722597031.4501855 17258044
cloud0_tkemenade 26188107466 48779 3022

1722597032.4526343 17258265
cloud_controller_tkemenade 12376884423 26838 4721

1722597032.4530847 17258265
cloud0_tkemenade 26188107466 48979 3023

1722597033.3550935 17258469
cloud_controller_tkemenade 12377862417 26855 4726

1722597033.355562 17258469
cloud0_tkemenade 26194601161 49160 3023

1722597034.3579779 17258686
cloud_controller_tkemenade 12377862417 26868 4732

1722597034.358443 17258686
cloud0_tkemenade 26194601161 49361 3023

1722597035.3608696 17258923
cloud_controller_tkemenade 12377862417 26896 4738

1722597035.3613336 17258923
cloud0_tkemenade 26194601161 49561 3023

1722597036.3634849 17259162
cloud_controller_tkemenade 12377862417 26921 4747

1722597036.3639414 17259162
cloud0_tkemenade 26194601161 49761 3023

1722597037.3662095 17259385
cloud_controller_tkemenade 12377862417 26944 4753

1722597037.3666608 17259385
cloud0_tkemenade 26194601161 49962 3023

1722597038.369026 17259606
cloud_controller_tkemenade 12377862417 26961 4760

1722597038.3694954 17259606
cloud0_tkemenade 26194601161 50162 3023

1722597039.3715754 17259826
cloud_controller_tkemenade 12377862417 26977 4769

1722597039.3720353 17259826
cloud0_tkemenade 26194601161 50362 3023

1722597040.3743618 17260048
cloud_controller_tkemenade 12377862417 26999 4777

1722597040.374841 17260048
cloud0_tkemenade 26194601161 50563 3023

1722597040.4752374 17260078
cloud_controller_tkemenade 12378755810 27001 4777

1722597040.475675 17260078
cloud0_tkemenade 26201069149 50583 3023

1722597041.4778314 17260323
cloud_controller_tkemenade 12378755810 27044 4790

1722597041.478319 17260323
cloud0_tkemenade 26201069149 50784 3023

1722597042.4806433 17260547
cloud_controller_tkemenade 12378755810 27066 4799

1722597042.4811034 17260547
cloud0_tkemenade 26201069149 50984 3023

1722597043.4831274 17260768
cloud_controller_tkemenade 12378755810 27086 4804

1722597043.4836018 17260768
cloud0_tkemenade 26201069149 51185 3023

1722597044.4859855 17260986
cloud_controller_tkemenade 12378755810 27102 4811

1722597044.4864705 17260986
cloud0_tkemenade 26201069149 51385 3023

1722597045.4888647 17261203
cloud_controller_tkemenade 12378755810 27123 4818

1722597045.48936 17261203
cloud0_tkemenade 26201069149 51585 3023

1722597046.4915447 17261438
cloud_controller_tkemenade 12378755810 27153 4825

1722597046.4920373 17261438
cloud0_tkemenade 26201069149 51785 3023

1722597047.494266 17261662
cloud_controller_tkemenade 12379801297 27172 4833

1722597047.4945586 17261662
cloud0_tkemenade 26207536369 51986 3023

1722597048.496704 17261880
cloud_controller_tkemenade 12379801297 27189 4840

1722597048.4971693 17261880
cloud0_tkemenade 26207536369 52186 3023

1722597049.4996486 17262103
cloud_controller_tkemenade 12379801297 27206 4847

1722597049.5001278 17262103
cloud0_tkemenade 26207536369 52386 3023

1722597050.5026023 17262335
cloud_controller_tkemenade 12379801297 27234 4852

1722597050.5030863 17262335
cloud0_tkemenade 26207536369 52587 3024

1722597051.505615 17262580
cloud_controller_tkemenade 12379801297 27265 4866

1722597051.5061686 17262580
cloud0_tkemenade 26207536369 52788 3024

1722597052.5083861 17262824
cloud_controller_tkemenade 12379801297 27285 4876

1722597052.5088491 17262824
cloud0_tkemenade 26207536369 52988 3024

1722597053.51103 17263068
cloud_controller_tkemenade 12379801297 27305 4879

1722597053.511508 17263068
cloud0_tkemenade 26207536369 53188 3024

1722597054.5136874 17263314
cloud_controller_tkemenade 12380707005 27324 4879

1722597054.5141733 17263314
cloud0_tkemenade 26213972875 53389 3024

1722597055.5164526 17263557
cloud_controller_tkemenade 12380707005 27348 4883

1722597055.5169454 17263557
cloud0_tkemenade 26213972875 53589 3024

1722597056.5191553 17263820
cloud_controller_tkemenade 12380707005 27373 4892

1722597056.5196564 17263820
cloud0_tkemenade 26213972875 53790 3024

1722597057.5220797 17264052
cloud_controller_tkemenade 12380707005 27376 4917

1722597057.5225463 17264052
cloud0_tkemenade 26213972875 53991 3024

1722597058.524711 17264273
cloud_controller_tkemenade 12380707005 27380 4934

1722597058.525016 17264273
cloud0_tkemenade 26213972875 54191 3024

1722597059.5269253 17264512
cloud_controller_tkemenade 12380707005 27398 4937

1722597059.5274017 17264512
cloud0_tkemenade 26213972875 54391 3024

1722597060.5297585 17264758
cloud_controller_tkemenade 12380707005 27422 4945

1722597060.5302625 17264758
cloud0_tkemenade 26213972875 54592 3024

1722597061.5326014 17265012
cloud_controller_tkemenade 12380707005 27456 4953

1722597061.533102 17265012
cloud0_tkemenade 26213972875 54792 3024

1722597061.7337534 17265070
cloud_controller_tkemenade 12381664378 27463 4954

1722597061.7342482 17265070
cloud0_tkemenade 26220385049 54832 3025

1722597062.7364008 17265310
cloud_controller_tkemenade 12381664378 27484 4959

1722597062.7368922 17265310
cloud0_tkemenade 26220385049 55032 3025

1722597063.73893 17265553
cloud_controller_tkemenade 12381664378 27507 4964

1722597063.7394109 17265553
cloud0_tkemenade 26220385049 55233 3025

1722597064.74185 17265788
cloud_controller_tkemenade 12381664378 27527 4971

1722597064.7423499 17265788
cloud0_tkemenade 26220385049 55434 3025

1722597065.74468 17266019
cloud_controller_tkemenade 12381664378 27550 4976

1722597065.7451677 17266019
cloud0_tkemenade 26220385049 55634 3025

1722597066.7473934 17266267
cloud_controller_tkemenade 12381664378 27579 4985

1722597066.7478619 17266267
cloud0_tkemenade 26220385049 55835 3025

1722597067.7501 17266494
cloud_controller_tkemenade 12381664378 27600 4991

1722597067.7505803 17266494
cloud0_tkemenade 26220385049 56035 3025

1722597068.7524393 17266722
cloud_controller_tkemenade 12382572894 27618 4997

1722597068.7528963 17266722
cloud0_tkemenade 26226813493 56235 3025

1722597069.7549329 17266946
cloud_controller_tkemenade 12382572894 27640 4998

1722597069.75539 17266946
cloud0_tkemenade 26226813493 56436 3025

1722597070.7577636 17267172
cloud_controller_tkemenade 12382572894 27664 5007

1722597070.7582529 17267172
cloud0_tkemenade 26226813493 56637 3025

1722597071.7605615 17267416
cloud_controller_tkemenade 12382572894 27705 5013

1722597071.7610207 17267416
cloud0_tkemenade 26226813493 56837 3025

1722597072.7631319 17267640
cloud_controller_tkemenade 12382572894 27725 5020

1722597072.7636037 17267640
cloud0_tkemenade 26226813493 57037 3026

1722597073.76589 17267862
cloud_controller_tkemenade 12382572894 27744 5024

1722597073.7663484 17267862
cloud0_tkemenade 26226813493 57237 3026

1722597074.7686555 17268083
cloud_controller_tkemenade 12382572894 27762 5030

1722597074.7691474 17268083
cloud0_tkemenade 26226813493 57437 3026

1722597075.67106 17268291
cloud_controller_tkemenade 12383505204 27783 5033

1722597075.6715167 17268291
cloud0_tkemenade 26233238625 57618 3026

1722597076.6738713 17268532
cloud_controller_tkemenade 12383505204 27814 5042

1722597076.674235 17268532
cloud0_tkemenade 26233238625 57819 3026

1722597077.6764786 17268755
cloud_controller_tkemenade 12383505204 27834 5046

1722597077.6769693 17268755
cloud0_tkemenade 26233238625 58019 3026

1722597078.6792874 17268980
cloud_controller_tkemenade 12383505204 27851 5052

1722597078.6797893 17268980
cloud0_tkemenade 26233238625 58219 3026

1722597079.6823304 17269203
cloud_controller_tkemenade 12383505204 27868 5058

1722597079.6828268 17269203
cloud0_tkemenade 26233238625 58420 3026

1722597080.6853487 17269429
cloud_controller_tkemenade 12383505204 27894 5067

1722597080.6858547 17269430
cloud0_tkemenade 26233238625 58621 3026

1722597081.6883876 17269665
cloud_controller_tkemenade 12383505204 27930 5073

1722597081.6888936 17269665
cloud0_tkemenade 26233238625 58820 3026

1722597082.6911943 17269883
cloud_controller_tkemenade 12383505204 27947 5082

1722597082.6916785 17269883
cloud0_tkemenade 26233238625 59021 3027

1722597082.7920485 17269909
cloud_controller_tkemenade 12384482740 27950 5083

1722597082.7925045 17269909
cloud0_tkemenade 26239699460 59041 3027

1722597083.7943628 17270130
cloud_controller_tkemenade 12384482740 27966 5090

1722597083.794825 17270130
cloud0_tkemenade 26239699460 59242 3027

1722597084.797264 17270348
cloud_controller_tkemenade 12384482740 27983 5096

1722597084.79775 17270349
cloud0_tkemenade 26239699460 59443 3027

1722597085.7999568 17270574
cloud_controller_tkemenade 12384482740 28006 5103

1722597085.800416 17270574
cloud0_tkemenade 26239699460 59643 3027

1722597086.8027372 17270821
cloud_controller_tkemenade 12384482740 28048 5114

1722597086.8032422 17270821
cloud0_tkemenade 26239699460 59844 3027

1722597087.8056483 17271053
cloud_controller_tkemenade 12384482740 28066 5120

1722597087.806218 17271053
cloud0_tkemenade 26239699460 60044 3027

1722597088.8084545 17271277
cloud_controller_tkemenade 12384482740 28085 5126

1722597088.8089325 17271277
cloud0_tkemenade 26239699460 60244 3027

1722597089.8110046 17271528
cloud_controller_tkemenade 12384482740 28121 5131

1722597089.8114874 17271528
cloud0_tkemenade 26239699460 60445 3027

1722597090.0121715 17271576
cloud_controller_tkemenade 12385485859 28127 5132

1722597090.01264 17271576
cloud0_tkemenade 26246172504 60485 3027

1722597091.0148299 17271799
cloud_controller_tkemenade 12385485859 28149 5137

1722597091.0153203 17271799
cloud0_tkemenade 26246172504 60686 3027

1722597092.0178013 17272032
cloud_controller_tkemenade 12385485859 28181 5143

1722597092.0182707 17272032
cloud0_tkemenade 26246172504 60887 3027

1722597093.020535 17272251
cloud_controller_tkemenade 12385485859 28198 5148

1722597093.0210266 17272251
cloud0_tkemenade 26246172504 61087 3027

1722597094.0232043 17272468
cloud_controller_tkemenade 12385485859 28216 5152

1722597094.023686 17272468
cloud0_tkemenade 26246172504 61288 3027

1722597095.0259912 17272692
cloud_controller_tkemenade 12385485859 28240 5156

1722597095.0264764 17272692
cloud0_tkemenade 26246172504 61488 3027

1722597096.028855 17272906
cloud_controller_tkemenade 12385485859 28256 5162

1722597096.0293207 17272906
cloud0_tkemenade 26246172504 61688 3027

1722597097.03129 17273143
cloud_controller_tkemenade 12385485859 28288 5169

1722597097.0317395 17273143
cloud0_tkemenade 26246172504 61889 3027

1722597097.1321943 17273176
cloud_controller_tkemenade 12386413542 28289 5170

1722597097.1325355 17273176
cloud0_tkemenade 26252629906 61909 3027

1722597098.1348665 17273406
cloud_controller_tkemenade 12386413542 28305 5175

1722597098.1353498 17273406
cloud0_tkemenade 26252629906 62110 3027

1722597099.1377983 17273629
cloud_controller_tkemenade 12386413542 28322 5184

1722597099.1383054 17273629
cloud0_tkemenade 26252629906 62311 3027

1722597100.140747 17273850
cloud_controller_tkemenade 12386413542 28342 5190

1722597100.1412196 17273850
cloud0_tkemenade 26252629906 62510 3027

1722597101.1436853 17274069
cloud_controller_tkemenade 12386413542 28361 5195

1722597101.1441872 17274069
cloud0_tkemenade 26252629906 62711 3027

1722597102.1466856 17274306
cloud_controller_tkemenade 12386413542 28398 5206

1722597102.1471567 17274306
cloud0_tkemenade 26252629906 62912 3027

1722597103.1495585 17274533
cloud_controller_tkemenade 12386413542 28421 5212

1722597103.150079 17274534
cloud0_tkemenade 26252629906 63113 3027

1722597104.1523292 17274766
cloud_controller_tkemenade 12386413542 28442 5218

1722597104.152802 17274766
cloud0_tkemenade 26252629906 63313 3027

1722597104.253253 17274786
cloud_controller_tkemenade 12387338178 28444 5218

1722597104.2536643 17274786
cloud0_tkemenade 26259097805 63334 3027

1722597105.2560046 17275011
cloud_controller_tkemenade 12387338178 28465 5223

1722597105.2565029 17275011
cloud0_tkemenade 26259097805 63534 3027

1722597106.2589695 17275230
cloud_controller_tkemenade 12387338178 28487 5226

1722597106.2594502 17275230
cloud0_tkemenade 26259097805 63734 3027

1722597107.2619328 17275466
cloud_controller_tkemenade 12387338178 28520 5235

1722597107.262423 17275466
cloud0_tkemenade 26259097805 63935 3027

1722597108.2647407 17275700
cloud_controller_tkemenade 12387338178 28540 5240

1722597108.2652345 17275700
cloud0_tkemenade 26259097805 64135 3027

1722597109.2677393 17275942
cloud_controller_tkemenade 12387338178 28563 5244

1722597109.2682424 17275942
cloud0_tkemenade 26259097805 64336 3027

1722597110.2706962 17276168
cloud_controller_tkemenade 12387338178 28587 5249

1722597110.2711465 17276168
cloud0_tkemenade 26259097805 64537 3027

1722597111.273588 17276397
cloud_controller_tkemenade 12388253603 28607 5256

1722597111.2740664 17276398
cloud0_tkemenade 26265569544 64737 3027

1722597112.2763462 17276633
cloud_controller_tkemenade 12388253603 28642 5265

1722597112.2768464 17276633
cloud0_tkemenade 26265569544 64937 3027

1722597113.2791836 17276852
cloud_controller_tkemenade 12388253603 28662 5272

1722597113.2796798 17276852
cloud0_tkemenade 26265569544 65138 3027

1722597114.2820873 17277076
cloud_controller_tkemenade 12388253603 28678 5279

1722597114.2825809 17277076
cloud0_tkemenade 26265569544 65338 3027

1722597115.2850423 17277295
cloud_controller_tkemenade 12388253603 28697 5287

1722597115.2855396 17277295
cloud0_tkemenade 26265569544 65538 3027

1722597116.2877927 17277517
cloud_controller_tkemenade 12388253603 28715 5292

1722597116.2882526 17277517
cloud0_tkemenade 26265569544 65739 3027

1722597117.2908578 17277772
cloud_controller_tkemenade 12388253603 28767 5297

1722597117.2913668 17277772
cloud0_tkemenade 26265569544 65940 3027

1722597118.2936597 17278006
cloud_controller_tkemenade 12388253603 28783 5305

1722597118.2941637 17278006
cloud0_tkemenade 26265569544 66141 3027

1722597118.5949712 17278077
cloud_controller_tkemenade 12389297324 28791 5307

1722597118.595455 17278077
cloud0_tkemenade 26272049498 66201 3027

1722597119.5978324 17278291
cloud_controller_tkemenade 12389297324 28806 5313

1722597119.5983136 17278291
cloud0_tkemenade 26272049498 66402 3027

1722597120.600807 17278509
cloud_controller_tkemenade 12389297324 28824 5319

1722597120.601308 17278509
cloud0_tkemenade 26272049498 66602 3027

1722597121.6037934 17278733
cloud_controller_tkemenade 12389297324 28846 5325

1722597121.6042895 17278733
cloud0_tkemenade 26272049498 66803 3027

1722597122.6067264 17278969
cloud_controller_tkemenade 12389297324 28879 5333

1722597122.6072094 17278969
cloud0_tkemenade 26272049498 67003 3027

1722597123.609692 17279188
cloud_controller_tkemenade 12389297324 28897 5342

1722597123.6101906 17279188
cloud0_tkemenade 26272049498 67204 3027

1722597124.6125498 17279413
cloud_controller_tkemenade 12389297324 28915 5351

1722597124.6130397 17279413
cloud0_tkemenade 26272049498 67404 3027

1722597125.6153352 17279634
cloud_controller_tkemenade 12389297324 28938 5359

1722597125.6158118 17279634
cloud0_tkemenade 26272049498 67605 3027

1722597125.7161689 17279659
cloud_controller_tkemenade 12390215879 28939 5360

1722597125.71661 17279659
cloud0_tkemenade 26278534228 67625 3028

1722597126.7185717 17279883
cloud_controller_tkemenade 12390215879 28962 5366

1722597126.7190747 17279883
cloud0_tkemenade 26278534228 67825 3028

1722597127.721318 17280113
cloud_controller_tkemenade 12390215879 28989 5372

1722597127.7218046 17280114
cloud0_tkemenade 26278534228 68025 3028

1722597128.724214 17280344
cloud_controller_tkemenade 12390215879 29004 5378

1722597128.7246954 17280344
cloud0_tkemenade 26278534228 68225 3028

1722597129.726759 17280564
cloud_controller_tkemenade 12390215879 29023 5384

1722597129.7272398 17280564
cloud0_tkemenade 26278534228 68426 3028

1722597130.7296507 17280789
cloud_controller_tkemenade 12390215879 29045 5390

1722597130.7301645 17280789
cloud0_tkemenade 26278534228 68627 3028

1722597131.7326066 17281010
cloud_controller_tkemenade 12390215879 29067 5398

1722597131.7330976 17281010
cloud0_tkemenade 26278534228 68827 3028

1722597132.7353654 17281251
cloud_controller_tkemenade 12391155675 29097 5405

1722597132.7358434 17281251
cloud0_tkemenade 26285015583 69027 3028

1722597133.7374146 17281466
cloud_controller_tkemenade 12391155675 29115 5410

1722597133.7379057 17281467
cloud0_tkemenade 26285015583 69228 3028

1722597134.7397525 17281681
cloud_controller_tkemenade 12391155675 29132 5419

1722597134.7402697 17281681
cloud0_tkemenade 26285015583 69428 3028

1722597135.7427154 17281905
cloud_controller_tkemenade 12391155675 29155 5427

1722597135.7432225 17281905
cloud0_tkemenade 26285015583 69629 3028

1722597136.7456632 17282125
cloud_controller_tkemenade 12391155675 29176 5433

1722597136.7461772 17282125
cloud0_tkemenade 26285015583 69830 3028

1722597137.748513 17282354
cloud_controller_tkemenade 12391155675 29202 5440

1722597137.7489698 17282354
cloud0_tkemenade 26285015583 70030 3028

1722597138.7514048 17282587
cloud_controller_tkemenade 12391155675 29217 5447

1722597138.751979 17282587
cloud0_tkemenade 26285015583 70230 3028

1722597139.7542102 17282810
cloud_controller_tkemenade 12392003790 29232 5454

1722597139.754647 17282810
cloud0_tkemenade 26291490442 70431 3028

1722597140.757087 17283040
cloud_controller_tkemenade 12392003790 29257 5460

1722597140.7575881 17283040
cloud0_tkemenade 26291490442 70631 3028

1722597141.7599359 17283258
cloud_controller_tkemenade 12392003790 29277 5468

1722597141.7604299 17283258
cloud0_tkemenade 26291490442 70832 3028

1722597142.7625363 17283498
cloud_controller_tkemenade 12392003790 29311 5476

1722597142.7630255 17283498
cloud0_tkemenade 26291490442 71032 3028

1722597143.765313 17283712
cloud_controller_tkemenade 12392003790 29328 5484

1722597143.7658105 17283713
cloud0_tkemenade 26291490442 71233 3028

1722597144.7681825 17283935
cloud_controller_tkemenade 12392003790 29349 5492

1722597144.7686348 17283935
cloud0_tkemenade 26291490442 71433 3028

1722597145.7709641 17284157
cloud_controller_tkemenade 12392003790 29369 5499

1722597145.7713892 17284157
cloud0_tkemenade 26291490442 71634 3028

1722597146.773837 17284378
cloud_controller_tkemenade 12392003790 29392 5501

1722597146.77432 17284378
cloud0_tkemenade 26291490442 71835 3028

1722597146.974901 17284428
cloud_controller_tkemenade 12392944727 29395 5502

1722597146.97535 17284428
cloud0_tkemenade 26297968951 71875 3028

1722597147.977519 17284654
cloud_controller_tkemenade 12392944727 29423 5509

1722597147.9779987 17284655
cloud0_tkemenade 26297968951 72075 3028

1722597148.9802125 17284894
cloud_controller_tkemenade 12392944727 29443 5517

1722597148.9806812 17284894
cloud0_tkemenade 26297968951 72275 3028

1722597149.9830742 17285120
cloud_controller_tkemenade 12392944727 29466 5522

1722597149.9835134 17285120
cloud0_tkemenade 26297968951 72476 3028

1722597150.9859045 17285345
cloud_controller_tkemenade 12392944727 29488 5528

1722597150.9863672 17285345
cloud0_tkemenade 26297968951 72677 3028

1722597151.9888425 17285568
cloud_controller_tkemenade 12392944727 29514 5535

1722597151.9893074 17285568
cloud0_tkemenade 26297968951 72877 3028

1722597152.9915795 17285799
cloud_controller_tkemenade 12392944727 29542 5541

1722597152.992076 17285799
cloud0_tkemenade 26297968951 73078 3028

1722597153.9941247 17286016
cloud_controller_tkemenade 12392944727 29559 5548

1722597153.9945705 17286016
cloud0_tkemenade 26297968951 73278 3028

1722597154.095016 17286040
cloud_controller_tkemenade 12393911836 29560 5548

1722597154.0954354 17286040
cloud0_tkemenade 26304446759 73298 3028

1722597155.0978508 17286265
cloud_controller_tkemenade 12393911836 29580 5555

1722597155.0983217 17286265
cloud0_tkemenade 26304446759 73499 3028

1722597156.100736 17286487
cloud_controller_tkemenade 12393911836 29604 5559

1722597156.1011615 17286487
cloud0_tkemenade 26304446759 73699 3028

1722597157.103522 17286707
cloud_controller_tkemenade 12393911836 29626 5563

1722597157.1039526 17286707
cloud0_tkemenade 26304446759 73900 3028

1722597158.106312 17286936
cloud_controller_tkemenade 12393911836 29654 5572

1722597158.106766 17286936
cloud0_tkemenade 26304446759 74101 3028

1722597159.1091962 17287173
cloud_controller_tkemenade 12393911836 29671 5577

1722597159.1096833 17287173
cloud0_tkemenade 26304446759 74302 3028

1722597160.1120274 17287391
cloud_controller_tkemenade 12393911836 29691 5582

1722597160.1124682 17287391
cloud0_tkemenade 26304446759 74502 3028

1722597161.1148603 17287614
cloud_controller_tkemenade 12394807645 29714 5587

1722597161.1153183 17287614
cloud0_tkemenade 26310944862 74702 3028

1722597162.1174288 17287849
cloud_controller_tkemenade 12394807645 29749 5593

1722597162.1178885 17287850
cloud0_tkemenade 26310944862 74903 3028

1722597163.119983 17288081
cloud_controller_tkemenade 12394807645 29780 5600

1722597163.120472 17288081
cloud0_tkemenade 26310944862 75103 3028

1722597164.122851 17288295
cloud_controller_tkemenade 12394807645 29794 5608

1722597164.1233165 17288295
cloud0_tkemenade 26310944862 75304 3028

1722597165.1257844 17288518
cloud_controller_tkemenade 12394807645 29811 5617

1722597165.126277 17288518
cloud0_tkemenade 26310944862 75505 3028

1722597166.128692 17288739
cloud_controller_tkemenade 12394807645 29832 5622

1722597166.129141 17288739
cloud0_tkemenade 26310944862 75704 3028

1722597167.131568 17288962
cloud_controller_tkemenade 12394807645 29856 5630

1722597167.1320765 17288962
cloud0_tkemenade 26310944862 75905 3028

1722597168.133898 17289195
cloud_controller_tkemenade 12395817848 29881 5638

1722597168.1343825 17289195
cloud0_tkemenade 26317427772 76106 3028

1722597169.1366875 17289434
cloud_controller_tkemenade 12395817848 29903 5645

1722597169.1371796 17289434
cloud0_tkemenade 26317427772 76306 3028

1722597170.1395135 17289653
cloud_controller_tkemenade 12395817848 29922 5650

1722597170.1399984 17289653
cloud0_tkemenade 26317427772 76507 3028

1722597171.1423225 17289879
cloud_controller_tkemenade 12395817848 29946 5660

1722597171.142815 17289879
cloud0_tkemenade 26317427772 76708 3028

1722597172.1452382 17290106
cloud_controller_tkemenade 12395817848 29974 5669

1722597172.1457362 17290108
cloud0_tkemenade 26317427772 76908 3028

1722597173.1482382 17290340
cloud_controller_tkemenade 12395817848 30005 5677

1722597173.1487007 17290340
cloud0_tkemenade 26317427772 77108 3028

1722597174.1508925 17290557
cloud_controller_tkemenade 12395817848 30018 5685

1722597174.1513472 17290557
cloud0_tkemenade 26317427772 77308 3029

1722597175.1537602 17290774
cloud_controller_tkemenade 12395817848 30036 5692

1722597175.154225 17290774
cloud0_tkemenade 26317427772 77509 3029

1722597175.3548582 17290822
cloud_controller_tkemenade 12396772007 30042 5693

1722597175.3552861 17290822
cloud0_tkemenade 26323937457 77549 3029

1722597176.3577044 17291038
cloud_controller_tkemenade 12396772007 30058 5698

1722597176.3581762 17291038
cloud0_tkemenade 26323937457 77750 3029

1722597177.3606236 17291267
cloud_controller_tkemenade 12396772007 30085 5703

1722597177.3610995 17291267
cloud0_tkemenade 26323937457 77950 3029

1722597178.3634918 17291492
cloud_controller_tkemenade 12396772007 30110 5709

1722597178.3639588 17291492
cloud0_tkemenade 26323937457 78150 3029

1722597179.366356 17291723
cloud_controller_tkemenade 12396772007 30131 5713

1722597179.3668516 17291723
cloud0_tkemenade 26323937457 78351 3029

1722597180.3691523 17291942
cloud_controller_tkemenade 12396772007 30153 5719

1722597180.369572 17291942
cloud0_tkemenade 26323937457 78551 3029

1722597181.3719866 17292160
cloud_controller_tkemenade 12396772007 30171 5726

1722597181.3724043 17292160
cloud0_tkemenade 26323937457 78752 3029

1722597182.3745873 17292386
cloud_controller_tkemenade 12396772007 30203 5734

1722597182.3750465 17292386
cloud0_tkemenade 26323937457 78953 3029

1722597182.4754272 17292414
cloud_controller_tkemenade 12397712154 30206 5734

1722597182.475884 17292414
cloud0_tkemenade 26330454287 78973 3029

1722597183.4782133 17292644
cloud_controller_tkemenade 12397712154 30233 5737

1722597183.4784822 17292644
cloud0_tkemenade 26330454287 79173 3029

1722597184.4808173 17292871
cloud_controller_tkemenade 12397712154 30258 5743

1722597184.4812822 17292871
cloud0_tkemenade 26330454287 79374 3029

1722597185.4836733 17293097
cloud_controller_tkemenade 12397712154 30283 5747

1722597185.4841406 17293097
cloud0_tkemenade 26330454287 79574 3029

1722597186.4865417 17293316
cloud_controller_tkemenade 12397712154 30303 5754

1722597186.4870086 17293316
cloud0_tkemenade 26330454287 79775 3030

1722597187.4894373 17293539
cloud_controller_tkemenade 12397712154 30329 5760

1722597187.4897068 17293539
cloud0_tkemenade 26330454287 79975 3030

1722597188.4919798 17293764
cloud_controller_tkemenade 12397712154 30354 5765

1722597188.4924424 17293764
cloud0_tkemenade 26330454287 80175 3030

1722597189.494543 17293992
cloud_controller_tkemenade 12398660822 30372 5771

1722597189.494828 17293992
cloud0_tkemenade 26336960103 80376 3030

1722597190.4970472 17294208
cloud_controller_tkemenade 12398660822 30392 5777

1722597190.497507 17294208
cloud0_tkemenade 26336960103 80576 3030

1722597191.500038 17294428
cloud_controller_tkemenade 12398660822 30412 5784

1722597191.5005198 17294428
cloud0_tkemenade 26336960103 80777 3030

1722597192.5028708 17294676
cloud_controller_tkemenade 12398660822 30448 5793

1722597192.503363 17294676
cloud0_tkemenade 26336960103 80978 3030

1722597193.5055141 17294896
cloud_controller_tkemenade 12398660822 30467 5802

1722597193.505883 17294897
cloud0_tkemenade 26336960103 81179 3030

1722597194.507968 17295113
cloud_controller_tkemenade 12398660822 30487 5807

1722597194.508443 17295113
cloud0_tkemenade 26336960103 81379 3030

1722597195.5104222 17295335
cloud_controller_tkemenade 12398660822 30510 5812

1722597195.5108917 17295335
cloud0_tkemenade 26336960103 81580 3030

1722597196.513246 17295553
cloud_controller_tkemenade 12398660822 30529 5816

1722597196.5136964 17295553
cloud0_tkemenade 26336960103 81780 3030

1722597196.7143466 17295603
cloud_controller_tkemenade 12399606379 30534 5819

1722597196.7148094 17295603
cloud0_tkemenade 26343448426 81820 3030

1722597197.7170944 17295825
cloud_controller_tkemenade 12399606379 30559 5824

1722597197.7175918 17295825
cloud0_tkemenade 26343448426 82020 3030

1722597198.720066 17296054
cloud_controller_tkemenade 12399606379 30583 5829

1722597198.7205586 17296054
cloud0_tkemenade 26343448426 82221 3030

1722597199.7229097 17296282
cloud_controller_tkemenade 12399606379 30603 5835

1722597199.7232594 17296282
cloud0_tkemenade 26343448426 82421 3030

1722597200.7256072 17296513
cloud_controller_tkemenade 12399606379 30634 5842

1722597200.7261043 17296514
cloud0_tkemenade 26343448426 82622 3030

1722597201.7284286 17296735
cloud_controller_tkemenade 12399606379 30656 5848

1722597201.7289083 17296735
cloud0_tkemenade 26343448426 82822 3030

1722597202.731286 17296972
cloud_controller_tkemenade 12399606379 30690 5854

1722597202.7317803 17296972
cloud0_tkemenade 26343448426 83023 3030

1722597203.7340467 17297198
cloud_controller_tkemenade 12400616319 30710 5861

1722597203.7345173 17297198
cloud0_tkemenade 26349929646 83224 3030

1722597204.7369392 17297418
cloud_controller_tkemenade 12400616319 30731 5866

1722597204.7374375 17297418
cloud0_tkemenade 26349929646 83424 3030

1722597205.7399204 17297643
cloud_controller_tkemenade 12400616319 30756 5873

1722597205.7404144 17297643
cloud0_tkemenade 26349929646 83625 3030

1722597206.7429035 17297860
cloud_controller_tkemenade 12400616319 30774 5878

1722597206.7433925 17297860
cloud0_tkemenade 26349929646 83825 3030

1722597207.7458775 17298082
cloud_controller_tkemenade 12400616319 30795 5886

1722597207.7463806 17298082
cloud0_tkemenade 26349929646 84026 3031

1722597208.7487998 17298312
cloud_controller_tkemenade 12400616319 30823 5891

1722597208.7492902 17298312
cloud0_tkemenade 26349929646 84226 3031

1722597209.7517571 17298552
cloud_controller_tkemenade 12400616319 30851 5893

1722597209.7522557 17298552
cloud0_tkemenade 26349929646 84426 3031

1722597210.7544036 17298794
cloud_controller_tkemenade 12401542254 30874 5898

1722597210.7548726 17298794
cloud0_tkemenade 26356406629 84627 3031

1722597211.7572737 17299016
cloud_controller_tkemenade 12401542254 30896 5905

1722597211.7577643 17299018
cloud0_tkemenade 26356406629 84828 3031

1722597212.7601233 17299249
cloud_controller_tkemenade 12401542254 30925 5912

1722597212.7606103 17299249
cloud0_tkemenade 26356406629 85028 3031

1722597213.7629786 17299475
cloud_controller_tkemenade 12401542254 30948 5918

1722597213.7634552 17299475
cloud0_tkemenade 26356406629 85228 3031

1722597214.7658947 17299702
cloud_controller_tkemenade 12401542254 30971 5925

1722597214.7663918 17299702
cloud0_tkemenade 26356406629 85429 3031

1722597215.7688591 17299926
cloud_controller_tkemenade 12401542254 30997 5930

1722597215.7693343 17299926
cloud0_tkemenade 26356406629 85629 3031

1722597216.7717953 17300151
cloud_controller_tkemenade 12401542254 31020 5937

1722597216.772286 17300151
cloud0_tkemenade 26356406629 85830 3031

1722597217.7745893 17300378
cloud_controller_tkemenade 12402516295 31040 5944

1722597217.7750409 17300378
cloud0_tkemenade 26362874080 86031 3031

1722597218.7769606 17300602
cloud_controller_tkemenade 12402516295 31062 5950

1722597218.7773833 17300602
cloud0_tkemenade 26362874080 86231 3031

1722597219.7796726 17300822
cloud_controller_tkemenade 12402516295 31079 5955

1722597219.7800858 17300822
cloud0_tkemenade 26362874080 86432 3031

1722597220.782366 17301055
cloud_controller_tkemenade 12402516295 31098 5963

1722597220.7828245 17301055
cloud0_tkemenade 26362874080 86632 3031

1722597221.7852566 17301276
cloud_controller_tkemenade 12402516295 31120 5971

1722597221.7857158 17301276
cloud0_tkemenade 26362874080 86833 3031

1722597222.7881968 17301512
cloud_controller_tkemenade 12402516295 31152 5980

1722597222.7886472 17301512
cloud0_tkemenade 26362874080 87033 3031

1722597223.7910006 17301734
cloud_controller_tkemenade 12402516295 31172 5989

1722597223.791429 17301734
cloud0_tkemenade 26362874080 87234 3031

1722597224.7929208 17301956
cloud_controller_tkemenade 12402516295 31191 5995

1722597224.7933896 17301956
cloud0_tkemenade 26362874080 87434 3031

1722597224.9938343 17302010
cloud_controller_tkemenade 12403448128 31195 5996

1722597224.9942694 17302010
cloud0_tkemenade 26369356396 87474 3031

1722597225.996435 17302234
cloud_controller_tkemenade 12403448128 31217 6001

1722597225.9968643 17302234
cloud0_tkemenade 26369356396 87674 3031

1722597226.999161 17302455
cloud_controller_tkemenade 12403448128 31238 6011

1722597226.9996326 17302455
cloud0_tkemenade 26369356396 87875 3031

1722597228.001904 17302678
cloud_controller_tkemenade 12403448128 31259 6017

1722597228.0023665 17302678
cloud0_tkemenade 26369356396 88076 3031

1722597229.0047286 17302911
cloud_controller_tkemenade 12403448128 31287 6020

1722597229.0051837 17302911
cloud0_tkemenade 26369356396 88276 3031

1722597230.0075493 17303134
cloud_controller_tkemenade 12403448128 31310 6023

1722597230.007992 17303134
cloud0_tkemenade 26369356396 88477 3032

1722597231.010318 17303374
cloud_controller_tkemenade 12403448128 31336 6028

1722597231.0108037 17303374
cloud0_tkemenade 26369356396 88677 3032

1722597232.0132127 17303598
cloud_controller_tkemenade 12403448128 31359 6034

1722597232.0136933 17303598
cloud0_tkemenade 26369356396 88878 3032

1722597232.2142615 17303648
cloud_controller_tkemenade 12404365529 31360 6036

1722597232.214693 17303648
cloud0_tkemenade 26375832174 88918 3032

1722597233.2165296 17303883
cloud_controller_tkemenade 12404365529 31395 6043

1722597233.2169652 17303883
cloud0_tkemenade 26375832174 89118 3032

1722597234.2191644 17304105
cloud_controller_tkemenade 12404365529 31411 6050

1722597234.2195928 17304105
cloud0_tkemenade 26375832174 89319 3032

1722597235.2220082 17304324
cloud_controller_tkemenade 12404365529 31431 6057

1722597235.2224934 17304324
cloud0_tkemenade 26375832174 89520 3032

1722597236.2248766 17304545
cloud_controller_tkemenade 12404365529 31450 6063

1722597236.225361 17304545
cloud0_tkemenade 26375832174 89720 3032

1722597237.2278383 17304788
cloud_controller_tkemenade 12404365529 31494 6068

1722597237.2283356 17304788
cloud0_tkemenade 26375832174 89921 3032

1722597238.230768 17305021
cloud_controller_tkemenade 12404365529 31521 6074

1722597238.2312474 17305021
cloud0_tkemenade 26375832174 90121 3032

1722597239.2336133 17305246
cloud_controller_tkemenade 12404365529 31541 6081

1722597239.2341275 17305251
cloud0_tkemenade 26375832174 90322 3032

1722597239.3345776 17305272
cloud_controller_tkemenade 12405402650 31542 6081

1722597239.334962 17305272
cloud0_tkemenade 26382291440 90342 3032

1722597240.3373835 17305492
cloud_controller_tkemenade 12405402650 31563 6088

1722597240.3378835 17305494
cloud0_tkemenade 26382291440 90543 3032

1722597241.3401 17305732
cloud_controller_tkemenade 12405402650 31584 6095

1722597241.3406005 17305732
cloud0_tkemenade 26382291440 90743 3032

1722597242.343079 17305950
cloud_controller_tkemenade 12405402650 31602 6101

1722597242.343551 17305950
cloud0_tkemenade 26382291440 90944 3032

1722597243.3459485 17306187
cloud_controller_tkemenade 12405402650 31634 6108

1722597243.3465168 17306187
cloud0_tkemenade 26382291440 91144 3032

1722597244.3489614 17306408
cloud_controller_tkemenade 12405402650 31653 6112

1722597244.349433 17306408
cloud0_tkemenade 26382291440 91344 3032

1722597245.3518825 17306642
cloud_controller_tkemenade 12405402650 31674 6119

1722597245.3523707 17306642
cloud0_tkemenade 26382291440 91545 3033

1722597246.25453 17306848
cloud_controller_tkemenade 12406308656 31696 6123

1722597246.2550147 17306848
cloud0_tkemenade 26388767535 91725 3033

1722597247.2574296 17307073
cloud_controller_tkemenade 12406308656 31721 6128

1722597247.257967 17307074
cloud0_tkemenade 26388767535 91926 3033

1722597248.2602394 17307304
cloud_controller_tkemenade 12406308656 31748 6134

1722597248.26073 17307304
cloud0_tkemenade 26388767535 92126 3033

1722597249.2632067 17307528
cloud_controller_tkemenade 12406308656 31767 6138

1722597249.2637036 17307528
cloud0_tkemenade 26388767535 92327 3033

1722597250.2661552 17307752
cloud_controller_tkemenade 12406308656 31787 6143

1722597250.26663 17307752
cloud0_tkemenade 26388767535 92528 3033

1722597251.2690141 17307982
cloud_controller_tkemenade 12406308656 31809 6154

1722597251.2694972 17307982
cloud0_tkemenade 26388767535 92728 3033

1722597252.2716608 17308208
cloud_controller_tkemenade 12406308656 31835 6160

1722597252.2721446 17308208
cloud0_tkemenade 26388767535 92929 3033

1722597253.274568 17308447
cloud_controller_tkemenade 12406308656 31867 6170

1722597253.2750735 17308447
cloud0_tkemenade 26388767535 93130 3033

1722597253.4757366 17308501
cloud_controller_tkemenade 12407323995 31875 6171

1722597253.4760218 17308501
cloud0_tkemenade 26395232463 93170 3033

1722597254.4783015 17308718
cloud_controller_tkemenade 12407323995 31892 6177

1722597254.4787753 17308718
cloud0_tkemenade 26395232463 93370 3033

1722597255.4812515 17308936
cloud_controller_tkemenade 12407323995 31909 6184

1722597255.4817197 17308936
cloud0_tkemenade 26395232463 93571 3033

1722597256.4842467 17309168
cloud_controller_tkemenade 12407323995 31933 6190

1722597256.4847202 17309168
cloud0_tkemenade 26395232463 93771 3033

1722597257.4871123 17309403
cloud_controller_tkemenade 12407323995 31951 6198

1722597257.487369 17309403
cloud0_tkemenade 26395232463 93972 3033

1722597258.4896631 17309650
cloud_controller_tkemenade 12407323995 31983 6199

1722597258.4907587 17309651
cloud0_tkemenade 26395232463 94173 3033

1722597259.4931605 17309888
cloud_controller_tkemenade 12407323995 32003 6206

1722597259.4936295 17309888
cloud0_tkemenade 26395232463 94374 3033

1722597260.4961543 17310128
cloud_controller_tkemenade 12408172276 32018 6215

1722597260.4966223 17310128
cloud0_tkemenade 26401656474 94574 3033

1722597261.4989812 17310394
cloud_controller_tkemenade 12408172276 32041 6227

1722597261.4994676 17310394
cloud0_tkemenade 26401656474 94774 3033

1722597262.5019104 17310623
cloud_controller_tkemenade 12408172276 32044 6252

1722597262.5023873 17310623
cloud0_tkemenade 26401656474 94975 3033

1722597263.504872 17310886
cloud_controller_tkemenade 12408172276 32081 6257

1722597263.505336 17310886
cloud0_tkemenade 26401656474 95175 3033

1722597264.5077696 17311124
cloud_controller_tkemenade 12408172276 32102 6258

1722597264.5082376 17311124
cloud0_tkemenade 26401656474 95376 3033

1722597265.5107188 17311364
cloud_controller_tkemenade 12408172276 32118 6267

1722597265.511183 17311364
cloud0_tkemenade 26401656474 95577 3033

1722597266.5136387 17311587
cloud_controller_tkemenade 12408172276 32135 6279

1722597266.5141232 17311587
cloud0_tkemenade 26401656474 95778 3033

1722597267.5164754 17311803
cloud_controller_tkemenade 12408172276 32155 6285

1722597267.516929 17311803
cloud0_tkemenade 26401656474 95978 3033

1722597267.7175605 17311850
cloud_controller_tkemenade 12409119131 32159 6287

1722597267.718066 17311850
cloud0_tkemenade 26408057753 96018 3033

1722597268.7203224 17312080
cloud_controller_tkemenade 12409119131 32186 6292

1722597268.7208052 17312080
cloud0_tkemenade 26408057753 96218 3034

1722597269.7232602 17312310
cloud_controller_tkemenade 12409119131 32216 6299

1722597269.7237484 17312310
cloud0_tkemenade 26408057753 96418 3034

1722597270.7262459 17312536
cloud_controller_tkemenade 12409119131 32241 6303

1722597270.7267292 17312536
cloud0_tkemenade 26408057753 96619 3034

1722597271.729111 17312766
cloud_controller_tkemenade 12409119131 32262 6310

1722597271.7296135 17312766
cloud0_tkemenade 26408057753 96820 3034

1722597272.732093 17312992
cloud_controller_tkemenade 12409119131 32287 6318

1722597272.7325907 17312992
cloud0_tkemenade 26408057753 97019 3035

1722597273.7350614 17313216
cloud_controller_tkemenade 12409119131 32313 6325

1722597273.7355506 17313216
cloud0_tkemenade 26408057753 97220 3035

1722597274.737838 17313446
cloud_controller_tkemenade 12409119131 32333 6329

1722597274.7383106 17313446
cloud0_tkemenade 26408057753 97420 3035

1722597274.8387523 17313468
cloud_controller_tkemenade 12410120380 32334 6330

1722597274.8391988 17313468
cloud0_tkemenade 26414515815 97440 3035

1722597275.8415446 17313689
cloud_controller_tkemenade 12410120380 32356 6336

1722597275.84204 17313690
cloud0_tkemenade 26414515815 97641 3035

1722597276.8444045 17313910
cloud_controller_tkemenade 12410120380 32379 6343

1722597276.8448422 17313910
cloud0_tkemenade 26414515815 97841 3035

1722597277.8471413 17314135
cloud_controller_tkemenade 12410120380 32398 6348

1722597277.8475769 17314135
cloud0_tkemenade 26414515815 98042 3035

1722597278.849947 17314361
cloud_controller_tkemenade 12410120380 32425 6353

1722597278.8503797 17314361
cloud0_tkemenade 26414515815 98243 3035

1722597279.8527315 17314578
cloud_controller_tkemenade 12410120380 32445 6359

1722597279.853188 17314578
cloud0_tkemenade 26414515815 98443 3035

1722597280.8555632 17314803
cloud_controller_tkemenade 12410120380 32470 6364

1722597280.856049 17314803
cloud0_tkemenade 26414515815 98644 3035

1722597281.8584287 17315048
cloud_controller_tkemenade 12411041421 32492 6373

1722597281.858926 17315048
cloud0_tkemenade 26420990463 98845 3035

1722597282.8612955 17315275
cloud_controller_tkemenade 12411041421 32518 6378

1722597282.8617396 17315276
cloud0_tkemenade 26420990463 99045 3035

1722597283.864093 17315500
cloud_controller_tkemenade 12411041421 32546 6382

1722597283.8645458 17315500
cloud0_tkemenade 26420990463 99245 3035

1722597284.8668303 17315720
cloud_controller_tkemenade 12411041421 32565 6387

1722597284.8672762 17315720
cloud0_tkemenade 26420990463 99446 3035

1722597285.8696568 17315943
cloud_controller_tkemenade 12411041421 32588 6394

1722597285.870096 17315943
cloud0_tkemenade 26420990463 99646 3035

1722597286.8724637 17316166
cloud_controller_tkemenade 12411041421 32611 6401

1722597286.8729043 17316166
cloud0_tkemenade 26420990463 99846 3035

1722597287.8749382 17316394
cloud_controller_tkemenade 12411041421 32629 6408

1722597287.8754182 17316394
cloud0_tkemenade 26420990463 100047 3035

1722597288.877512 17316626
cloud_controller_tkemenade 12411041421 32657 6413

1722597288.8778346 17316626
cloud0_tkemenade 26420990463 100248 3035

1722597288.978024 17316654
cloud_controller_tkemenade 12411990283 32662 6414

1722597288.978298 17316654
cloud0_tkemenade 26427468274 100268 3035

1722597289.980375 17316872
cloud_controller_tkemenade 12411990283 32681 6419

1722597289.9808638 17316872
cloud0_tkemenade 26427468274 100468 3035

1722597290.982929 17317106
cloud_controller_tkemenade 12411990283 32710 6426

1722597290.9834144 17317106
cloud0_tkemenade 26427468274 100669 3035

1722597291.985837 17317342
cloud_controller_tkemenade 12411990283 32729 6433

1722597291.986305 17317342
cloud0_tkemenade 26427468274 100870 3035

1722597292.9884095 17317576
cloud_controller_tkemenade 12411990283 32759 6440

1722597292.9889164 17317576
cloud0_tkemenade 26427468274 101069 3035

1722597293.9909859 17317802
cloud_controller_tkemenade 12411990283 32787 6446

1722597293.9914663 17317802
cloud0_tkemenade 26427468274 101270 3035

1722597294.9931936 17318021
cloud_controller_tkemenade 12411990283 32806 6450

1722597294.9934866 17318021
cloud0_tkemenade 26427468274 101470 3035

1722597295.9951472 17318259
cloud_controller_tkemenade 12411990283 32835 6453

1722597295.995619 17318259
cloud0_tkemenade 26427468274 101671 3035

1722597296.096078 17318284
cloud_controller_tkemenade 12412980300 32836 6454

1722597296.0965047 17318284
cloud0_tkemenade 26433942168 101691 3035

1722597297.0987065 17318502
cloud_controller_tkemenade 12412980300 32856 6461

1722597297.099163 17318502
cloud0_tkemenade 26433942168 101892 3035

1722597298.1015818 17318726
cloud_controller_tkemenade 12412980300 32874 6466

1722597298.1020577 17318727
cloud0_tkemenade 26433942168 102093 3035

1722597299.1041846 17318963
cloud_controller_tkemenade 12412980300 32906 6472

1722597299.1046393 17318963
cloud0_tkemenade 26433942168 102292 3036

1722597300.1067436 17319186
cloud_controller_tkemenade 12412980300 32924 6480

1722597300.1071894 17319186
cloud0_tkemenade 26433942168 102493 3036

1722597301.1096127 17319408
cloud_controller_tkemenade 12412980300 32947 6485

1722597301.1100786 17319410
cloud0_tkemenade 26433942168 102694 3036

1722597302.1124132 17319636
cloud_controller_tkemenade 12412980300 32967 6491

1722597302.1127393 17319636
cloud0_tkemenade 26433942168 102894 3036

1722597303.114933 17319883
cloud_controller_tkemenade 12413886272 32991 6496

1722597303.1154032 17319883
cloud0_tkemenade 26440418021 103095 3036

1722597304.1178274 17320105
cloud_controller_tkemenade 12413886272 33014 6503

1722597304.1182714 17320105
cloud0_tkemenade 26440418021 103295 3036

1722597305.1206884 17320325
cloud_controller_tkemenade 12413886272 33032 6511

1722597305.1211395 17320325
cloud0_tkemenade 26440418021 103495 3037

1722597306.1235747 17320543
cloud_controller_tkemenade 12413886272 33054 6518

1722597306.1240172 17320543
cloud0_tkemenade 26440418021 103695 3037

1722597307.126404 17320767
cloud_controller_tkemenade 12413886272 33075 6525

1722597307.126855 17320767
cloud0_tkemenade 26440418021 103896 3037

1722597308.1292496 17320987
cloud_controller_tkemenade 12413886272 33094 6530

1722597308.1297016 17320987
cloud0_tkemenade 26440418021 104097 3037

1722597309.132116 17321222
cloud_controller_tkemenade 12413886272 33123 6536

1722597309.1325734 17321222
cloud0_tkemenade 26440418021 104297 3037

1722597310.1349044 17321447
cloud_controller_tkemenade 12413886272 33143 6540

1722597310.1353307 17321447
cloud0_tkemenade 26440418021 104498 3037

1722597310.235782 17321468
cloud_controller_tkemenade 12414785634 33144 6540

1722597310.2361722 17321468
cloud0_tkemenade 26446905296 104518 3037

1722597311.2385848 17321693
cloud_controller_tkemenade 12414785634 33168 6549

1722597311.2390144 17321693
cloud0_tkemenade 26446905296 104719 3037

1722597312.2413332 17321911
cloud_controller_tkemenade 12414785634 33185 6559

1722597312.2417905 17321912
cloud0_tkemenade 26446905296 104919 3037

1722597313.2441905 17322144
cloud_controller_tkemenade 12414785634 33206 6569

1722597313.244669 17322144
cloud0_tkemenade 26446905296 105119 3037

1722597314.2468884 17322364
cloud_controller_tkemenade 12414785634 33227 6575

1722597314.2473364 17322364
cloud0_tkemenade 26446905296 105320 3037

1722597315.249669 17322581
cloud_controller_tkemenade 12414785634 33245 6580

1722597315.2501724 17322581
cloud0_tkemenade 26446905296 105520 3037

1722597316.2524476 17322806
cloud_controller_tkemenade 12414785634 33270 6585

1722597316.2528875 17322806
cloud0_tkemenade 26446905296 105720 3037

1722597317.154941 17323004
cloud_controller_tkemenade 12415707370 33290 6592

1722597317.155415 17323004
cloud0_tkemenade 26453385239 105901 3037

1722597318.1578426 17323222
cloud_controller_tkemenade 12415707370 33308 6597

1722597318.1582992 17323222
cloud0_tkemenade 26453385239 106102 3037

1722597319.1606388 17323448
cloud_controller_tkemenade 12415707370 33333 6601

1722597319.1610928 17323448
cloud0_tkemenade 26453385239 106302 3037

1722597320.1635535 17323670
cloud_controller_tkemenade 12415707370 33353 6604

1722597320.1639957 17323670
cloud0_tkemenade 26453385239 106503 3037

1722597321.166343 17323890
cloud_controller_tkemenade 12415707370 33377 6610

1722597321.1667643 17323890
cloud0_tkemenade 26453385239 106703 3037

1722597322.1691587 17324117
cloud_controller_tkemenade 12415707370 33401 6616

1722597322.1696167 17324117
cloud0_tkemenade 26453385239 106904 3037

1722597323.171835 17324358
cloud_controller_tkemenade 12415707370 33423 6622

1722597323.172128 17324358
cloud0_tkemenade 26453385239 107104 3037

1722597324.1741166 17324584
cloud_controller_tkemenade 12415707370 33449 6626

1722597324.1745553 17324584
cloud0_tkemenade 26453385239 107305 3037

1722597324.2749665 17324609
cloud_controller_tkemenade 12416603968 33451 6627

1722597324.2753928 17324609
cloud0_tkemenade 26459876429 107325 3037

1722597325.2778287 17324829
cloud_controller_tkemenade 12416603968 33468 6633

1722597325.2782836 17324829
cloud0_tkemenade 26459876429 107526 3037

1722597326.2806532 17325050
cloud_controller_tkemenade 12416603968 33490 6638

1722597326.2810824 17325050
cloud0_tkemenade 26459876429 107725 3037

1722597327.2834353 17325278
cloud_controller_tkemenade 12416603968 33520 6642

1722597327.2838776 17325278
cloud0_tkemenade 26459876429 107926 3038

1722597328.286262 17325497
cloud_controller_tkemenade 12416603968 33534 6647

1722597328.2867172 17325497
cloud0_tkemenade 26459876429 108127 3038

1722597329.2891183 17325736
cloud_controller_tkemenade 12416603968 33572 6656

1722597329.2895393 17325736
cloud0_tkemenade 26459876429 108327 3038

1722597330.29193 17325969
cloud_controller_tkemenade 12416603968 33590 6662

1722597330.2923303 17325969
cloud0_tkemenade 26459876429 108527 3038

1722597331.2946386 17326195
cloud_controller_tkemenade 12416603968 33614 6667

1722597331.2950265 17326195
cloud0_tkemenade 26459876429 108728 3038

1722597331.3954806 17326224
cloud_controller_tkemenade 12417533416 33616 6668

1722597331.395914 17326224
cloud0_tkemenade 26466350672 108748 3038

1722597332.3982637 17326442
cloud_controller_tkemenade 12417533416 33634 6675

1722597332.3987453 17326442
cloud0_tkemenade 26466350672 108949 3038

1722597333.4011948 17326684
cloud_controller_tkemenade 12417533416 33660 6682

1722597333.401698 17326684
cloud0_tkemenade 26466350672 109150 3038

1722597334.4041018 17326908
cloud_controller_tkemenade 12417533416 33686 6691

1722597334.4045753 17326908
cloud0_tkemenade 26466350672 109350 3038

1722597335.4068968 17327132
cloud_controller_tkemenade 12417533416 33707 6696

1722597335.407393 17327132
cloud0_tkemenade 26466350672 109550 3038

1722597336.409844 17327353
cloud_controller_tkemenade 12417533416 33730 6703

1722597336.4103284 17327353
cloud0_tkemenade 26466350672 109751 3038

1722597337.4127724 17327575
cloud_controller_tkemenade 12417533416 33752 6710

1722597337.4132648 17327575
cloud0_tkemenade 26466350672 109950 3039

1722597338.4156382 17327803
cloud_controller_tkemenade 12418488120 33772 6716

1722597338.4161384 17327803
cloud0_tkemenade 26472834317 110151 3039

1722597339.418152 17328031
cloud_controller_tkemenade 12418488120 33800 6724

1722597339.418648 17328031
cloud0_tkemenade 26472834317 110351 3039

1722597340.4210017 17328252
cloud_controller_tkemenade 12418488120 33820 6730

1722597340.421497 17328252
cloud0_tkemenade 26472834317 110551 3039

1722597341.4238634 17328475
cloud_controller_tkemenade 12418488120 33843 6738

1722597341.4243624 17328475
cloud0_tkemenade 26472834317 110752 3039

1722597342.4267266 17328701
cloud_controller_tkemenade 12418488120 33866 6745

1722597342.4270406 17328701
cloud0_tkemenade 26472834317 110953 3039

1722597343.4293282 17328932
cloud_controller_tkemenade 12418488120 33885 6754

1722597343.4298623 17328933
cloud0_tkemenade 26472834317 111153 3039

1722597344.4322755 17329162
cloud_controller_tkemenade 12418488120 33915 6758

1722597344.4327612 17329162
cloud0_tkemenade 26472834317 111353 3039

1722597345.4351342 17329384
cloud_controller_tkemenade 12418488120 33934 6762

1722597345.4356074 17329384
cloud0_tkemenade 26472834317 111554 3039

1722597345.5360734 17329412
cloud_controller_tkemenade 12419443144 33941 6763

1722597345.5365033 17329412
cloud0_tkemenade 26479327570 111574 3039

1722597346.5389323 17329640
cloud_controller_tkemenade 12419443144 33965 6769

1722597346.5393906 17329640
cloud0_tkemenade 26479327570 111775 3039

1722597347.5418868 17329862
cloud_controller_tkemenade 12419443144 33983 6778

1722597347.5423388 17329862
cloud0_tkemenade 26479327570 111976 3039

1722597348.544727 17330084
cloud_controller_tkemenade 12419443144 34002 6785

1722597348.5451713 17330084
cloud0_tkemenade 26479327570 112176 3039

1722597349.5476313 17330321
cloud_controller_tkemenade 12419443144 34037 6791

1722597349.548099 17330321
cloud0_tkemenade 26479327570 112376 3039

1722597350.5505428 17330542
cloud_controller_tkemenade 12419443144 34060 6795

1722597350.5510056 17330542
cloud0_tkemenade 26479327570 112577 3039

1722597351.5534377 17330768
cloud_controller_tkemenade 12419443144 34087 6802

1722597351.5539203 17330769
cloud0_tkemenade 26479327570 112778 3039

1722597352.556185 17330996
cloud_controller_tkemenade 12420447753 34109 6808

1722597352.5564535 17330996
cloud0_tkemenade 26485807302 112978 3039

1722597353.558238 17331242
cloud_controller_tkemenade 12420447753 34136 6818

1722597353.558697 17331242
cloud0_tkemenade 26485807302 113179 3039

1722597354.5611253 17331468
cloud_controller_tkemenade 12420447753 34164 6825

1722597354.56158 17331468
cloud0_tkemenade 26485807302 113379 3039

1722597355.5640569 17331693
cloud_controller_tkemenade 12420447753 34186 6829

1722597355.5645185 17331693
cloud0_tkemenade 26485807302 113579 3039

1722597356.566994 17331924
cloud_controller_tkemenade 12420447753 34210 6838

1722597356.5674763 17331924
cloud0_tkemenade 26485807302 113780 3039

1722597357.5700526 17332168
cloud_controller_tkemenade 12420447753 34249 6844

1722597357.5705292 17332168
cloud0_tkemenade 26485807302 113981 3039

1722597358.572923 17332393
cloud_controller_tkemenade 12420447753 34270 6850

1722597358.5733826 17332393
cloud0_tkemenade 26485807302 114181 3039

1722597359.5755568 17332628
cloud_controller_tkemenade 12421554276 34299 6857

1722597359.5760238 17332628
cloud0_tkemenade 26492289029 114382 3039

1722597360.578274 17332844
cloud_controller_tkemenade 12421554276 34316 6862

1722597360.5787373 17332844
cloud0_tkemenade 26492289029 114583 3039

1722597361.5811892 17333066
cloud_controller_tkemenade 12421554276 34343 6866

1722597361.5816896 17333066
cloud0_tkemenade 26492289029 114784 3039

1722597362.584127 17333290
cloud_controller_tkemenade 12421554276 34365 6874

1722597362.5845912 17333290
cloud0_tkemenade 26492289029 114984 3039

1722597363.5869887 17333520
cloud_controller_tkemenade 12421554276 34393 6879

1722597363.5874798 17333520
cloud0_tkemenade 26492289029 115184 3039

1722597364.589848 17333766
cloud_controller_tkemenade 12421554276 34418 6884

1722597364.5903087 17333766
cloud0_tkemenade 26492289029 115385 3039

1722597365.5927262 17333992
cloud_controller_tkemenade 12421554276 34439 6892

1722597365.5932183 17333992
cloud0_tkemenade 26492289029 115585 3039

1722597366.5953853 17334220
cloud_controller_tkemenade 12421554276 34464 6900

1722597366.5958505 17334220
cloud0_tkemenade 26492289029 115786 3039

1722597366.7964706 17334263
cloud_controller_tkemenade 12422508126 34467 6902

1722597366.796891 17334263
cloud0_tkemenade 26498763514 115826 3039

1722597367.798469 17334481
cloud_controller_tkemenade 12422508126 34485 6908

1722597367.7989511 17334481
cloud0_tkemenade 26498763514 116027 3039

1722597368.801318 17334702
cloud_controller_tkemenade 12422508126 34502 6916

1722597368.801831 17334703
cloud0_tkemenade 26498763514 116227 3040

1722597369.804243 17334929
cloud_controller_tkemenade 12422508126 34531 6922

1722597369.8047345 17334929
cloud0_tkemenade 26498763514 116427 3040

1722597370.807169 17335148
cloud_controller_tkemenade 12422508126 34550 6929

1722597370.8076565 17335148
cloud0_tkemenade 26498763514 116627 3040

1722597371.8100965 17335380
cloud_controller_tkemenade 12422508126 34580 6933

1722597371.8105593 17335380
cloud0_tkemenade 26498763514 116828 3040

1722597372.8125615 17335596
cloud_controller_tkemenade 12422508126 34598 6938

1722597372.8130524 17335596
cloud0_tkemenade 26498763514 117028 3040

1722597373.815347 17335834
cloud_controller_tkemenade 12423440057 34626 6942

1722597373.8157701 17335834
cloud0_tkemenade 26505259217 117229 3040

1722597374.8175557 17336071
cloud_controller_tkemenade 12423440057 34653 6948

1722597374.818069 17336072
cloud0_tkemenade 26505259217 117430 3040

1722597375.8205168 17336289
cloud_controller_tkemenade 12423440057 34673 6954

1722597375.821001 17336289
cloud0_tkemenade 26505259217 117630 3040

1722597376.82347 17336518
cloud_controller_tkemenade 12423440057 34692 6962

1722597376.8239455 17336518
cloud0_tkemenade 26505259217 117831 3040

1722597377.826222 17336741
cloud_controller_tkemenade 12423440057 34711 6971

1722597377.826716 17336741
cloud0_tkemenade 26505259217 118032 3040

1722597378.829187 17336959
cloud_controller_tkemenade 12423440057 34729 6976

1722597378.8296423 17336959
cloud0_tkemenade 26505259217 118232 3040

1722597379.832038 17337191
cloud_controller_tkemenade 12423440057 34757 6983

1722597379.8325338 17337191
cloud0_tkemenade 26505259217 118432 3040

1722597380.8342786 17337421
cloud_controller_tkemenade 12423440057 34784 6987

1722597380.8347094 17337421
cloud0_tkemenade 26505259217 118632 3040

1722597380.9351594 17337443
cloud_controller_tkemenade 12424368545 34785 6987

1722597380.9355886 17337443
cloud0_tkemenade 26511749488 118652 3040

1722597381.9380574 17337675
cloud_controller_tkemenade 12424368545 34811 6996

1722597381.9385517 17337675
cloud0_tkemenade 26511749488 118853 3040

1722597382.9410143 17337897
cloud_controller_tkemenade 12424368545 34827 7002

1722597382.94152 17337897
cloud0_tkemenade 26511749488 119053 3040

1722597383.9440107 17338122
cloud_controller_tkemenade 12424368545 34850 7012

1722597383.944499 17338122
cloud0_tkemenade 26511749488 119254 3040

1722597384.946665 17338354
cloud_controller_tkemenade 12424368545 34871 7023

1722597384.9469543 17338354
cloud0_tkemenade 26511749488 119455 3040

1722597385.949079 17338572
cloud_controller_tkemenade 12424368545 34889 7029

1722597385.9495604 17338572
cloud0_tkemenade 26511749488 119655 3040

1722597386.952058 17338795
cloud_controller_tkemenade 12424368545 34911 7039

1722597386.9525447 17338795
cloud0_tkemenade 26511749488 119855 3040

1722597387.9547439 17339010
cloud_controller_tkemenade 12424368545 34927 7046

1722597387.9552233 17339010
cloud0_tkemenade 26511749488 120056 3041

1722597388.0556912 17339033
cloud_controller_tkemenade 12425277086 34928 7047

1722597388.0561495 17339033
cloud0_tkemenade 26518194313 120076 3041

1722597389.0585992 17339265
cloud_controller_tkemenade 12425277086 34950 7052

1722597389.059107 17339265
cloud0_tkemenade 26518194313 120277 3041

1722597390.0615723 17339505
cloud_controller_tkemenade 12425277086 34988 7061

1722597390.0620806 17339506
cloud0_tkemenade 26518194313 120478 3041

1722597391.0644636 17339724
cloud_controller_tkemenade 12425277086 35007 7068

1722597391.0649552 17339724
cloud0_tkemenade 26518194313 120678 3041

1722597392.067369 17339946
cloud_controller_tkemenade 12425277086 35030 7077

1722597392.0678577 17339946
cloud0_tkemenade 26518194313 120879 3041

1722597393.070305 17340161
cloud_controller_tkemenade 12425277086 35046 7084

1722597393.0707917 17340161
cloud0_tkemenade 26518194313 121079 3041

1722597394.0732508 17340384
cloud_controller_tkemenade 12425277086 35070 7094

1722597394.073737 17340386
cloud0_tkemenade 26518194313 121280 3041

1722597395.075826 17340637
cloud_controller_tkemenade 12426305132 35099 7097

1722597395.0761118 17340637
cloud0_tkemenade 26524711474 121480 3041

1722597396.07805 17340858
cloud_controller_tkemenade 12426305132 35119 7101

1722597396.078527 17340858
cloud0_tkemenade 26524711474 121681 3041

1722597397.0800676 17341077
cloud_controller_tkemenade 12426305132 35144 7109

1722597397.0803723 17341077
cloud0_tkemenade 26524711474 121881 3041

1722597398.0826905 17341303
cloud_controller_tkemenade 12426305132 35165 7116

1722597398.0831885 17341303
cloud0_tkemenade 26524711474 122082 3041

1722597399.0857077 17341526
cloud_controller_tkemenade 12426305132 35188 7120

1722597399.086231 17341526
cloud0_tkemenade 26524711474 122282 3041

1722597400.088616 17341751
cloud_controller_tkemenade 12426305132 35215 7128

1722597400.0891 17341751
cloud0_tkemenade 26524711474 122482 3041

1722597401.091562 17341972
cloud_controller_tkemenade 12426305132 35233 7136

1722597401.0920641 17341972
cloud0_tkemenade 26524711474 122683 3041

1722597402.0942447 17342197
cloud_controller_tkemenade 12426305132 35258 7142

1722597402.094725 17342197
cloud0_tkemenade 26524711474 122884 3041

1722597402.1951659 17342222
cloud_controller_tkemenade 12427237113 35260 7142

1722597402.1956105 17342222
cloud0_tkemenade 26531167153 122904 3041

1722597403.1980016 17342441
cloud_controller_tkemenade 12427237113 35280 7148

1722597403.1984909 17342441
cloud0_tkemenade 26531167153 123105 3041

1722597404.200916 17342666
cloud_controller_tkemenade 12427237113 35303 7155

1722597404.2013965 17342666
cloud0_tkemenade 26531167153 123305 3041

1722597405.2038035 17342907
cloud_controller_tkemenade 12427237113 35331 7160

1722597405.2042875 17342907
cloud0_tkemenade 26531167153 123506 3041

1722597406.2066805 17343124
cloud_controller_tkemenade 12427237113 35349 7163

1722597406.2071517 17343124
cloud0_tkemenade 26531167153 123706 3041

1722597407.2095747 17343347
cloud_controller_tkemenade 12427237113 35373 7170

1722597407.2100768 17343348
cloud0_tkemenade 26531167153 123907 3041

1722597408.21248 17343573
cloud_controller_tkemenade 12427237113 35393 7179

1722597408.2129683 17343573
cloud0_tkemenade 26531167153 124107 3041

1722597409.2153769 17343794
cloud_controller_tkemenade 12427237113 35412 7187

1722597409.2158654 17343794
cloud0_tkemenade 26531167153 124308 3041

1722597409.3162787 17343825
cloud_controller_tkemenade 12428142926 35417 7188

1722597409.3167531 17343825
cloud0_tkemenade 26537626197 124328 3041

1722597410.319179 17344056
cloud_controller_tkemenade 12428142926 35441 7196

1722597410.3196757 17344056
cloud0_tkemenade 26537626197 124528 3042

1722597411.3220332 17344283
cloud_controller_tkemenade 12428142926 35467 7201

1722597411.3225381 17344283
cloud0_tkemenade 26537626197 124729 3042

1722597412.3249495 17344503
cloud_controller_tkemenade 12428142926 35487 7207

1722597412.325442 17344503
cloud0_tkemenade 26537626197 124929 3042

1722597413.3278723 17344722
cloud_controller_tkemenade 12428142926 35503 7215

1722597413.328377 17344722
cloud0_tkemenade 26537626197 125130 3042

1722597414.3307831 17344951
cloud_controller_tkemenade 12428142926 35529 7222

1722597414.3312805 17344951
cloud0_tkemenade 26537626197 125330 3042

1722597415.3337235 17345186
cloud_controller_tkemenade 12428142926 35551 7233

1722597415.3342335 17345186
cloud0_tkemenade 26537626197 125531 3042

1722597416.336697 17345412
cloud_controller_tkemenade 12429107498 35573 7240

1722597416.3371804 17345412
cloud0_tkemenade 26544092064 125731 3042

1722597417.3396091 17345638
cloud_controller_tkemenade 12429107498 35598 7246

1722597417.3400998 17345638
cloud0_tkemenade 26544092064 125932 3042

1722597418.3424988 17345863
cloud_controller_tkemenade 12429107498 35619 7253

1722597418.3429852 17345863
cloud0_tkemenade 26544092064 126133 3042

1722597419.3453763 17346084
cloud_controller_tkemenade 12429107498 35635 7257

1722597419.3458931 17346086
cloud0_tkemenade 26544092064 126334 3042

1722597420.348258 17346311
cloud_controller_tkemenade 12429107498 35663 7264

1722597420.3486629 17346311
cloud0_tkemenade 26544092064 126534 3042

1722597421.351083 17346545
cloud_controller_tkemenade 12429107498 35694 7267

1722597421.3515453 17346545
cloud0_tkemenade 26544092064 126735 3042

1722597422.354 17346765
cloud_controller_tkemenade 12429107498 35713 7276

1722597422.3544912 17346765
cloud0_tkemenade 26544092064 126935 3042

1722597423.3569126 17346986
cloud_controller_tkemenade 12430042351 35731 7283

1722597423.3573928 17346986
cloud0_tkemenade 26550563073 127135 3042

1722597424.3596294 17347208
cloud_controller_tkemenade 12430042351 35755 7293

1722597424.3600755 17347208
cloud0_tkemenade 26550563073 127336 3042

1722597425.3624 17347456
cloud_controller_tkemenade 12430042351 35786 7299

1722597425.3628929 17347456
cloud0_tkemenade 26550563073 127536 3042

1722597426.3652635 17347672
cloud_controller_tkemenade 12430042351 35806 7305

1722597426.3657272 17347674
cloud0_tkemenade 26550563073 127737 3042

1722597427.3681428 17347904
cloud_controller_tkemenade 12430042351 35827 7311

1722597427.368625 17347904
cloud0_tkemenade 26550563073 127937 3042

1722597428.3710623 17348242
cloud_controller_tkemenade 12430042351 35843 7321

1722597428.3715672 17348242
cloud0_tkemenade 26550563073 128138 3042

1722597429.3738806 17348554
cloud_controller_tkemenade 12430042351 35863 7329

1722597429.374353 17348554
cloud0_tkemenade 26550563073 128339 3043

1722597430.376491 17348880
cloud_controller_tkemenade 12431050698 35891 7337

1722597430.3769627 17348880
cloud0_tkemenade 26557169161 128539 3043

1722597431.3793159 17349166
cloud_controller_tkemenade 12431050698 35911 7344

1722597431.3797898 17349166
cloud0_tkemenade 26557169161 128739 3043

1722597432.3821943 17349465
cloud_controller_tkemenade 12431050698 35937 7351

1722597432.3826814 17349465
cloud0_tkemenade 26557169161 128940 3043

1722597433.3851397 17349751
cloud_controller_tkemenade 12431050698 35956 7356

1722597433.385627 17349751
cloud0_tkemenade 26557169161 129141 3043

1722597434.3880568 17350043
cloud_controller_tkemenade 12431050698 35982 7365

1722597434.3885024 17350043
cloud0_tkemenade 26557169161 129341 3043

1722597435.3908992 17350364
cloud_controller_tkemenade 12431050698 36010 7372

1722597435.391278 17350364
cloud0_tkemenade 26557169161 129541 3043

1722597436.393549 17350650
cloud_controller_tkemenade 12431050698 36027 7376

1722597436.3940814 17350652
cloud0_tkemenade 26557169161 129742 3043

1722597437.3964338 17350956
cloud_controller_tkemenade 12431050698 36050 7386

1722597437.396919 17350956
cloud0_tkemenade 26557169161 129942 3043

1722597437.4973729 17350987
cloud_controller_tkemenade 12432072188 36052 7388

1722597437.4978387 17350988
cloud0_tkemenade 26564071521 129963 3043

1722597438.5002568 17351272
cloud_controller_tkemenade 12432072188 36071 7392

1722597438.5007195 17351272
cloud0_tkemenade 26564071521 130163 3043

1722597439.5030043 17351566
cloud_controller_tkemenade 12432072188 36090 7401

1722597439.5034919 17351566
cloud0_tkemenade 26564071521 130364 3043

1722597440.5059116 17351885
cloud_controller_tkemenade 12432072188 36117 7408

1722597440.5064168 17351885
cloud0_tkemenade 26564071521 130564 3043

1722597441.5089138 17352207
cloud_controller_tkemenade 12432072188 36142 7418

1722597441.5094218 17352207
cloud0_tkemenade 26564071521 130764 3043

1722597442.5118878 17352488
cloud_controller_tkemenade 12432072188 36160 7426

1722597442.5124013 17352488
cloud0_tkemenade 26564071521 130965 3043

1722597443.514892 17352714
cloud_controller_tkemenade 12432072188 36182 7434

1722597443.5154006 17352714
cloud0_tkemenade 26564071521 131166 3043

1722597444.5181236 17353089
cloud_controller_tkemenade 12432072188 36208 7439

1722597444.5186298 17353089
cloud0_tkemenade 26564071521 131366 3043

1722597444.6190667 17353127
cloud_controller_tkemenade 12433055130 36214 7440

1722597444.6195989 17353127
cloud0_tkemenade 26570713404 131386 3043

1722597445.6221328 17353414
cloud_controller_tkemenade 12433055130 36244 7451

1722597445.622449 17353414
cloud0_tkemenade 26570713404 131587 3043

1722597446.6249635 17353716
cloud_controller_tkemenade 12433055130 36269 7457

1722597446.6254346 17353716
cloud0_tkemenade 26570713404 131787 3043

1722597447.62789 17353945
cloud_controller_tkemenade 12433055130 36290 7462

1722597447.628349 17353945
cloud0_tkemenade 26570713404 131988 3043

1722597448.6307783 17354164
cloud_controller_tkemenade 12433055130 36308 7467

1722597448.6312246 17354164
cloud0_tkemenade 26570713404 132189 3043

1722597449.6336277 17354404
cloud_controller_tkemenade 12433055130 36337 7474

1722597449.6340888 17354405
cloud0_tkemenade 26570713404 132389 3043

1722597450.636518 17354634
cloud_controller_tkemenade 12433055130 36367 7482

1722597450.6369345 17354634
cloud0_tkemenade 26570713404 132589 3043

1722597451.6392853 17354866
cloud_controller_tkemenade 12434114110 36393 7490

1722597451.6397398 17354866
cloud0_tkemenade 26577103805 132790 3043

1722597452.6417623 17355081
cloud_controller_tkemenade 12434114110 36408 7497

1722597452.642015 17355081
cloud0_tkemenade 26577103805 132991 3043

1722597453.644055 17355294
cloud_controller_tkemenade 12434114110 36422 7506

1722597453.644472 17355294
cloud0_tkemenade 26577103805 133191 3044

1722597454.6466978 17355524
cloud_controller_tkemenade 12434114110 36443 7514

1722597454.647133 17355524
cloud0_tkemenade 26577103805 133391 3044

1722597455.6494763 17355750
cloud_controller_tkemenade 12434114110 36473 7523

1722597455.649923 17355751
cloud0_tkemenade 26577103805 133592 3044

1722597456.65221 17355979
cloud_controller_tkemenade 12434114110 36495 7530

1722597456.6526635 17355979
cloud0_tkemenade 26577103805 133792 3044

1722597457.6550465 17356195
cloud_controller_tkemenade 12434114110 36510 7534

1722597457.6554892 17356195
cloud0_tkemenade 26577103805 133993 3044

1722597458.657852 17356416
cloud_controller_tkemenade 12434114110 36530 7541

1722597458.6582875 17356416
cloud0_tkemenade 26577103805 134194 3044

1722597458.758693 17356439
cloud_controller_tkemenade 12434981067 36531 7541

1722597458.7591183 17356439
cloud0_tkemenade 26583576788 134214 3044

1722597459.7614758 17356660
cloud_controller_tkemenade 12434981067 36554 7547

1722597459.7619207 17356662
cloud0_tkemenade 26583576788 134415 3044

1722597460.7643235 17356906
cloud_controller_tkemenade 12434981067 36587 7553

1722597460.7647414 17356906
cloud0_tkemenade 26583576788 134615 3044

1722597461.767113 17357129
cloud_controller_tkemenade 12434981067 36612 7560

1722597461.767532 17357129
cloud0_tkemenade 26583576788 134816 3044

1722597462.769869 17357351
cloud_controller_tkemenade 12434981067 36633 7565

1722597462.770303 17357351
cloud0_tkemenade 26583576788 135017 3044

1722597463.772651 17357572
cloud_controller_tkemenade 12434981067 36654 7570

1722597463.7730587 17357572
cloud0_tkemenade 26583576788 135217 3044

1722597464.7750149 17357796
cloud_controller_tkemenade 12434981067 36675 7577

1722597464.7754693 17357796
cloud0_tkemenade 26583576788 135418 3044

1722597465.777681 17358026
cloud_controller_tkemenade 12435976899 36703 7586

1722597465.778159 17358026
cloud0_tkemenade 26590031259 135618 3044

1722597466.7802486 17358273
cloud_controller_tkemenade 12435976899 36723 7594

1722597466.7807188 17358273
cloud0_tkemenade 26590031259 135818 3044

1722597467.783117 17358488
cloud_controller_tkemenade 12435976899 36739 7601

1722597467.7835245 17358488
cloud0_tkemenade 26590031259 136019 3044

1722597468.785995 17358714
cloud_controller_tkemenade 12435976899 36763 7606

1722597468.7864459 17358714
cloud0_tkemenade 26590031259 136220 3044

1722597469.788828 17358939
cloud_controller_tkemenade 12435976899 36783 7614

1722597469.7892485 17358939
cloud0_tkemenade 26590031259 136420 3044

1722597470.7916105 17359173
cloud_controller_tkemenade 12435976899 36813 7624

1722597470.7920053 17359173
cloud0_tkemenade 26590031259 136621 3044

1722597471.794371 17359394
cloud_controller_tkemenade 12435976899 36833 7630

1722597471.7947752 17359394
cloud0_tkemenade 26590031259 136822 3044

1722597472.797159 17359611
cloud_controller_tkemenade 12435976899 36850 7636

1722597472.797567 17359611
cloud0_tkemenade 26590031259 137022 3044

1722597472.8980346 17359636
cloud_controller_tkemenade 12436876759 36851 7636

1722597472.8984573 17359636
cloud0_tkemenade 26596484805 137043 3044

1722597473.9008412 17359854
cloud_controller_tkemenade 12436876759 36868 7646

1722597473.9012492 17359854
cloud0_tkemenade 26596484805 137243 3044

1722597474.9036152 17360084
cloud_controller_tkemenade 12436876759 36897 7653

1722597474.904036 17360084
cloud0_tkemenade 26596484805 137443 3045

1722597475.9062326 17360319
cloud_controller_tkemenade 12436876759 36925 7663

1722597475.9064965 17360319
cloud0_tkemenade 26596484805 137644 3045

1722597476.9085705 17360553
cloud_controller_tkemenade 12436876759 36947 7669

1722597476.9088428 17360553
cloud0_tkemenade 26596484805 137844 3045

1722597477.9110641 17360793
cloud_controller_tkemenade 12436876759 36983 7674

1722597477.9112954 17360793
cloud0_tkemenade 26596484805 138045 3045

1722597478.9136584 17361013
cloud_controller_tkemenade 12436876759 36999 7678

1722597478.9140322 17361014
cloud0_tkemenade 26596484805 138246 3045

1722597479.9163952 17361230
cloud_controller_tkemenade 12436876759 37017 7686

1722597479.9166532 17361230
cloud0_tkemenade 26596484805 138446 3045

1722597480.0169773 17361257
cloud_controller_tkemenade 12437867047 37023 7687

1722597480.017403 17361257
cloud0_tkemenade 26602939849 138466 3045

1722597481.0197587 17361484
cloud_controller_tkemenade 12437867047 37050 7694

1722597481.0201583 17361484
cloud0_tkemenade 26602939849 138666 3045

