1722599442.6692119 17780942
cloud_controller_tkemenade 12756157523 23677 3722
cloud0_tkemenade 27854904289 19493 2922

1722599443.672083 17781181
cloud_controller_tkemenade 12756157523 23712 3728

1722599443.6726146 17781181
cloud0_tkemenade 27854904289 19697 2922

1722599444.6751845 17781414
cloud_controller_tkemenade 12756157523 23731 3733

1722599444.6757145 17781414
cloud0_tkemenade 27854904289 19898 2923

1722599445.678429 17781631
cloud_controller_tkemenade 12756157523 23748 3742

1722599445.6789663 17781631
cloud0_tkemenade 27854904289 20100 2923

1722599445.7793713 17781656
cloud_controller_tkemenade 12757292241 23750 3743

1722599445.7798505 17781656
cloud0_tkemenade 27861098883 20120 2923

1722599446.7819276 17781891
cloud_controller_tkemenade 12757292241 23782 3746

1722599446.7824614 17781891
cloud0_tkemenade 27861098883 20321 2923

1722599447.7849514 17782114
cloud_controller_tkemenade 12757292241 23802 3751

1722599447.785288 17782114
cloud0_tkemenade 27861098883 20521 2923

1722599448.7876012 17782353
cloud_controller_tkemenade 12757292241 23836 3761

1722599448.788013 17782353
cloud0_tkemenade 27861098883 20722 2923

1722599449.7906873 17782576
cloud_controller_tkemenade 12757292241 23860 3764

1722599449.7912364 17782576
cloud0_tkemenade 27861098883 20923 2923

1722599450.793926 17782795
cloud_controller_tkemenade 12757292241 23880 3772

1722599450.7944555 17782795
cloud0_tkemenade 27861098883 21125 2923

1722599451.797154 17783025
cloud_controller_tkemenade 12757292241 23909 3776

1722599451.7977033 17783025
cloud0_tkemenade 27861098883 21325 2923

1722599452.8003573 17783246
cloud_controller_tkemenade 12757292241 23930 3780

1722599452.8008811 17783246
cloud0_tkemenade 27861098883 21526 2923

1722599453.001631 17783297
cloud_controller_tkemenade 12758315165 23937 3781

1722599453.002165 17783297
cloud0_tkemenade 27867634735 21566 2923

1722599454.0047548 17783529
cloud_controller_tkemenade 12758315165 23968 3790

1722599454.0052857 17783529
cloud0_tkemenade 27867634735 21766 2923

1722599455.0074854 17783755
cloud_controller_tkemenade 12758315165 23988 3796

1722599455.0080128 17783755
cloud0_tkemenade 27867634735 21967 2923

1722599456.010617 17783985
cloud_controller_tkemenade 12758315165 24013 3802

1722599456.0111356 17783985
cloud0_tkemenade 27867634735 22169 2923

1722599457.013736 17784203
cloud_controller_tkemenade 12758315165 24029 3806

1722599457.014281 17784203
cloud0_tkemenade 27867634735 22370 2923

1722599458.016967 17784426
cloud_controller_tkemenade 12758315165 24054 3813

1722599458.0174751 17784426
cloud0_tkemenade 27867634735 22572 2924

1722599459.0200903 17784655
cloud_controller_tkemenade 12758315165 24080 3817

1722599459.0206187 17784655
cloud0_tkemenade 27867634735 22774 2926

1722599460.0233505 17784876
cloud_controller_tkemenade 12758315165 24100 3824

1722599460.0238295 17784876
cloud0_tkemenade 27867634735 22976 2928

1722599460.1243176 17784898
cloud_controller_tkemenade 12759267681 24101 3825

1722599460.1248598 17784898
cloud0_tkemenade 27874210319 22996 2928

1722599461.1272707 17785132
cloud_controller_tkemenade 12759267681 24132 3831

1722599461.1277962 17785132
cloud0_tkemenade 27874210319 23201 2946

1722599462.1304324 17785357
cloud_controller_tkemenade 12759267681 24155 3836

1722599462.1309435 17785357
cloud0_tkemenade 27874210319 23403 2946

1722599463.1333003 17785577
cloud_controller_tkemenade 12759267681 24177 3840

1722599463.133839 17785578
cloud0_tkemenade 27874210319 23604 2946

1722599464.135939 17785812
cloud_controller_tkemenade 12759267681 24210 3845

1722599464.136448 17785812
cloud0_tkemenade 27874210319 23805 2949

1722599465.1387177 17786034
cloud_controller_tkemenade 12759267681 24228 3853

1722599465.139008 17786034
cloud0_tkemenade 27874210319 24006 2949

1722599466.1408422 17786260
cloud_controller_tkemenade 12759267681 24256 3860

1722599466.1413639 17786260
cloud0_tkemenade 27874210319 24206 2951

1722599467.1436245 17786473
cloud_controller_tkemenade 12759267681 24270 3866

1722599467.1441119 17786473
cloud0_tkemenade 27874210319 24406 2952

1722599467.244541 17786496
cloud_controller_tkemenade 12760249902 24272 3866

1722599467.2450678 17786496
cloud0_tkemenade 27880932974 24426 2952

1722599468.2475274 17786726
cloud_controller_tkemenade 12760249902 24297 3874

1722599468.2480547 17786726
cloud0_tkemenade 27880932974 24628 2953

1722599469.2504537 17786953
cloud_controller_tkemenade 12760249902 24323 3882

1722599469.2509687 17786953
cloud0_tkemenade 27880932974 24829 2953

1722599470.2535741 17787182
cloud_controller_tkemenade 12760249902 24357 3888

1722599470.2541146 17787183
cloud0_tkemenade 27880932974 25027 2956

1722599471.2565467 17787410
cloud_controller_tkemenade 12760249902 24386 3893

1722599471.2570686 17787410
cloud0_tkemenade 27880932974 25227 2965

1722599472.2594376 17787630
cloud_controller_tkemenade 12760249902 24403 3898

1722599472.2599123 17787630
cloud0_tkemenade 27880932974 25428 2965

1722599473.2623012 17787855
cloud_controller_tkemenade 12760249902 24426 3902

1722599473.2627916 17787855
cloud0_tkemenade 27880932974 25628 2965

1722599474.2650359 17788085
cloud_controller_tkemenade 12760249902 24454 3908

1722599474.2655473 17788085
cloud0_tkemenade 27880932974 25828 2966

1722599474.3660553 17788112
cloud_controller_tkemenade 12761284281 24456 3908

1722599474.3664987 17788112
cloud0_tkemenade 27887549360 25849 2966

1722599475.368922 17788344
cloud_controller_tkemenade 12761284281 24472 3915

1722599475.3694227 17788344
cloud0_tkemenade 27887549360 26048 2966

1722599476.3718338 17788565
cloud_controller_tkemenade 12761284281 24496 3923

1722599476.372344 17788565
cloud0_tkemenade 27887549360 26250 2967

1722599477.3749025 17788786
cloud_controller_tkemenade 12761284281 24511 3929

1722599477.3754096 17788786
cloud0_tkemenade 27887549360 26452 2969

1722599478.378039 17789021
cloud_controller_tkemenade 12761284281 24546 3933

1722599478.378574 17789021
cloud0_tkemenade 27887549360 26653 2969

1722599479.3810909 17789252
cloud_controller_tkemenade 12761284281 24576 3938

1722599479.3815663 17789252
cloud0_tkemenade 27887549360 26853 2969

1722599480.3842325 17789473
cloud_controller_tkemenade 12761284281 24600 3944

1722599480.3847485 17789473
cloud0_tkemenade 27887549360 27053 2969

1722599481.387279 17789700
cloud_controller_tkemenade 12761284281 24627 3951

1722599481.3878074 17789700
cloud0_tkemenade 27887549360 27254 2969

1722599481.4882846 17789724
cloud_controller_tkemenade 12762278807 24628 3951

1722599481.4887722 17789724
cloud0_tkemenade 27894136361 27274 2969

1722599482.4910908 17789945
cloud_controller_tkemenade 12762278807 24649 3959

1722599482.4916117 17789945
cloud0_tkemenade 27894136361 27475 2969

1722599483.4940464 17790168
cloud_controller_tkemenade 12762278807 24673 3967

1722599483.4945564 17790168
cloud0_tkemenade 27894136361 27676 2969

1722599484.497093 17790397
cloud_controller_tkemenade 12762278807 24704 3972

1722599484.497613 17790397
cloud0_tkemenade 27894136361 27877 2969

1722599485.5002525 17790628
cloud_controller_tkemenade 12762278807 24722 3980

1722599485.500764 17790628
cloud0_tkemenade 27894136361 28076 2969

1722599486.5026278 17790858
cloud_controller_tkemenade 12762278807 24748 3984

1722599486.502917 17790858
cloud0_tkemenade 27894136361 28278 2969

1722599487.5043418 17791074
cloud_controller_tkemenade 12762278807 24765 3991

1722599487.504637 17791074
cloud0_tkemenade 27894136361 28478 2969

1722599488.5060444 17791301
cloud_controller_tkemenade 12762278807 24792 3998

1722599488.5065541 17791301
cloud0_tkemenade 27894136361 28679 2969

1722599488.7071035 17791356
cloud_controller_tkemenade 12763292331 24802 3999

1722599488.7075765 17791356
cloud0_tkemenade 27900715141 28719 2969

1722599489.710088 17791575
cloud_controller_tkemenade 12763292331 24820 4005

1722599489.710598 17791575
cloud0_tkemenade 27900715141 28920 2970

1722599490.7131512 17791796
cloud_controller_tkemenade 12763292331 24842 4011

1722599490.7136636 17791796
cloud0_tkemenade 27900715141 29120 2970

1722599491.7162247 17792033
cloud_controller_tkemenade 12763292331 24867 4016

1722599491.7167437 17792033
cloud0_tkemenade 27900715141 29319 2971

1722599492.7193868 17792258
cloud_controller_tkemenade 12763292331 24891 4022

1722599492.719904 17792258
cloud0_tkemenade 27900715141 29519 2971

1722599493.722404 17792479
cloud_controller_tkemenade 12763292331 24913 4029

1722599493.7228727 17792479
cloud0_tkemenade 27900715141 29719 2972

1722599494.725571 17792728
cloud_controller_tkemenade 12763292331 24964 4034

1722599494.7261279 17792729
cloud0_tkemenade 27900715141 29922 2977

1722599495.7287867 17792965
cloud_controller_tkemenade 12763292331 24984 4039

1722599495.729262 17792965
cloud0_tkemenade 27900715141 30124 2979

1722599495.829794 17792993
cloud_controller_tkemenade 12764333096 24987 4039

1722599495.8302882 17792993
cloud0_tkemenade 27907393772 30145 2980

1722599496.8329945 17793213
cloud_controller_tkemenade 12764333096 25008 4046

1722599496.8335183 17793213
cloud0_tkemenade 27907393772 30346 2981

1722599497.8362944 17793436
cloud_controller_tkemenade 12764333096 25027 4054

1722599497.8368235 17793436
cloud0_tkemenade 27907393772 30549 2983

1722599498.8395293 17793671
cloud_controller_tkemenade 12764333096 25058 4062

1722599498.8400505 17793671
cloud0_tkemenade 27907393772 30750 2983

1722599499.8425672 17793888
cloud_controller_tkemenade 12764333096 25076 4066

1722599499.8430789 17793888
cloud0_tkemenade 27907393772 30951 2983

1722599500.8455768 17794110
cloud_controller_tkemenade 12764333096 25094 4072

1722599500.846104 17794111
cloud0_tkemenade 27907393772 31151 2983

1722599501.8486078 17794334
cloud_controller_tkemenade 12764333096 25115 4080

1722599501.8491073 17794334
cloud0_tkemenade 27907393772 31351 2983

1722599502.8516343 17794563
cloud_controller_tkemenade 12764333096 25135 4087

1722599502.8521194 17794563
cloud0_tkemenade 27907393772 31552 2983

1722599502.9526203 17794586
cloud_controller_tkemenade 12765244445 25137 4088

1722599502.9530475 17794586
cloud0_tkemenade 27913928927 31572 2983

1722599503.9555326 17794816
cloud_controller_tkemenade 12765244445 25165 4094

1722599503.9560323 17794816
cloud0_tkemenade 27913928927 31773 2983

1722599504.9585712 17795038
cloud_controller_tkemenade 12765244445 25189 4103

1722599504.9590762 17795038
cloud0_tkemenade 27913928927 31974 2983

1722599505.9615686 17795266
cloud_controller_tkemenade 12765244445 25208 4107

1722599505.9621153 17795267
cloud0_tkemenade 27913928927 32175 2983

1722599506.964636 17795494
cloud_controller_tkemenade 12765244445 25224 4112

1722599506.965141 17795494
cloud0_tkemenade 27913928927 32375 2983

1722599507.96761 17795714
cloud_controller_tkemenade 12765244445 25244 4118

1722599507.9680822 17795714
cloud0_tkemenade 27913928927 32576 2983

1722599508.9705486 17795949
cloud_controller_tkemenade 12765244445 25279 4127

1722599508.9710443 17795949
cloud0_tkemenade 27913928927 32777 2983

1722599509.973577 17796168
cloud_controller_tkemenade 12765244445 25297 4131

1722599509.9741187 17796169
cloud0_tkemenade 27913928927 32978 2983

1722599510.0745518 17796202
cloud_controller_tkemenade 12766172984 25300 4131

1722599510.0750322 17796202
cloud0_tkemenade 27920388334 32998 2983

1722599511.0774934 17796422
cloud_controller_tkemenade 12766172984 25319 4136

1722599511.0780237 17796423
cloud0_tkemenade 27920388334 33198 2983

1722599512.0804644 17796655
cloud_controller_tkemenade 12766172984 25351 4142

1722599512.08098 17796655
cloud0_tkemenade 27920388334 33398 2983

1722599513.0834599 17796878
cloud_controller_tkemenade 12766172984 25374 4150

1722599513.0837853 17796878
cloud0_tkemenade 27920388334 33599 2983

1722599514.086208 17797107
cloud_controller_tkemenade 12766172984 25404 4157

1722599514.0866792 17797107
cloud0_tkemenade 27920388334 33800 2983

1722599515.089268 17797325
cloud_controller_tkemenade 12766172984 25425 4169

1722599515.089797 17797326
cloud0_tkemenade 27920388334 34001 2983

1722599516.0922434 17797546
cloud_controller_tkemenade 12766172984 25442 4176

1722599516.0925446 17797546
cloud0_tkemenade 27920388334 34201 2983

1722599517.0945756 17797780
cloud_controller_tkemenade 12766172984 25457 4182

1722599517.0950816 17797780
cloud0_tkemenade 27920388334 34402 2983

1722599517.1955535 17797806
cloud_controller_tkemenade 12767094916 25459 4182

1722599517.1960166 17797806
cloud0_tkemenade 27926597175 34422 2983

1722599518.1978097 17798030
cloud_controller_tkemenade 12767094916 25483 4188

1722599518.1983144 17798030
cloud0_tkemenade 27926597175 34623 2983

1722599519.20062 17798258
cloud_controller_tkemenade 12767094916 25510 4193

1722599519.2011309 17798258
cloud0_tkemenade 27926597175 34823 2983

1722599520.2031183 17798478
cloud_controller_tkemenade 12767094916 25530 4196

1722599520.2036293 17798478
cloud0_tkemenade 27926597175 35024 2983

1722599521.2060792 17798694
cloud_controller_tkemenade 12767094916 25548 4199

1722599521.2065768 17798694
cloud0_tkemenade 27926597175 35224 2983

1722599522.2089183 17798919
cloud_controller_tkemenade 12767094916 25575 4205

1722599522.2094116 17798919
cloud0_tkemenade 27926597175 35424 2983

1722599523.2111073 17799148
cloud_controller_tkemenade 12767094916 25602 4211

1722599523.211616 17799148
cloud0_tkemenade 27926597175 35625 2983

1722599524.2140229 17799373
cloud_controller_tkemenade 12767094916 25627 4217

1722599524.2145169 17799373
cloud0_tkemenade 27926597175 35826 2983

1722599524.4151657 17799421
cloud_controller_tkemenade 12768020997 25630 4218

1722599524.4156234 17799421
cloud0_tkemenade 27933070757 35866 2983

1722599525.418068 17799645
cloud_controller_tkemenade 12768020997 25653 4225

1722599525.4185615 17799645
cloud0_tkemenade 27933070757 36067 2983

1722599526.421034 17799873
cloud_controller_tkemenade 12768020997 25674 4229

1722599526.4214952 17799873
cloud0_tkemenade 27933070757 36267 2983

1722599527.423045 17800091
cloud_controller_tkemenade 12768020997 25690 4237

1722599527.4235435 17800091
cloud0_tkemenade 27933070757 36468 2983

1722599528.4258957 17800310
cloud_controller_tkemenade 12768020997 25713 4242

1722599528.4263914 17800310
cloud0_tkemenade 27933070757 36669 2983

1722599529.4288254 17800536
cloud_controller_tkemenade 12768020997 25740 4247

1722599529.429306 17800536
cloud0_tkemenade 27933070757 36870 2983

1722599530.4318025 17800768
cloud_controller_tkemenade 12768020997 25770 4254

1722599530.432301 17800768
cloud0_tkemenade 27933070757 37071 2983

1722599531.435632 17800989
cloud_controller_tkemenade 12768020997 25787 4261

1722599531.4360852 17800989
cloud0_tkemenade 27933070757 37271 2983

1722599531.5365086 17801020
cloud_controller_tkemenade 12768947714 25797 4262

1722599531.5369773 17801020
cloud0_tkemenade 27939589893 37291 2983

1722599532.5392194 17801236
cloud_controller_tkemenade 12768947714 25814 4272

1722599532.539721 17801236
cloud0_tkemenade 27939589893 37494 2983

1722599533.542049 17801458
cloud_controller_tkemenade 12768947714 25834 4277

1722599533.5425415 17801458
cloud0_tkemenade 27939589893 37695 2983

1722599534.5448732 17801686
cloud_controller_tkemenade 12768947714 25861 4283

1722599534.545377 17801686
cloud0_tkemenade 27939589893 37895 2983

1722599535.5477273 17801913
cloud_controller_tkemenade 12768947714 25882 4289

1722599535.5482364 17801913
cloud0_tkemenade 27939589893 38095 2983

1722599536.5507276 17802132
cloud_controller_tkemenade 12768947714 25899 4296

1722599536.551199 17802132
cloud0_tkemenade 27939589893 38296 2983

1722599537.5536458 17802360
cloud_controller_tkemenade 12768947714 25916 4301

1722599537.5541854 17802360
cloud0_tkemenade 27939589893 38497 2983

1722599538.5565805 17802591
cloud_controller_tkemenade 12769858611 25942 4306

1722599538.5570815 17802591
cloud0_tkemenade 27946098921 38697 2983

1722599539.5595038 17802816
cloud_controller_tkemenade 12769858611 25966 4313

1722599539.5600042 17802816
cloud0_tkemenade 27946098921 38898 2983

1722599540.5625129 17803038
cloud_controller_tkemenade 12769858611 25987 4320

1722599540.5630116 17803038
cloud0_tkemenade 27946098921 39099 2983

1722599541.5654285 17803261
cloud_controller_tkemenade 12769858611 26008 4325

1722599541.5659862 17803262
cloud0_tkemenade 27946098921 39300 2983

1722599542.5684822 17803479
cloud_controller_tkemenade 12769858611 26032 4331

1722599542.56906 17803479
cloud0_tkemenade 27946098921 39500 2983

1722599543.571608 17803709
cloud_controller_tkemenade 12769858611 26060 4340

1722599543.5721114 17803709
cloud0_tkemenade 27946098921 39701 2983

1722599544.5745661 17803941
cloud_controller_tkemenade 12769858611 26093 4345

1722599544.5750663 17803941
cloud0_tkemenade 27946098921 39901 2983

1722599545.5775685 17804164
cloud_controller_tkemenade 12769858611 26116 4350

1722599545.5781095 17804166
cloud0_tkemenade 27946098921 40102 2983

1722599545.6785927 17804189
cloud_controller_tkemenade 12770866004 26117 4352

1722599545.6790564 17804189
cloud0_tkemenade 27952571766 40122 2983

1722599546.681521 17804407
cloud_controller_tkemenade 12770866004 26137 4359

1722599546.6820514 17804408
cloud0_tkemenade 27952571766 40323 2983

1722599547.684447 17804640
cloud_controller_tkemenade 12770866004 26156 4366

1722599547.6849518 17804640
cloud0_tkemenade 27952571766 40524 2983

1722599548.6874068 17804870
cloud_controller_tkemenade 12770866004 26181 4370

1722599548.6879244 17804870
cloud0_tkemenade 27952571766 40724 2983

1722599549.6902626 17805095
cloud_controller_tkemenade 12770866004 26205 4375

1722599549.6907644 17805095
cloud0_tkemenade 27952571766 40925 2983

1722599550.6932206 17805314
cloud_controller_tkemenade 12770866004 26225 4383

1722599550.6937108 17805314
cloud0_tkemenade 27952571766 41126 2983

1722599551.6961474 17805543
cloud_controller_tkemenade 12770866004 26253 4388

1722599551.6966467 17805543
cloud0_tkemenade 27952571766 41326 2983

1722599552.699054 17805766
cloud_controller_tkemenade 12770866004 26272 4396

1722599552.6995714 17805766
cloud0_tkemenade 27952571766 41527 2983

1722599552.8000035 17805793
cloud_controller_tkemenade 12771788723 26274 4398

1722599552.8004692 17805793
cloud0_tkemenade 27959026253 41547 2983

1722599553.8028224 17806016
cloud_controller_tkemenade 12771788723 26296 4404

1722599553.8033278 17806016
cloud0_tkemenade 27959026253 41748 2983

1722599554.8057888 17806244
cloud_controller_tkemenade 12771788723 26323 4411

1722599554.8062828 17806244
cloud0_tkemenade 27959026253 41949 2983

1722599555.8080976 17806462
cloud_controller_tkemenade 12771788723 26341 4418

1722599555.8086038 17806462
cloud0_tkemenade 27959026253 42149 2983

1722599556.8107498 17806684
cloud_controller_tkemenade 12771788723 26361 4424

1722599556.8112533 17806684
cloud0_tkemenade 27959026253 42349 2983

1722599557.813663 17806912
cloud_controller_tkemenade 12771788723 26377 4430

1722599557.8141706 17806912
cloud0_tkemenade 27959026253 42551 2983

1722599558.8165088 17807132
cloud_controller_tkemenade 12771788723 26398 4439

1722599558.8170154 17807132
cloud0_tkemenade 27959026253 42751 2983

1722599559.8191228 17807356
cloud_controller_tkemenade 12771788723 26422 4444

1722599559.8196175 17807356
cloud0_tkemenade 27959026253 42951 2983

1722599559.9200284 17807382
cloud_controller_tkemenade 12772670134 26424 4444

1722599559.9204865 17807382
cloud0_tkemenade 27965416482 42971 2983

1722599560.9228454 17807601
cloud_controller_tkemenade 12772670134 26442 4451

1722599560.9233537 17807601
cloud0_tkemenade 27965416482 43172 2983

1722599561.9258165 17807825
cloud_controller_tkemenade 12772670134 26465 4456

1722599561.9263241 17807825
cloud0_tkemenade 27965416482 43373 2983

1722599562.9288259 17808044
cloud_controller_tkemenade 12772670134 26489 4461

1722599562.929346 17808044
cloud0_tkemenade 27965416482 43573 2983

1722599563.9317253 17808263
cloud_controller_tkemenade 12772670134 26508 4467

1722599563.9321032 17808263
cloud0_tkemenade 27965416482 43774 2983

1722599564.9345744 17808494
cloud_controller_tkemenade 12772670134 26535 4478

1722599564.9350803 17808494
cloud0_tkemenade 27965416482 43975 2983

1722599565.9375403 17808718
cloud_controller_tkemenade 12772670134 26557 4482

1722599565.9380817 17808719
cloud0_tkemenade 27965416482 44175 2983

1722599566.940522 17808943
cloud_controller_tkemenade 12772670134 26577 4487

1722599566.9409814 17808943
cloud0_tkemenade 27965416482 44375 2983

1722599567.0414326 17808965
cloud_controller_tkemenade 12773565589 26578 4488

1722599567.0418587 17808966
cloud0_tkemenade 27971875576 44396 2983

1722599568.0441449 17809199
cloud_controller_tkemenade 12773565589 26594 4495

1722599568.044663 17809199
cloud0_tkemenade 27971875576 44596 2983

1722599569.047195 17809429
cloud_controller_tkemenade 12773565589 26621 4501

1722599569.0477033 17809429
cloud0_tkemenade 27971875576 44797 2983

1722599570.0501592 17809657
cloud_controller_tkemenade 12773565589 26647 4504

1722599570.0506618 17809657
cloud0_tkemenade 27971875576 44998 2983

1722599571.0531647 17809879
cloud_controller_tkemenade 12773565589 26671 4510

1722599571.0536702 17809879
cloud0_tkemenade 27971875576 45199 2983

1722599572.056004 17810100
cloud_controller_tkemenade 12773565589 26692 4517

1722599572.0565112 17810100
cloud0_tkemenade 27971875576 45399 2983

1722599573.058978 17810324
cloud_controller_tkemenade 12773565589 26715 4525

1722599573.059474 17810324
cloud0_tkemenade 27971875576 45599 2983

1722599574.0618951 17810547
cloud_controller_tkemenade 12774468016 26735 4528

1722599574.0623965 17810547
cloud0_tkemenade 27978347532 45800 2983

1722599575.0646422 17810772
cloud_controller_tkemenade 12774468016 26763 4535

1722599575.0651445 17810772
cloud0_tkemenade 27978347532 46000 2983

1722599576.0673864 17810994
cloud_controller_tkemenade 12774468016 26785 4539

1722599576.0678966 17810994
cloud0_tkemenade 27978347532 46201 2983

1722599577.0702312 17811210
cloud_controller_tkemenade 12774468016 26802 4546

1722599577.0707417 17811210
cloud0_tkemenade 27978347532 46402 2983

1722599578.0730255 17811436
cloud_controller_tkemenade 12774468016 26815 4553

1722599578.0735216 17811436
cloud0_tkemenade 27978347532 46602 2983

1722599579.0756278 17811663
cloud_controller_tkemenade 12774468016 26836 4559

1722599579.0761342 17811663
cloud0_tkemenade 27978347532 46803 2983

1722599580.0784283 17811895
cloud_controller_tkemenade 12774468016 26861 4564

1722599580.0789297 17811895
cloud0_tkemenade 27978347532 47004 2983

1722599581.0808733 17812115
cloud_controller_tkemenade 12774468016 26880 4573

1722599581.0813804 17812115
cloud0_tkemenade 27978347532 47204 2983

1722599581.1818614 17812138
cloud_controller_tkemenade 12775344945 26882 4574

1722599581.1823256 17812138
cloud0_tkemenade 27984833158 47224 2983

1722599582.1845338 17812367
cloud_controller_tkemenade 12775344945 26908 4580

1722599582.1850367 17812367
cloud0_tkemenade 27984833158 47424 2983

1722599583.1871717 17812598
cloud_controller_tkemenade 12775344945 26936 4586

1722599583.187668 17812598
cloud0_tkemenade 27984833158 47625 2983

1722599584.1900635 17812818
cloud_controller_tkemenade 12775344945 26955 4594

1722599584.1905646 17812818
cloud0_tkemenade 27984833158 47826 2983

1722599585.1930668 17813050
cloud_controller_tkemenade 12775344945 26987 4599

1722599585.1935673 17813050
cloud0_tkemenade 27984833158 48026 2983

1722599586.1958117 17813269
cloud_controller_tkemenade 12775344945 27007 4603

1722599586.196287 17813269
cloud0_tkemenade 27984833158 48227 2983

1722599587.1986372 17813488
cloud_controller_tkemenade 12775344945 27023 4611

1722599587.1991327 17813488
cloud0_tkemenade 27984833158 48428 2983

1722599588.2010446 17813713
cloud_controller_tkemenade 12775344945 27042 4616

1722599588.2015457 17813713
cloud0_tkemenade 27984833158 48628 2983

1722599588.402254 17813762
cloud_controller_tkemenade 12776275011 27045 4617

1722599588.402718 17813762
cloud0_tkemenade 27991303188 48668 2983

1722599589.4051507 17813990
cloud_controller_tkemenade 12776275011 27069 4623

1722599589.4056623 17813990
cloud0_tkemenade 27991303188 48869 2983

1722599590.4078846 17814233
cloud_controller_tkemenade 12776275011 27110 4631

1722599590.4083936 17814233
cloud0_tkemenade 27991303188 49069 2983

1722599591.410653 17814458
cloud_controller_tkemenade 12776275011 27134 4637

1722599591.4111586 17814458
cloud0_tkemenade 27991303188 49270 2983

1722599592.4136348 17814682
cloud_controller_tkemenade 12776275011 27154 4641

1722599592.414171 17814682
cloud0_tkemenade 27991303188 49471 2983

1722599593.416796 17814909
cloud_controller_tkemenade 12776275011 27178 4647

1722599593.417267 17814909
cloud0_tkemenade 27991303188 49671 2983

1722599594.419744 17815126
cloud_controller_tkemenade 12776275011 27196 4651

1722599594.420242 17815126
cloud0_tkemenade 27991303188 49872 2983

1722599595.4227579 17815360
cloud_controller_tkemenade 12776275011 27228 4656

1722599595.4232473 17815360
cloud0_tkemenade 27991303188 50073 2983

1722599595.5237155 17815385
cloud_controller_tkemenade 12777288958 27229 4657

1722599595.5241842 17815385
cloud0_tkemenade 27997759714 50093 2983

1722599596.5266597 17815605
cloud_controller_tkemenade 12777288958 27246 4661

1722599596.5271597 17815605
cloud0_tkemenade 27997759714 50293 2983

1722599597.5296292 17815829
cloud_controller_tkemenade 12777288958 27267 4668

1722599597.5301676 17815829
cloud0_tkemenade 27997759714 50494 2983

1722599598.5325558 17816067
cloud_controller_tkemenade 12777288958 27290 4673

1722599598.5330584 17816067
cloud0_tkemenade 27997759714 50694 2983

1722599599.5352204 17816297
cloud_controller_tkemenade 12777288958 27313 4678

1722599599.5357358 17816297
cloud0_tkemenade 27997759714 50895 2983

1722599600.538047 17816522
cloud_controller_tkemenade 12777288958 27335 4683

1722599600.5385127 17816522
cloud0_tkemenade 27997759714 51096 2983

1722599601.540752 17816744
cloud_controller_tkemenade 12777288958 27353 4691

1722599601.541239 17816744
cloud0_tkemenade 27997759714 51296 2983

1722599602.5433054 17816965
cloud_controller_tkemenade 12777288958 27376 4697

1722599602.5438018 17816965
cloud0_tkemenade 27997759714 51496 2983

1722599602.7445133 17817019
cloud_controller_tkemenade 12778170300 27384 4699

1722599602.745006 17817019
cloud0_tkemenade 28004230387 51536 2983

1722599603.7472222 17817250
cloud_controller_tkemenade 12778170300 27412 4710

1722599603.7477224 17817250
cloud0_tkemenade 28004230387 51737 2983

1722599604.750171 17817472
cloud_controller_tkemenade 12778170300 27433 4717

1722599604.7506776 17817472
cloud0_tkemenade 28004230387 51938 2983

1722599605.753036 17817698
cloud_controller_tkemenade 12778170300 27458 4724

1722599605.7535312 17817698
cloud0_tkemenade 28004230387 52138 2983

1722599606.755606 17817922
cloud_controller_tkemenade 12778170300 27479 4729

1722599606.756113 17817922
cloud0_tkemenade 28004230387 52339 2983

1722599607.7584465 17818144
cloud_controller_tkemenade 12778170300 27500 4738

1722599607.758941 17818144
cloud0_tkemenade 28004230387 52540 2983

1722599608.761203 17818372
cloud_controller_tkemenade 12778170300 27516 4743

1722599608.7617044 17818372
cloud0_tkemenade 28004230387 52740 2983

1722599609.6636662 17818576
cloud_controller_tkemenade 12779124028 27537 4750

1722599609.6641476 17818576
cloud0_tkemenade 28010743656 52920 2983

1722599610.6664312 17818805
cloud_controller_tkemenade 12779124028 27563 4754

1722599610.6669374 17818805
cloud0_tkemenade 28010743656 53121 2983

1722599611.6690927 17819022
cloud_controller_tkemenade 12779124028 27579 4764

1722599611.6695971 17819022
cloud0_tkemenade 28010743656 53322 2983

1722599612.67184 17819255
cloud_controller_tkemenade 12779124028 27603 4771

1722599612.6723402 17819255
cloud0_tkemenade 28010743656 53522 2983

1722599613.674423 17819479
cloud_controller_tkemenade 12779124028 27626 4779

1722599613.6749225 17819479
cloud0_tkemenade 28010743656 53723 2983

1722599614.6773891 17819718
cloud_controller_tkemenade 12779124028 27665 4783

1722599614.677859 17819719
cloud0_tkemenade 28010743656 53924 2983

1722599615.6802413 17819946
cloud_controller_tkemenade 12779124028 27693 4790

1722599615.680734 17819946
cloud0_tkemenade 28010743656 54124 2983

1722599616.682963 17820172
cloud_controller_tkemenade 12780159757 27715 4794

1722599616.683439 17820172
cloud0_tkemenade 28017221589 54325 2983

1722599617.6858878 17820394
cloud_controller_tkemenade 12780159757 27739 4805

1722599617.6863914 17820394
cloud0_tkemenade 28017221589 54525 2983

1722599618.6886656 17820621
cloud_controller_tkemenade 12780159757 27756 4810

1722599618.6889853 17820621
cloud0_tkemenade 28017221589 54725 2983

1722599619.690979 17820842
cloud_controller_tkemenade 12780159757 27771 4818

1722599619.6914718 17820842
cloud0_tkemenade 28017221589 54926 2983

1722599620.6938746 17821072
cloud_controller_tkemenade 12780159757 27799 4825

1722599620.6943755 17821072
cloud0_tkemenade 28017221589 55127 2983

1722599621.6967325 17821291
cloud_controller_tkemenade 12780159757 27819 4829

1722599621.69723 17821291
cloud0_tkemenade 28017221589 55327 2983

1722599622.699541 17821514
cloud_controller_tkemenade 12780159757 27839 4838

1722599622.7000382 17821514
cloud0_tkemenade 28017221589 55528 2983

1722599623.7024124 17821737
cloud_controller_tkemenade 12780159757 27861 4847

1722599623.702905 17821737
cloud0_tkemenade 28017221589 55729 2983

1722599623.803378 17821763
cloud_controller_tkemenade 12781069520 27863 4847

1722599623.8038535 17821763
cloud0_tkemenade 28023708798 55749 2983

1722599624.8062305 17821986
cloud_controller_tkemenade 12781069520 27882 4854

1722599624.8067367 17821986
cloud0_tkemenade 28023708798 55949 2983

1722599625.8092718 17822227
cloud_controller_tkemenade 12781069520 27916 4859

1722599625.809813 17822228
cloud0_tkemenade 28023708798 56150 2983

1722599626.8122709 17822444
cloud_controller_tkemenade 12781069520 27933 4863

1722599626.8127668 17822444
cloud0_tkemenade 28023708798 56350 2983

1722599627.8153377 17822672
cloud_controller_tkemenade 12781069520 27959 4867

1722599627.815844 17822672
cloud0_tkemenade 28023708798 56551 2983

1722599628.8183208 17822892
cloud_controller_tkemenade 12781069520 27979 4872

1722599628.818793 17822892
cloud0_tkemenade 28023708798 56752 2983

1722599629.8212044 17823130
cloud_controller_tkemenade 12781069520 28002 4880

1722599629.8217099 17823130
cloud0_tkemenade 28023708798 56953 2983

1722599630.824032 17823354
cloud_controller_tkemenade 12781986489 28023 4884

1722599630.8245127 17823354
cloud0_tkemenade 28030197051 57153 2983

1722599631.8264515 17823580
cloud_controller_tkemenade 12781986489 28046 4890

1722599631.826955 17823580
cloud0_tkemenade 28030197051 57353 2983

1722599632.8290253 17823805
cloud_controller_tkemenade 12781986489 28072 4896

1722599632.829533 17823805
cloud0_tkemenade 28030197051 57553 2983

1722599633.8314795 17824033
cloud_controller_tkemenade 12781986489 28098 4902

1722599633.8319716 17824033
cloud0_tkemenade 28030197051 57754 2983

1722599634.8337576 17824258
cloud_controller_tkemenade 12781986489 28123 4906

1722599634.83426 17824258
cloud0_tkemenade 28030197051 57955 2983

1722599635.8368142 17824490
cloud_controller_tkemenade 12781986489 28154 4915

1722599635.8372943 17824490
cloud0_tkemenade 28030197051 58155 2983

1722599636.8395455 17824712
cloud_controller_tkemenade 12781986489 28172 4918

1722599636.8400378 17824712
cloud0_tkemenade 28030197051 58356 2983

1722599637.8425622 17824944
cloud_controller_tkemenade 12781986489 28195 4924

1722599637.843031 17824944
cloud0_tkemenade 28030197051 58557 2983

1722599637.9434922 17824965
cloud_controller_tkemenade 12782955617 28197 4925

1722599637.9439409 17824965
cloud0_tkemenade 28036657907 58577 2983

1722599638.946387 17825189
cloud_controller_tkemenade 12782955617 28215 4930

1722599638.9468873 17825189
cloud0_tkemenade 28036657907 58778 2983

1722599639.9493468 17825421
cloud_controller_tkemenade 12782955617 28237 4936

1722599639.9498823 17825422
cloud0_tkemenade 28036657907 58978 2983

1722599640.95209 17825640
cloud_controller_tkemenade 12782955617 28256 4942

1722599640.9525902 17825640
cloud0_tkemenade 28036657907 59178 2983

1722599641.9548657 17825865
cloud_controller_tkemenade 12782955617 28278 4952

1722599641.9553633 17825865
cloud0_tkemenade 28036657907 59379 2983

1722599642.9576921 17826098
cloud_controller_tkemenade 12782955617 28312 4957

1722599642.9581957 17826098
cloud0_tkemenade 28036657907 59580 2983

1722599643.9604836 17826315
cloud_controller_tkemenade 12782955617 28332 4965

1722599643.9609785 17826315
cloud0_tkemenade 28036657907 59780 2983

1722599644.9631298 17826541
cloud_controller_tkemenade 12783879020 28353 4971

1722599644.9636827 17826541
cloud0_tkemenade 28043149160 59981 2983

1722599645.9659102 17826770
cloud_controller_tkemenade 12783879020 28382 4982

1722599645.9664052 17826770
cloud0_tkemenade 28043149160 60182 2983

1722599646.9687395 17826988
cloud_controller_tkemenade 12783879020 28404 4986

1722599646.9692433 17826988
cloud0_tkemenade 28043149160 60382 2983

1722599647.9714172 17827206
cloud_controller_tkemenade 12783879020 28425 4994

1722599647.9719102 17827206
cloud0_tkemenade 28043149160 60582 2983

1722599648.9742382 17827425
cloud_controller_tkemenade 12783879020 28443 5000

1722599648.974729 17827425
cloud0_tkemenade 28043149160 60783 2983

1722599649.9771836 17827660
cloud_controller_tkemenade 12783879020 28467 5011

1722599649.9776564 17827660
cloud0_tkemenade 28043149160 60984 2983

1722599650.979948 17827891
cloud_controller_tkemenade 12783879020 28495 5016

1722599650.9804504 17827891
cloud0_tkemenade 28043149160 61184 2983

1722599651.9826548 17828115
cloud_controller_tkemenade 12784887169 28515 5024

1722599651.9831207 17828115
cloud0_tkemenade 28049653351 61385 2983

1722599652.9855225 17828336
cloud_controller_tkemenade 12784887169 28535 5031

1722599652.9860566 17828338
cloud0_tkemenade 28049653351 61586 2983

1722599653.9885354 17828560
cloud_controller_tkemenade 12784887169 28560 5037

1722599653.989041 17828560
cloud0_tkemenade 28049653351 61786 2983

1722599654.991476 17828776
cloud_controller_tkemenade 12784887169 28577 5043

1722599654.9919791 17828776
cloud0_tkemenade 28049653351 61986 2983

1722599655.9945164 17829008
cloud_controller_tkemenade 12784887169 28607 5051

1722599655.9950309 17829008
cloud0_tkemenade 28049653351 62187 2983

1722599656.997446 17829225
cloud_controller_tkemenade 12784887169 28623 5057

1722599656.997937 17829226
cloud0_tkemenade 28049653351 62388 2983

1722599658.00043 17829455
cloud_controller_tkemenade 12784887169 28649 5064

1722599658.0009367 17829455
cloud0_tkemenade 28049653351 62588 2983

1722599659.0033867 17829681
cloud_controller_tkemenade 12784887169 28671 5071

1722599659.0038915 17829681
cloud0_tkemenade 28049653351 62789 2983

1722599659.1043055 17829709
cloud_controller_tkemenade 12785821553 28672 5072

1722599659.1047394 17829709
cloud0_tkemenade 28056125674 62809 2983

1722599660.1067603 17829948
cloud_controller_tkemenade 12785821553 28692 5080

1722599660.107273 17829948
cloud0_tkemenade 28056125674 63010 2983

1722599661.1097522 17830168
cloud_controller_tkemenade 12785821553 28712 5084

1722599661.1102722 17830168
cloud0_tkemenade 28056125674 63210 2983

1722599662.1127455 17830390
cloud_controller_tkemenade 12785821553 28734 5090

1722599662.1132574 17830390
cloud0_tkemenade 28056125674 63410 2983

1722599663.1157398 17830621
cloud_controller_tkemenade 12785821553 28763 5097

1722599663.1162553 17830621
cloud0_tkemenade 28056125674 63611 2983

1722599664.1186655 17830848
cloud_controller_tkemenade 12785821553 28788 5107

1722599664.1191378 17830848
cloud0_tkemenade 28056125674 63812 2983

1722599665.121569 17831070
cloud_controller_tkemenade 12785821553 28814 5115

1722599665.1220977 17831072
cloud0_tkemenade 28056125674 64013 2983

1722599666.1240017 17831297
cloud_controller_tkemenade 12785821553 28842 5122

1722599666.124474 17831297
cloud0_tkemenade 28056125674 64213 2983

1722599666.2248929 17831324
cloud_controller_tkemenade 12786836043 28844 5123

1722599666.2253473 17831324
cloud0_tkemenade 28062619328 64233 2983

1722599667.2268913 17831542
cloud_controller_tkemenade 12786836043 28859 5130

1722599667.2273953 17831542
cloud0_tkemenade 28062619328 64434 2983

1722599668.2298465 17831764
cloud_controller_tkemenade 12786836043 28879 5140

1722599668.2303534 17831764
cloud0_tkemenade 28062619328 64635 2983

1722599669.2325494 17831985
cloud_controller_tkemenade 12786836043 28898 5144

1722599669.2330546 17831985
cloud0_tkemenade 28062619328 64835 2983

1722599670.2354627 17832216
cloud_controller_tkemenade 12786836043 28924 5151

1722599670.2359605 17832216
cloud0_tkemenade 28062619328 65036 2983

1722599671.2382913 17832437
cloud_controller_tkemenade 12786836043 28943 5154

1722599671.2387686 17832437
cloud0_tkemenade 28062619328 65236 2983

1722599672.2412107 17832660
cloud_controller_tkemenade 12786836043 28965 5162

1722599672.2417078 17832660
cloud0_tkemenade 28062619328 65437 2983

1722599673.2440445 17832885
cloud_controller_tkemenade 12786836043 28991 5167

1722599673.244509 17832885
cloud0_tkemenade 28062619328 65637 2983

1722599673.344968 17832907
cloud_controller_tkemenade 12787716853 28992 5168

1722599673.3453937 17832907
cloud0_tkemenade 28069090777 65657 2983

1722599674.3475204 17833132
cloud_controller_tkemenade 12787716853 29015 5178

1722599674.3480191 17833132
cloud0_tkemenade 28069090777 65858 2983

1722599675.350287 17833357
cloud_controller_tkemenade 12787716853 29040 5183

1722599675.3507876 17833357
cloud0_tkemenade 28069090777 66059 2983

1722599676.3532345 17833582
cloud_controller_tkemenade 12787716853 29065 5192

1722599676.3537416 17833583
cloud0_tkemenade 28069090777 66260 2983

1722599677.3559995 17833798
cloud_controller_tkemenade 12787716853 29079 5196

1722599677.3565028 17833798
cloud0_tkemenade 28069090777 66460 2983

1722599678.3590105 17834019
cloud_controller_tkemenade 12787716853 29099 5205

1722599678.3594813 17834019
cloud0_tkemenade 28069090777 66661 2983

1722599679.361935 17834239
cloud_controller_tkemenade 12787716853 29117 5212

1722599679.362436 17834239
cloud0_tkemenade 28069090777 66861 2983

1722599680.3649967 17834480
cloud_controller_tkemenade 12788629576 29142 5217

1722599680.365488 17834480
cloud0_tkemenade 28075575675 67062 2983

1722599681.367967 17834699
cloud_controller_tkemenade 12788629576 29163 5222

1722599681.3684824 17834699
cloud0_tkemenade 28075575675 67262 2983

1722599682.370973 17834913
cloud_controller_tkemenade 12788629576 29182 5230

1722599682.3714752 17834913
cloud0_tkemenade 28075575675 67463 2983

1722599683.3738458 17835139
cloud_controller_tkemenade 12788629576 29206 5236

1722599683.3743546 17835139
cloud0_tkemenade 28075575675 67664 2983

1722599684.376847 17835362
cloud_controller_tkemenade 12788629576 29229 5241

1722599684.3773491 17835362
cloud0_tkemenade 28075575675 67864 2983

1722599685.3795354 17835591
cloud_controller_tkemenade 12788629576 29255 5247

1722599685.3800385 17835591
cloud0_tkemenade 28075575675 68065 2983

1722599686.382505 17835817
cloud_controller_tkemenade 12788629576 29282 5252

1722599686.3830106 17835817
cloud0_tkemenade 28075575675 68266 2983

1722599687.3854492 17836030
cloud_controller_tkemenade 12788629576 29295 5257

1722599687.3859863 17836032
cloud0_tkemenade 28075575675 68466 2983

1722599687.4864075 17836060
cloud_controller_tkemenade 12789519427 29297 5257

1722599687.4868534 17836060
cloud0_tkemenade 28082055616 68486 2983

1722599688.4893446 17836285
cloud_controller_tkemenade 12789519427 29321 5263

1722599688.4898784 17836286
cloud0_tkemenade 28082055616 68687 2983

1722599689.4921224 17836507
cloud_controller_tkemenade 12789519427 29342 5271

1722599689.4926307 17836507
cloud0_tkemenade 28082055616 68887 2983

1722599690.494785 17836744
cloud_controller_tkemenade 12789519427 29370 5277

1722599690.495097 17836744
cloud0_tkemenade 28082055616 69088 2983

1722599691.4970806 17836962
cloud_controller_tkemenade 12789519427 29391 5282

1722599691.4975863 17836962
cloud0_tkemenade 28082055616 69288 2983

1722599692.4997883 17837184
cloud_controller_tkemenade 12789519427 29414 5288

1722599692.500268 17837184
cloud0_tkemenade 28082055616 69489 2983

1722599693.5028052 17837409
cloud_controller_tkemenade 12789519427 29439 5294

1722599693.5032935 17837409
cloud0_tkemenade 28082055616 69689 2983

1722599694.5058246 17837638
cloud_controller_tkemenade 12790491984 29463 5302

1722599694.5062912 17837638
cloud0_tkemenade 28088539335 69890 2983

1722599695.5086923 17837863
cloud_controller_tkemenade 12790491984 29490 5307

1722599695.5092037 17837863
cloud0_tkemenade 28088539335 70090 2983

1722599696.511394 17838088
cloud_controller_tkemenade 12790491984 29517 5314

1722599696.511986 17838088
cloud0_tkemenade 28088539335 70291 2983

1722599697.5143738 17838299
cloud_controller_tkemenade 12790491984 29531 5316

1722599697.514872 17838299
cloud0_tkemenade 28088539335 70492 2983

1722599698.5173554 17838515
cloud_controller_tkemenade 12790491984 29552 5325

1722599698.5178802 17838516
cloud0_tkemenade 28088539335 70693 2983

1722599699.5202565 17838743
cloud_controller_tkemenade 12790491984 29573 5331

1722599699.5207222 17838743
cloud0_tkemenade 28088539335 70893 2983

1722599700.5231252 17838970
cloud_controller_tkemenade 12790491984 29600 5338

1722599700.5236301 17838970
cloud0_tkemenade 28088539335 71093 2983

1722599701.5257173 17839199
cloud_controller_tkemenade 12790491984 29623 5342

1722599701.5263033 17839199
cloud0_tkemenade 28088539335 71294 2983

1722599701.6267755 17839223
cloud_controller_tkemenade 12791417546 29626 5343

1722599701.6272547 17839223
cloud0_tkemenade 28095045766 71314 2983

1722599702.6297228 17839455
cloud_controller_tkemenade 12791417546 29658 5351

1722599702.6303113 17839455
cloud0_tkemenade 28095045766 71515 2983

1722599703.632671 17839673
cloud_controller_tkemenade 12791417546 29675 5357

1722599703.6331704 17839673
cloud0_tkemenade 28095045766 71715 2983

1722599704.6355848 17839898
cloud_controller_tkemenade 12791417546 29700 5360

1722599704.636089 17839898
cloud0_tkemenade 28095045766 71916 2983

1722599705.638549 17840124
cloud_controller_tkemenade 12791417546 29731 5367

1722599705.6390593 17840124
cloud0_tkemenade 28095045766 72116 2983

1722599706.6415246 17840350
cloud_controller_tkemenade 12791417546 29755 5375

1722599706.6420195 17840352
cloud0_tkemenade 28095045766 72317 2983

1722599707.6444483 17840566
cloud_controller_tkemenade 12791417546 29771 5380

1722599707.6449478 17840566
cloud0_tkemenade 28095045766 72517 2983

1722599708.6471274 17840796
cloud_controller_tkemenade 12791417546 29796 5385

1722599708.6476068 17840796
cloud0_tkemenade 28095045766 72718 2983

1722599708.7480197 17840818
cloud_controller_tkemenade 12792400730 29797 5386

1722599708.7484262 17840818
cloud0_tkemenade 28101539359 72738 2983

1722599709.750574 17841039
cloud_controller_tkemenade 12792400730 29818 5391

1722599709.7510593 17841039
cloud0_tkemenade 28101539359 72939 2983

1722599710.753509 17841275
cloud_controller_tkemenade 12792400730 29856 5397

1722599710.7540357 17841276
cloud0_tkemenade 28101539359 73140 2983

1722599711.7562184 17841509
cloud_controller_tkemenade 12792400730 29871 5403

1722599711.7567158 17841509
cloud0_tkemenade 28101539359 73339 2983

1722599712.7588747 17841740
cloud_controller_tkemenade 12792400730 29902 5411

1722599712.759392 17841740
cloud0_tkemenade 28101539359 73540 2983

1722599713.7618012 17841958
cloud_controller_tkemenade 12792400730 29919 5416

1722599713.7622724 17841958
cloud0_tkemenade 28101539359 73741 2983

1722599714.7645643 17842188
cloud_controller_tkemenade 12792400730 29943 5422

1722599714.7650588 17842188
cloud0_tkemenade 28101539359 73941 2983

1722599715.6669629 17842398
cloud_controller_tkemenade 12793387563 29967 5426

1722599715.667434 17842398
cloud0_tkemenade 28108030221 74122 2983

1722599716.6699378 17842629
cloud_controller_tkemenade 12793387563 29998 5430

1722599716.6704483 17842629
cloud0_tkemenade 28108030221 74323 2983

1722599717.672916 17842845
cloud_controller_tkemenade 12793387563 30017 5434

1722599717.67342 17842845
cloud0_tkemenade 28108030221 74523 2983

1722599718.6759293 17843071
cloud_controller_tkemenade 12793387563 30040 5439

1722599718.6764462 17843071
cloud0_tkemenade 28108030221 74724 2983

1722599719.6789103 17843293
cloud_controller_tkemenade 12793387563 30058 5444

1722599719.6794033 17843293
cloud0_tkemenade 28108030221 74925 2983

1722599720.68179 17843524
cloud_controller_tkemenade 12793387563 30086 5450

1722599720.68226 17843524
cloud0_tkemenade 28108030221 75125 2983

1722599721.6847212 17843747
cloud_controller_tkemenade 12793387563 30101 5459

1722599721.685225 17843747
cloud0_tkemenade 28108030221 75326 2983

1722599722.6876664 17843976
cloud_controller_tkemenade 12793387563 30130 5467

1722599722.6881802 17843976
cloud0_tkemenade 28108030221 75526 2983

1722599722.8888996 17844031
cloud_controller_tkemenade 12794373171 30140 5472

1722599722.8893747 17844031
cloud0_tkemenade 28114540663 75566 2983

1722599723.8918493 17844251
cloud_controller_tkemenade 12794373171 30164 5475

1722599723.8923497 17844251
cloud0_tkemenade 28114540663 75767 2983

1722599724.8948495 17844482
cloud_controller_tkemenade 12794373171 30193 5482

1722599724.8953483 17844482
cloud0_tkemenade 28114540663 75968 2983

1722599725.8978016 17844705
cloud_controller_tkemenade 12794373171 30217 5485

1722599725.8983111 17844705
cloud0_tkemenade 28114540663 76169 2983

1722599726.9007828 17844930
cloud_controller_tkemenade 12794373171 30243 5491

1722599726.9012818 17844930
cloud0_tkemenade 28114540663 76369 2983

1722599727.9036856 17845149
cloud_controller_tkemenade 12794373171 30261 5499

1722599727.9041553 17845149
cloud0_tkemenade 28114540663 76570 2983

1722599728.9066348 17845369
cloud_controller_tkemenade 12794373171 30281 5508

1722599728.9071348 17845369
cloud0_tkemenade 28114540663 76771 2983

1722599729.9094412 17845597
cloud_controller_tkemenade 12795329417 30304 5514

1722599729.9099522 17845598
cloud0_tkemenade 28121044067 76971 2983

1722599730.9124413 17845820
cloud_controller_tkemenade 12795329417 30329 5518

1722599730.9129455 17845820
cloud0_tkemenade 28121044067 77171 2983

1722599731.9151003 17846054
cloud_controller_tkemenade 12795329417 30352 5524

1722599731.915606 17846054
cloud0_tkemenade 28121044067 77372 2983

1722599732.918102 17846303
cloud_controller_tkemenade 12795329417 30384 5532

1722599732.9186068 17846303
cloud0_tkemenade 28121044067 77573 2983

1722599733.9210505 17846518
cloud_controller_tkemenade 12795329417 30399 5539

1722599733.921553 17846518
cloud0_tkemenade 28121044067 77773 2983

1722599734.9241233 17846757
cloud_controller_tkemenade 12795329417 30442 5543

1722599734.9245934 17846757
cloud0_tkemenade 28121044067 77974 2983

1722599735.9270265 17846977
cloud_controller_tkemenade 12795329417 30460 5550

1722599735.9275227 17846977
cloud0_tkemenade 28121044067 78175 2983

1722599736.9300082 17847202
cloud_controller_tkemenade 12795329417 30486 5557

1722599736.9304993 17847202
cloud0_tkemenade 28121044067 78376 2983

1722599737.9333797 17847426
cloud_controller_tkemenade 12795329417 30508 5563

1722599737.9338956 17847427
cloud0_tkemenade 28121044067 78576 2983

1722599738.9361286 17847645
cloud_controller_tkemenade 12795329417 30526 5570

1722599738.9366124 17847645
cloud0_tkemenade 28121044067 78776 2983

1722599739.9387636 17847870
cloud_controller_tkemenade 12795329417 30551 5578

1722599739.939195 17847870
cloud0_tkemenade 28121044067 78977 2983

1722599740.9415271 17848094
cloud_controller_tkemenade 12795329417 30575 5586

1722599740.9419866 17848096
cloud0_tkemenade 28121044067 79178 2983

1722599741.94419 17848322
cloud_controller_tkemenade 12795329417 30592 5591

1722599741.9446976 17848322
cloud0_tkemenade 28121044067 79378 2983

1722599742.9471552 17848554
cloud_controller_tkemenade 12795329417 30623 5601

1722599742.9476264 17848554
cloud0_tkemenade 28121044067 79579 2983

1722599743.9501085 17848767
cloud_controller_tkemenade 12795329417 30638 5608

1722599743.9505544 17848767
cloud0_tkemenade 28121044067 79779 2983

1722599744.251442 17848842
cloud_controller_tkemenade 12796286647 30646 5610

1722599744.2519011 17848842
cloud0_tkemenade 28127543158 79839 2983

1722599745.254227 17849059
cloud_controller_tkemenade 12796286647 30663 5620

1722599745.2547274 17849059
cloud0_tkemenade 28127543158 80040 2983

1722599746.2571354 17849285
cloud_controller_tkemenade 12796286647 30692 5629

1722599746.25761 17849285
cloud0_tkemenade 28127543158 80241 2983

1722599747.259797 17849505
cloud_controller_tkemenade 12796286647 30712 5634

1722599747.260306 17849505
cloud0_tkemenade 28127543158 80441 2983

1722599748.2626004 17849731
cloud_controller_tkemenade 12796286647 30737 5644

1722599748.2630723 17849731
cloud0_tkemenade 28127543158 80642 2983

1722599749.2655118 17849951
cloud_controller_tkemenade 12796286647 30757 5650

1722599749.2660258 17849952
cloud0_tkemenade 28127543158 80843 2983

1722599750.2682774 17850171
cloud_controller_tkemenade 12796286647 30780 5655

1722599750.2687519 17850171
cloud0_tkemenade 28127543158 81043 2983

1722599751.2708967 17850396
cloud_controller_tkemenade 12797233112 30806 5661

1722599751.2714252 17850396
cloud0_tkemenade 28134009156 81244 2983

1722599752.2738388 17850622
cloud_controller_tkemenade 12797233112 30825 5665

1722599752.2743402 17850622
cloud0_tkemenade 28134009156 81444 2983

1722599753.27676 17850855
cloud_controller_tkemenade 12797233112 30861 5671

1722599753.2772872 17850855
cloud0_tkemenade 28134009156 81643 2984

1722599754.2793882 17851078
cloud_controller_tkemenade 12797233112 30882 5679

1722599754.2798893 17851078
cloud0_tkemenade 28134009156 81844 2984

1722599755.2822497 17851298
cloud_controller_tkemenade 12797233112 30901 5685

1722599755.282778 17851298
cloud0_tkemenade 28134009156 82045 2984

1722599756.285187 17851528
cloud_controller_tkemenade 12797233112 30928 5695

1722599756.2856805 17851528
cloud0_tkemenade 28134009156 82246 2984

1722599757.2879927 17851762
cloud_controller_tkemenade 12797233112 30954 5698

1722599757.2885215 17851762
cloud0_tkemenade 28134009156 82446 2984

1722599758.2908068 17851985
cloud_controller_tkemenade 12797233112 30976 5705

1722599758.2912982 17851985
cloud0_tkemenade 28134009156 82647 2984

1722599758.3917775 17852010
cloud_controller_tkemenade 12798234198 30979 5706

1722599758.3922503 17852010
cloud0_tkemenade 28140500221 82667 2984

1722599759.3945777 17852234
cloud_controller_tkemenade 12798234198 30999 5714

1722599759.3950255 17852234
cloud0_tkemenade 28140500221 82867 2984

1722599760.3974075 17852455
cloud_controller_tkemenade 12798234198 31020 5720

1722599760.3978684 17852457
cloud0_tkemenade 28140500221 83068 2984

1722599761.4001644 17852689
cloud_controller_tkemenade 12798234198 31051 5726

1722599761.400599 17852689
cloud0_tkemenade 28140500221 83268 2984

1722599762.402791 17852920
cloud_controller_tkemenade 12798234198 31072 5732

1722599762.4032648 17852920
cloud0_tkemenade 28140500221 83469 2984

1722599763.4055572 17853146
cloud_controller_tkemenade 12798234198 31102 5736

1722599763.4060595 17853147
cloud0_tkemenade 28140500221 83669 2984

1722599764.4082873 17853362
cloud_controller_tkemenade 12798234198 31123 5742

1722599764.4087145 17853362
cloud0_tkemenade 28140500221 83868 2984

1722599765.4106429 17853580
cloud_controller_tkemenade 12798234198 31140 5748

1722599765.4110694 17853580
cloud0_tkemenade 28140500221 84069 2985

1722599765.5115263 17853606
cloud_controller_tkemenade 12799176859 31142 5748

1722599765.5119624 17853606
cloud0_tkemenade 28146962234 84089 2985

1722599766.514248 17853832
cloud_controller_tkemenade 12799176859 31172 5754

1722599766.5147264 17853832
cloud0_tkemenade 28146962234 84289 2985

1722599767.517121 17854050
cloud_controller_tkemenade 12799176859 31193 5761

1722599767.517605 17854050
cloud0_tkemenade 28146962234 84490 2985

1722599768.5199926 17854275
cloud_controller_tkemenade 12799176859 31217 5768

1722599768.5204878 17854275
cloud0_tkemenade 28146962234 84690 2985

1722599769.5228472 17854504
cloud_controller_tkemenade 12799176859 31237 5772

1722599769.5233214 17854504
cloud0_tkemenade 28146962234 84891 2985

1722599770.5255973 17854733
cloud_controller_tkemenade 12799176859 31267 5782

1722599770.526135 17854734
cloud0_tkemenade 28146962234 85092 2985

1722599771.5285945 17854960
cloud_controller_tkemenade 12799176859 31298 5788

1722599771.5290697 17854960
cloud0_tkemenade 28146962234 85292 2985

1722599772.5315933 17855188
cloud_controller_tkemenade 12799176859 31315 5795

1722599772.5321023 17855188
cloud0_tkemenade 28146962234 85492 2985

1722599772.63255 17855213
cloud_controller_tkemenade 12800184482 31318 5796

1722599772.6330228 17855213
cloud0_tkemenade 28153431997 85512 2985

1722599773.6352086 17855439
cloud_controller_tkemenade 12800184482 31343 5802

1722599773.6356628 17855439
cloud0_tkemenade 28153431997 85713 2985

1722599774.637805 17855660
cloud_controller_tkemenade 12800184482 31364 5805

1722599774.638235 17855660
cloud0_tkemenade 28153431997 85914 2985

1722599775.640462 17855870
cloud_controller_tkemenade 12800184482 31380 5810

1722599775.6408935 17855870
cloud0_tkemenade 28153431997 86114 2985

1722599776.6433573 17856101
cloud_controller_tkemenade 12800184482 31411 5820

1722599776.6438122 17856101
cloud0_tkemenade 28153431997 86315 2985

1722599777.6463134 17856321
cloud_controller_tkemenade 12800184482 31429 5826

1722599777.6467943 17856321
cloud0_tkemenade 28153431997 86516 2985

1722599778.6489828 17856541
cloud_controller_tkemenade 12800184482 31453 5834

1722599778.649465 17856541
cloud0_tkemenade 28153431997 86716 2985

1722599779.651587 17856765
cloud_controller_tkemenade 12800184482 31472 5838

1722599779.6520782 17856765
cloud0_tkemenade 28153431997 86917 2985

1722599779.7525492 17856789
cloud_controller_tkemenade 12801090544 31474 5838

1722599779.7529657 17856789
cloud0_tkemenade 28159901920 86937 2985

1722599780.755244 17857010
cloud_controller_tkemenade 12801090544 31495 5845

1722599780.7556896 17857010
cloud0_tkemenade 28159901920 87137 2985

1722599781.758102 17857236
cloud_controller_tkemenade 12801090544 31522 5850

1722599781.7585301 17857236
cloud0_tkemenade 28159901920 87338 2985

1722599782.761026 17857463
cloud_controller_tkemenade 12801090544 31542 5857

1722599782.7615585 17857463
cloud0_tkemenade 28159901920 87538 2985

1722599783.7639983 17857689
cloud_controller_tkemenade 12801090544 31569 5864

1722599783.7644672 17857689
cloud0_tkemenade 28159901920 87739 2985

1722599784.766751 17857914
cloud_controller_tkemenade 12801090544 31595 5871

1722599784.7671986 17857914
cloud0_tkemenade 28159901920 87940 2985

1722599785.7696674 17858142
cloud_controller_tkemenade 12801090544 31615 5874

1722599785.770146 17858142
cloud0_tkemenade 28159901920 88140 2985

1722599786.6724176 17858359
cloud_controller_tkemenade 12802076567 31644 5881

1722599786.6729183 17858359
cloud0_tkemenade 28166387457 88320 2985

1722599787.6751063 17858574
cloud_controller_tkemenade 12802076567 31662 5887

1722599787.6755867 17858574
cloud0_tkemenade 28166387457 88521 2985

1722599788.6780689 17858798
cloud_controller_tkemenade 12802076567 31684 5894

1722599788.678558 17858798
cloud0_tkemenade 28166387457 88722 2985

1722599789.6810112 17859016
cloud_controller_tkemenade 12802076567 31703 5899

1722599789.681441 17859016
cloud0_tkemenade 28166387457 88922 2985

1722599790.683775 17859234
cloud_controller_tkemenade 12802076567 31724 5904

1722599790.6841908 17859234
cloud0_tkemenade 28166387457 89123 2986

1722599791.686576 17859456
cloud_controller_tkemenade 12802076567 31746 5910

1722599791.6869814 17859456
cloud0_tkemenade 28166387457 89323 2986

1722599792.6894698 17859681
cloud_controller_tkemenade 12802076567 31773 5914

1722599792.689937 17859682
cloud0_tkemenade 28166387457 89524 2986

1722599793.6922174 17859922
cloud_controller_tkemenade 12802076567 31793 5920

1722599793.6926856 17859922
cloud0_tkemenade 28166387457 89724 2986

1722599793.8933144 17859970
cloud_controller_tkemenade 12802910089 31797 5921

1722599793.89375 17859970
cloud0_tkemenade 28172542699 89765 2986

1722599794.896025 17860195
cloud_controller_tkemenade 12802910089 31819 5930

1722599794.8964267 17860195
cloud0_tkemenade 28172542699 89965 2986

1722599795.8986201 17860412
cloud_controller_tkemenade 12802910089 31836 5934

1722599795.8990161 17860412
cloud0_tkemenade 28172542699 90166 2986

1722599796.9014251 17860641
cloud_controller_tkemenade 12802910089 31868 5941

1722599796.9018497 17860642
cloud0_tkemenade 28172542699 90366 2986

1722599797.9042633 17860864
cloud_controller_tkemenade 12802910089 31889 5948

1722599797.9046748 17860864
cloud0_tkemenade 28172542699 90566 2986

1722599798.9071484 17861081
cloud_controller_tkemenade 12802910089 31907 5954

1722599798.9075716 17861081
cloud0_tkemenade 28172542699 90767 2986

1722599799.9100466 17861301
cloud_controller_tkemenade 12802910089 31928 5958

1722599799.9105306 17861301
cloud0_tkemenade 28172542699 90968 2986

1722599800.9128776 17861517
cloud_controller_tkemenade 12802910089 31945 5963

1722599800.9132676 17861517
cloud0_tkemenade 28172542699 91168 2986

1722599801.1139405 17861568
cloud_controller_tkemenade 12803735045 31952 5964

1722599801.1143875 17861568
cloud0_tkemenade 28178542384 91209 2986

1722599802.1167967 17861800
cloud_controller_tkemenade 12803735045 31984 5970

1722599802.1172135 17861800
cloud0_tkemenade 28178542384 91409 2986

1722599803.1196651 17862028
cloud_controller_tkemenade 12803735045 32009 5976

1722599803.1201394 17862028
cloud0_tkemenade 28178542384 91610 2986

1722599804.12256 17862253
cloud_controller_tkemenade 12803735045 32031 5981

1722599804.1230352 17862253
cloud0_tkemenade 28178542384 91811 2986

1722599805.125478 17862477
cloud_controller_tkemenade 12803735045 32056 5987

1722599805.1259048 17862478
cloud0_tkemenade 28178542384 92011 2986

1722599806.128335 17862696
cloud_controller_tkemenade 12803735045 32073 5991

1722599806.1287386 17862696
cloud0_tkemenade 28178542384 92211 2986

1722599807.1311524 17862922
cloud_controller_tkemenade 12803735045 32098 6001

1722599807.131543 17862922
cloud0_tkemenade 28178542384 92412 2986

1722599808.1350565 17863146
cloud_controller_tkemenade 12804621609 32119 6007

1722599808.1355572 17863146
cloud0_tkemenade 28184563274 92613 2986

1722599809.1379287 17863367
cloud_controller_tkemenade 12804621609 32139 6016

1722599809.1384435 17863367
cloud0_tkemenade 28184563274 92813 2986

1722599810.1409357 17863589
cloud_controller_tkemenade 12804621609 32161 6023

1722599810.1414425 17863589
cloud0_tkemenade 28184563274 93013 2986

1722599811.1439059 17863836
cloud_controller_tkemenade 12804621609 32185 6030

1722599811.1444137 17863836
cloud0_tkemenade 28184563274 93214 2986

1722599812.1468396 17864066
cloud_controller_tkemenade 12804621609 32215 6037

1722599812.147344 17864066
cloud0_tkemenade 28184563274 93415 2986

1722599813.14984 17864292
cloud_controller_tkemenade 12804621609 32239 6046

1722599813.1503317 17864292
cloud0_tkemenade 28184563274 93616 2986

1722599814.1527867 17864534
cloud_controller_tkemenade 12804621609 32265 6052

1722599814.153274 17864534
cloud0_tkemenade 28184563274 93816 2986

1722599815.15563 17864766
cloud_controller_tkemenade 12804621609 32296 6058

1722599815.1561098 17864766
cloud0_tkemenade 28184563274 94016 2986

1722599815.256518 17864788
cloud_controller_tkemenade 12805619605 32298 6058

1722599815.2569406 17864788
cloud0_tkemenade 28190645487 94036 2986

1722599816.2593946 17865010
cloud_controller_tkemenade 12805619605 32317 6062

1722599816.2598686 17865010
cloud0_tkemenade 28190645487 94237 2987

1722599817.262337 17865241
cloud_controller_tkemenade 12805619605 32346 6070

1722599817.2628427 17865241
cloud0_tkemenade 28190645487 94438 2987

1722599818.2653055 17865456
cloud_controller_tkemenade 12805619605 32365 6075

1722599818.2658398 17865457
cloud0_tkemenade 28190645487 94638 2987

1722599819.2683294 17865681
cloud_controller_tkemenade 12805619605 32388 6083

1722599819.2688305 17865681
cloud0_tkemenade 28190645487 94839 2987

1722599820.2711773 17865900
cloud_controller_tkemenade 12805619605 32406 6087

1722599820.2716491 17865900
cloud0_tkemenade 28190645487 95039 2987

1722599821.2740533 17866120
cloud_controller_tkemenade 12805619605 32425 6095

1722599821.274565 17866120
cloud0_tkemenade 28190645487 95240 2987

1722599822.2769628 17866354
cloud_controller_tkemenade 12806502781 32456 6101

1722599822.277446 17866354
cloud0_tkemenade 28196858324 95440 2987

1722599823.2798002 17866576
cloud_controller_tkemenade 12806502781 32480 6106

1722599823.2803018 17866576
cloud0_tkemenade 28196858324 95641 2987

1722599824.282758 17866805
cloud_controller_tkemenade 12806502781 32502 6112

1722599824.2832327 17866805
cloud0_tkemenade 28196858324 95841 2987

1722599825.2857351 17867032
cloud_controller_tkemenade 12806502781 32528 6118

1722599825.28626 17867032
cloud0_tkemenade 28196858324 96042 2987

1722599826.288694 17867248
cloud_controller_tkemenade 12806502781 32546 6123

1722599826.2891667 17867248
cloud0_tkemenade 28196858324 96242 2987

1722599827.2916646 17867482
cloud_controller_tkemenade 12806502781 32577 6131

1722599827.2921412 17867482
cloud0_tkemenade 28196858324 96443 2987

1722599828.2945857 17867702
cloud_controller_tkemenade 12806502781 32596 6138

1722599828.295059 17867702
cloud0_tkemenade 28196858324 96643 2987

1722599829.2975404 17867921
cloud_controller_tkemenade 12806502781 32616 6144

1722599829.298072 17867922
cloud0_tkemenade 28196858324 96844 2987

1722599829.4986699 17867972
cloud_controller_tkemenade 12807422083 32622 6144

1722599829.499177 17867972
cloud0_tkemenade 28203187875 96884 2987

1722599830.5016592 17868198
cloud_controller_tkemenade 12807422083 32651 6149

1722599830.502193 17868198
cloud0_tkemenade 28203187875 97085 2987

1722599831.5047073 17868421
cloud_controller_tkemenade 12807422083 32673 6158

1722599831.5052137 17868421
cloud0_tkemenade 28203187875 97285 2987

1722599832.5074785 17868645
cloud_controller_tkemenade 12807422083 32694 6166

1722599832.5079913 17868645
cloud0_tkemenade 28203187875 97485 2987

1722599833.5105357 17868872
cloud_controller_tkemenade 12807422083 32722 6178

1722599833.5110369 17868872
cloud0_tkemenade 28203187875 97686 2987

1722599834.5135524 17869106
cloud_controller_tkemenade 12807422083 32741 6183

1722599834.5140743 17869108
cloud0_tkemenade 28203187875 97887 2987

1722599835.516573 17869335
cloud_controller_tkemenade 12807422083 32765 6189

1722599835.517043 17869335
cloud0_tkemenade 28203187875 98087 2987

1722599836.5195107 17869552
cloud_controller_tkemenade 12807422083 32784 6194

1722599836.5199947 17869552
cloud0_tkemenade 28203187875 98288 2987

1722599836.6204753 17869581
cloud_controller_tkemenade 12808362008 32791 6196

1722599836.6210012 17869581
cloud0_tkemenade 28209458455 98308 2987

1722599837.6235538 17869803
cloud_controller_tkemenade 12808362008 32815 6201

1722599837.6240437 17869803
cloud0_tkemenade 28209458455 98509 2987

1722599838.626556 17870023
cloud_controller_tkemenade 12808362008 32835 6206

1722599838.6270707 17870023
cloud0_tkemenade 28209458455 98709 2987

1722599839.629601 17870252
cloud_controller_tkemenade 12808362008 32864 6211

1722599839.6301363 17870252
cloud0_tkemenade 28209458455 98910 2987

1722599840.6325734 17870467
cloud_controller_tkemenade 12808362008 32881 6219

1722599840.6330822 17870467
cloud0_tkemenade 28209458455 99110 2988

1722599841.6355264 17870697
cloud_controller_tkemenade 12808362008 32910 6225

1722599841.6360164 17870697
cloud0_tkemenade 28209458455 99311 2988

1722599842.6384892 17870920
cloud_controller_tkemenade 12808362008 32937 6231

1722599842.6389945 17870920
cloud0_tkemenade 28209458455 99511 2988

1722599843.6414819 17871145
cloud_controller_tkemenade 12808362008 32965 6240

1722599843.6419654 17871148
cloud0_tkemenade 28209458455 99712 2988

1722599843.7424438 17871170
cloud_controller_tkemenade 12809398594 32967 6240

1722599843.7428734 17871170
cloud0_tkemenade 28215947395 99732 2988

1722599844.7448318 17871402
cloud_controller_tkemenade 12809398594 32986 6248

1722599844.7451408 17871402
cloud0_tkemenade 28215947395 99932 2988

1722599845.747142 17871624
cloud_controller_tkemenade 12809398594 33007 6255

1722599845.7476466 17871624
cloud0_tkemenade 28215947395 100133 2988

1722599846.7501376 17871848
cloud_controller_tkemenade 12809398594 33030 6261

1722599846.750649 17871848
cloud0_tkemenade 28215947395 100334 2988

1722599847.753206 17872070
cloud_controller_tkemenade 12809398594 33057 6266

1722599847.753724 17872071
cloud0_tkemenade 28215947395 100535 2988

1722599848.7586741 17872291
cloud_controller_tkemenade 12809398594 33073 6272

1722599848.7591336 17872291
cloud0_tkemenade 28215947395 100736 2988

1722599849.7615147 17872519
cloud_controller_tkemenade 12809398594 33103 6277

1722599849.7619386 17872520
cloud0_tkemenade 28215947395 100936 2988

1722599850.7640674 17872733
cloud_controller_tkemenade 12809398594 33116 6282

1722599850.764474 17872733
cloud0_tkemenade 28215947395 101136 2988

1722599850.8650556 17872759
cloud_controller_tkemenade 12810269541 33119 6282

1722599850.865492 17872759
cloud0_tkemenade 28222412157 101156 2988

1722599851.8674939 17872983
cloud_controller_tkemenade 12810269541 33143 6292

1722599851.867896 17872983
cloud0_tkemenade 28222412157 101357 2988

1722599852.8702734 17873220
cloud_controller_tkemenade 12810269541 33167 6297

1722599852.8707082 17873220
cloud0_tkemenade 28222412157 101558 2988

1722599853.873052 17873450
cloud_controller_tkemenade 12810269541 33197 6304

1722599853.8734393 17873450
cloud0_tkemenade 28222412157 101758 2988

1722599854.875631 17873697
cloud_controller_tkemenade 12810269541 33233 6308

1722599854.8761213 17873697
cloud0_tkemenade 28222412157 101959 2988

1722599855.878406 17873916
cloud_controller_tkemenade 12810269541 33255 6314

1722599855.8788302 17873916
cloud0_tkemenade 28222412157 102160 2988

1722599856.8812354 17874140
cloud_controller_tkemenade 12810269541 33276 6318

1722599856.8816552 17874140
cloud0_tkemenade 28222412157 102361 2988

1722599857.883785 17874375
cloud_controller_tkemenade 12810269541 33308 6326

1722599857.884227 17874375
cloud0_tkemenade 28222412157 102561 2988

1722599857.9847035 17874402
cloud_controller_tkemenade 12811346142 33310 6326

1722599857.985163 17874402
cloud0_tkemenade 28228917577 102581 2988

1722599858.9873233 17874624
cloud_controller_tkemenade 12811346142 33326 6330

1722599858.9877667 17874624
cloud0_tkemenade 28228917577 102781 2988

1722599859.990056 17874850
cloud_controller_tkemenade 12811346142 33353 6336

1722599859.990462 17874850
cloud0_tkemenade 28228917577 102982 2988

1722599860.992662 17875074
cloud_controller_tkemenade 12811346142 33369 6341

1722599860.9930534 17875074
cloud0_tkemenade 28228917577 103182 2988

1722599861.9950771 17875299
cloud_controller_tkemenade 12811346142 33395 6347

1722599861.995482 17875299
cloud0_tkemenade 28228917577 103383 2988

1722599862.9978843 17875524
cloud_controller_tkemenade 12811346142 33420 6352

1722599862.9982836 17875524
cloud0_tkemenade 28228917577 103584 2988

1722599864.0004928 17875745
cloud_controller_tkemenade 12811346142 33446 6357

1722599864.0008888 17875745
cloud0_tkemenade 28228917577 103784 2988

1722599865.0028903 17875967
cloud_controller_tkemenade 12811346142 33465 6364

1722599865.0033839 17875967
cloud0_tkemenade 28228917577 103985 2988

1722599865.1038795 17875994
cloud_controller_tkemenade 12812240051 33470 6365

1722599865.1043212 17875994
cloud0_tkemenade 28235393859 104005 2988

1722599866.1067264 17876220
cloud_controller_tkemenade 12812240051 33492 6370

1722599866.10715 17876220
cloud0_tkemenade 28235393859 104206 2988

1722599867.1095386 17876440
cloud_controller_tkemenade 12812240051 33512 6377

1722599867.1099544 17876441
cloud0_tkemenade 28235393859 104406 2988

1722599868.112391 17876672
cloud_controller_tkemenade 12812240051 33541 6385

1722599868.1128101 17876672
cloud0_tkemenade 28235393859 104606 2988

1722599869.1151693 17876888
cloud_controller_tkemenade 12812240051 33559 6388

1722599869.1155539 17876888
cloud0_tkemenade 28235393859 104807 2988

1722599870.1178885 17877116
cloud_controller_tkemenade 12812240051 33585 6394

1722599870.1182652 17877116
cloud0_tkemenade 28235393859 105008 2988

1722599871.1206295 17877328
cloud_controller_tkemenade 12812240051 33600 6400

1722599871.1210158 17877328
cloud0_tkemenade 28235393859 105208 2988

1722599872.1230006 17877552
cloud_controller_tkemenade 12812240051 33624 6408

1722599872.1234045 17877552
cloud0_tkemenade 28235393859 105409 2988

1722599872.3240378 17877599
cloud_controller_tkemenade 12813157994 33626 6411

1722599872.3244865 17877599
cloud0_tkemenade 28241868959 105449 2988

1722599873.32692 17877829
cloud_controller_tkemenade 12813157994 33654 6417

1722599873.327309 17877829
cloud0_tkemenade 28241868959 105649 2988

1722599874.3297172 17878053
cloud_controller_tkemenade 12813157994 33677 6423

1722599874.3301146 17878053
cloud0_tkemenade 28241868959 105850 2988

1722599875.332542 17878297
cloud_controller_tkemenade 12813157994 33701 6428

1722599875.3330405 17878297
cloud0_tkemenade 28241868959 106050 2988

1722599876.335462 17878517
cloud_controller_tkemenade 12813157994 33724 6434

1722599876.3359263 17878517
cloud0_tkemenade 28241868959 106251 2988

1722599877.3383389 17878745
cloud_controller_tkemenade 12813157994 33749 6438

1722599877.3387787 17878745
cloud0_tkemenade 28241868959 106452 2988

1722599878.3411891 17878966
cloud_controller_tkemenade 12813157994 33773 6445

1722599878.341595 17878966
cloud0_tkemenade 28241868959 106652 2988

1722599879.3439722 17879187
cloud_controller_tkemenade 12813157994 33790 6450

1722599879.3444147 17879187
cloud0_tkemenade 28241868959 106853 2988

1722599879.444818 17879210
cloud_controller_tkemenade 12814027562 33792 6452

1722599879.445227 17879210
cloud0_tkemenade 28247867295 106873 2988

1722599880.447434 17879435
cloud_controller_tkemenade 12814027562 33816 6460

1722599880.4478338 17879435
cloud0_tkemenade 28247867295 107073 2988

1722599881.4500434 17879657
cloud_controller_tkemenade 12814027562 33837 6467

1722599881.4504251 17879657
cloud0_tkemenade 28247867295 107274 2988

1722599882.4528184 17879876
cloud_controller_tkemenade 12814027562 33859 6473

1722599882.453196 17879876
cloud0_tkemenade 28247867295 107474 2988

1722599883.4554462 17880102
cloud_controller_tkemenade 12814027562 33886 6480

1722599883.4558647 17880102
cloud0_tkemenade 28247867295 107675 2988

1722599884.4581652 17880328
cloud_controller_tkemenade 12814027562 33911 6489

1722599884.4585435 17880328
cloud0_tkemenade 28247867295 107876 2988

1722599885.4610035 17880567
cloud_controller_tkemenade 12814027562 33934 6496

1722599885.461493 17880567
cloud0_tkemenade 28247867295 108076 2988

1722599886.4635334 17880795
cloud_controller_tkemenade 12814960482 33956 6504

1722599886.4640012 17880795
cloud0_tkemenade 28253916366 108277 2988

1722599887.4662225 17881020
cloud_controller_tkemenade 12814960482 33982 6511

1722599887.4666233 17881020
cloud0_tkemenade 28253916366 108478 2988

1722599888.469014 17881243
cloud_controller_tkemenade 12814960482 34004 6518

1722599888.4694164 17881243
cloud0_tkemenade 28253916366 108678 2988

1722599889.4716532 17881469
cloud_controller_tkemenade 12814960482 34022 6524

1722599889.4720778 17881469
cloud0_tkemenade 28253916366 108879 2988

1722599890.4743476 17881704
cloud_controller_tkemenade 12814960482 34057 6529

1722599890.4747293 17881704
cloud0_tkemenade 28253916366 109079 2988

1722599891.4770432 17881921
cloud_controller_tkemenade 12814960482 34074 6536

1722599891.4774332 17881921
cloud0_tkemenade 28253916366 109279 2988

1722599892.4796417 17882145
cloud_controller_tkemenade 12814960482 34099 6543

1722599892.4800255 17882145
cloud0_tkemenade 28253916366 109480 2988

1722599893.482319 17882371
cloud_controller_tkemenade 12814960482 34127 6551

1722599893.4827135 17882371
cloud0_tkemenade 28253916366 109681 2988

1722599893.7835999 17882442
cloud_controller_tkemenade 12815893163 34135 6554

1722599893.7840369 17882442
cloud0_tkemenade 28259915108 109741 2988

1722599894.7863445 17882668
cloud_controller_tkemenade 12815893163 34162 6559

1722599894.7867277 17882668
cloud0_tkemenade 28259915108 109942 2988

1722599895.7891135 17882896
cloud_controller_tkemenade 12815893163 34177 6570

1722599895.7895977 17882896
cloud0_tkemenade 28259915108 110142 2988

1722599896.7917309 17883115
cloud_controller_tkemenade 12815893163 34194 6577

1722599896.7921178 17883115
cloud0_tkemenade 28259915108 110343 2988

1722599897.7943637 17883346
cloud_controller_tkemenade 12815893163 34228 6582

1722599897.7947783 17883346
cloud0_tkemenade 28259915108 110544 2988

1722599898.7971025 17883564
cloud_controller_tkemenade 12815893163 34243 6589

1722599898.797528 17883564
cloud0_tkemenade 28259915108 110744 2988

1722599899.7995026 17883790
cloud_controller_tkemenade 12815893163 34267 6593

1722599899.799893 17883790
cloud0_tkemenade 28259915108 110945 2988

1722599900.8021736 17884006
cloud_controller_tkemenade 12815893163 34285 6598

1722599900.8025658 17884006
cloud0_tkemenade 28259915108 111145 2988

1722599900.9031494 17884028
cloud_controller_tkemenade 12816778088 34286 6598

1722599900.9035985 17884028
cloud0_tkemenade 28266266012 111165 2988

1722599901.9058154 17884244
cloud_controller_tkemenade 12816778088 34305 6606

1722599901.9062753 17884244
cloud0_tkemenade 28266266012 111366 2988

1722599902.9086952 17884472
cloud_controller_tkemenade 12816778088 34334 6614

1722599902.9091377 17884472
cloud0_tkemenade 28266266012 111566 2988

1722599903.9114993 17884705
cloud_controller_tkemenade 12816778088 34366 6625

1722599903.9118884 17884705
cloud0_tkemenade 28266266012 111766 2988

1722599904.9143038 17884933
cloud_controller_tkemenade 12816778088 34394 6631

1722599904.914687 17884933
cloud0_tkemenade 28266266012 111967 2988

1722599905.9167805 17885165
cloud_controller_tkemenade 12816778088 34413 6637

1722599905.9172478 17885165
cloud0_tkemenade 28266266012 112167 2988

1722599906.9192762 17885381
cloud_controller_tkemenade 12816778088 34428 6642

1722599906.9196732 17885381
cloud0_tkemenade 28266266012 112368 2988

1722599907.9220212 17885613
cloud_controller_tkemenade 12816778088 34462 6649

1722599907.9224136 17885613
cloud0_tkemenade 28266266012 112569 2988

1722599908.1230319 17885659
cloud_controller_tkemenade 12817751027 34464 6650

1722599908.1234467 17885659
cloud0_tkemenade 28272375559 112609 2988

1722599909.125671 17885874
cloud_controller_tkemenade 12817751027 34478 6655

1722599909.126096 17885874
cloud0_tkemenade 28272375559 112810 2988

1722599910.1283956 17886099
cloud_controller_tkemenade 12817751027 34503 6661

1722599910.1287801 17886099
cloud0_tkemenade 28272375559 113010 2988

1722599911.1311693 17886318
cloud_controller_tkemenade 12817751027 34520 6665

1722599911.131555 17886318
cloud0_tkemenade 28272375559 113211 2988

1722599912.133689 17886542
cloud_controller_tkemenade 12817751027 34542 6674

1722599912.1340854 17886542
cloud0_tkemenade 28272375559 113411 2988

1722599913.1363397 17886766
cloud_controller_tkemenade 12817751027 34570 6680

1722599913.1367188 17886766
cloud0_tkemenade 28272375559 113611 2988

1722599914.1391027 17886996
cloud_controller_tkemenade 12817751027 34601 6687

1722599914.1394813 17886996
cloud0_tkemenade 28272375559 113812 2988

1722599915.1416206 17887222
cloud_controller_tkemenade 12817751027 34623 6693

1722599915.1420836 17887224
cloud0_tkemenade 28272375559 114013 2988

1722599915.242489 17887246
cloud_controller_tkemenade 12818615956 34623 6693

1722599915.242898 17887246
cloud0_tkemenade 28278425806 114033 2988

1722599916.2452848 17887472
cloud_controller_tkemenade 12818615956 34643 6702

1722599916.245807 17887473
cloud0_tkemenade 28278425806 114234 2988

1722599917.248171 17887688
cloud_controller_tkemenade 12818615956 34658 6707

1722599917.2485728 17887688
cloud0_tkemenade 28278425806 114434 2988

1722599918.250969 17887919
cloud_controller_tkemenade 12818615956 34692 6717

1722599918.2513733 17887919
cloud0_tkemenade 28278425806 114634 2988

1722599919.2538142 17888144
cloud_controller_tkemenade 12818615956 34709 6720

1722599919.2542477 17888144
cloud0_tkemenade 28278425806 114835 2988

1722599920.2566774 17888369
cloud_controller_tkemenade 12818615956 34731 6727

1722599920.2571216 17888369
cloud0_tkemenade 28278425806 115035 2988

1722599921.259426 17888588
cloud_controller_tkemenade 12818615956 34747 6730

1722599921.2599 17888588
cloud0_tkemenade 28278425806 115236 2988

1722599922.2622073 17888810
cloud_controller_tkemenade 12818615956 34767 6737

1722599922.2626846 17888810
cloud0_tkemenade 28278425806 115437 2988

1722599922.3631134 17888838
cloud_controller_tkemenade 12819439123 34772 6737

1722599922.363577 17888838
cloud0_tkemenade 28284567570 115457 2988

1722599923.3653266 17889060
cloud_controller_tkemenade 12819439123 34797 6742

1722599923.3657594 17889061
cloud0_tkemenade 28284567570 115658 2988

1722599924.3676293 17889290
cloud_controller_tkemenade 12819439123 34826 6750

1722599924.3681138 17889290
cloud0_tkemenade 28284567570 115858 2988

1722599925.3704066 17889512
cloud_controller_tkemenade 12819439123 34848 6755

1722599925.3709025 17889512
cloud0_tkemenade 28284567570 116058 2989

1722599926.3733618 17889748
cloud_controller_tkemenade 12819439123 34869 6762

1722599926.3738825 17889750
cloud0_tkemenade 28284567570 116259 2989

1722599927.376174 17889972
cloud_controller_tkemenade 12819439123 34890 6765

1722599927.3766308 17889972
cloud0_tkemenade 28284567570 116459 2989

1722599928.3791492 17890202
cloud_controller_tkemenade 12819439123 34920 6771

1722599928.3796525 17890202
cloud0_tkemenade 28284567570 116660 2989

1722599929.382115 17890420
cloud_controller_tkemenade 12819439123 34932 6780

1722599929.3826146 17890420
cloud0_tkemenade 28284567570 116861 2989

1722599929.5833027 17890470
cloud_controller_tkemenade 12820361039 34936 6781

1722599929.5837662 17890470
cloud0_tkemenade 28291047970 116901 2989

1722599930.586185 17890701
cloud_controller_tkemenade 12820361039 34964 6787

1722599930.5867004 17890701
cloud0_tkemenade 28291047970 117102 2989

1722599931.5891693 17890919
cloud_controller_tkemenade 12820361039 34984 6792

1722599931.5896792 17890919
cloud0_tkemenade 28291047970 117302 2989

1722599932.5921607 17891141
cloud_controller_tkemenade 12820361039 35007 6799

1722599932.5926604 17891141
cloud0_tkemenade 28291047970 117502 2989

1722599933.5951347 17891366
cloud_controller_tkemenade 12820361039 35033 6805

1722599933.595642 17891366
cloud0_tkemenade 28291047970 117703 2989

1722599934.598121 17891597
cloud_controller_tkemenade 12820361039 35063 6812

1722599934.5986311 17891597
cloud0_tkemenade 28291047970 117904 2989

1722599935.601058 17891822
cloud_controller_tkemenade 12820361039 35088 6817

1722599935.6015606 17891822
cloud0_tkemenade 28291047970 118104 2989

1722599936.6036649 17892066
cloud_controller_tkemenade 12820361039 35116 6821

1722599936.6041749 17892066
cloud0_tkemenade 28291047970 118305 2989

1722599936.8048642 17892110
cloud_controller_tkemenade 12821364115 35119 6822

1722599936.8053284 17892110
cloud0_tkemenade 28297463200 118345 2989

1722599937.8077369 17892335
cloud_controller_tkemenade 12821364115 35145 6827

1722599937.80823 17892335
cloud0_tkemenade 28297463200 118546 2989

1722599938.8105302 17892557
cloud_controller_tkemenade 12821364115 35166 6834

1722599938.8110259 17892557
cloud0_tkemenade 28297463200 118746 2989

1722599939.813456 17892774
cloud_controller_tkemenade 12821364115 35185 6840

1722599939.8139842 17892776
cloud0_tkemenade 28297463200 118947 2989

1722599940.8161938 17892994
cloud_controller_tkemenade 12821364115 35204 6847

1722599940.816689 17892994
cloud0_tkemenade 28297463200 119147 2989

1722599941.819166 17893220
cloud_controller_tkemenade 12821364115 35227 6853

1722599941.8196702 17893220
cloud0_tkemenade 28297463200 119348 2989

1722599942.8221025 17893442
cloud_controller_tkemenade 12821364115 35248 6862

1722599942.8226066 17893442
cloud0_tkemenade 28297463200 119549 2989

1722599943.8250606 17893667
cloud_controller_tkemenade 12821364115 35278 6868

1722599943.8255613 17893667
cloud0_tkemenade 28297463200 119749 2989

1722599944.0263019 17893717
cloud_controller_tkemenade 12822301236 35281 6870

1722599944.0267963 17893717
cloud0_tkemenade 28303924407 119790 2989

1722599945.0292804 17893944
cloud_controller_tkemenade 12822301236 35312 6875

1722599945.0298443 17893945
cloud0_tkemenade 28303924407 119991 2989

1722599946.0323033 17894174
cloud_controller_tkemenade 12822301236 35341 6882

1722599946.0328062 17894174
cloud0_tkemenade 28303924407 120191 2989

1722599947.0351937 17894403
cloud_controller_tkemenade 12822301236 35353 6887

1722599947.035701 17894403
cloud0_tkemenade 28303924407 120391 2989

1722599948.0383024 17894635
cloud_controller_tkemenade 12822301236 35385 6892

1722599948.0388272 17894635
cloud0_tkemenade 28303924407 120592 2989

1722599949.041315 17894864
cloud_controller_tkemenade 12822301236 35405 6898

1722599949.0418413 17894865
cloud0_tkemenade 28303924407 120793 2989

1722599950.0441859 17895093
cloud_controller_tkemenade 12822301236 35435 6905

1722599950.0447025 17895093
cloud0_tkemenade 28303924407 120993 2989

1722599951.046932 17895314
cloud_controller_tkemenade 12822301236 35452 6910

1722599951.0474083 17895314
cloud0_tkemenade 28303924407 121194 2989

1722599951.147867 17895338
cloud_controller_tkemenade 12823272211 35455 6910

1722599951.1482873 17895338
cloud0_tkemenade 28310397575 121214 2989

1722599952.1506877 17895556
cloud_controller_tkemenade 12823272211 35474 6918

1722599952.1511946 17895556
cloud0_tkemenade 28310397575 121414 2989

1722599953.1536243 17895778
cloud_controller_tkemenade 12823272211 35494 6925

1722599953.154162 17895779
cloud0_tkemenade 28310397575 121615 2989

1722599954.156607 17896005
cloud_controller_tkemenade 12823272211 35525 6934

1722599954.1571121 17896005
cloud0_tkemenade 28310397575 121815 2989

1722599955.1594338 17896235
cloud_controller_tkemenade 12823272211 35556 6938

1722599955.159952 17896235
cloud0_tkemenade 28310397575 122016 2989

1722599956.162279 17896458
cloud_controller_tkemenade 12823272211 35575 6947

1722599956.1627867 17896458
cloud0_tkemenade 28310397575 122219 2991

1722599957.1652792 17896688
cloud_controller_tkemenade 12823272211 35588 6953

1722599957.1658053 17896689
cloud0_tkemenade 28310397575 122420 2992

1722599958.1682458 17896920
cloud_controller_tkemenade 12824259000 35614 6963

1722599958.168728 17896920
cloud0_tkemenade 28316942512 122620 2993

1722599959.1712053 17897147
cloud_controller_tkemenade 12824259000 35636 6966

1722599959.171702 17897147
cloud0_tkemenade 28316942512 122821 2993

1722599960.1742024 17897368
cloud_controller_tkemenade 12824259000 35656 6970

1722599960.1747131 17897368
cloud0_tkemenade 28316942512 123021 2993

1722599961.1771743 17897587
cloud_controller_tkemenade 12824259000 35673 6974

1722599961.1776807 17897587
cloud0_tkemenade 28316942512 123222 2993

1722599962.1802564 17897808
cloud_controller_tkemenade 12824259000 35694 6982

1722599962.1807694 17897808
cloud0_tkemenade 28316942512 123422 2993

1722599963.183249 17898036
cloud_controller_tkemenade 12824259000 35719 6987

1722599963.1837285 17898036
cloud0_tkemenade 28316942512 123623 2993

1722599964.1862924 17898266
cloud_controller_tkemenade 12824259000 35747 6995

1722599964.1868048 17898266
cloud0_tkemenade 28316942512 123823 2993

1722599965.188943 17898494
cloud_controller_tkemenade 12824259000 35774 7001

1722599965.1894493 17898494
cloud0_tkemenade 28316942512 124023 2993

1722599965.3900945 17898544
cloud_controller_tkemenade 12825170103 35777 7002

1722599965.3905632 17898544
cloud0_tkemenade 28323401024 124064 2993

1722599966.3930407 17898769
cloud_controller_tkemenade 12825170103 35797 7010

1722599966.3935487 17898769
cloud0_tkemenade 28323401024 124264 2993

1722599967.396019 17898993
cloud_controller_tkemenade 12825170103 35812 7016

1722599967.3965042 17898993
cloud0_tkemenade 28323401024 124464 2993

1722599968.3987195 17899220
cloud_controller_tkemenade 12825170103 35840 7022

1722599968.399244 17899220
cloud0_tkemenade 28323401024 124665 2993

1722599969.4009893 17899439
cloud_controller_tkemenade 12825170103 35858 7028

1722599969.4014916 17899439
cloud0_tkemenade 28323401024 124865 2993

1722599970.4039984 17899666
cloud_controller_tkemenade 12825170103 35883 7034

1722599970.4044747 17899666
cloud0_tkemenade 28323401024 125066 2993

1722599971.406815 17899883
cloud_controller_tkemenade 12825170103 35898 7039

1722599971.4073086 17899883
cloud0_tkemenade 28323401024 125266 2993

1722599972.4093966 17900115
cloud_controller_tkemenade 12825170103 35919 7046

1722599972.4099069 17900116
cloud0_tkemenade 28323401024 125467 2993

1722599972.5103824 17900142
cloud_controller_tkemenade 12826025145 35921 7047

1722599972.5108516 17900142
cloud0_tkemenade 28329893860 125487 2993

1722599973.513251 17900371
cloud_controller_tkemenade 12826025145 35951 7054

1722599973.5137496 17900373
cloud0_tkemenade 28329893860 125688 2993

1722599974.5162408 17900600
cloud_controller_tkemenade 12826025145 35979 7062

1722599974.5167503 17900600
cloud0_tkemenade 28329893860 125888 2994

1722599975.5192297 17900842
cloud_controller_tkemenade 12826025145 36021 7067

1722599975.519739 17900842
cloud0_tkemenade 28329893860 126089 2994

1722599976.5220664 17901066
cloud_controller_tkemenade 12826025145 36042 7074

1722599976.5225687 17901066
cloud0_tkemenade 28329893860 126290 2994

1722599977.525032 17901295
cloud_controller_tkemenade 12826025145 36060 7081

1722599977.52552 17901295
cloud0_tkemenade 28329893860 126489 2994

1722599978.5279183 17901526
cloud_controller_tkemenade 12826025145 36089 7088

1722599978.528422 17901526
cloud0_tkemenade 28329893860 126690 2994

1722599979.5308 17901746
cloud_controller_tkemenade 12826025145 36107 7092

1722599979.531261 17901746
cloud0_tkemenade 28329893860 126891 2994

1722599979.6317244 17901771
cloud_controller_tkemenade 12827090411 36111 7092

1722599979.6321828 17901771
cloud0_tkemenade 28336390610 126911 2994

1722599980.6342244 17901994
cloud_controller_tkemenade 12827090411 36131 7102

1722599980.634726 17901994
cloud0_tkemenade 28336390610 127112 2994

1722599981.6367605 17902208
cloud_controller_tkemenade 12827090411 36147 7108

1722599981.637254 17902208
cloud0_tkemenade 28336390610 127312 2994

1722599982.6393442 17902429
cloud_controller_tkemenade 12827090411 36172 7114

1722599982.639856 17902429
cloud0_tkemenade 28336390610 127513 2994

1722599983.6423178 17902656
cloud_controller_tkemenade 12827090411 36202 7121

1722599983.6428163 17902656
cloud0_tkemenade 28336390610 127713 2994

1722599984.6452777 17902884
cloud_controller_tkemenade 12827090411 36229 7131

1722599984.6458695 17902885
cloud0_tkemenade 28336390610 127914 2994

1722599985.6482513 17903103
cloud_controller_tkemenade 12827090411 36250 7137

1722599985.6487408 17903103
cloud0_tkemenade 28336390610 128114 2995

1722599986.6506867 17903323
cloud_controller_tkemenade 12827090411 36274 7142

1722599986.6511848 17903323
cloud0_tkemenade 28336390610 128312 2997

1722599986.8518727 17903368
cloud_controller_tkemenade 12828075914 36277 7143

1722599986.8523421 17903368
cloud0_tkemenade 28342875135 128352 2997

1722599987.854695 17903601
cloud_controller_tkemenade 12828075914 36297 7151

1722599987.8552012 17903601
cloud0_tkemenade 28342875135 128551 2999

1722599988.857729 17903828
cloud_controller_tkemenade 12828075914 36325 7159

1722599988.8582544 17903828
cloud0_tkemenade 28342875135 128751 3000

1722599989.8604543 17904042
cloud_controller_tkemenade 12828075914 36343 7164

1722599989.8609521 17904042
cloud0_tkemenade 28342875135 128951 3000

1722599990.863327 17904265
cloud_controller_tkemenade 12828075914 36365 7172

1722599990.8638275 17904265
cloud0_tkemenade 28342875135 129149 3002

1722599991.8661985 17904484
cloud_controller_tkemenade 12828075914 36381 7176

1722599991.8666878 17904484
cloud0_tkemenade 28342875135 129350 3003

1722599992.8691435 17904712
cloud_controller_tkemenade 12828075914 36406 7183

1722599992.8696525 17904712
cloud0_tkemenade 28342875135 129551 3003

1722599993.8718169 17904953
cloud_controller_tkemenade 12829019880 36434 7192

1722599993.8722985 17904953
cloud0_tkemenade 28349346093 129749 3004

1722599994.874679 17905199
cloud_controller_tkemenade 12829019880 36457 7209

1722599994.875172 17905199
cloud0_tkemenade 28349346093 129950 3004

1722599995.8775854 17905442
cloud_controller_tkemenade 12829019880 36481 7214

1722599995.8781083 17905443
cloud0_tkemenade 28349346093 130151 3004

1722599996.8805087 17905683
cloud_controller_tkemenade 12829019880 36501 7218

1722599996.8810084 17905683
cloud0_tkemenade 28349346093 130350 3004

1722599997.8832843 17905933
cloud_controller_tkemenade 12829019880 36526 7219

1722599997.883648 17905933
cloud0_tkemenade 28349346093 130551 3004

1722599998.8858964 17906195
cloud_controller_tkemenade 12829019880 36557 7223

1722599998.8864038 17906195
cloud0_tkemenade 28349346093 130752 3005

1722599999.888815 17906418
cloud_controller_tkemenade 12829019880 36573 7227

1722599999.8893046 17906418
cloud0_tkemenade 28349346093 130952 3005

1722600000.891737 17906653
cloud_controller_tkemenade 12829019880 36593 7235

1722600000.8922353 17906653
cloud0_tkemenade 28349346093 131152 3005

1722600001.0929887 17906699
cloud_controller_tkemenade 12829931494 36593 7237

1722600001.0934606 17906699
cloud0_tkemenade 28355749627 131192 3005

1722600002.0958753 17906924
cloud_controller_tkemenade 12829931494 36599 7255

1722600002.096363 17906924
cloud0_tkemenade 28355749627 131392 3006

1722600003.09867 17907166
cloud_controller_tkemenade 12829931494 36612 7282

1722600003.0991871 17907166
cloud0_tkemenade 28355749627 131593 3006

1722600004.1010993 17907402
cloud_controller_tkemenade 12829931494 36619 7300

1722600004.1015978 17907402
cloud0_tkemenade 28355749627 131793 3006

1722600005.1039732 17907656
cloud_controller_tkemenade 12829931494 36655 7305

1722600005.104476 17907656
cloud0_tkemenade 28355749627 131994 3006

1722600006.1069024 17907910
cloud_controller_tkemenade 12829931494 36684 7305

1722600006.1073918 17907910
cloud0_tkemenade 28355749627 132195 3006

1722600007.1092143 17908145
cloud_controller_tkemenade 12829931494 36702 7313

1722600007.1097064 17908145
cloud0_tkemenade 28355749627 132396 3006

1722600008.1118703 17908382
cloud_controller_tkemenade 12829931494 36723 7321

1722600008.1123471 17908382
cloud0_tkemenade 28355749627 132596 3006

1722600008.2128332 17908414
cloud_controller_tkemenade 12830901537 36726 7322

1722600008.2133431 17908414
cloud0_tkemenade 28362126763 132615 3006

1722600009.2158947 17908662
cloud_controller_tkemenade 12830901537 36750 7330

1722600009.2164063 17908662
cloud0_tkemenade 28362126763 132816 3006

1722600010.2187202 17908917
cloud_controller_tkemenade 12830901537 36783 7333

1722600010.219229 17908917
cloud0_tkemenade 28362126763 133016 3007

1722600011.2216702 17909157
cloud_controller_tkemenade 12830901537 36807 7338

1722600011.222187 17909157
cloud0_tkemenade 28362126763 133217 3007

1722600012.2245574 17909385
cloud_controller_tkemenade 12830901537 36824 7341

1722600012.2250488 17909385
cloud0_tkemenade 28362126763 133417 3007

1722600013.2274115 17909625
cloud_controller_tkemenade 12830901537 36852 7349

1722600013.2278903 17909625
cloud0_tkemenade 28362126763 133618 3007

1722600014.230289 17909861
cloud_controller_tkemenade 12830901537 36876 7351

1722600014.2307775 17909861
cloud0_tkemenade 28362126763 133818 3007

1722600015.232983 17910104
cloud_controller_tkemenade 12831894087 36909 7360

1722600015.233427 17910104
cloud0_tkemenade 28368534886 134018 3007

1722600016.2354085 17910328
cloud_controller_tkemenade 12831894087 36927 7364

1722600016.2358377 17910328
cloud0_tkemenade 28368534886 134219 3008

1722600017.2382708 17910552
cloud_controller_tkemenade 12831894087 36947 7371

1722600017.238761 17910552
cloud0_tkemenade 28368534886 134419 3008

1722600018.2412014 17910784
cloud_controller_tkemenade 12831894087 36975 7376

1722600018.241705 17910784
cloud0_tkemenade 28368534886 134620 3009

1722600019.2438374 17911022
cloud_controller_tkemenade 12831894087 36996 7386

1722600019.2441547 17911022
cloud0_tkemenade 28368534886 134820 3009

1722600020.2458518 17911241
cloud_controller_tkemenade 12831894087 37012 7391

1722600020.2461221 17911241
cloud0_tkemenade 28368534886 135020 3009

1722600021.2476773 17911462
cloud_controller_tkemenade 12831894087 37034 7398

1722600021.247982 17911462
cloud0_tkemenade 28368534886 135220 3009

1722600022.2495272 17911676
cloud_controller_tkemenade 12831894087 37049 7403

1722600022.2500522 17911677
cloud0_tkemenade 28368534886 135421 3009

1722600022.4506993 17911723
cloud_controller_tkemenade 12832746006 37052 7406

1722600022.451177 17911723
cloud0_tkemenade 28374987053 135461 3009

1722600023.4535081 17911957
cloud_controller_tkemenade 12832746006 37083 7412

1722600023.4540412 17911958
cloud0_tkemenade 28374987053 135662 3009

1722600024.456528 17912184
cloud_controller_tkemenade 12832746006 37110 7419

1722600024.45703 17912184
cloud0_tkemenade 28374987053 135861 3010

1722600025.459459 17912409
cloud_controller_tkemenade 12832746006 37136 7432

1722600025.459951 17912409
cloud0_tkemenade 28374987053 136062 3010

1722600026.4624617 17912636
cloud_controller_tkemenade 12832746006 37157 7437

1722600026.462961 17912636
cloud0_tkemenade 28374987053 136262 3010

1722600027.4653635 17912848
cloud_controller_tkemenade 12832746006 37171 7443

1722600027.4658523 17912849
cloud0_tkemenade 28374987053 136463 3011

1722600028.468376 17913076
cloud_controller_tkemenade 12832746006 37197 7449

1722600028.4688766 17913076
cloud0_tkemenade 28374987053 136663 3011

1722600029.4713547 17913331
cloud_controller_tkemenade 12833756756 37223 7453

1722600029.4718347 17913331
cloud0_tkemenade 28381461322 136863 3011

1722600030.474243 17913555
cloud_controller_tkemenade 12833756756 37249 7456

1722600030.4747486 17913555
cloud0_tkemenade 28381461322 137064 3011

1722600031.4771793 17913773
cloud_controller_tkemenade 12833756756 37267 7462

1722600031.4776719 17913773
cloud0_tkemenade 28381461322 137265 3011

1722600032.4801898 17913989
cloud_controller_tkemenade 12833756756 37283 7468

1722600032.4806747 17913989
cloud0_tkemenade 28381461322 137465 3011

1722600033.4832268 17914216
cloud_controller_tkemenade 12833756756 37310 7477

1722600033.4837277 17914216
cloud0_tkemenade 28381461322 137665 3012

1722600034.4861872 17914438
cloud_controller_tkemenade 12833756756 37330 7482

1722600034.4866905 17914438
cloud0_tkemenade 28381461322 137866 3012

1722600035.4892526 17914671
cloud_controller_tkemenade 12833756756 37362 7490

1722600035.4897544 17914672
cloud0_tkemenade 28381461322 138067 3012

1722600036.4922414 17914887
cloud_controller_tkemenade 12833756756 37378 7497

1722600036.4927404 17914887
cloud0_tkemenade 28381461322 138267 3012

1722600036.59322 17914915
cloud_controller_tkemenade 12834669119 37383 7499

1722600036.5937088 17914915
cloud0_tkemenade 28387879483 138288 3012

1722600037.5962014 17915128
cloud_controller_tkemenade 12834669119 37399 7504

1722600037.5967066 17915128
cloud0_tkemenade 28387879483 138488 3012

1722600038.5992622 17915351
cloud_controller_tkemenade 12834669119 37424 7514

1722600038.5997844 17915351
cloud0_tkemenade 28387879483 138688 3012

1722600039.6019816 17915599
cloud_controller_tkemenade 12834669119 37446 7521

1722600039.602503 17915599
cloud0_tkemenade 28387879483 138889 3012

1722600040.604504 17915818
cloud_controller_tkemenade 12834669119 37467 7528

1722600040.6050158 17915818
cloud0_tkemenade 28387879483 139089 3012

1722600041.6067274 17916036
cloud_controller_tkemenade 12834669119 37485 7535

1722600041.6072333 17916036
cloud0_tkemenade 28387879483 139290 3012

1722600042.6092367 17916254
cloud_controller_tkemenade 12834669119 37503 7538

1722600042.609759 17916255
cloud0_tkemenade 28387879483 139490 3012

