1722677336.8319442 19911571
cloud_controller_tkemenade 12980871545 17064 2868
cloud0_tkemenade 29369279610 13868 2256

1722677337.8349907 19911670
cloud_controller_tkemenade 12980871545 17085 2873

1722677337.835579 19911670
cloud0_tkemenade 29369279610 13940 2258

1722677338.8381205 19911731
cloud_controller_tkemenade 12980871545 17114 2877

1722677338.8386889 19911731
cloud0_tkemenade 29369279610 13960 2261

1722677339.8413663 19911818
cloud_controller_tkemenade 12980871545 17148 2886

1722677339.8419871 19911819
cloud0_tkemenade 29369279610 13999 2276

1722677340.8444836 19911890
cloud_controller_tkemenade 12980871545 17194 2895

1722677340.8450532 19911890
cloud0_tkemenade 29369279610 14006 2299

1722677341.84764 19911980
cloud_controller_tkemenade 12981869983 17236 2904

1722677341.84819 19911980
cloud0_tkemenade 29370817206 14027 2308

1722677342.8507142 19912074
cloud_controller_tkemenade 12981869983 17272 2913

1722677342.8512952 19912074
cloud0_tkemenade 29370817206 14053 2310

1722677343.8539019 19912131
cloud_controller_tkemenade 12981869983 17291 2922

1722677343.85448 19912131
cloud0_tkemenade 29370817206 14064 2316

1722677344.8572283 19912228
cloud_controller_tkemenade 12981869983 17321 2933

1722677344.8578317 19912228
cloud0_tkemenade 29370817206 14102 2318

1722677345.86044 19912294
cloud_controller_tkemenade 12981869983 17342 2939

1722677345.861038 19912294
cloud0_tkemenade 29370817206 14120 2320

1722677346.8637805 19912407
cloud_controller_tkemenade 12981869983 17374 2945

1722677346.8643088 19912407
cloud0_tkemenade 29370817206 14175 2323

1722677347.8668315 19912456
cloud_controller_tkemenade 12981869983 17393 2951

1722677347.8674345 19912456
cloud0_tkemenade 29370817206 14192 2327

1722677348.869906 19912527
cloud_controller_tkemenade 12981869983 17424 2958

1722677348.8704407 19912527
cloud0_tkemenade 29370817206 14212 2334

1722677348.9709241 19912530
cloud_controller_tkemenade 12982598918 17426 2958

1722677348.9714003 19912530
cloud0_tkemenade 29371445394 14214 2334

1722677349.9740918 19912600
cloud_controller_tkemenade 12982598918 17450 2965

1722677349.9746852 19912600
cloud0_tkemenade 29371445394 14256 2341

1722677350.9772656 19912651
cloud_controller_tkemenade 12982598918 17479 2971

1722677350.9778576 19912652
cloud0_tkemenade 29371445394 14279 2342

1722677351.980479 19912716
cloud_controller_tkemenade 12982598918 17514 2982

1722677351.9810698 19912716
cloud0_tkemenade 29371445394 14304 2346

1722677352.983369 19912766
cloud_controller_tkemenade 12982598918 17536 2985

1722677352.9839537 19912766
cloud0_tkemenade 29371445394 14325 2350

1722677353.9865212 19912842
cloud_controller_tkemenade 12982598918 17553 3000

1722677353.987061 19912842
cloud0_tkemenade 29371445394 14366 2355

1722677354.9896011 19912932
cloud_controller_tkemenade 12982598918 17573 3011

1722677354.9902172 19912932
cloud0_tkemenade 29371445394 14407 2357

1722677355.9927123 19913022
cloud_controller_tkemenade 12983277966 17596 3015

1722677355.9932714 19913022
cloud0_tkemenade 29372178051 14434 2360

1722677356.995727 19913114
cloud_controller_tkemenade 12983277966 17645 3029

1722677356.9963028 19913114
cloud0_tkemenade 29372178051 14471 2363

1722677357.9989357 19913187
cloud_controller_tkemenade 12983277966 17679 3038

1722677357.9994771 19913187
cloud0_tkemenade 29372178051 14505 2368

1722677359.0021925 19913269
cloud_controller_tkemenade 12983277966 17707 3045

1722677359.0027807 19913269
cloud0_tkemenade 29372178051 14552 2380

1722677360.0054662 19913321
cloud_controller_tkemenade 12983277966 17728 3051

1722677360.0060623 19913321
cloud0_tkemenade 29372178051 14585 2384

1722677361.0086226 19913375
cloud_controller_tkemenade 12983277966 17756 3059

1722677361.009148 19913375
cloud0_tkemenade 29372178051 14608 2387

1722677362.0117643 19913442
cloud_controller_tkemenade 12983277966 17796 3066

1722677362.0123641 19913442
cloud0_tkemenade 29372178051 14635 2391

1722677363.015055 19913492
cloud_controller_tkemenade 12984197615 17825 3075

1722677363.0156326 19913492
cloud0_tkemenade 29372992688 14652 2395

1722677364.0181255 19913538
cloud_controller_tkemenade 12984197615 17848 3081

1722677364.0186956 19913538
cloud0_tkemenade 29372992688 14679 2399

1722677365.0213037 19913586
cloud_controller_tkemenade 12984197615 17868 3088

1722677365.0218906 19913586
cloud0_tkemenade 29372992688 14707 2400

1722677366.0244882 19913673
cloud_controller_tkemenade 12984197615 17898 3095

1722677366.0250692 19913673
cloud0_tkemenade 29372992688 14757 2404

1722677367.0278249 19913785
cloud_controller_tkemenade 12984197615 17947 3102

1722677367.0284033 19913785
cloud0_tkemenade 29372992688 14823 2415

1722677368.0310001 19913837
cloud_controller_tkemenade 12984197615 17971 3104

1722677368.0315485 19913837
cloud0_tkemenade 29372992688 14848 2417

1722677369.034137 19913886
cloud_controller_tkemenade 12984197615 17998 3112

1722677369.0347006 19913886
cloud0_tkemenade 29372992688 14870 2422

1722677370.0373652 19913977
cloud_controller_tkemenade 12984197615 18033 3124

1722677370.037968 19913978
cloud0_tkemenade 29372992688 14926 2426

1722677370.2387624 19914004
cloud_controller_tkemenade 12984994062 18044 3126

1722677370.2393355 19914004
cloud0_tkemenade 29373935609 14931 2427

1722677371.241972 19914069
cloud_controller_tkemenade 12984994062 18091 3135

1722677371.2425556 19914069
cloud0_tkemenade 29373935609 14951 2430

1722677372.2452056 19914130
cloud_controller_tkemenade 12984994062 18130 3145

1722677372.2457979 19914130
cloud0_tkemenade 29373935609 14974 2434

1722677373.2483344 19914170
cloud_controller_tkemenade 12984994062 18157 3151

1722677373.2489057 19914170
cloud0_tkemenade 29373935609 14988 2439

1722677374.2514608 19914204
cloud_controller_tkemenade 12984994062 18178 3156

1722677374.2520177 19914204
cloud0_tkemenade 29373935609 15001 2442

1722677375.2545772 19914264
cloud_controller_tkemenade 12984994062 18207 3164

1722677375.255094 19914264
cloud0_tkemenade 29373935609 15030 2447

1722677376.257854 19914330
cloud_controller_tkemenade 12984994062 18229 3175

1722677376.2584298 19914330
cloud0_tkemenade 29373935609 15058 2452

1722677377.2611077 19914388
cloud_controller_tkemenade 12984994062 18258 3183

1722677377.261621 19914388
cloud0_tkemenade 29373935609 15090 2456

1722677377.362087 19914395
cloud_controller_tkemenade 12985836119 18260 3184

1722677377.3626392 19914395
cloud0_tkemenade 29374504971 15092 2457

1722677378.3651457 19914443
cloud_controller_tkemenade 12985836119 18280 3194

1722677378.3656738 19914443
cloud0_tkemenade 29374504971 15118 2461

1722677379.3681648 19914481
cloud_controller_tkemenade 12985836119 18301 3203

1722677379.3686807 19914481
cloud0_tkemenade 29374504971 15138 2465

1722677380.3709786 19914554
cloud_controller_tkemenade 12985836119 18331 3211

1722677380.371491 19914554
cloud0_tkemenade 29374504971 15182 2472

1722677381.3740263 19914591
cloud_controller_tkemenade 12985836119 18355 3220

1722677381.3745644 19914591
cloud0_tkemenade 29374504971 15199 2474

1722677382.3770628 19914660
cloud_controller_tkemenade 12985836119 18389 3230

1722677382.377568 19914660
cloud0_tkemenade 29374504971 15235 2479

1722677383.380056 19914702
cloud_controller_tkemenade 12985836119 18411 3246

1722677383.3805974 19914702
cloud0_tkemenade 29374504971 15251 2480

1722677384.383043 19914785
cloud_controller_tkemenade 12985836119 18433 3253

1722677384.3836074 19914785
cloud0_tkemenade 29374504971 15312 2483

1722677384.4841068 19914794
cloud_controller_tkemenade 12986724051 18435 3254

1722677384.4846056 19914794
cloud0_tkemenade 29375414472 15316 2483

1722677385.4870548 19914909
cloud_controller_tkemenade 12986724051 18462 3263

1722677385.4876301 19914909
cloud0_tkemenade 29375414472 15401 2490

1722677386.4902856 19914981
cloud_controller_tkemenade 12986724051 18488 3270

1722677386.4908586 19914981
cloud0_tkemenade 29375414472 15440 2496

1722677387.4933987 19915043
cloud_controller_tkemenade 12986724051 18518 3279

1722677387.494008 19915044
cloud0_tkemenade 29375414472 15474 2498

1722677388.4966834 19915118
cloud_controller_tkemenade 12986724051 18558 3286

1722677388.497276 19915118
cloud0_tkemenade 29375414472 15511 2505

1722677389.499945 19915164
cloud_controller_tkemenade 12986724051 18581 3291

1722677389.500488 19915164
cloud0_tkemenade 29375414472 15534 2509

1722677390.5028968 19915226
cloud_controller_tkemenade 12986724051 18605 3298

1722677390.5034842 19915226
cloud0_tkemenade 29375414472 15568 2516

1722677391.5060847 19915282
cloud_controller_tkemenade 12986724051 18640 3305

1722677391.5066826 19915282
cloud0_tkemenade 29375414472 15589 2519

1722677391.6071403 19915302
cloud_controller_tkemenade 12987510962 18651 3306

1722677391.607664 19915302
cloud0_tkemenade 29376367845 15595 2520

1722677392.6103694 19915419
cloud_controller_tkemenade 12987510962 18746 3311

1722677392.6109622 19915419
cloud0_tkemenade 29376367845 15619 2527

1722677393.6135502 19915466
cloud_controller_tkemenade 12987510962 18772 3319

1722677393.6141474 19915466
cloud0_tkemenade 29376367845 15641 2532

1722677394.6166992 19915512
cloud_controller_tkemenade 12987510962 18791 3326

1722677394.6172605 19915512
cloud0_tkemenade 29376367845 15670 2536

1722677395.6198707 19915560
cloud_controller_tkemenade 12987510962 18818 3335

1722677395.6204476 19915560
cloud0_tkemenade 29376367845 15691 2538

1722677396.6231701 19915688
cloud_controller_tkemenade 12987510962 18872 3341

1722677396.6237054 19915688
cloud0_tkemenade 29376367845 15759 2546

1722677397.6260977 19915746
cloud_controller_tkemenade 12987510962 18896 3348

1722677397.6266742 19915746
cloud0_tkemenade 29376367845 15798 2553

1722677398.6292608 19915796
cloud_controller_tkemenade 12987510962 18921 3359

1722677398.6298797 19915797
cloud0_tkemenade 29376367845 15822 2556

1722677398.730402 19915805
cloud_controller_tkemenade 12988531702 18925 3359

1722677398.7309234 19915805
cloud0_tkemenade 29377174658 15822 2556

1722677399.7334685 19915844
cloud_controller_tkemenade 12988531702 18950 3368

1722677399.7340813 19915845
cloud0_tkemenade 29377174658 15842 2560

1722677400.7368867 19915946
cloud_controller_tkemenade 12988531702 18999 3377

1722677400.7374666 19915946
cloud0_tkemenade 29377174658 15893 2568

1722677401.74018 19915984
cloud_controller_tkemenade 12988531702 19023 3384

1722677401.7407131 19915984
cloud0_tkemenade 29377174658 15912 2572

1722677402.7432766 19916051
cloud_controller_tkemenade 12988531702 19062 3393

1722677402.7438188 19916051
cloud0_tkemenade 29377174658 15941 2576

1722677403.7465756 19916112
cloud_controller_tkemenade 12988531702 19091 3400

1722677403.7471123 19916112
cloud0_tkemenade 29377174658 15974 2581

1722677404.7498424 19916158
cloud_controller_tkemenade 12988531702 19109 3409

1722677404.7503717 19916158
cloud0_tkemenade 29377174658 15997 2588

1722677405.7530339 19916188
cloud_controller_tkemenade 12988531702 19132 3420

1722677405.7536047 19916188
cloud0_tkemenade 29377174658 16006 2589

1722677405.9542952 19916204
cloud_controller_tkemenade 12989413354 19140 3422

1722677405.954871 19916204
cloud0_tkemenade 29377881917 16010 2590

1722677406.9576175 19916270
cloud_controller_tkemenade 12989413354 19166 3429

1722677406.9582183 19916270
cloud0_tkemenade 29377881917 16048 2595

1722677407.9607098 19916310
cloud_controller_tkemenade 12989413354 19189 3435

1722677407.961229 19916310
cloud0_tkemenade 29377881917 16069 2598

1722677408.9636505 19916371
cloud_controller_tkemenade 12989413354 19213 3445

1722677408.9642422 19916371
cloud0_tkemenade 29377881917 16098 2601

1722677409.9669063 19916418
cloud_controller_tkemenade 12989413354 19237 3455

1722677409.9675157 19916418
cloud0_tkemenade 29377881917 16123 2605

1722677410.9701624 19916477
cloud_controller_tkemenade 12989413354 19262 3460

1722677410.970721 19916477
cloud0_tkemenade 29377881917 16155 2615

1722677411.9735317 19916525
cloud_controller_tkemenade 12989413354 19288 3467

1722677411.9741285 19916525
cloud0_tkemenade 29377881917 16178 2621

1722677412.9768357 19916584
cloud_controller_tkemenade 12990208611 19328 3476

1722677412.9773467 19916584
cloud0_tkemenade 29378577364 16192 2623

1722677413.9799714 19916652
cloud_controller_tkemenade 12990208611 19356 3484

1722677413.9805634 19916652
cloud0_tkemenade 29378577364 16233 2629

1722677414.9831495 19916708
cloud_controller_tkemenade 12990208611 19380 3491

1722677414.983732 19916708
cloud0_tkemenade 29378577364 16266 2634

1722677415.9863799 19916772
cloud_controller_tkemenade 12990208611 19404 3499

1722677415.9869587 19916772
cloud0_tkemenade 29378577364 16305 2637

1722677416.989577 19916832
cloud_controller_tkemenade 12990208611 19425 3507

1722677416.9901762 19916832
cloud0_tkemenade 29378577364 16326 2639

1722677417.992818 19916907
cloud_controller_tkemenade 12990208611 19467 3516

1722677417.99336 19916907
cloud0_tkemenade 29378577364 16358 2641

1722677418.996106 19916964
cloud_controller_tkemenade 12990208611 19494 3523

1722677418.9966784 19916964
cloud0_tkemenade 29378577364 16383 2644

1722677419.8989267 19917004
cloud_controller_tkemenade 12990951890 19515 3526

1722677419.8995006 19917004
cloud0_tkemenade 29379304962 16397 2650

1722677420.9021308 19917061
cloud_controller_tkemenade 12990951890 19537 3536

1722677420.9027152 19917061
cloud0_tkemenade 29379304962 16429 2653

1722677421.9054248 19917122
cloud_controller_tkemenade 12990951890 19577 3545

1722677421.9060364 19917122
cloud0_tkemenade 29379304962 16449 2656

1722677422.908839 19917185
cloud_controller_tkemenade 12990951890 19616 3553

1722677422.9094377 19917185
cloud0_tkemenade 29379304962 16475 2659

1722677423.9122462 19917239
cloud_controller_tkemenade 12990951890 19639 3561

1722677423.9128232 19917239
cloud0_tkemenade 29379304962 16502 2663

1722677424.9154577 19917270
cloud_controller_tkemenade 12990951890 19657 3569

1722677424.916016 19917270
cloud0_tkemenade 29379304962 16518 2666

1722677425.9187255 19917341
cloud_controller_tkemenade 12990951890 19693 3578

1722677425.9193213 19917341
cloud0_tkemenade 29379304962 16556 2673

1722677426.922194 19917455
cloud_controller_tkemenade 12990951890 19733 3586

1722677426.922774 19917455
cloud0_tkemenade 29379304962 16628 2683

1722677427.0232685 19917459
cloud_controller_tkemenade 12991799656 19733 3588

1722677427.0237846 19917459
cloud0_tkemenade 29380107474 16629 2683

1722677428.0264146 19917514
cloud_controller_tkemenade 12991799656 19756 3593

1722677428.02697 19917514
cloud0_tkemenade 29380107474 16649 2687

1722677429.0296962 19917640
cloud_controller_tkemenade 12991799656 19849 3600

1722677429.0302846 19917640
cloud0_tkemenade 29380107474 16682 2693

1722677430.033067 19917712
cloud_controller_tkemenade 12991799656 19884 3611

1722677430.033639 19917712
cloud0_tkemenade 29380107474 16719 2699

1722677431.0363228 19917781
cloud_controller_tkemenade 12991799656 19928 3620

1722677431.0369039 19917781
cloud0_tkemenade 29380107474 16743 2705

1722677432.0395832 19917828
cloud_controller_tkemenade 12991799656 19953 3627

1722677432.0401537 19917828
cloud0_tkemenade 29380107474 16770 2708

1722677433.0427008 19917883
cloud_controller_tkemenade 12991799656 19995 3636

1722677433.0432775 19917883
cloud0_tkemenade 29380107474 16788 2711

1722677434.0458424 19917915
cloud_controller_tkemenade 12991799656 20017 3644

1722677434.0463946 19917915
cloud0_tkemenade 29380107474 16799 2715

1722677434.1468797 19917920
cloud_controller_tkemenade 12992836061 20018 3645

1722677434.147365 19917920
cloud0_tkemenade 29380724454 16800 2715

1722677435.1499083 19917968
cloud_controller_tkemenade 12992836061 20041 3651

1722677435.1504729 19917968
cloud0_tkemenade 29380724454 16827 2717

1722677436.153101 19918018
cloud_controller_tkemenade 12992836061 20069 3662

1722677436.1536825 19918018
cloud0_tkemenade 29380724454 16848 2723

1722677437.1563363 19918064
cloud_controller_tkemenade 12992836061 20090 3671

1722677437.1568992 19918064
cloud0_tkemenade 29380724454 16873 2727

1722677438.159706 19918124
cloud_controller_tkemenade 12992836061 20113 3679

1722677438.160304 19918124
cloud0_tkemenade 29380724454 16898 2730

1722677439.1630154 19918177
cloud_controller_tkemenade 12992836061 20141 3686

1722677439.163575 19918177
cloud0_tkemenade 29380724454 16915 2733

1722677440.1661794 19918222
cloud_controller_tkemenade 12992836061 20163 3695

1722677440.1668458 19918222
cloud0_tkemenade 29380724454 16938 2735

1722677441.169505 19918284
cloud_controller_tkemenade 12992836061 20190 3700

1722677441.170097 19918284
cloud0_tkemenade 29380724454 16971 2739

1722677441.3708043 19918300
cloud_controller_tkemenade 12993509763 20195 3700

1722677441.3714187 19918300
cloud0_tkemenade 29381304015 16976 2740

1722677442.3740854 19918343
cloud_controller_tkemenade 12993509763 20218 3708

1722677442.374677 19918343
cloud0_tkemenade 29381304015 16995 2744

1722677443.3772967 19918400
cloud_controller_tkemenade 12993509763 20257 3716

1722677443.3779087 19918401
cloud0_tkemenade 29381304015 17016 2749

1722677444.3805509 19918476
cloud_controller_tkemenade 12993509763 20287 3726

1722677444.381089 19918476
cloud0_tkemenade 29381304015 17062 2754

1722677445.3837028 19918596
cloud_controller_tkemenade 12993509763 20308 3734

1722677445.384241 19918596
cloud0_tkemenade 29381304015 17157 2757

1722677446.3868833 19918656
cloud_controller_tkemenade 12993509763 20332 3744

1722677446.3874307 19918656
cloud0_tkemenade 29381304015 17191 2761

1722677447.3901124 19918702
cloud_controller_tkemenade 12993509763 20358 3752

1722677447.390695 19918702
cloud0_tkemenade 29381304015 17213 2765

1722677448.3934684 19918830
cloud_controller_tkemenade 12994436755 20401 3762

1722677448.3940604 19918831
cloud0_tkemenade 29382467031 17281 2772

1722677449.3967354 19918869
cloud_controller_tkemenade 12994436755 20422 3771

1722677449.3973112 19918869
cloud0_tkemenade 29382467031 17301 2777

1722677450.4000013 19919000
cloud_controller_tkemenade 12994436755 20444 3775

1722677450.4005942 19919000
cloud0_tkemenade 29382467031 17407 2778

1722677451.4033487 19919063
cloud_controller_tkemenade 12994436755 20476 3783

1722677451.4039497 19919063
cloud0_tkemenade 29382467031 17440 2786

1722677452.4066355 19919177
cloud_controller_tkemenade 12994436755 20564 3788

1722677452.4072104 19919177
cloud0_tkemenade 29382467031 17465 2789

1722677453.4099782 19919253
cloud_controller_tkemenade 12994436755 20615 3796

1722677453.4105475 19919253
cloud0_tkemenade 29382467031 17495 2795

1722677454.413141 19919301
cloud_controller_tkemenade 12994436755 20634 3805

1722677454.413713 19919301
cloud0_tkemenade 29382467031 17525 2800

1722677455.4161367 19919341
cloud_controller_tkemenade 12994436755 20651 3812

1722677455.4166973 19919341
cloud0_tkemenade 29382467031 17534 2803

1722677455.5171459 19919346
cloud_controller_tkemenade 12995368295 20654 3814

1722677455.517649 19919346
cloud0_tkemenade 29383346307 17535 2803

1722677456.5203295 19919455
cloud_controller_tkemenade 12995368295 20701 3825

1722677456.5209181 19919455
cloud0_tkemenade 29383346307 17599 2807

1722677457.5236652 19919526
cloud_controller_tkemenade 12995368295 20719 3834

1722677457.5242372 19919526
cloud0_tkemenade 29383346307 17653 2810

1722677458.5269248 19919594
cloud_controller_tkemenade 12995368295 20745 3845

1722677458.5275164 19919594
cloud0_tkemenade 29383346307 17676 2813

1722677459.5301588 19919634
cloud_controller_tkemenade 12995368295 20757 3857

1722677459.5307398 19919634
cloud0_tkemenade 29383346307 17699 2818

1722677460.5333452 19919710
cloud_controller_tkemenade 12995368295 20808 3865

1722677460.5338917 19919711
cloud0_tkemenade 29383346307 17725 2825

1722677461.5363796 19919762
cloud_controller_tkemenade 12995368295 20834 3872

1722677461.53694 19919762
cloud0_tkemenade 29383346307 17753 2830

1722677462.5394106 19919807
cloud_controller_tkemenade 12995368295 20858 3883

1722677462.5399826 19919807
cloud0_tkemenade 29383346307 17776 2833

1722677462.7407105 19919818
cloud_controller_tkemenade 12996214767 20865 3884

1722677462.7412374 19919818
cloud0_tkemenade 29384162868 17777 2833

1722677463.743859 19919872
cloud_controller_tkemenade 12996214767 20904 3894

1722677463.7444441 19919872
cloud0_tkemenade 29384162868 17795 2835

1722677464.7470162 19919917
cloud_controller_tkemenade 12996214767 20923 3903

1722677464.747587 19919917
cloud0_tkemenade 29384162868 17821 2843

1722677465.7500644 19919946
cloud_controller_tkemenade 12996214767 20944 3908

1722677465.7506404 19919946
cloud0_tkemenade 29384162868 17829 2844

1722677466.753223 19920006
cloud_controller_tkemenade 12996214767 20973 3915

1722677466.753807 19920006
cloud0_tkemenade 29384162868 17861 2847

1722677467.7563741 19920040
cloud_controller_tkemenade 12996214767 20990 3923

1722677467.7569227 19920040
cloud0_tkemenade 29384162868 17872 2851

1722677468.7595472 19920108
cloud_controller_tkemenade 12996214767 21017 3934

1722677468.7601037 19920108
cloud0_tkemenade 29384162868 17898 2856

1722677469.7624104 19920160
cloud_controller_tkemenade 12996916164 21041 3941

1722677469.762954 19920160
cloud0_tkemenade 29384676011 17921 2859

1722677470.7654634 19920198
cloud_controller_tkemenade 12996916164 21067 3948

1722677470.766052 19920198
cloud0_tkemenade 29384676011 17936 2861

1722677471.7686093 19920266
cloud_controller_tkemenade 12996916164 21093 3951

1722677471.7691731 19920266
cloud0_tkemenade 29384676011 17975 2868

1722677472.7717562 19920299
cloud_controller_tkemenade 12996916164 21116 3961

1722677472.7723393 19920299
cloud0_tkemenade 29384676011 17988 2871

1722677473.7749877 19920369
cloud_controller_tkemenade 12996916164 21153 3972

1722677473.7755623 19920369
cloud0_tkemenade 29384676011 18024 2873

1722677474.7781975 19920424
cloud_controller_tkemenade 12996916164 21180 3983

1722677474.7787662 19920424
cloud0_tkemenade 29384676011 18050 2876

1722677475.7812943 19920471
cloud_controller_tkemenade 12996916164 21195 3991

1722677475.7818336 19920471
cloud0_tkemenade 29384676011 18083 2879

1722677476.7843628 19920540
cloud_controller_tkemenade 12996916164 21221 3999

1722677476.7849152 19920540
cloud0_tkemenade 29384676011 18119 2884

1722677476.8854115 19920546
cloud_controller_tkemenade 12997639741 21226 4000

1722677476.8859394 19920546
cloud0_tkemenade 29385342778 18121 2884

1722677477.8885562 19920605
cloud_controller_tkemenade 12997639741 21260 4007

1722677477.8891554 19920605
cloud0_tkemenade 29385342778 18145 2888

1722677478.8917012 19920696
cloud_controller_tkemenade 12997639741 21301 4017

1722677478.892122 19920696
cloud0_tkemenade 29385342778 18188 2898

1722677479.8945355 19920736
cloud_controller_tkemenade 12997639741 21320 4024

1722677479.8951194 19920736
cloud0_tkemenade 29385342778 18208 2900

1722677480.897707 19920786
cloud_controller_tkemenade 12997639741 21345 4031

1722677480.898246 19920786
cloud0_tkemenade 29385342778 18224 2905

1722677481.9007914 19920855
cloud_controller_tkemenade 12997639741 21378 4039

1722677481.9013226 19920855
cloud0_tkemenade 29385342778 18263 2911

1722677482.9038537 19920896
cloud_controller_tkemenade 12997639741 21401 4049

1722677482.904415 19920896
cloud0_tkemenade 29385342778 18277 2917

1722677483.906941 19920963
cloud_controller_tkemenade 12997639741 21438 4057

1722677483.9075158 19920963
cloud0_tkemenade 29385342778 18309 2923

1722677484.0079541 19920970
cloud_controller_tkemenade 12998522407 21440 4057

1722677484.0084553 19920970
cloud0_tkemenade 29386081531 18310 2924

1722677485.0108912 19921009
cloud_controller_tkemenade 12998522407 21462 4065

1722677485.011434 19921009
cloud0_tkemenade 29386081531 18328 2926

1722677486.0139732 19921082
cloud_controller_tkemenade 12998522407 21498 4073

1722677486.0145419 19921082
cloud0_tkemenade 29386081531 18367 2932

1722677487.0172374 19921238
cloud_controller_tkemenade 12998522407 21592 4078

1722677487.0178175 19921238
cloud0_tkemenade 29386081531 18434 2939

1722677488.020335 19921274
cloud_controller_tkemenade 12998522407 21614 4084

1722677488.0208573 19921274
cloud0_tkemenade 29386081531 18451 2941

1722677489.0234666 19921406
cloud_controller_tkemenade 12998522407 21714 4091

1722677489.023989 19921406
cloud0_tkemenade 29386081531 18475 2945

1722677490.0266378 19921471
cloud_controller_tkemenade 12998522407 21749 4100

1722677490.0272195 19921471
cloud0_tkemenade 29386081531 18509 2950

1722677491.029818 19921528
cloud_controller_tkemenade 12998522407 21797 4107

1722677491.0303946 19921528
cloud0_tkemenade 29386081531 18521 2952

1722677491.1310077 19921537
cloud_controller_tkemenade 12999796051 21803 4107

1722677491.1315508 19921537
cloud0_tkemenade 29386833855 18521 2953

1722677492.134136 19921596
cloud_controller_tkemenade 12999796051 21832 4115

1722677492.1347053 19921596
cloud0_tkemenade 29386833855 18556 2958

1722677493.137257 19921648
cloud_controller_tkemenade 12999796051 21867 4122

1722677493.1378608 19921648
cloud0_tkemenade 29386833855 18573 2960

1722677494.1404028 19921692
cloud_controller_tkemenade 12999796051 21897 4127

1722677494.1409576 19921692
cloud0_tkemenade 29386833855 18589 2963

1722677495.143308 19921737
cloud_controller_tkemenade 12999796051 21921 4136

1722677495.143863 19921737
cloud0_tkemenade 29386833855 18614 2966

1722677496.1463175 19921779
cloud_controller_tkemenade 12999796051 21946 4146

1722677496.1468477 19921779
cloud0_tkemenade 29386833855 18633 2969

1722677497.1493595 19921838
cloud_controller_tkemenade 12999796051 21971 4152

1722677497.1499293 19921838
cloud0_tkemenade 29386833855 18668 2973

1722677498.1523976 19921878
cloud_controller_tkemenade 12999796051 21996 4160

1722677498.1529505 19921878
cloud0_tkemenade 29386833855 18685 2977

1722677498.353611 19921890
cloud_controller_tkemenade 13000547892 21999 4162

1722677498.3541343 19921890
cloud0_tkemenade 29387391102 18688 2978

1722677499.3565464 19921959
cloud_controller_tkemenade 13000547892 22029 4169

1722677499.3571234 19921959
cloud0_tkemenade 29387391102 18720 2983

1722677500.3596227 19921992
cloud_controller_tkemenade 13000547892 22050 4175

1722677500.3601859 19921992
cloud0_tkemenade 29387391102 18735 2986

1722677501.3627098 19922040
cloud_controller_tkemenade 13000547892 22072 4182

1722677501.3632374 19922040
cloud0_tkemenade 29387391102 18768 2989

1722677502.3658068 19922084
cloud_controller_tkemenade 13000547892 22098 4187

1722677502.3663666 19922084
cloud0_tkemenade 29387391102 18792 2992

1722677503.3688962 19922135
cloud_controller_tkemenade 13000547892 22133 4196

1722677503.3694355 19922135
cloud0_tkemenade 29387391102 18808 2994

1722677504.3719504 19922208
cloud_controller_tkemenade 13000547892 22161 4206

1722677504.3725157 19922208
cloud0_tkemenade 29387391102 18858 2996

1722677505.3750007 19922335
cloud_controller_tkemenade 13000547892 22191 4214

1722677505.375543 19922335
cloud0_tkemenade 29387391102 18956 3001

1722677505.5762553 19922354
cloud_controller_tkemenade 13001290530 22197 4214

1722677505.5767322 19922354
cloud0_tkemenade 29388277477 18964 3002

1722677506.5791802 19922404
cloud_controller_tkemenade 13001290530 22219 4222

1722677506.5796204 19922404
cloud0_tkemenade 29388277477 18999 3005

1722677507.5821135 19922451
cloud_controller_tkemenade 13001290530 22251 4228

1722677507.5825102 19922451
cloud0_tkemenade 29388277477 19019 3009

1722677508.584987 19922557
cloud_controller_tkemenade 13001290530 22299 4235

1722677508.585387 19922557
cloud0_tkemenade 29388277477 19080 3013

1722677509.5879707 19922630
cloud_controller_tkemenade 13001290530 22320 4239

1722677509.5885491 19922630
cloud0_tkemenade 29388277477 19118 3020

1722677510.5910444 19922725
cloud_controller_tkemenade 13001290530 22341 4242

1722677510.591505 19922725
cloud0_tkemenade 29388277477 19193 3022

1722677511.5939584 19922799
cloud_controller_tkemenade 13001290530 22380 4253

1722677511.5943606 19922799
cloud0_tkemenade 29388277477 19226 3030

1722677512.4965377 19922903
cloud_controller_tkemenade 13002270238 22467 4258

1722677512.4969976 19922903
cloud0_tkemenade 29389260296 19244 3033

1722677513.49919 19922969
cloud_controller_tkemenade 13002270238 22503 4264

1722677513.4995952 19922969
cloud0_tkemenade 29389260296 19280 3036

1722677514.5020046 19923017
cloud_controller_tkemenade 13002270238 22528 4272

1722677514.5024085 19923017
cloud0_tkemenade 29389260296 19306 3038

1722677515.504918 19923048
cloud_controller_tkemenade 13002270238 22554 4276

1722677515.5053203 19923048
cloud0_tkemenade 29389260296 19316 3041

1722677516.5078151 19923140
cloud_controller_tkemenade 13002270238 22596 4286

1722677516.5082188 19923140
cloud0_tkemenade 29389260296 19367 3051

1722677517.510666 19923214
cloud_controller_tkemenade 13002270238 22618 4294

1722677517.5110586 19923214
cloud0_tkemenade 29389260296 19420 3056

1722677518.5135317 19923260
cloud_controller_tkemenade 13002270238 22646 4302

1722677518.5139577 19923260
cloud0_tkemenade 29389260296 19442 3060

1722677519.5163844 19923315
cloud_controller_tkemenade 13002270238 22670 4308

1722677519.5169413 19923315
cloud0_tkemenade 29389260296 19470 3065

1722677519.8178198 19923348
cloud_controller_tkemenade 13003055814 22687 4311

1722677519.8182957 19923348
cloud0_tkemenade 29390042930 19478 3068

1722677520.8207512 19923408
cloud_controller_tkemenade 13003055814 22728 4321

1722677520.8211887 19923408
cloud0_tkemenade 29390042930 19499 3070

1722677521.8236814 19923461
cloud_controller_tkemenade 13003055814 22754 4325

1722677521.8240824 19923461
cloud0_tkemenade 29390042930 19532 3073

1722677522.826571 19923500
cloud_controller_tkemenade 13003055814 22780 4330

1722677522.826966 19923500
cloud0_tkemenade 29390042930 19546 3077

1722677523.8294652 19923550
cloud_controller_tkemenade 13003055814 22816 4340

1722677523.829886 19923550
cloud0_tkemenade 29390042930 19563 3081

1722677524.8323371 19923597
cloud_controller_tkemenade 13003055814 22841 4346

1722677524.8327334 19923597
cloud0_tkemenade 29390042930 19592 3086

1722677525.8351936 19923629
cloud_controller_tkemenade 13003055814 22862 4353

1722677525.8355727 19923629
cloud0_tkemenade 29390042930 19604 3089

1722677526.837896 19923678
cloud_controller_tkemenade 13003055814 22886 4361

1722677526.8382945 19923678
cloud0_tkemenade 29390042930 19634 3092

1722677526.9387555 19923683
cloud_controller_tkemenade 13003861864 22887 4361

1722677526.9391887 19923683
cloud0_tkemenade 29390620911 19634 3093

1722677527.9416335 19923712
cloud_controller_tkemenade 13003861864 22907 4368

1722677527.9420538 19923712
cloud0_tkemenade 29390620911 19649 3094

1722677528.9445431 19923766
cloud_controller_tkemenade 13003861864 22940 4376

1722677528.9449859 19923766
cloud0_tkemenade 29390620911 19674 3097

1722677529.9474704 19923815
cloud_controller_tkemenade 13003861864 22961 4379

1722677529.9480214 19923815
cloud0_tkemenade 29390620911 19692 3099

1722677530.95052 19923858
cloud_controller_tkemenade 13003861864 22985 4384

1722677530.9509616 19923858
cloud0_tkemenade 29390620911 19707 3102

1722677531.9534662 19923916
cloud_controller_tkemenade 13003861864 23007 4390

1722677531.9539034 19923916
cloud0_tkemenade 29390620911 19749 3106

1722677532.9564242 19923944
cloud_controller_tkemenade 13003861864 23029 4398

1722677532.9568133 19923944
cloud0_tkemenade 29390620911 19760 3110

1722677533.959246 19924010
cloud_controller_tkemenade 13003861864 23065 4409

1722677533.959647 19924010
cloud0_tkemenade 29390620911 19797 3112

1722677534.1601331 19924028
cloud_controller_tkemenade 13004549113 23070 4410

1722677534.160599 19924028
cloud0_tkemenade 29391188638 19805 3112

1722677535.1630623 19924086
cloud_controller_tkemenade 13004549113 23097 4417

1722677535.1634665 19924086
cloud0_tkemenade 29391188638 19837 3117

1722677536.1658924 19924134
cloud_controller_tkemenade 13004549113 23118 4426

1722677536.166288 19924134
cloud0_tkemenade 29391188638 19868 3120

1722677537.1687143 19924186
cloud_controller_tkemenade 13004549113 23143 4430

1722677537.1691115 19924186
cloud0_tkemenade 29391188638 19900 3123

1722677538.1715925 19924241
cloud_controller_tkemenade 13004549113 23179 4443

1722677538.1719966 19924241
cloud0_tkemenade 29391188638 19920 3128

1722677539.1744103 19924307
cloud_controller_tkemenade 13004549113 23211 4451

1722677539.174802 19924307
cloud0_tkemenade 29391188638 19955 3134

1722677540.177301 19924358
cloud_controller_tkemenade 13004549113 23232 4458

1722677540.177856 19924358
cloud0_tkemenade 29391188638 19973 3137

1722677541.180304 19924403
cloud_controller_tkemenade 13004549113 23262 4463

1722677541.1807106 19924403
cloud0_tkemenade 29391188638 19990 3141

1722677541.381398 19924415
cloud_controller_tkemenade 13005288981 23267 4463

1722677541.3819745 19924416
cloud0_tkemenade 29391836394 19996 3142

1722677542.384396 19924476
cloud_controller_tkemenade 13005288981 23300 4468

1722677542.3848019 19924476
cloud0_tkemenade 29391836394 20028 3147

1722677543.3873236 19924531
cloud_controller_tkemenade 13005288981 23333 4477

1722677543.387782 19924531
cloud0_tkemenade 29391836394 20055 3150

1722677544.3902838 19924581
cloud_controller_tkemenade 13005288981 23359 4485

1722677544.3906856 19924581
cloud0_tkemenade 29391836394 20085 3154

1722677545.393144 19924607
cloud_controller_tkemenade 13005288981 23379 4492

1722677545.3935416 19924607
cloud0_tkemenade 29391836394 20094 3157

1722677546.3960574 19924686
cloud_controller_tkemenade 13005288981 23413 4501

1722677546.3964844 19924686
cloud0_tkemenade 29391836394 20139 3164

1722677547.398942 19924780
cloud_controller_tkemenade 13005288981 23454 4509

1722677547.3993587 19924780
cloud0_tkemenade 29391836394 20191 3169

1722677548.401859 19924824
cloud_controller_tkemenade 13005288981 23484 4517

1722677548.402289 19924824
cloud0_tkemenade 29391836394 20206 3173

1722677548.5027344 19924846
cloud_controller_tkemenade 13006140545 23502 4518

1722677548.5032153 19924846
cloud0_tkemenade 29392571428 20208 3174

1722677549.5056403 19924952
cloud_controller_tkemenade 13006140545 23576 4524

1722677549.5062447 19924952
cloud0_tkemenade 29392571428 20240 3178

1722677550.5088215 19925034
cloud_controller_tkemenade 13006140545 23618 4534

1722677550.509392 19925034
cloud0_tkemenade 29392571428 20269 3183

1722677551.5119047 19925077
cloud_controller_tkemenade 13006140545 23654 4542

1722677551.512447 19925077
cloud0_tkemenade 29392571428 20283 3185

1722677552.5149474 19925128
cloud_controller_tkemenade 13006140545 23678 4547

1722677552.515468 19925128
cloud0_tkemenade 29392571428 20319 3191

1722677553.5179622 19925174
cloud_controller_tkemenade 13006140545 23716 4554

1722677553.5184703 19925174
cloud0_tkemenade 29392571428 20332 3195

1722677554.5209508 19925220
cloud_controller_tkemenade 13006140545 23738 4559

1722677554.521513 19925220
cloud0_tkemenade 29392571428 20361 3197

1722677555.5236588 19925255
cloud_controller_tkemenade 13006140545 23765 4567

1722677555.5241683 19925255
cloud0_tkemenade 29392571428 20375 3200

1722677555.7248697 19925263
cloud_controller_tkemenade 13007183993 23770 4568

1722677555.7253754 19925263
cloud0_tkemenade 29393195576 20376 3200

1722677556.7278147 19925324
cloud_controller_tkemenade 13007183993 23795 4576

1722677556.7283192 19925324
cloud0_tkemenade 29393195576 20415 3204

1722677557.7307937 19925364
cloud_controller_tkemenade 13007183993 23819 4580

1722677557.731192 19925364
cloud0_tkemenade 29393195576 20432 3209

1722677558.7336624 19925412
cloud_controller_tkemenade 13007183993 23848 4587

1722677558.7341104 19925412
cloud0_tkemenade 29393195576 20454 3210

1722677559.7365787 19925476
cloud_controller_tkemenade 13007183993 23879 4595

1722677559.7369976 19925476
cloud0_tkemenade 29393195576 20488 3215

1722677560.7394555 19925536
cloud_controller_tkemenade 13007183993 23906 4602

1722677560.7399557 19925536
cloud0_tkemenade 29393195576 20505 3217

1722677561.7424018 19925575
cloud_controller_tkemenade 13007183993 23925 4610

1722677561.7428122 19925575
cloud0_tkemenade 29393195576 20522 3221

1722677562.7452426 19925624
cloud_controller_tkemenade 13007183993 23949 4618

1722677562.7456415 19925624
cloud0_tkemenade 29393195576 20555 3225

1722677562.846085 19925636
cloud_controller_tkemenade 13007875923 23950 4618

1722677562.8465407 19925636
cloud0_tkemenade 29393812297 20560 3225

1722677563.84895 19925710
cloud_controller_tkemenade 13007875923 23985 4624

1722677563.8493757 19925710
cloud0_tkemenade 29393812297 20602 3227

1722677564.851918 19925760
cloud_controller_tkemenade 13007875923 24014 4631

1722677564.852336 19925760
cloud0_tkemenade 29393812297 20630 3232

1722677565.8546522 19925873
cloud_controller_tkemenade 13007875923 24036 4640

1722677565.855074 19925873
cloud0_tkemenade 29393812297 20724 3235

1722677566.8576167 19925922
cloud_controller_tkemenade 13007875923 24056 4648

1722677566.858089 19925922
cloud0_tkemenade 29393812297 20754 3238

1722677567.8606262 19925969
cloud_controller_tkemenade 13007875923 24088 4657

1722677567.8610375 19925969
cloud0_tkemenade 29393812297 20778 3243

1722677568.863504 19926038
cloud_controller_tkemenade 13007875923 24125 4666

1722677568.8639302 19926038
cloud0_tkemenade 29393812297 20808 3251

1722677569.8662195 19926162
cloud_controller_tkemenade 13007875923 24153 4674

1722677569.8666596 19926162
cloud0_tkemenade 29393812297 20902 3256

1722677569.9671218 19926175
cloud_controller_tkemenade 13008711237 24156 4674

1722677569.9675329 19926175
cloud0_tkemenade 29395020290 20912 3256

1722677570.9700608 19926224
cloud_controller_tkemenade 13008711237 24180 4682

1722677570.9706304 19926224
cloud0_tkemenade 29395020290 20925 3259

1722677571.9731529 19926279
cloud_controller_tkemenade 13008711237 24208 4692

1722677571.9735546 19926279
cloud0_tkemenade 29395020290 20954 3263

1722677572.9759073 19926404
cloud_controller_tkemenade 13008711237 24297 4697

1722677572.9763036 19926404
cloud0_tkemenade 29395020290 20995 3268

1722677573.9787302 19926452
cloud_controller_tkemenade 13008711237 24323 4702

1722677573.9791245 19926452
cloud0_tkemenade 29395020290 21021 3271

1722677574.9816146 19926509
cloud_controller_tkemenade 13008711237 24348 4709

1722677574.9821067 19926509
cloud0_tkemenade 29395020290 21044 3274

1722677575.9845726 19926577
cloud_controller_tkemenade 13008711237 24382 4720

1722677575.9849944 19926577
cloud0_tkemenade 29395020290 21082 3277

1722677576.9874935 19926677
cloud_controller_tkemenade 13009873441 24422 4725

1722677576.9879673 19926677
cloud0_tkemenade 29396004531 21147 3281

1722677577.990498 19926706
cloud_controller_tkemenade 13009873441 24441 4733

1722677577.990912 19926706
cloud0_tkemenade 29396004531 21163 3282

1722677578.9934626 19926747
cloud_controller_tkemenade 13009873441 24470 4742

1722677578.9939806 19926748
cloud0_tkemenade 29396004531 21180 3285

1722677579.996384 19926832
cloud_controller_tkemenade 13009873441 24511 4751

1722677579.9967997 19926832
cloud0_tkemenade 29396004531 21225 3292

1722677580.999374 19926910
cloud_controller_tkemenade 13009873441 24546 4758

1722677580.9999535 19926910
cloud0_tkemenade 29396004531 21239 3295

1722677582.002458 19926959
cloud_controller_tkemenade 13009873441 24556 4777

1722677582.0028846 19926959
cloud0_tkemenade 29396004531 21259 3298

1722677583.0054097 19927046
cloud_controller_tkemenade 13009873441 24583 4783

1722677583.005858 19927046
cloud0_tkemenade 29396004531 21290 3302

1722677584.008275 19927107
cloud_controller_tkemenade 13009873441 24613 4790

1722677584.0086849 19927107
cloud0_tkemenade 29396004531 21304 3305

1722677584.1091466 19927114
cloud_controller_tkemenade 13010638813 24614 4790

1722677584.1095884 19927114
cloud0_tkemenade 29396549523 21305 3306

1722677585.112059 19927175
cloud_controller_tkemenade 13010638813 24642 4796

1722677585.1124587 19927175
cloud0_tkemenade 29396549523 21337 3308

1722677586.1149473 19927225
cloud_controller_tkemenade 13010638813 24670 4806

1722677586.1153536 19927225
cloud0_tkemenade 29396549523 21354 3310

1722677587.1178322 19927287
cloud_controller_tkemenade 13010638813 24693 4810

1722677587.1182313 19927287
cloud0_tkemenade 29396549523 21389 3313

1722677588.120701 19927331
cloud_controller_tkemenade 13010638813 24715 4817

1722677588.1210945 19927331
cloud0_tkemenade 29396549523 21410 3317

1722677589.123598 19927378
cloud_controller_tkemenade 13010638813 24739 4830

1722677589.1240258 19927378
cloud0_tkemenade 29396549523 21434 3319

1722677590.1264973 19927439
cloud_controller_tkemenade 13010638813 24773 4837

1722677590.1268966 19927439
cloud0_tkemenade 29396549523 21462 3322

1722677591.129343 19927484
cloud_controller_tkemenade 13010638813 24795 4845

1722677591.1298666 19927485
cloud0_tkemenade 29396549523 21474 3325

1722677591.33045 19927498
cloud_controller_tkemenade 13011341296 24796 4848

1722677591.3308215 19927498
cloud0_tkemenade 29397107982 21476 3325

1722677592.3332703 19927550
cloud_controller_tkemenade 13011341296 24821 4853

1722677592.3336825 19927550
cloud0_tkemenade 29397107982 21503 3326

1722677593.3362012 19927617
cloud_controller_tkemenade 13011341296 24844 4864

1722677593.336661 19927617
cloud0_tkemenade 29397107982 21530 3331

1722677594.3391683 19927698
cloud_controller_tkemenade 13011341296 24874 4871

1722677594.3395677 19927698
cloud0_tkemenade 29397107982 21584 3333

1722677595.3420565 19927757
cloud_controller_tkemenade 13011341296 24901 4879

1722677595.342467 19927757
cloud0_tkemenade 29397107982 21620 3338

1722677596.344926 19927808
cloud_controller_tkemenade 13011341296 24923 4884

1722677596.3453207 19927808
cloud0_tkemenade 29397107982 21650 3340

1722677597.347775 19927847
cloud_controller_tkemenade 13011341296 24944 4891

1722677597.3481736 19927847
cloud0_tkemenade 29397107982 21669 3344

1722677598.350525 19927909
cloud_controller_tkemenade 13011341296 24985 4899

1722677598.3509722 19927909
cloud0_tkemenade 29397107982 21691 3351

1722677598.4514608 19927917
cloud_controller_tkemenade 13012069283 24986 4900

1722677598.4519494 19927917
cloud0_tkemenade 29397842010 21695 3352

1722677599.4544556 19927968
cloud_controller_tkemenade 13012069283 25011 4908

1722677599.454879 19927968
cloud0_tkemenade 29397842010 21720 3357

1722677600.4574072 19928022
cloud_controller_tkemenade 13012069283 25044 4916

1722677600.4578528 19928022
cloud0_tkemenade 29397842010 21743 3362

1722677601.4604914 19928077
cloud_controller_tkemenade 13012069283 25070 4920

1722677601.460954 19928077
cloud0_tkemenade 29397842010 21756 3365

1722677602.4633343 19928129
cloud_controller_tkemenade 13012069283 25103 4929

1722677602.4637682 19928129
cloud0_tkemenade 29397842010 21773 3367

1722677603.4662647 19928198
cloud_controller_tkemenade 13012069283 25129 4934

1722677603.4666994 19928198
cloud0_tkemenade 29397842010 21813 3375

1722677604.4692135 19928252
cloud_controller_tkemenade 13012069283 25162 4940

1722677604.4696143 19928252
cloud0_tkemenade 29397842010 21835 3380

1722677605.4720745 19928288
cloud_controller_tkemenade 13012069283 25186 4947

1722677605.472527 19928288
cloud0_tkemenade 29397842010 21849 3383

1722677605.572983 19928295
cloud_controller_tkemenade 13012814086 25189 4948

1722677605.5733995 19928295
cloud0_tkemenade 29398407343 21852 3383

1722677606.5758257 19928406
cloud_controller_tkemenade 13012814086 25243 4959

1722677606.576261 19928406
cloud0_tkemenade 29398407343 21911 3390

1722677607.5787401 19928511
cloud_controller_tkemenade 13012814086 25301 4967

1722677607.579144 19928511
cloud0_tkemenade 29398407343 21962 3395

1722677608.5816698 19928585
cloud_controller_tkemenade 13012814086 25353 4980

1722677608.5821013 19928585
cloud0_tkemenade 29398407343 21979 3399

1722677609.584589 19928674
cloud_controller_tkemenade 13012814086 25412 4982

1722677609.5850377 19928674
cloud0_tkemenade 29398407343 22005 3404

1722677610.587503 19928765
cloud_controller_tkemenade 13012814086 25470 4992

1722677610.587912 19928765
cloud0_tkemenade 29398407343 22039 3412

1722677611.5903418 19928814
cloud_controller_tkemenade 13012814086 25504 5002

1722677611.5907648 19928814
cloud0_tkemenade 29398407343 22054 3417

1722677612.5932233 19928877
cloud_controller_tkemenade 13014048800 25529 5009

1722677612.5937464 19928878
cloud0_tkemenade 29399227414 22081 3423

1722677613.5964012 19928922
cloud_controller_tkemenade 13014048800 25549 5017

1722677613.5968027 19928922
cloud0_tkemenade 29399227414 22109 3429

1722677614.599289 19928971
cloud_controller_tkemenade 13014048800 25579 5024

1722677614.5996854 19928971
cloud0_tkemenade 29399227414 22134 3432

1722677615.6021433 19929011
cloud_controller_tkemenade 13014048800 25604 5031

1722677615.6025429 19929011
cloud0_tkemenade 29399227414 22148 3434

1722677616.6050074 19929071
cloud_controller_tkemenade 13014048800 25626 5041

1722677616.60541 19929071
cloud0_tkemenade 29399227414 22183 3437

1722677617.6078336 19929124
cloud_controller_tkemenade 13014048800 25651 5052

1722677617.608234 19929124
cloud0_tkemenade 29399227414 22208 3444

1722677618.6107104 19929170
cloud_controller_tkemenade 13014048800 25675 5063

1722677618.6111016 19929170
cloud0_tkemenade 29399227414 22228 3447

1722677619.6134822 19929217
cloud_controller_tkemenade 13014048800 25701 5067

1722677619.6139228 19929217
cloud0_tkemenade 29399227414 22248 3452

1722677619.814568 19929238
cloud_controller_tkemenade 13014766064 25707 5071

1722677619.8150268 19929238
cloud0_tkemenade 29399829561 22257 3453

1722677620.817527 19929288
cloud_controller_tkemenade 13014766064 25733 5078

1722677620.8180223 19929289
cloud0_tkemenade 29399829561 22274 3457

1722677621.8204987 19929326
cloud_controller_tkemenade 13014766064 25755 5084

1722677621.8209023 19929326
cloud0_tkemenade 29399829561 22293 3460

1722677622.8234181 19929396
cloud_controller_tkemenade 13014766064 25777 5092

1722677622.8239698 19929396
cloud0_tkemenade 29399829561 22323 3467

1722677623.826497 19929463
cloud_controller_tkemenade 13014766064 25803 5100

1722677623.8269036 19929463
cloud0_tkemenade 29399829561 22362 3471

1722677624.8293748 19929521
cloud_controller_tkemenade 13014766064 25843 5112

1722677624.8297865 19929522
cloud0_tkemenade 29399829561 22383 3473

1722677625.8322723 19929645
cloud_controller_tkemenade 13014766064 25864 5120

1722677625.8326705 19929645
cloud0_tkemenade 29399829561 22483 3479

1722677626.8351145 19929694
cloud_controller_tkemenade 13014766064 25892 5128

1722677626.835552 19929694
cloud0_tkemenade 29399829561 22504 3483

1722677626.936027 19929705
cloud_controller_tkemenade 13015498737 25893 5129

1722677626.936494 19929705
cloud0_tkemenade 29400689392 22508 3483

1722677627.938943 19929779
cloud_controller_tkemenade 13015498737 25931 5134

1722677627.9393296 19929779
cloud0_tkemenade 29400689392 22544 3491

1722677628.9418 19929834
cloud_controller_tkemenade 13015498737 25965 5145

1722677628.9422064 19929834
cloud0_tkemenade 29400689392 22571 3498

1722677629.9446821 19929955
cloud_controller_tkemenade 13015498737 25992 5152

1722677629.9450994 19929955
cloud0_tkemenade 29400689392 22664 3503

1722677630.9475935 19930001
cloud_controller_tkemenade 13015498737 26026 5161

1722677630.9479923 19930001
cloud0_tkemenade 29400689392 22677 3508

1722677631.9504654 19930057
cloud_controller_tkemenade 13015498737 26055 5168

1722677631.9508557 19930057
cloud0_tkemenade 29400689392 22701 3513

1722677632.9533231 19930180
cloud_controller_tkemenade 13015498737 26141 5174

1722677632.9538999 19930181
cloud0_tkemenade 29400689392 22732 3518

1722677633.9562962 19930237
cloud_controller_tkemenade 13015498737 26168 5180

1722677633.9567072 19930237
cloud0_tkemenade 29400689392 22764 3522

1722677634.1572945 19930254
cloud_controller_tkemenade 13016534031 26179 5182

1722677634.1578143 19930254
cloud0_tkemenade 29401622702 22768 3522

1722677635.1603708 19930311
cloud_controller_tkemenade 13016534031 26205 5190

1722677635.1607928 19930311
cloud0_tkemenade 29401622702 22799 3526

1722677636.1632884 19930387
cloud_controller_tkemenade 13016534031 26238 5197

1722677636.163705 19930387
cloud0_tkemenade 29401622702 22849 3532

1722677637.1662116 19930480
cloud_controller_tkemenade 13016534031 26274 5206

1722677637.166633 19930480
cloud0_tkemenade 29401622702 22907 3541

1722677638.1691754 19930517
cloud_controller_tkemenade 13016534031 26297 5216

1722677638.16959 19930517
cloud0_tkemenade 29401622702 22923 3546

1722677639.1721704 19930568
cloud_controller_tkemenade 13016534031 26325 5223

1722677639.172632 19930568
cloud0_tkemenade 29401622702 22943 3550

1722677640.174986 19930656
cloud_controller_tkemenade 13016534031 26374 5232

1722677640.1753879 19930656
cloud0_tkemenade 29401622702 22984 3555

1722677641.177858 19930716
cloud_controller_tkemenade 13016534031 26408 5241

1722677641.178325 19930716
cloud0_tkemenade 29401622702 23005 3559

1722677641.2787836 19930718
cloud_controller_tkemenade 13017417579 26410 5242

1722677641.2791862 19930718
cloud0_tkemenade 29402445939 23007 3560

1722677642.2816305 19930751
cloud_controller_tkemenade 13017417579 26434 5247

1722677642.2858381 19930751
cloud0_tkemenade 29402445939 23022 3563

1722677643.288384 19930804
cloud_controller_tkemenade 13017417579 26454 5255

1722677643.288909 19930804
cloud0_tkemenade 29402445939 23050 3569

1722677644.291398 19930861
cloud_controller_tkemenade 13017417579 26486 5264

1722677644.2918482 19930861
cloud0_tkemenade 29402445939 23067 3573

1722677645.294354 19930904
cloud_controller_tkemenade 13017417579 26513 5271

1722677645.2947571 19930904
cloud0_tkemenade 29402445939 23086 3579

1722677646.2972229 19930950
cloud_controller_tkemenade 13017417579 26535 5282

1722677646.2976215 19930950
cloud0_tkemenade 29402445939 23113 3583

1722677647.300114 19930997
cloud_controller_tkemenade 13017417579 26560 5290

1722677647.300501 19930997
cloud0_tkemenade 29402445939 23138 3588

1722677648.3029256 19931039
cloud_controller_tkemenade 13017417579 26581 5296

1722677648.3033571 19931039
cloud0_tkemenade 29402445939 23159 3592

1722677648.4038181 19931053
cloud_controller_tkemenade 13018099492 26589 5297

1722677648.404304 19931053
cloud0_tkemenade 29403006820 23161 3592

1722677649.4067464 19931104
cloud_controller_tkemenade 13018099492 26615 5305

1722677649.4071863 19931104
cloud0_tkemenade 29403006820 23185 3598

1722677650.409674 19931152
cloud_controller_tkemenade 13018099492 26644 5313

1722677650.410096 19931152
cloud0_tkemenade 29403006820 23206 3601

1722677651.412572 19931187
cloud_controller_tkemenade 13018099492 26667 5319

1722677651.4129992 19931187
cloud0_tkemenade 29403006820 23218 3602

1722677652.4154773 19931244
cloud_controller_tkemenade 13018099492 26694 5328

1722677652.4158916 19931244
cloud0_tkemenade 29403006820 23243 3608

1722677653.4184742 19931321
cloud_controller_tkemenade 13018099492 26720 5332

1722677653.4190302 19931321
cloud0_tkemenade 29403006820 23269 3616

1722677654.4215426 19931404
cloud_controller_tkemenade 13018099492 26749 5342

1722677654.4220138 19931405
cloud0_tkemenade 29403006820 23324 3619

1722677655.4243371 19931456
cloud_controller_tkemenade 13018099492 26777 5346

1722677655.424737 19931456
cloud0_tkemenade 29403006820 23348 3621

1722677655.525228 19931468
cloud_controller_tkemenade 13018884934 26782 5347

1722677655.5256665 19931468
cloud0_tkemenade 29403702862 23349 3621

1722677656.5282 19931526
cloud_controller_tkemenade 13018884934 26804 5354

1722677656.5286653 19931526
cloud0_tkemenade 29403702862 23384 3623

1722677657.5311744 19931574
cloud_controller_tkemenade 13018884934 26836 5361

1722677657.531573 19931574
cloud0_tkemenade 29403702862 23398 3629

1722677658.534052 19931631
cloud_controller_tkemenade 13018884934 26871 5371

1722677658.5344799 19931631
cloud0_tkemenade 29403702862 23427 3635

1722677659.5370207 19931674
cloud_controller_tkemenade 13018884934 26893 5379

1722677659.5375178 19931674
cloud0_tkemenade 29403702862 23450 3641

1722677660.5400298 19931730
cloud_controller_tkemenade 13018884934 26920 5387

1722677660.540455 19931730
cloud0_tkemenade 29403702862 23476 3645

1722677661.5428736 19931766
cloud_controller_tkemenade 13018884934 26943 5397

1722677661.5432866 19931766
cloud0_tkemenade 29403702862 23489 3651

1722677662.5457199 19931824
cloud_controller_tkemenade 13019742495 26979 5403

1722677662.5461836 19931824
cloud0_tkemenade 29404341829 23506 3654

1722677663.548632 19931902
cloud_controller_tkemenade 13019742495 27003 5409

1722677663.5492167 19931902
cloud0_tkemenade 29404341829 23543 3662

1722677664.5517225 19931953
cloud_controller_tkemenade 13019742495 27028 5418

1722677664.552145 19931953
cloud0_tkemenade 29404341829 23568 3668

1722677665.5547512 19931996
cloud_controller_tkemenade 13019742495 27054 5424

1722677665.555168 19931996
cloud0_tkemenade 29404341829 23586 3671

1722677666.5577502 19932100
cloud_controller_tkemenade 13019742495 27099 5434

1722677666.5582259 19932100
cloud0_tkemenade 29404341829 23642 3678

1722677667.5607896 19932167
cloud_controller_tkemenade 13019742495 27120 5446

1722677667.5612373 19932167
cloud0_tkemenade 29404341829 23688 3684

1722677668.5637958 19932234
cloud_controller_tkemenade 13019742495 27171 5453

1722677668.564223 19932234
cloud0_tkemenade 29404341829 23707 3687

1722677669.5666273 19932328
cloud_controller_tkemenade 13019742495 27235 5458

1722677669.5671144 19932328
cloud0_tkemenade 29404341829 23736 3691

1722677669.7678096 19932352
cloud_controller_tkemenade 13020698176 27248 5462

1722677669.7682436 19932352
cloud0_tkemenade 29405139225 23738 3692

1722677670.7707245 19932431
cloud_controller_tkemenade 13020698176 27300 5469

1722677670.7711244 19932431
cloud0_tkemenade 29405139225 23770 3697

1722677671.773602 19932472
cloud_controller_tkemenade 13020698176 27331 5478

1722677671.7740223 19932472
cloud0_tkemenade 29405139225 23784 3701

1722677672.7765174 19932517
cloud_controller_tkemenade 13020698176 27357 5487

1722677672.776913 19932517
cloud0_tkemenade 29405139225 23804 3707

1722677673.7794101 19932583
cloud_controller_tkemenade 13020698176 27380 5494

1722677673.7799366 19932583
cloud0_tkemenade 29405139225 23832 3711

1722677674.7824163 19932628
cloud_controller_tkemenade 13020698176 27411 5503

1722677674.7828197 19932628
cloud0_tkemenade 29405139225 23853 3717

1722677675.7852757 19932667
cloud_controller_tkemenade 13020698176 27435 5512

1722677675.785658 19932667
cloud0_tkemenade 29405139225 23872 3719

1722677676.7881641 19932723
cloud_controller_tkemenade 13021516144 27457 5517

1722677676.788614 19932723
cloud0_tkemenade 29405733296 23906 3720

1722677677.791057 19932757
cloud_controller_tkemenade 13021516144 27477 5528

1722677677.7914894 19932757
cloud0_tkemenade 29405733296 23919 3724

1722677678.793973 19932808
cloud_controller_tkemenade 13021516144 27504 5537

1722677678.7943861 19932808
cloud0_tkemenade 29405733296 23941 3727

1722677679.79687 19932853
cloud_controller_tkemenade 13021516144 27530 5546

1722677679.7972944 19932853
cloud0_tkemenade 29405733296 23966 3730

1722677680.799766 19932902
cloud_controller_tkemenade 13021516144 27556 5555

1722677680.8001688 19932902
cloud0_tkemenade 29405733296 23986 3736

1722677681.8026423 19932940
cloud_controller_tkemenade 13021516144 27578 5563

1722677681.80304 19932940
cloud0_tkemenade 29405733296 24004 3740

1722677682.8055215 19932980
cloud_controller_tkemenade 13021516144 27603 5574

1722677682.8059146 19932981
cloud0_tkemenade 29405733296 24016 3745

1722677683.8082678 19933062
cloud_controller_tkemenade 13021516144 27627 5581

1722677683.8087883 19933062
cloud0_tkemenade 29405733296 24060 3752

1722677683.9092648 19933072
cloud_controller_tkemenade 13022227554 27631 5583

1722677683.9097452 19933073
cloud0_tkemenade 29406300623 24063 3753

1722677684.9122891 19933128
cloud_controller_tkemenade 13022227554 27660 5593

1722677684.9127212 19933128
cloud0_tkemenade 29406300623 24092 3762

1722677685.9151292 19933265
cloud_controller_tkemenade 13022227554 27687 5600

1722677685.9155755 19933265
cloud0_tkemenade 29406300623 24204 3768

1722677686.918114 19933322
cloud_controller_tkemenade 13022227554 27713 5605

1722677686.918536 19933322
cloud0_tkemenade 29406300623 24233 3771

1722677687.92106 19933382
cloud_controller_tkemenade 13022227554 27743 5616

1722677687.9214787 19933382
cloud0_tkemenade 29406300623 24261 3776

1722677688.924049 19933446
cloud_controller_tkemenade 13022227554 27774 5628

1722677688.9245048 19933446
cloud0_tkemenade 29406300623 24290 3782

1722677689.9270544 19933565
cloud_controller_tkemenade 13022227554 27796 5634

1722677689.9274914 19933565
cloud0_tkemenade 29406300623 24386 3785

1722677690.9299257 19933617
cloud_controller_tkemenade 13022227554 27828 5644

1722677690.9303403 19933617
cloud0_tkemenade 29406300623 24405 3788

1722677691.131032 19933627
cloud_controller_tkemenade 13023025011 27831 5645

1722677691.1314816 19933627
cloud0_tkemenade 29407444147 24407 3789

1722677692.1339283 19933682
cloud_controller_tkemenade 13023025011 27869 5651

1722677692.1343324 19933682
cloud0_tkemenade 29407444147 24426 3794

1722677693.1368225 19933799
cloud_controller_tkemenade 13023025011 27954 5657

1722677693.1372266 19933799
cloud0_tkemenade 29407444147 24456 3799

1722677694.139749 19933876
cloud_controller_tkemenade 13023025011 27975 5665

1722677694.1402862 19933876
cloud0_tkemenade 29407444147 24499 3808

1722677695.142831 19933929
cloud_controller_tkemenade 13023025011 27998 5675

1722677695.143359 19933929
cloud0_tkemenade 29407444147 24516 3809

1722677696.1458464 19934010
cloud_controller_tkemenade 13023025011 28037 5681

1722677696.1462507 19934010
cloud0_tkemenade 29407444147 24563 3813

1722677697.1486554 19934110
cloud_controller_tkemenade 13023025011 28077 5687

1722677697.1490488 19934110
cloud0_tkemenade 29407444147 24626 3821

1722677698.1514695 19934145
cloud_controller_tkemenade 13023025011 28098 5692

1722677698.151866 19934145
cloud0_tkemenade 29407444147 24641 3825

1722677698.2522888 19934156
cloud_controller_tkemenade 13023977216 28101 5694

1722677698.2527611 19934156
cloud0_tkemenade 29408265955 24643 3826

1722677699.2552536 19934192
cloud_controller_tkemenade 13023977216 28127 5703

1722677699.2557063 19934192
cloud0_tkemenade 29408265955 24654 3830

1722677700.258168 19934270
cloud_controller_tkemenade 13023977216 28172 5716

1722677700.2586157 19934270
cloud0_tkemenade 29408265955 24689 3834

1722677701.2611666 19934321
cloud_controller_tkemenade 13023977216 28202 5724

1722677701.261585 19934321
cloud0_tkemenade 29408265955 24713 3837

1722677702.264188 19934357
cloud_controller_tkemenade 13023977216 28222 5731

1722677702.2646325 19934357
cloud0_tkemenade 29408265955 24728 3841

1722677703.2672014 19934402
cloud_controller_tkemenade 13023977216 28252 5739

1722677703.2676177 19934402
cloud0_tkemenade 29408265955 24745 3848

1722677704.2700946 19934454
cloud_controller_tkemenade 13023977216 28271 5747

1722677704.2706425 19934454
cloud0_tkemenade 29408265955 24774 3855

1722677705.272968 19934507
cloud_controller_tkemenade 13023977216 28303 5756

1722677705.273392 19934507
cloud0_tkemenade 29408265955 24797 3861

1722677705.4740634 19934512
cloud_controller_tkemenade 13024806473 28305 5758

1722677705.4745374 19934512
cloud0_tkemenade 29408853473 24798 3861

1722677706.4769523 19934582
cloud_controller_tkemenade 13024806473 28336 5765

1722677706.4774115 19934582
cloud0_tkemenade 29408853473 24832 3866

1722677707.479754 19934619
cloud_controller_tkemenade 13024806473 28359 5770

1722677707.4801784 19934619
cloud0_tkemenade 29408853473 24847 3869

1722677708.4824975 19934660
cloud_controller_tkemenade 13024806473 28380 5776

1722677708.4829168 19934660
cloud0_tkemenade 29408853473 24868 3871

1722677709.485368 19934709
cloud_controller_tkemenade 13024806473 28406 5785

1722677709.4858315 19934710
cloud0_tkemenade 29408853473 24894 3874

1722677710.4882553 19934754
cloud_controller_tkemenade 13024806473 28432 5794

1722677710.488661 19934754
cloud0_tkemenade 29408853473 24912 3878

1722677711.4911327 19934794
cloud_controller_tkemenade 13024806473 28461 5801

1722677711.4915204 19934794
cloud0_tkemenade 29408853473 24928 3881

1722677712.4939075 19934846
cloud_controller_tkemenade 13025491867 28485 5810

1722677712.4943554 19934846
cloud0_tkemenade 29409378645 24949 3886

1722677713.4967985 19934878
cloud_controller_tkemenade 13025491867 28507 5818

1722677713.4972076 19934878
cloud0_tkemenade 29409378645 24961 3889

1722677714.4995847 19934968
cloud_controller_tkemenade 13025491867 28532 5824

1722677714.5001073 19934968
cloud0_tkemenade 29409378645 25014 3895

1722677715.5025876 19935026
cloud_controller_tkemenade 13025491867 28566 5835

1722677715.502992 19935026
cloud0_tkemenade 29409378645 25042 3899

1722677716.5054517 19935092
cloud_controller_tkemenade 13025491867 28594 5842

1722677716.505884 19935092
cloud0_tkemenade 29409378645 25081 3901

1722677717.5083203 19935137
cloud_controller_tkemenade 13025491867 28618 5850

1722677717.5086963 19935137
cloud0_tkemenade 29409378645 25101 3904

1722677718.5111134 19935197
cloud_controller_tkemenade 13025491867 28650 5855

1722677718.5115056 19935197
cloud0_tkemenade 29409378645 25127 3910

1722677719.5139253 19935248
cloud_controller_tkemenade 13025491867 28672 5861

1722677719.5143743 19935248
cloud0_tkemenade 29409378645 25155 3912

1722677719.6148374 19935254
cloud_controller_tkemenade 13026275162 28675 5862

1722677719.6152866 19935254
cloud0_tkemenade 29410135939 25156 3914

1722677720.6178324 19935299
cloud_controller_tkemenade 13026275162 28700 5872

1722677720.6183016 19935299
cloud0_tkemenade 29410135939 25177 3916

1722677721.6208282 19935363
cloud_controller_tkemenade 13026275162 28745 5879

1722677721.621244 19935363
cloud0_tkemenade 29410135939 25198 3919

1722677722.6237714 19935407
cloud_controller_tkemenade 13026275162 28773 5887

1722677722.6241944 19935407
cloud0_tkemenade 29410135939 25216 3922

1722677723.6266694 19935456
cloud_controller_tkemenade 13026275162 28800 5895

1722677723.6270866 19935456
cloud0_tkemenade 29410135939 25241 3926

1722677724.6296346 19935516
cloud_controller_tkemenade 13026275162 28820 5901

1722677724.6301842 19935516
cloud0_tkemenade 29410135939 25270 3932

1722677725.6327224 19935560
cloud_controller_tkemenade 13026275162 28844 5912

1722677725.633141 19935560
cloud0_tkemenade 29410135939 25288 3936

1722677726.635619 19935684
cloud_controller_tkemenade 13026275162 28902 5919

1722677726.636065 19935684
cloud0_tkemenade 29410135939 25361 3944

1722677726.7365549 19935692
cloud_controller_tkemenade 13027142955 28904 5920

1722677726.7370193 19935692
cloud0_tkemenade 29410856086 25364 3944

1722677727.7395225 19935784
cloud_controller_tkemenade 13027142955 28960 5926

1722677727.7399442 19935784
cloud0_tkemenade 29410856086 25403 3947

1722677728.7425065 19935885
cloud_controller_tkemenade 13027142955 29044 5929

1722677728.7429535 19935885
cloud0_tkemenade 29410856086 25421 3951

1722677729.7454734 19935937
cloud_controller_tkemenade 13027142955 29069 5942

1722677729.7459369 19935938
cloud0_tkemenade 29410856086 25446 3957

1722677730.7484777 19936008
cloud_controller_tkemenade 13027142955 29116 5952

1722677730.7488985 19936008
cloud0_tkemenade 29410856086 25475 3963

1722677731.751434 19936059
cloud_controller_tkemenade 13027142955 29151 5962

1722677731.7518482 19936059
cloud0_tkemenade 29410856086 25496 3969

1722677732.7543883 19936112
cloud_controller_tkemenade 13027142955 29183 5968

1722677732.7547967 19936112
cloud0_tkemenade 29410856086 25518 3973

1722677733.7572813 19936141
cloud_controller_tkemenade 13027142955 29201 5975

1722677733.7577064 19936141
cloud0_tkemenade 29410856086 25528 3974

1722677733.9596221 19936148
cloud_controller_tkemenade 13028200917 29205 5975

1722677733.9601774 19936148
cloud0_tkemenade 29411444503 25531 3975

1722677734.9627929 19936222
cloud_controller_tkemenade 13028200917 29232 5983

1722677734.9633858 19936222
cloud0_tkemenade 29411444503 25569 3980

1722677735.9659474 19936259
cloud_controller_tkemenade 13028200917 29260 5987

1722677735.9665315 19936259
cloud0_tkemenade 29411444503 25580 3982

1722677736.9692016 19936323
cloud_controller_tkemenade 13028200917 29286 5996

1722677736.969793 19936325
cloud0_tkemenade 29411444503 25617 3985

1722677737.9723759 19936369
cloud_controller_tkemenade 13028200917 29313 6001

1722677737.9729497 19936369
cloud0_tkemenade 29411444503 25632 3987

1722677738.9754636 19936431
cloud_controller_tkemenade 13028200917 29340 6009

1722677738.9760308 19936431
cloud0_tkemenade 29411444503 25651 3990

1722677739.9785538 19936498
cloud_controller_tkemenade 13028200917 29368 6014

1722677739.9791105 19936498
cloud0_tkemenade 29411444503 25674 3993

1722677740.9817896 19936588
cloud_controller_tkemenade 13028200917 29405 6017

1722677740.9823623 19936588
cloud0_tkemenade 29411444503 25697 3997

1722677741.0827787 19936598
cloud_controller_tkemenade 13028923707 29409 6018

1722677741.083194 19936598
cloud0_tkemenade 29412003699 25697 3997

1722677742.0857277 19936678
cloud_controller_tkemenade 13028923707 29437 6021

1722677742.0862753 19936678
cloud0_tkemenade 29412003699 25726 4001

1722677743.0887659 19936734
cloud_controller_tkemenade 13028923707 29459 6035

1722677743.0892463 19936734
cloud0_tkemenade 29412003699 25739 4003

1722677744.0915546 19936816
cloud_controller_tkemenade 13028923707 29484 6038

1722677744.0921934 19936816
cloud0_tkemenade 29412003699 25777 4004

1722677745.0946636 19936937
cloud_controller_tkemenade 13028923707 29502 6057

1722677745.0951726 19936937
cloud0_tkemenade 29412003699 25855 4012

1722677746.0979881 19937058
cloud_controller_tkemenade 13028923707 29520 6073

1722677746.0985625 19937058
cloud0_tkemenade 29412003699 25939 4015

1722677747.1012626 19937136
cloud_controller_tkemenade 13028923707 29551 6081

1722677747.1018314 19937136
cloud0_tkemenade 29412003699 25970 4019

1722677748.1045606 19937232
cloud_controller_tkemenade 13028923707 29596 6084

1722677748.1051443 19937232
cloud0_tkemenade 29412003699 26010 4024

1722677748.2056508 19937250
cloud_controller_tkemenade 13029822705 29599 6085

1722677748.206225 19937250
cloud0_tkemenade 29413177200 26012 4024

1722677749.2090268 19937314
cloud_controller_tkemenade 13029822705 29630 6090

1722677749.2095888 19937314
cloud0_tkemenade 29413177200 26038 4032

1722677750.2121325 19937436
cloud_controller_tkemenade 13029822705 29644 6103

1722677750.212713 19937436
cloud0_tkemenade 29413177200 26137 4037

1722677751.2152507 19937494
cloud_controller_tkemenade 13029822705 29684 6111

1722677751.215842 19937494
cloud0_tkemenade 29413177200 26155 4041

1722677752.218272 19937559
cloud_controller_tkemenade 13029822705 29733 6119

1722677752.2188642 19937559
cloud0_tkemenade 29413177200 26175 4045

1722677753.2216349 19937661
cloud_controller_tkemenade 13029822705 29810 6124

1722677753.222242 19937661
cloud0_tkemenade 29413177200 26204 4050

1722677754.2248685 19937698
cloud_controller_tkemenade 13029822705 29827 6135

1722677754.2254555 19937698
cloud0_tkemenade 29413177200 26231 4054

1722677755.2280245 19937760
cloud_controller_tkemenade 13029822705 29852 6141

1722677755.2285843 19937760
cloud0_tkemenade 29413177200 26258 4058

1722677755.3290656 19937767
cloud_controller_tkemenade 13030775443 29857 6142

1722677755.3295782 19937767
cloud0_tkemenade 29414029810 26259 4058

1722677756.3319192 19937849
cloud_controller_tkemenade 13030775443 29890 6153

1722677756.3325107 19937849
cloud0_tkemenade 29414029810 26311 4062

1722677757.3352382 19937949
cloud_controller_tkemenade 13030775443 29928 6161

1722677757.3358119 19937949
cloud0_tkemenade 29414029810 26373 4067

1722677758.3385122 19937984
cloud_controller_tkemenade 13030775443 29952 6168

1722677758.3390987 19937984
cloud0_tkemenade 29414029810 26393 4070

1722677759.3417332 19938021
cloud_controller_tkemenade 13030775443 29976 6177

1722677759.3421443 19938021
cloud0_tkemenade 29414029810 26407 4073

1722677760.3448408 19938109
cloud_controller_tkemenade 13030775443 30030 6187

1722677760.3454423 19938109
cloud0_tkemenade 29414029810 26444 4081

1722677761.348256 19938147
cloud_controller_tkemenade 13030775443 30068 6195

1722677761.3488417 19938147
cloud0_tkemenade 29414029810 26459 4083

1722677762.3514793 19938187
cloud_controller_tkemenade 13030775443 30088 6201

1722677762.3520536 19938187
cloud0_tkemenade 29414029810 26482 4088

1722677762.653096 19938208
cloud_controller_tkemenade 13031678986 30102 6205

1722677762.6536655 19938208
cloud0_tkemenade 29414803855 26489 4090

1722677763.6563342 19938241
cloud_controller_tkemenade 13031678986 30127 6212

1722677763.6569157 19938241
cloud0_tkemenade 29414803855 26500 4091

1722677764.6596823 19938290
cloud_controller_tkemenade 13031678986 30146 6223

1722677764.6602664 19938290
cloud0_tkemenade 29414803855 26535 4097

1722677765.6628463 19938342
cloud_controller_tkemenade 13031678986 30182 6227

1722677765.6634238 19938342
cloud0_tkemenade 29414803855 26548 4100

1722677766.6661568 19938414
cloud_controller_tkemenade 13031678986 30214 6236

1722677766.6667404 19938414
cloud0_tkemenade 29414803855 26593 4104

1722677767.6694484 19938442
cloud_controller_tkemenade 13031678986 30231 6243

1722677767.6700585 19938442
cloud0_tkemenade 29414803855 26608 4108

1722677768.6728642 19938493
cloud_controller_tkemenade 13031678986 30257 6250

1722677768.6734457 19938493
cloud0_tkemenade 29414803855 26629 4111

1722677769.6760385 19938536
cloud_controller_tkemenade 13031678986 30279 6257

1722677769.676621 19938536
cloud0_tkemenade 29414803855 26646 4114

1722677769.7771266 19938538
cloud_controller_tkemenade 13032379195 30282 6257

1722677769.7776158 19938538
cloud0_tkemenade 29415347794 26647 4115

1722677770.780432 19938593
cloud_controller_tkemenade 13032379195 30311 6264

1722677770.7810135 19938593
cloud0_tkemenade 29415347794 26672 4116

1722677771.7837932 19938647
cloud_controller_tkemenade 13032379195 30341 6272

1722677771.7843573 19938647
cloud0_tkemenade 29415347794 26697 4121

1722677772.7870817 19938681
cloud_controller_tkemenade 13032379195 30365 6279

1722677772.787668 19938681
cloud0_tkemenade 29415347794 26709 4125

1722677773.7903771 19938738
cloud_controller_tkemenade 13032379195 30390 6287

1722677773.7909594 19938738
cloud0_tkemenade 29415347794 26740 4128

1722677774.793807 19938796
cloud_controller_tkemenade 13032379195 30416 6297

1722677774.7943811 19938796
cloud0_tkemenade 29415347794 26780 4133

1722677775.797119 19938885
cloud_controller_tkemenade 13032379195 30447 6305

1722677775.7975647 19938885
cloud0_tkemenade 29415347794 26832 4137

1722677776.7999206 19938949
cloud_controller_tkemenade 13033137569 30476 6312

1722677776.8004954 19938949
cloud0_tkemenade 29416088112 26866 4141

1722677777.803274 19938995
cloud_controller_tkemenade 13033137569 30502 6320

1722677777.8038735 19938995
cloud0_tkemenade 29416088112 26890 4145

1722677778.8065355 19939060
cloud_controller_tkemenade 13033137569 30541 6332

1722677778.8071084 19939060
cloud0_tkemenade 29416088112 26915 4148

1722677779.8097434 19939095
cloud_controller_tkemenade 13033137569 30561 6336

1722677779.810333 19939095
cloud0_tkemenade 29416088112 26937 4151

1722677780.8129237 19939159
cloud_controller_tkemenade 13033137569 30588 6344

1722677780.8134913 19939159
cloud0_tkemenade 29416088112 26961 4154

1722677781.8162763 19939226
cloud_controller_tkemenade 13033137569 30628 6352

1722677781.8168616 19939226
cloud0_tkemenade 29416088112 26996 4159

1722677782.8196454 19939262
cloud_controller_tkemenade 13033137569 30657 6357

1722677782.8202436 19939262
cloud0_tkemenade 29416088112 27012 4162

1722677783.8230882 19939310
cloud_controller_tkemenade 13033137569 30680 6362

1722677783.8236647 19939310
cloud0_tkemenade 29416088112 27041 4166

1722677783.9241254 19939315
cloud_controller_tkemenade 13033897332 30683 6364

1722677783.9246569 19939315
cloud0_tkemenade 29416686984 27043 4166

1722677784.9273396 19939368
cloud_controller_tkemenade 13033897332 30707 6371

1722677784.9279072 19939368
cloud0_tkemenade 29416686984 27076 4172

1722677785.9307303 19939453
cloud_controller_tkemenade 13033897332 30750 6381

1722677785.931256 19939453
cloud0_tkemenade 29416686984 27112 4176

1722677786.9340744 19939618
cloud_controller_tkemenade 13033897332 30849 6384

1722677786.9346418 19939618
cloud0_tkemenade 29416686984 27180 4181

1722677787.9374366 19939657
cloud_controller_tkemenade 13033897332 30869 6389

1722677787.9380476 19939657
cloud0_tkemenade 29416686984 27202 4184

1722677788.9407926 19939755
cloud_controller_tkemenade 13033897332 30956 6395

1722677788.9413726 19939755
cloud0_tkemenade 29416686984 27215 4187

1722677789.9441605 19939816
cloud_controller_tkemenade 13033897332 30988 6405

1722677789.9447513 19939816
cloud0_tkemenade 29416686984 27248 4192

1722677790.9473395 19939880
cloud_controller_tkemenade 13033897332 31032 6413

1722677790.947934 19939880
cloud0_tkemenade 29416686984 27270 4196

1722677791.048422 19939891
cloud_controller_tkemenade 13035138668 31038 6414

1722677791.0490115 19939891
cloud0_tkemenade 29417484765 27271 4197

1722677792.0515897 19939957
cloud_controller_tkemenade 13035138668 31089 6421

1722677792.0521648 19939957
cloud0_tkemenade 29417484765 27296 4202

1722677793.0548103 19940009
cloud_controller_tkemenade 13035138668 31124 6430

1722677793.05538 19940009
cloud0_tkemenade 29417484765 27314 4204

1722677794.0581024 19940042
cloud_controller_tkemenade 13035138668 31147 6435

1722677794.0587656 19940042
cloud0_tkemenade 29417484765 27326 4208

1722677795.0616398 19940109
cloud_controller_tkemenade 13035138668 31175 6440

1722677795.0622394 19940109
cloud0_tkemenade 29417484765 27369 4212

1722677796.065036 19940154
cloud_controller_tkemenade 13035138668 31202 6449

1722677796.06564 19940154
cloud0_tkemenade 29417484765 27388 4214

1722677797.068432 19940222
cloud_controller_tkemenade 13035138668 31227 6458

1722677797.0689979 19940222
cloud0_tkemenade 29417484765 27428 4217

1722677798.071703 19940273
cloud_controller_tkemenade 13035138668 31255 6463

1722677798.072298 19940273
cloud0_tkemenade 29417484765 27449 4221

1722677798.1728146 19940281
cloud_controller_tkemenade 13035959982 31258 6463

1722677798.1733797 19940281
cloud0_tkemenade 29418100751 27453 4221

1722677799.176158 19940330
cloud_controller_tkemenade 13035959982 31286 6472

1722677799.1767077 19940330
cloud0_tkemenade 29418100751 27467 4225

1722677800.1794336 19940365
cloud_controller_tkemenade 13035959982 31304 6479

1722677800.1800082 19940365
cloud0_tkemenade 29418100751 27490 4227

1722677801.1828089 19940399
cloud_controller_tkemenade 13035959982 31324 6488

1722677801.1833515 19940399
cloud0_tkemenade 29418100751 27503 4231

1722677802.186163 19940454
cloud_controller_tkemenade 13035959982 31355 6495

1722677802.1867354 19940454
cloud0_tkemenade 29418100751 27531 4234

1722677803.1894617 19940487
cloud_controller_tkemenade 13035959982 31377 6503

1722677803.190027 19940487
cloud0_tkemenade 29418100751 27543 4237

1722677804.1929073 19940554
cloud_controller_tkemenade 13035959982 31403 6511

1722677804.193475 19940554
cloud0_tkemenade 29418100751 27588 4241

1722677805.1962924 19940670
cloud_controller_tkemenade 13035959982 31434 6519

1722677805.1968668 19940670
cloud0_tkemenade 29418100751 27677 4246

1722677805.3976352 19940697
cloud_controller_tkemenade 13036661020 31438 6520

1722677805.3984675 19940697
cloud0_tkemenade 29418886853 27692 4247

1722677806.4011993 19940764
cloud_controller_tkemenade 13036661020 31461 6527

1722677806.4015799 19940764
cloud0_tkemenade 29418886853 27728 4249

1722677807.403954 19940823
cloud_controller_tkemenade 13036661020 31492 6534

1722677807.4045317 19940823
cloud0_tkemenade 29418886853 27753 4252

1722677808.4073637 19940905
cloud_controller_tkemenade 13036661020 31538 6542

1722677808.40795 19940905
cloud0_tkemenade 29418886853 27798 4257

1722677809.410769 19940949
cloud_controller_tkemenade 13036661020 31565 6549

1722677809.4113631 19940949
cloud0_tkemenade 29418886853 27818 4260

1722677810.4140954 19941066
cloud_controller_tkemenade 13036661020 31586 6554

1722677810.4146953 19941066
cloud0_tkemenade 29418886853 27914 4262

1722677811.4175243 19941104
cloud_controller_tkemenade 13036661020 31612 6564

1722677811.4181259 19941105
cloud0_tkemenade 29418886853 27934 4265

1722677812.4208217 19941221
cloud_controller_tkemenade 13036661020 31709 6572

1722677812.4213867 19941221
cloud0_tkemenade 29418886853 27956 4268

1722677812.5218668 19941234
cloud_controller_tkemenade 13037674189 31717 6573

1722677812.5224545 19941234
cloud0_tkemenade 29419768402 27959 4269

1722677813.5252173 19941288
cloud_controller_tkemenade 13037674189 31750 6580

1722677813.5258203 19941288
cloud0_tkemenade 29419768402 27988 4274

1722677814.5286324 19941332
cloud_controller_tkemenade 13037674189 31770 6591

1722677814.5292048 19941332
cloud0_tkemenade 29419768402 28011 4277

1722677815.5320053 19941394
cloud_controller_tkemenade 13037674189 31797 6600

1722677815.532587 19941394
cloud0_tkemenade 29419768402 28038 4282

1722677816.535492 19941488
cloud_controller_tkemenade 13037674189 31840 6611

1722677816.5360858 19941488
cloud0_tkemenade 29419768402 28090 4287

1722677817.5387342 19941580
cloud_controller_tkemenade 13037674189 31862 6618

1722677817.5393176 19941580
cloud0_tkemenade 29419768402 28143 4294

1722677818.5419028 19941614
cloud_controller_tkemenade 13037674189 31887 6625

1722677818.5424936 19941614
cloud0_tkemenade 29419768402 28161 4296

1722677819.5452569 19941653
cloud_controller_tkemenade 13037674189 31907 6632

1722677819.5458791 19941653
cloud0_tkemenade 29419768402 28185 4298

1722677819.7466028 19941672
cloud_controller_tkemenade 13038438714 31917 6634

1722677819.7471857 19941672
cloud0_tkemenade 29420544872 28191 4299

1722677820.7499003 19941750
cloud_controller_tkemenade 13038438714 31964 6641

1722677820.7504928 19941750
cloud0_tkemenade 29420544872 28224 4303

1722677821.7531464 19941791
cloud_controller_tkemenade 13038438714 31992 6646

1722677821.753726 19941791
cloud0_tkemenade 29420544872 28239 4305

1722677822.7564993 19941845
cloud_controller_tkemenade 13038438714 32029 6654

1722677822.7570798 19941845
cloud0_tkemenade 29420544872 28262 4308

1722677823.7597363 19941880
cloud_controller_tkemenade 13038438714 32052 6662

1722677823.7603126 19941880
cloud0_tkemenade 29420544872 28276 4310

1722677824.7629797 19941926
cloud_controller_tkemenade 13038438714 32081 6670

1722677824.7635608 19941926
cloud0_tkemenade 29420544872 28301 4313

1722677825.766335 19941981
cloud_controller_tkemenade 13038438714 32113 6677

1722677825.7669122 19941981
cloud0_tkemenade 29420544872 28329 4316

1722677826.769783 19942050
cloud_controller_tkemenade 13038438714 32135 6684

1722677826.7703373 19942050
cloud0_tkemenade 29420544872 28370 4318

1722677826.87081 19942061
cloud_controller_tkemenade 13039260904 32137 6684

1722677826.871353 19942061
cloud0_tkemenade 29421145818 28373 4318

1722677827.873839 19942112
cloud_controller_tkemenade 13039260904 32161 6690

1722677827.8744018 19942112
cloud0_tkemenade 29421145818 28397 4321

1722677828.8772583 19942164
cloud_controller_tkemenade 13039260904 32190 6699

1722677828.8778703 19942165
cloud0_tkemenade 29421145818 28417 4323

1722677829.8806167 19942200
cloud_controller_tkemenade 13039260904 32213 6706

1722677829.8811944 19942200
cloud0_tkemenade 29421145818 28435 4325

1722677830.8839495 19942243
cloud_controller_tkemenade 13039260904 32237 6709

1722677830.88453 19942243
cloud0_tkemenade 29421145818 28459 4329

1722677831.8871646 19942284
cloud_controller_tkemenade 13039260904 32262 6718

1722677831.887765 19942284
cloud0_tkemenade 29421145818 28481 4332

1722677832.8905356 19942326
cloud_controller_tkemenade 13039260904 32287 6726

1722677832.8911345 19942326
cloud0_tkemenade 29421145818 28501 4336

1722677833.8938115 19942406
cloud_controller_tkemenade 13039949632 32316 6734

1722677833.8942513 19942406
cloud0_tkemenade 29421744712 28551 4340

1722677834.8968558 19942456
cloud_controller_tkemenade 13039949632 32340 6743

1722677834.897428 19942456
cloud0_tkemenade 29421744712 28577 4342

1722677835.9001644 19942530
cloud_controller_tkemenade 13039949632 32373 6750

1722677835.900745 19942530
cloud0_tkemenade 29421744712 28623 4345

1722677836.9031816 19942569
cloud_controller_tkemenade 13039949632 32393 6755

1722677836.9037678 19942569
cloud0_tkemenade 29421744712 28644 4348

1722677837.90655 19942630
cloud_controller_tkemenade 13039949632 32426 6762

1722677837.9071605 19942630
cloud0_tkemenade 29421744712 28667 4352

1722677838.910078 19942705
cloud_controller_tkemenade 13039949632 32467 6772

1722677838.9106681 19942705
cloud0_tkemenade 29421744712 28703 4355

1722677839.9134622 19942738
cloud_controller_tkemenade 13039949632 32489 6780

1722677839.9140756 19942738
cloud0_tkemenade 29421744712 28721 4359

1722677840.9168983 19942790
cloud_controller_tkemenade 13039949632 32512 6794

1722677840.9175158 19942790
cloud0_tkemenade 29421744712 28741 4361

1722677841.1182983 19942803
cloud_controller_tkemenade 13040717017 32515 6795

1722677841.118853 19942803
cloud0_tkemenade 29422385183 28744 4361

1722677842.1212475 19942868
cloud_controller_tkemenade 13040717017 32549 6798

1722677842.121846 19942869
cloud0_tkemenade 29422385183 28765 4365

1722677843.1246133 19942956
cloud_controller_tkemenade 13040717017 32589 6805

1722677843.1252115 19942956
cloud0_tkemenade 29422385183 28794 4370

1722677844.127831 19943016
cloud_controller_tkemenade 13040717017 32616 6809

1722677844.1284149 19943016
cloud0_tkemenade 29422385183 28819 4374

1722677845.131188 19943066
cloud_controller_tkemenade 13040717017 32640 6812

1722677845.1317763 19943066
cloud0_tkemenade 29422385183 28835 4375

1722677846.134481 19943180
cloud_controller_tkemenade 13040717017 32673 6831

1722677846.135044 19943180
cloud0_tkemenade 29422385183 28896 4383

1722677847.137704 19943276
cloud_controller_tkemenade 13040717017 32694 6853

1722677847.138258 19943276
cloud0_tkemenade 29422385183 28953 4389

1722677848.1404862 19943364
cloud_controller_tkemenade 13041527079 32715 6864

1722677848.1410704 19943364
cloud0_tkemenade 29423177041 28975 4392

1722677849.1437173 19943489
cloud_controller_tkemenade 13041527079 32802 6868

1722677849.1442978 19943489
cloud0_tkemenade 29423177041 28998 4395

1722677850.1470342 19943576
cloud_controller_tkemenade 13041527079 32841 6880

1722677850.147614 19943576
cloud0_tkemenade 29423177041 29024 4402

1722677851.1501133 19943667
cloud_controller_tkemenade 13041527079 32889 6885

1722677851.1506488 19943667
cloud0_tkemenade 29423177041 29043 4404

1722677852.1532657 19943736
cloud_controller_tkemenade 13041527079 32916 6888

1722677852.1538727 19943736
cloud0_tkemenade 29423177041 29061 4407

1722677853.1565864 19943825
cloud_controller_tkemenade 13041527079 32957 6891

1722677853.1571338 19943825
cloud0_tkemenade 29423177041 29083 4411

1722677854.1598043 19943885
cloud_controller_tkemenade 13041527079 32982 6900

1722677854.1603777 19943885
cloud0_tkemenade 29423177041 29096 4413

1722677855.1630273 19943949
cloud_controller_tkemenade 13041527079 33009 6907

1722677855.1635187 19943949
cloud0_tkemenade 29423177041 29120 4417

1722677855.263997 19943952
cloud_controller_tkemenade 13042526485 33010 6908

1722677855.2644975 19943952
cloud0_tkemenade 29423682623 29122 4417

1722677856.2671049 19944041
cloud_controller_tkemenade 13042526485 33047 6916

1722677856.2677038 19944041
cloud0_tkemenade 29423682623 29173 4421

1722677857.2702157 19944086
cloud_controller_tkemenade 13042526485 33064 6922

1722677857.2707305 19944086
cloud0_tkemenade 29423682623 29193 4423

1722677858.2735293 19944154
cloud_controller_tkemenade 13042526485 33096 6930

1722677858.2741418 19944154
cloud0_tkemenade 29423682623 29222 4426

1722677859.276784 19944190
cloud_controller_tkemenade 13042526485 33117 6941

1722677859.277333 19944190
cloud0_tkemenade 29423682623 29234 4428

1722677860.2801657 19944250
cloud_controller_tkemenade 13042526485 33139 6951

1722677860.2807422 19944250
cloud0_tkemenade 29423682623 29256 4432

1722677861.2834234 19944288
cloud_controller_tkemenade 13042526485 33161 6958

1722677861.2839699 19944288
cloud0_tkemenade 29423682623 29272 4435

1722677862.286695 19944343
cloud_controller_tkemenade 13042526485 33186 6961

1722677862.287272 19944343
cloud0_tkemenade 29423682623 29298 4438

1722677862.3877757 19944350
cloud_controller_tkemenade 13043207302 33188 6961

1722677862.3883362 19944350
cloud0_tkemenade 29424269534 29299 4438

1722677863.3906324 19944391
cloud_controller_tkemenade 13043207302 33213 6968

1722677863.391232 19944391
cloud0_tkemenade 29424269534 29320 4441

1722677864.3936942 19944458
cloud_controller_tkemenade 13043207302 33240 6975

1722677864.394299 19944458
cloud0_tkemenade 29424269534 29365 4444

1722677865.3969452 19944584
cloud_controller_tkemenade 13043207302 33266 6984

1722677865.3975327 19944584
cloud0_tkemenade 29424269534 29467 4448

1722677866.4001412 19944650
cloud_controller_tkemenade 13043207302 33297 6994

1722677866.4006782 19944650
cloud0_tkemenade 29424269534 29509 4449

1722677867.4032614 19944675
cloud_controller_tkemenade 13043207302 33315 6999

1722677867.4038298 19944675
cloud0_tkemenade 29424269534 29524 4452

1722677868.4062507 19944774
cloud_controller_tkemenade 13043207302 33359 7010

1722677868.4068506 19944774
cloud0_tkemenade 29424269534 29566 4458

1722677869.4094014 19944823
cloud_controller_tkemenade 13043207302 33384 7017

1722677869.4100192 19944824
cloud0_tkemenade 29424269534 29592 4462

1722677869.6106956 19944857
cloud_controller_tkemenade 13044030011 33391 7019

1722677869.6112912 19944857
cloud0_tkemenade 29425327302 29617 4462

1722677870.6139033 19944957
cloud_controller_tkemenade 13044030011 33414 7027

1722677870.614506 19944957
cloud0_tkemenade 29425327302 29690 4465

1722677871.6172774 19945001
cloud_controller_tkemenade 13044030011 33445 7035

1722677871.617903 19945002
cloud0_tkemenade 29425327302 29708 4468

1722677872.6206586 19945112
cloud_controller_tkemenade 13044030011 33533 7041

1722677872.6212716 19945112
cloud0_tkemenade 29425327302 29730 4473

1722677873.624068 19945194
cloud_controller_tkemenade 13044030011 33567 7047

1722677873.624669 19945194
cloud0_tkemenade 29425327302 29784 4478

1722677874.627381 19945237
cloud_controller_tkemenade 13044030011 33592 7054

1722677874.6279626 19945237
cloud0_tkemenade 29425327302 29805 4481

1722677875.6306903 19945279
cloud_controller_tkemenade 13044030011 33612 7061

1722677875.6312954 19945279
cloud0_tkemenade 29425327302 29824 4483

1722677876.6342406 19945400
cloud_controller_tkemenade 13044030011 33665 7070

1722677876.6348457 19945400
cloud0_tkemenade 29425327302 29893 4489

1722677876.935871 19945437
cloud_controller_tkemenade 13045022760 33670 7073

1722677876.936445 19945437
cloud0_tkemenade 29426343829 29921 4493

1722677877.9391527 19945477
cloud_controller_tkemenade 13045022760 33690 7079

1722677877.9397395 19945477
cloud0_tkemenade 29426343829 29941 4497

1722677878.942425 19945535
cloud_controller_tkemenade 13045022760 33716 7088

1722677878.9429958 19945535
cloud0_tkemenade 29426343829 29957 4501

1722677879.9456532 19945602
cloud_controller_tkemenade 13045022760 33754 7095

1722677879.9460711 19945602
cloud0_tkemenade 29426343829 29989 4507

1722677880.948557 19945663
cloud_controller_tkemenade 13045022760 33793 7104

1722677880.9491434 19945663
cloud0_tkemenade 29426343829 30012 4510

1722677881.951766 19945705
cloud_controller_tkemenade 13045022760 33815 7111

1722677881.9523654 19945705
cloud0_tkemenade 29426343829 30032 4514

1722677882.9551408 19945768
cloud_controller_tkemenade 13045022760 33849 7119

1722677882.9557078 19945768
cloud0_tkemenade 29426343829 30055 4517

1722677883.95828 19945806
cloud_controller_tkemenade 13045022760 33872 7127

1722677883.958668 19945806
cloud0_tkemenade 29426343829 30072 4521

1722677884.058948 19945814
cloud_controller_tkemenade 13045797054 33872 7128

1722677884.0594475 19945814
cloud0_tkemenade 29426887035 30073 4521

1722677885.061881 19945863
cloud_controller_tkemenade 13045797054 33897 7134

1722677885.06228 19945863
cloud0_tkemenade 29426887035 30098 4525

1722677886.0646489 19945930
cloud_controller_tkemenade 13045797054 33932 7143

1722677886.0650897 19945930
cloud0_tkemenade 29426887035 30131 4531

1722677887.0674827 19945988
cloud_controller_tkemenade 13045797054 33955 7153

1722677887.0678792 19945988
cloud0_tkemenade 29426887035 30163 4534

1722677888.0703924 19946032
cloud_controller_tkemenade 13045797054 33980 7158

1722677888.0709896 19946032
cloud0_tkemenade 29426887035 30188 4539

1722677889.0733726 19946083
cloud_controller_tkemenade 13045797054 34004 7168

1722677889.073826 19946083
cloud0_tkemenade 29426887035 30202 4543

1722677890.0763419 19946121
cloud_controller_tkemenade 13045797054 34027 7172

1722677890.0768967 19946121
cloud0_tkemenade 29426887035 30220 4546

1722677891.0795934 19946175
cloud_controller_tkemenade 13045797054 34052 7178

1722677891.0801349 19946175
cloud0_tkemenade 29426887035 30246 4546

1722677891.1805296 19946180
cloud_controller_tkemenade 13046484315 34054 7178

1722677891.18087 19946180
cloud0_tkemenade 29427481665 30247 4546

1722677892.1832888 19946225
cloud_controller_tkemenade 13046484315 34080 7185

1722677892.1838639 19946225
cloud0_tkemenade 29427481665 30269 4549

1722677893.18652 19946280
cloud_controller_tkemenade 13046484315 34111 7193

1722677893.1870642 19946280
cloud0_tkemenade 29427481665 30288 4551

1722677894.1898825 19946342
cloud_controller_tkemenade 13046484315 34135 7201

1722677894.1904664 19946342
cloud0_tkemenade 29427481665 30332 4556

1722677895.193342 19946396
cloud_controller_tkemenade 13046484315 34159 7208

1722677895.1945152 19946396
cloud0_tkemenade 29427481665 30365 4560

1722677896.1975012 19946476
cloud_controller_tkemenade 13046484315 34195 7211

1722677896.1981206 19946476
cloud0_tkemenade 29427481665 30411 4564

1722677897.2009296 19946517
cloud_controller_tkemenade 13046484315 34218 7219

1722677897.2014751 19946517
cloud0_tkemenade 29427481665 30426 4568

1722677898.2041762 19946586
cloud_controller_tkemenade 13046484315 34258 7225

1722677898.2047195 19946586
cloud0_tkemenade 29427481665 30459 4574

1722677898.30521 19946595
cloud_controller_tkemenade 13047247295 34259 7225

1722677898.305726 19946595
cloud0_tkemenade 29428211732 30463 4574

1722677899.307987 19946648
cloud_controller_tkemenade 13047247295 34286 7233

1722677899.3085444 19946648
cloud0_tkemenade 29428211732 30481 4577

1722677900.3110216 19946687
cloud_controller_tkemenade 13047247295 34309 7238

1722677900.3115985 19946687
cloud0_tkemenade 29428211732 30501 4581

1722677901.3142734 19946746
cloud_controller_tkemenade 13047247295 34335 7245

1722677901.3148432 19946746
cloud0_tkemenade 29428211732 30524 4582

1722677902.317607 19946800
cloud_controller_tkemenade 13047247295 34363 7255

1722677902.3182185 19946800
cloud0_tkemenade 29428211732 30544 4585

1722677903.3210661 19946856
cloud_controller_tkemenade 13047247295 34395 7263

1722677903.3216522 19946856
cloud0_tkemenade 29428211732 30568 4591

1722677904.3244433 19946907
cloud_controller_tkemenade 13047247295 34417 7271

1722677904.325014 19946907
cloud0_tkemenade 29428211732 30594 4596

1722677905.3274078 19946944
cloud_controller_tkemenade 13047954953 34438 7280

1722677905.3279808 19946944
cloud0_tkemenade 29428730275 30606 4600

1722677906.3306072 19947043
cloud_controller_tkemenade 13047954953 34477 7293

1722677906.3311949 19947043
cloud0_tkemenade 29428730275 30667 4608

1722677907.3337097 19947166
cloud_controller_tkemenade 13047954953 34547 7301

1722677907.3342767 19947166
cloud0_tkemenade 29428730275 30720 4614

1722677908.336876 19947223
cloud_controller_tkemenade 13047954953 34579 7305

1722677908.3374648 19947223
cloud0_tkemenade 29428730275 30748 4618

1722677909.33983 19947336
cloud_controller_tkemenade 13047954953 34660 7308

1722677909.340251 19947336
cloud0_tkemenade 29428730275 30766 4621

1722677910.3428633 19947416
cloud_controller_tkemenade 13047954953 34709 7318

1722677910.3434672 19947416
cloud0_tkemenade 29428730275 30795 4629

1722677911.3461342 19947464
cloud_controller_tkemenade 13047954953 34745 7327

1722677911.3467162 19947464
cloud0_tkemenade 29428730275 30810 4634

1722677912.349408 19947502
cloud_controller_tkemenade 13047954953 34765 7333

1722677912.3499694 19947502
cloud0_tkemenade 29428730275 30831 4637

1722677912.5506313 19947522
cloud_controller_tkemenade 13049145731 34774 7335

1722677912.5511992 19947522
cloud0_tkemenade 29429542588 30836 4638

1722677913.5536442 19947563
cloud_controller_tkemenade 13049145731 34798 7342

1722677913.5542488 19947563
cloud0_tkemenade 29429542588 30855 4639

1722677914.557016 19947608
cloud_controller_tkemenade 13049145731 34816 7349

1722677914.557605 19947608
cloud0_tkemenade 29429542588 30881 4644

1722677915.5604208 19947643
cloud_controller_tkemenade 13049145731 34838 7357

1722677915.561 19947643
cloud0_tkemenade 29429542588 30899 4645

1722677916.563688 19947712
cloud_controller_tkemenade 13049145731 34868 7366

1722677916.5642736 19947712
cloud0_tkemenade 29429542588 30940 4653

1722677917.5670211 19947746
cloud_controller_tkemenade 13049145731 34892 7375

1722677917.5676012 19947746
cloud0_tkemenade 29429542588 30954 4656

1722677918.570646 19947805
cloud_controller_tkemenade 13049145731 34921 7386

1722677918.5712423 19947805
cloud0_tkemenade 29429542588 30985 4662

1722677919.5738685 19947856
cloud_controller_tkemenade 13049145731 34942 7392

1722677919.574468 19947856
cloud0_tkemenade 29429542588 31002 4666

1722677919.7751222 19947865
cloud_controller_tkemenade 13049853130 34945 7393

1722677919.7756724 19947865
cloud0_tkemenade 29430146762 31004 4666

1722677920.7783868 19947911
cloud_controller_tkemenade 13049853130 34970 7401

1722677920.7789764 19947911
cloud0_tkemenade 29430146762 31021 4669

1722677921.7817273 19947955
cloud_controller_tkemenade 13049853130 34992 7409

1722677921.7823284 19947955
cloud0_tkemenade 29430146762 31039 4673

1722677922.785144 19948000
cloud_controller_tkemenade 13049853130 35019 7419

1722677922.7857175 19948000
cloud0_tkemenade 29430146762 31059 4676

1722677923.7885785 19948074
cloud_controller_tkemenade 13049853130 35050 7425

1722677923.7891705 19948074
cloud0_tkemenade 29430146762 31102 4678

1722677924.7919073 19948133
cloud_controller_tkemenade 13049853130 35073 7433

1722677924.7924805 19948133
cloud0_tkemenade 29430146762 31140 4683

1722677925.7953162 19948256
cloud_controller_tkemenade 13049853130 35094 7441

1722677925.795881 19948256
cloud0_tkemenade 29430146762 31240 4688

1722677926.7987056 19948331
cloud_controller_tkemenade 13050578786 35127 7450

1722677926.799283 19948331
cloud0_tkemenade 29431044762 31274 4692

1722677927.802026 19948377
cloud_controller_tkemenade 13050578786 35152 7458

1722677927.8026202 19948377
cloud0_tkemenade 29431044762 31293 4696

1722677928.80557 19948466
cloud_controller_tkemenade 13050578786 35205 7467

1722677928.8061757 19948466
cloud0_tkemenade 29431044762 31334 4703

1722677929.8088846 19948576
cloud_controller_tkemenade 13050578786 35222 7470

1722677929.809466 19948576
cloud0_tkemenade 29431044762 31412 4705

1722677930.812087 19948659
cloud_controller_tkemenade 13050578786 35253 7477

1722677930.8126893 19948659
cloud0_tkemenade 29431044762 31465 4708

1722677931.815031 19948711
cloud_controller_tkemenade 13050578786 35284 7484

1722677931.8156323 19948711
cloud0_tkemenade 29431044762 31484 4713

1722677932.8181617 19948822
cloud_controller_tkemenade 13050578786 35378 7489

1722677932.8187644 19948822
cloud0_tkemenade 29431044762 31502 4714

1722677933.8215296 19948881
cloud_controller_tkemenade 13050578786 35407 7498

1722677933.8221338 19948882
cloud0_tkemenade 29431044762 31537 4719

1722677934.1230886 19948900
cloud_controller_tkemenade 13051580942 35414 7501

1722677934.1236598 19948900
cloud0_tkemenade 29431927968 31543 4721

1722677935.1260536 19948937
cloud_controller_tkemenade 13051580942 35435 7506

1722677935.1266317 19948937
cloud0_tkemenade 29431927968 31555 4725

1722677936.1294901 19949033
cloud_controller_tkemenade 13051580942 35475 7514

1722677936.1301117 19949033
cloud0_tkemenade 29431927968 31602 4732

