1722678184.5809147 19984925
cloud_controller_tkemenade 13063537033 17736 2904
cloud0_tkemenade 29444063638 14131 2252

1722678185.583623 19984972
cloud_controller_tkemenade 13063537033 17766 2908

1722678185.5842042 19984972
cloud0_tkemenade 29444063638 14155 2253

1722678186.5869255 19985039
cloud_controller_tkemenade 13063537033 17793 2913

1722678186.5875127 19985039
cloud0_tkemenade 29444063638 14184 2256

1722678187.5900364 19985112
cloud_controller_tkemenade 13063537033 17817 2921

1722678187.5905774 19985112
cloud0_tkemenade 29444063638 14232 2262

1722678188.59314 19985168
cloud_controller_tkemenade 13063537033 17843 2927

1722678188.5937204 19985168
cloud0_tkemenade 29444063638 14265 2266

1722678189.5963225 19985229
cloud_controller_tkemenade 13063537033 17880 2936

1722678189.5968666 19985229
cloud0_tkemenade 29444063638 14291 2268

1722678190.5993817 19985274
cloud_controller_tkemenade 13063537033 17909 2942

1722678190.599953 19985274
cloud0_tkemenade 29444063638 14307 2270

1722678191.4019732 19985308
cloud_controller_tkemenade 13064270772 17928 2948

1722678191.4024925 19985308
cloud0_tkemenade 29444721578 14324 2273

1722678192.4050546 19985368
cloud_controller_tkemenade 13064270772 17962 2954

1722678192.4056365 19985368
cloud0_tkemenade 29444721578 14357 2277

1722678193.408133 19985410
cloud_controller_tkemenade 13064270772 17982 2962

1722678193.40864 19985410
cloud0_tkemenade 29444721578 14379 2280

1722678194.4111412 19985488
cloud_controller_tkemenade 13064270772 18007 2969

1722678194.4117084 19985488
cloud0_tkemenade 29444721578 14438 2282

1722678195.414223 19985560
cloud_controller_tkemenade 13064270772 18035 2974

1722678195.4147472 19985560
cloud0_tkemenade 29444721578 14487 2288

1722678196.417317 19985612
cloud_controller_tkemenade 13064270772 18059 2979

1722678196.4178567 19985612
cloud0_tkemenade 29444721578 14510 2291

1722678197.4202032 19985686
cloud_controller_tkemenade 13064270772 18087 2987

1722678197.4205987 19985686
cloud0_tkemenade 29444721578 14558 2293

1722678198.4227276 19985755
cloud_controller_tkemenade 13064270772 18121 2994

1722678198.423132 19985755
cloud0_tkemenade 29444721578 14596 2300

1722678198.6238005 19985771
cloud_controller_tkemenade 13065052694 18124 2995

1722678198.6242685 19985771
cloud0_tkemenade 29445703827 14604 2300

1722678199.6266973 19985840
cloud_controller_tkemenade 13065052694 18165 3003

1722678199.627133 19985840
cloud0_tkemenade 29445703827 14637 2306

1722678200.6292095 19985907
cloud_controller_tkemenade 13065052694 18208 3016

1722678200.6296728 19985907
cloud0_tkemenade 29445703827 14672 2314

1722678201.632171 19985970
cloud_controller_tkemenade 13065052694 18241 3025

1722678201.6325786 19985970
cloud0_tkemenade 29445703827 14710 2319

1722678202.6349533 19986015
cloud_controller_tkemenade 13065052694 18266 3031

1722678202.6353645 19986015
cloud0_tkemenade 29445703827 14733 2322

1722678203.637832 19986064
cloud_controller_tkemenade 13065052694 18291 3038

1722678203.6382267 19986064
cloud0_tkemenade 29445703827 14759 2326

1722678204.6406372 19986110
cloud_controller_tkemenade 13065052694 18313 3047

1722678204.6410286 19986110
cloud0_tkemenade 29445703827 14786 2331

1722678205.643239 19986181
cloud_controller_tkemenade 13065052694 18353 3053

1722678205.6437612 19986181
cloud0_tkemenade 29445703827 14817 2334

1722678205.7442088 19986210
cloud_controller_tkemenade 13065937354 18364 3055

1722678205.7447681 19986210
cloud0_tkemenade 29446476773 14832 2336

1722678206.7472353 19986324
cloud_controller_tkemenade 13065937354 18408 3061

1722678206.7477658 19986324
cloud0_tkemenade 29446476773 14893 2340

1722678207.7500677 19986390
cloud_controller_tkemenade 13065937354 18433 3064

1722678207.7504573 19986390
cloud0_tkemenade 29446476773 14937 2343

1722678208.75287 19986459
cloud_controller_tkemenade 13065937354 18468 3072

1722678208.7533658 19986459
cloud0_tkemenade 29446476773 14957 2347

1722678209.7558231 19986516
cloud_controller_tkemenade 13065937354 18506 3085

1722678209.7563193 19986516
cloud0_tkemenade 29446476773 14975 2350

1722678210.758869 19986595
cloud_controller_tkemenade 13065937354 18556 3094

1722678210.759399 19986595
cloud0_tkemenade 29446476773 15006 2356

1722678211.7619383 19986659
cloud_controller_tkemenade 13065937354 18582 3100

1722678211.7624967 19986659
cloud0_tkemenade 29446476773 15043 2360

1722678212.7647445 19986704
cloud_controller_tkemenade 13065937354 18614 3107

1722678212.7652726 19986704
cloud0_tkemenade 29446476773 15059 2361

1722678212.9658396 19986712
cloud_controller_tkemenade 13066914780 18619 3107

1722678212.9663167 19986712
cloud0_tkemenade 29447310552 15060 2361

1722678213.9688232 19986756
cloud_controller_tkemenade 13066914780 18639 3116

1722678213.9693525 19986756
cloud0_tkemenade 29447310552 15083 2363

1722678214.9717782 19986792
cloud_controller_tkemenade 13066914780 18663 3123

1722678214.9722023 19986792
cloud0_tkemenade 29447310552 15096 2366

1722678215.9747174 19986840
cloud_controller_tkemenade 13066914780 18692 3130

1722678215.975131 19986840
cloud0_tkemenade 29447310552 15117 2369

1722678216.977637 19986902
cloud_controller_tkemenade 13066914780 18712 3135

1722678216.9782274 19986902
cloud0_tkemenade 29447310552 15155 2373

1722678217.98068 19986954
cloud_controller_tkemenade 13066914780 18735 3140

1722678217.981094 19986954
cloud0_tkemenade 29447310552 15186 2380

1722678218.983485 19987028
cloud_controller_tkemenade 13066914780 18756 3151

1722678218.9838853 19987028
cloud0_tkemenade 29447310552 15234 2384

1722678219.9862492 19987093
cloud_controller_tkemenade 13066914780 18801 3160

1722678219.9867275 19987093
cloud0_tkemenade 29447958488 15247 2392

1722678220.0871863 19987097
cloud_controller_tkemenade 13067625709 18804 3161

1722678220.087588 19987097
cloud0_tkemenade 29447958488 15248 2392

1722678221.0900536 19987160
cloud_controller_tkemenade 13067625709 18835 3168

1722678221.0905113 19987160
cloud0_tkemenade 29447958488 15271 2396

1722678222.0929604 19987234
cloud_controller_tkemenade 13067625709 18867 3178

1722678222.0933762 19987234
cloud0_tkemenade 29447958488 15310 2399

1722678223.0958288 19987284
cloud_controller_tkemenade 13067625709 18892 3183

1722678223.0962791 19987284
cloud0_tkemenade 29447958488 15310 2425

1722678224.09872 19987366
cloud_controller_tkemenade 13067625709 18912 3189

1722678224.0991123 19987366
cloud0_tkemenade 29447958488 15334 2448

1722678225.1014864 19987456
cloud_controller_tkemenade 13067625709 18935 3194

1722678225.1018887 19987457
cloud0_tkemenade 29447958488 15369 2456

1722678226.104257 19987529
cloud_controller_tkemenade 13067625709 18965 3206

1722678226.10464 19987529
cloud0_tkemenade 29447958488 15386 2461

1722678227.1069968 19987654
cloud_controller_tkemenade 13067625709 18995 3214

1722678227.1075597 19987654
cloud0_tkemenade 29447958488 15445 2465

1722678227.2080538 19987664
cloud_controller_tkemenade 13068451354 18997 3215

1722678227.2085407 19987664
cloud0_tkemenade 29448859790 15447 2465

1722678228.210879 19987749
cloud_controller_tkemenade 13068451354 19034 3225

1722678228.211314 19987749
cloud0_tkemenade 29448859790 15479 2469

1722678229.2137632 19987845
cloud_controller_tkemenade 13068451354 19066 3233

1722678229.214211 19987845
cloud0_tkemenade 29448859790 15518 2477

1722678230.21666 19987910
cloud_controller_tkemenade 13068451354 19106 3240

1722678230.2170632 19987910
cloud0_tkemenade 29448859790 15534 2483

1722678231.2194514 19987984
cloud_controller_tkemenade 13068451354 19132 3248

1722678231.2198274 19987984
cloud0_tkemenade 29448859790 15562 2489

1722678232.2222385 19988075
cloud_controller_tkemenade 13068451354 19167 3255

1722678232.222631 19988075
cloud0_tkemenade 29448859790 15587 2492

1722678233.2251005 19988142
cloud_controller_tkemenade 13068451354 19188 3263

1722678233.2255 19988142
cloud0_tkemenade 29448859790 15598 2502

1722678234.2278857 19988194
cloud_controller_tkemenade 13068451354 19211 3269

1722678234.228286 19988194
cloud0_tkemenade 29448859790 15603 2522

1722678234.3287315 19988203
cloud_controller_tkemenade 13069276111 19214 3270

1722678234.3292046 19988203
cloud0_tkemenade 29449515916 15605 2522

1722678235.3317215 19988250
cloud_controller_tkemenade 13069276111 19237 3277

1722678235.3322127 19988250
cloud0_tkemenade 29449515916 15627 2524

1722678236.334617 19988330
cloud_controller_tkemenade 13069276111 19275 3283

1722678236.3351927 19988330
cloud0_tkemenade 29449515916 15664 2530

1722678237.3377135 19988435
cloud_controller_tkemenade 13069276111 19310 3289

1722678237.338308 19988435
cloud0_tkemenade 29449515916 15730 2537

1722678238.340794 19988493
cloud_controller_tkemenade 13069276111 19330 3295

1722678238.3412626 19988493
cloud0_tkemenade 29449515916 15769 2545

1722678239.3437045 19988580
cloud_controller_tkemenade 13069276111 19363 3303

1722678239.3441486 19988580
cloud0_tkemenade 29449515916 15817 2549

1722678240.3466108 19988659
cloud_controller_tkemenade 13069276111 19413 3315

1722678240.347025 19988659
cloud0_tkemenade 29449515916 15849 2554

1722678241.3493438 19988706
cloud_controller_tkemenade 13069276111 19439 3321

1722678241.3497622 19988706
cloud0_tkemenade 29449515916 15871 2556

1722678241.4502656 19988714
cloud_controller_tkemenade 13070130799 19442 3323

1722678241.4507365 19988714
cloud0_tkemenade 29450434477 15872 2557

1722678242.4531786 19988774
cloud_controller_tkemenade 13070130799 19472 3332

1722678242.453594 19988774
cloud0_tkemenade 29450434477 15904 2564

1722678243.456056 19988804
cloud_controller_tkemenade 13070130799 19492 3339

1722678243.4564545 19988804
cloud0_tkemenade 29450434477 15915 2567

1722678244.4589047 19988931
cloud_controller_tkemenade 13070130799 19519 3347

1722678244.459307 19988931
cloud0_tkemenade 29450434477 16015 2569

1722678245.4617443 19988974
cloud_controller_tkemenade 13070130799 19545 3353

1722678245.4621775 19988974
cloud0_tkemenade 29450434477 16031 2572

1722678246.4646478 19989088
cloud_controller_tkemenade 13070130799 19629 3361

1722678246.4651153 19989088
cloud0_tkemenade 29450434477 16065 2574

1722678247.4675977 19989137
cloud_controller_tkemenade 13070130799 19648 3368

1722678247.468126 19989137
cloud0_tkemenade 29450434477 16087 2578

1722678248.4703887 19989195
cloud_controller_tkemenade 13070130799 19673 3375

1722678248.4708312 19989195
cloud0_tkemenade 29450434477 16122 2585

1722678248.7717626 19989210
cloud_controller_tkemenade 13070996515 19679 3376

1722678248.7722645 19989210
cloud0_tkemenade 29451276475 16130 2586

1722678249.774688 19989266
cloud_controller_tkemenade 13070996515 19717 3385

1722678249.7750897 19989266
cloud0_tkemenade 29451276475 16148 2587

1722678250.7775507 19989320
cloud_controller_tkemenade 13070996515 19748 3391

1722678250.7780197 19989320
cloud0_tkemenade 29451276475 16167 2590

1722678251.7804854 19989368
cloud_controller_tkemenade 13070996515 19771 3399

1722678251.7809036 19989368
cloud0_tkemenade 29451276475 16196 2594

1722678252.7833598 19989408
cloud_controller_tkemenade 13070996515 19795 3408

1722678252.7837555 19989408
cloud0_tkemenade 29451276475 16215 2597

1722678253.7861419 19989456
cloud_controller_tkemenade 13070996515 19815 3414

1722678253.7865577 19989456
cloud0_tkemenade 29451276475 16244 2601

1722678254.7887874 19989506
cloud_controller_tkemenade 13070996515 19837 3423

1722678254.7891703 19989506
cloud0_tkemenade 29451276475 16270 2605

1722678255.79147 19989574
cloud_controller_tkemenade 13071723342 19867 3431

1722678255.7919543 19989574
cloud0_tkemenade 29451889642 16308 2609

1722678256.794301 19989632
cloud_controller_tkemenade 13071723342 19890 3437

1722678256.7947369 19989632
cloud0_tkemenade 29451889642 16342 2612

1722678257.797185 19989684
cloud_controller_tkemenade 13071723342 19914 3444

1722678257.797681 19989684
cloud0_tkemenade 29451889642 16356 2617

1722678258.8001032 19989748
cloud_controller_tkemenade 13071723342 19947 3450

1722678258.8005254 19989748
cloud0_tkemenade 29451889642 16392 2622

1722678259.8027105 19989801
cloud_controller_tkemenade 13071723342 19983 3460

1722678259.8030975 19989801
cloud0_tkemenade 29451889642 16412 2625

1722678260.8054805 19989850
cloud_controller_tkemenade 13071723342 20009 3470

1722678260.8059974 19989850
cloud0_tkemenade 29451889642 16435 2628

1722678261.808472 19989909
cloud_controller_tkemenade 13071723342 20043 3477

1722678261.8088682 19989909
cloud0_tkemenade 29451889642 16460 2633

1722678262.8111942 19989952
cloud_controller_tkemenade 13071723342 20065 3482

1722678262.8116114 19989952
cloud0_tkemenade 29451889642 16487 2636

1722678262.91207 19989957
cloud_controller_tkemenade 13072571431 20067 3483

1722678262.9125228 19989957
cloud0_tkemenade 29452586885 16488 2636

1722678263.914903 19989994
cloud_controller_tkemenade 13072571431 20089 3494

1722678263.915319 19989994
cloud0_tkemenade 29452586885 16505 2639

1722678264.917804 19990034
cloud_controller_tkemenade 13072571431 20111 3503

1722678264.9182029 19990034
cloud0_tkemenade 29452586885 16526 2646

1722678265.9206507 19990114
cloud_controller_tkemenade 13072571431 20150 3511

1722678265.9210587 19990114
cloud0_tkemenade 29452586885 16568 2651

1722678266.9234867 19990216
cloud_controller_tkemenade 13072571431 20183 3522

1722678266.923879 19990216
cloud0_tkemenade 29452586885 16629 2659

1722678267.926383 19990292
cloud_controller_tkemenade 13072571431 20216 3527

1722678267.9269454 19990292
cloud0_tkemenade 29452586885 16649 2663

1722678268.9293802 19990371
cloud_controller_tkemenade 13072571431 20235 3546

1722678268.9299202 19990371
cloud0_tkemenade 29452586885 16685 2668

1722678269.9323728 19990473
cloud_controller_tkemenade 13072571431 20268 3569

1722678269.9327946 19990473
cloud0_tkemenade 29452586885 16719 2674

1722678270.1335337 19990493
cloud_controller_tkemenade 13073457129 20273 3571

1722678270.1340206 19990494
cloud0_tkemenade 29453409103 16722 2675

1722678271.1364539 19990624
cloud_controller_tkemenade 13073457129 20373 3581

1722678271.136854 19990624
cloud0_tkemenade 29453409103 16740 2680

1722678272.139313 19990717
cloud_controller_tkemenade 13073457129 20406 3583

1722678272.1397145 19990717
cloud0_tkemenade 29453409103 16777 2684

1722678273.1421607 19990762
cloud_controller_tkemenade 13073457129 20431 3592

1722678273.1425567 19990762
cloud0_tkemenade 29453409103 16785 2687

1722678274.1450193 19990807
cloud_controller_tkemenade 13073457129 20457 3599

1722678274.1454158 19990807
cloud0_tkemenade 29453409103 16803 2690

1722678275.1477885 19990852
cloud_controller_tkemenade 13073457129 20475 3607

1722678275.148314 19990852
cloud0_tkemenade 29453409103 16822 2693

1722678276.1507053 19990908
cloud_controller_tkemenade 13073457129 20511 3615

1722678276.1511314 19990908
cloud0_tkemenade 29453409103 16844 2697

1722678277.153541 19990994
cloud_controller_tkemenade 13073457129 20534 3621

1722678277.1539865 19990994
cloud0_tkemenade 29453409103 16910 2699

1722678277.354632 19991003
cloud_controller_tkemenade 13074383400 20537 3621

1722678277.3551116 19991003
cloud0_tkemenade 29454040383 16911 2699

1722678278.3576605 19991067
cloud_controller_tkemenade 13074383400 20558 3627

1722678278.3582687 19991067
cloud0_tkemenade 29454040383 16944 2706

1722678279.3607655 19991122
cloud_controller_tkemenade 13074383400 20589 3632

1722678279.3611734 19991122
cloud0_tkemenade 29454040383 16965 2711

1722678280.363557 19991191
cloud_controller_tkemenade 13074383400 20625 3642

1722678280.3640277 19991191
cloud0_tkemenade 29454040383 16993 2715

1722678281.3665593 19991244
cloud_controller_tkemenade 13074383400 20653 3653

1722678281.3670492 19991244
cloud0_tkemenade 29454040383 17010 2717

1722678282.3695462 19991296
cloud_controller_tkemenade 13074383400 20678 3661

1722678282.3699856 19991296
cloud0_tkemenade 29454040383 17037 2721

1722678283.3724787 19991408
cloud_controller_tkemenade 13074383400 20699 3668

1722678283.3728843 19991408
cloud0_tkemenade 29454040383 17131 2724

1722678284.375368 19991463
cloud_controller_tkemenade 13074383400 20722 3672

1722678284.3757675 19991463
cloud0_tkemenade 29454040383 17166 2728

1722678284.6766706 19991520
cloud_controller_tkemenade 13075179787 20759 3672

1722678284.6771498 19991520
cloud0_tkemenade 29454907561 17180 2729

1722678285.6795938 19991587
cloud_controller_tkemenade 13075179787 20786 3678

1722678285.6800888 19991587
cloud0_tkemenade 29454907561 17223 2735

1722678286.6825514 19991647
cloud_controller_tkemenade 13075179787 20813 3684

1722678286.683048 19991647
cloud0_tkemenade 29454907561 17261 2739

1722678287.6855576 19991700
cloud_controller_tkemenade 13075179787 20839 3692

1722678287.6861029 19991700
cloud0_tkemenade 29454907561 17286 2744

1722678288.688535 19991787
cloud_controller_tkemenade 13075179787 20884 3703

1722678288.6891067 19991787
cloud0_tkemenade 29454907561 17319 2751

1722678289.691442 19991846
cloud_controller_tkemenade 13075179787 20915 3712

1722678289.6919022 19991846
cloud0_tkemenade 29454907561 17349 2756

1722678290.6942437 19991893
cloud_controller_tkemenade 13075179787 20944 3720

1722678290.694649 19991893
cloud0_tkemenade 29454907561 17367 2758

1722678291.6966252 19991965
cloud_controller_tkemenade 13075179787 20986 3731

1722678291.6968756 19991965
cloud0_tkemenade 29454907561 17395 2765

1722678291.797202 19991972
cloud_controller_tkemenade 13076052498 20988 3731

1722678291.7975156 19991972
cloud0_tkemenade 29455676023 17396 2766

1722678292.7998083 19992008
cloud_controller_tkemenade 13076052498 21009 3738

1722678292.8002415 19992008
cloud0_tkemenade 29455676023 17414 2769

1722678293.8027031 19992039
cloud_controller_tkemenade 13076052498 21028 3745

1722678293.8031085 19992039
cloud0_tkemenade 29455676023 17427 2772

1722678294.8055503 19992084
cloud_controller_tkemenade 13076052498 21053 3753

1722678294.8059807 19992085
cloud0_tkemenade 29455676023 17453 2778

1722678295.8084445 19992172
cloud_controller_tkemenade 13076052498 21088 3760

1722678295.8088448 19992172
cloud0_tkemenade 29455676023 17492 2783

1722678296.811314 19992270
cloud_controller_tkemenade 13076052498 21133 3771

1722678296.8117204 19992270
cloud0_tkemenade 29455676023 17543 2789

1722678297.8141637 19992315
cloud_controller_tkemenade 13076052498 21155 3780

1722678297.8145676 19992315
cloud0_tkemenade 29455676023 17568 2792

1722678298.8171175 19992382
cloud_controller_tkemenade 13076052498 21179 3786

1722678298.8177006 19992382
cloud0_tkemenade 29455676023 17602 2799

1722678298.9181683 19992388
cloud_controller_tkemenade 13076795182 21181 3786

1722678298.9185202 19992388
cloud0_tkemenade 29456397659 17602 2800

1722678299.9208415 19992458
cloud_controller_tkemenade 13076795182 21219 3793

1722678299.9210715 19992458
cloud0_tkemenade 29456397659 17635 2806

1722678300.9233692 19992507
cloud_controller_tkemenade 13076795182 21256 3800

1722678300.923829 19992507
cloud0_tkemenade 29456397659 17647 2810

1722678301.9263113 19992576
cloud_controller_tkemenade 13076795182 21291 3806

1722678301.9267068 19992576
cloud0_tkemenade 29456397659 17685 2815

1722678302.9291496 19992608
cloud_controller_tkemenade 13076795182 21316 3811

1722678302.9295335 19992608
cloud0_tkemenade 29456397659 17698 2819

1722678303.9320085 19992691
cloud_controller_tkemenade 13076795182 21337 3818

1722678303.9324179 19992691
cloud0_tkemenade 29456397659 17759 2820

1722678304.9349182 19992773
cloud_controller_tkemenade 13076795182 21362 3824

1722678304.9353151 19992773
cloud0_tkemenade 29456397659 17814 2824

1722678305.9377358 19992876
cloud_controller_tkemenade 13076795182 21433 3831

1722678305.9381702 19992876
cloud0_tkemenade 29456397659 17835 2829

1722678306.1388242 19992910
cloud_controller_tkemenade 13077745540 21454 3832

1722678306.139326 19992910
cloud0_tkemenade 29457190121 17838 2830

1722678307.1418216 19992976
cloud_controller_tkemenade 13077745540 21481 3841

1722678307.1422296 19992976
cloud0_tkemenade 29457190121 17883 2836

1722678308.1446996 19993016
cloud_controller_tkemenade 13077745540 21503 3847

1722678308.1451206 19993016
cloud0_tkemenade 29457190121 17905 2839

1722678309.1475387 19993094
cloud_controller_tkemenade 13077745540 21529 3854

1722678309.1481075 19993094
cloud0_tkemenade 29457190121 17943 2845

1722678310.1505644 19993147
cloud_controller_tkemenade 13077745540 21561 3862

1722678310.1511357 19993147
cloud0_tkemenade 29457190121 17967 2848

1722678311.1533623 19993174
cloud_controller_tkemenade 13077745540 21581 3868

1722678311.1539614 19993176
cloud0_tkemenade 29457190121 17977 2851

1722678312.1564405 19993246
cloud_controller_tkemenade 13077745540 21619 3878

1722678312.1568983 19993246
cloud0_tkemenade 29457190121 18008 2856

1722678313.1591122 19993284
cloud_controller_tkemenade 13078482926 21642 3885

1722678313.159606 19993284
cloud0_tkemenade 29457844551 18024 2858

1722678314.1620474 19993343
cloud_controller_tkemenade 13078482926 21667 3891

1722678314.1624613 19993343
cloud0_tkemenade 29457844551 18061 2863

1722678315.1649077 19993405
cloud_controller_tkemenade 13078482926 21693 3897

1722678315.1653268 19993405
cloud0_tkemenade 29457844551 18101 2868

1722678316.1677847 19993447
cloud_controller_tkemenade 13078482926 21716 3907

1722678316.1682382 19993447
cloud0_tkemenade 29457844551 18120 2872

1722678317.1707072 19993510
cloud_controller_tkemenade 13078482926 21748 3912

1722678317.1710818 19993510
cloud0_tkemenade 29457844551 18154 2876

1722678318.1734457 19993556
cloud_controller_tkemenade 13078482926 21784 3919

1722678318.1738532 19993556
cloud0_tkemenade 29457844551 18161 2879

1722678319.176344 19993638
cloud_controller_tkemenade 13078482926 21816 3928

1722678319.176917 19993638
cloud0_tkemenade 29457844551 18202 2887

1722678320.179316 19993688
cloud_controller_tkemenade 13078482926 21849 3936

1722678320.1797292 19993688
cloud0_tkemenade 29457844551 18225 2891

1722678320.3803997 19993702
cloud_controller_tkemenade 13079333513 21854 3937

1722678320.3808641 19993702
cloud0_tkemenade 29458607482 18227 2892

1722678321.3833325 19993756
cloud_controller_tkemenade 13079333513 21876 3947

1722678321.3837512 19993756
cloud0_tkemenade 29458607482 18258 2895

1722678322.3861904 19993822
cloud_controller_tkemenade 13079333513 21917 3953

1722678322.386588 19993822
cloud0_tkemenade 29458607482 18286 2898

1722678323.3890424 19993852
cloud_controller_tkemenade 13079333513 21939 3958

1722678323.3894503 19993852
cloud0_tkemenade 29458607482 18296 2902

1722678324.391869 19993956
cloud_controller_tkemenade 13079333513 22026 3965

1722678324.3922698 19993956
cloud0_tkemenade 29458607482 18321 2906

1722678325.3947196 19993983
cloud_controller_tkemenade 13079333513 22047 3972

1722678325.395119 19993983
cloud0_tkemenade 29458607482 18335 2910

1722678326.3975859 19994052
cloud_controller_tkemenade 13079333513 22081 3979

1722678326.398058 19994053
cloud0_tkemenade 29458607482 18374 2914

1722678327.4004123 19994153
cloud_controller_tkemenade 13080294597 22120 3983

1722678327.4008944 19994153
cloud0_tkemenade 29459327532 18433 2922

1722678328.4033272 19994202
cloud_controller_tkemenade 13080294597 22155 3992

1722678328.403753 19994202
cloud0_tkemenade 29459327532 18451 2925

1722678329.4061987 19994273
cloud_controller_tkemenade 13080294597 22184 4000

1722678329.4067237 19994273
cloud0_tkemenade 29459327532 18486 2931

1722678330.409107 19994368
cloud_controller_tkemenade 13080294597 22236 4009

1722678330.4095016 19994368
cloud0_tkemenade 29459327532 18529 2933

1722678331.4120033 19994480
cloud_controller_tkemenade 13080294597 22327 4015

1722678331.4124959 19994480
cloud0_tkemenade 29459327532 18548 2939

1722678332.4149234 19994547
cloud_controller_tkemenade 13080294597 22364 4025

1722678332.4153378 19994547
cloud0_tkemenade 29459327532 18583 2943

1722678333.4178143 19994574
cloud_controller_tkemenade 13080294597 22386 4031

1722678333.4182174 19994574
cloud0_tkemenade 29459327532 18596 2945

1722678334.4206998 19994609
cloud_controller_tkemenade 13080294597 22408 4039

1722678334.4211037 19994609
cloud0_tkemenade 29459327532 18613 2948

1722678334.5215745 19994618
cloud_controller_tkemenade 13081403111 22412 4041

1722678334.5220652 19994618
cloud0_tkemenade 29459993277 18614 2948

1722678335.5244973 19994654
cloud_controller_tkemenade 13081403111 22434 4049

1722678335.5249133 19994654
cloud0_tkemenade 29459993277 18634 2954

1722678336.5273733 19994712
cloud_controller_tkemenade 13081403111 22462 4055

1722678336.5277753 19994712
cloud0_tkemenade 29459993277 18665 2957

1722678337.5303695 19994761
cloud_controller_tkemenade 13081403111 22489 4062

1722678337.5307863 19994761
cloud0_tkemenade 29459993277 18689 2961

1722678338.5333128 19994801
cloud_controller_tkemenade 13081403111 22510 4070

1722678338.5338833 19994802
cloud0_tkemenade 29459993277 18711 2963

1722678339.536425 19994872
cloud_controller_tkemenade 13081403111 22541 4081

1722678339.5369596 19994872
cloud0_tkemenade 29459993277 18745 2965

1722678340.5394182 19994922
cloud_controller_tkemenade 13081403111 22579 4088

1722678340.5398438 19994922
cloud0_tkemenade 29459993277 18764 2967

1722678341.542248 19994970
cloud_controller_tkemenade 13081403111 22608 4100

1722678341.5426738 19994970
cloud0_tkemenade 29459993277 18786 2971

1722678341.7433598 19994996
cloud_controller_tkemenade 13082192795 22620 4102

1722678341.743827 19994996
cloud0_tkemenade 29460598205 18797 2971

1722678342.7462661 19995069
cloud_controller_tkemenade 13082192795 22642 4110

1722678342.7466636 19995069
cloud0_tkemenade 29460598205 18855 2976

1722678343.7491255 19995146
cloud_controller_tkemenade 13082192795 22660 4117

1722678343.749534 19995146
cloud0_tkemenade 29460598205 18916 2979

1722678344.752018 19995198
cloud_controller_tkemenade 13082192795 22686 4123

1722678344.7524185 19995198
cloud0_tkemenade 29460598205 18945 2983

1722678345.7549126 19995263
cloud_controller_tkemenade 13082192795 22711 4129

1722678345.7553153 19995263
cloud0_tkemenade 29460598205 18989 2987

1722678346.7577608 19995318
cloud_controller_tkemenade 13082192795 22741 4136

1722678346.7581775 19995318
cloud0_tkemenade 29460598205 19021 2991

1722678347.760624 19995355
cloud_controller_tkemenade 13082192795 22768 4142

1722678347.7610192 19995355
cloud0_tkemenade 29460598205 19037 2994

1722678348.7632554 19995417
cloud_controller_tkemenade 13082192795 22804 4148

1722678348.7637317 19995417
cloud0_tkemenade 29460598205 19066 2999

1722678348.9644027 19995426
cloud_controller_tkemenade 13082903678 22809 4149

1722678348.9646933 19995426
cloud0_tkemenade 29461496475 19069 3001

1722678349.9671106 19995515
cloud_controller_tkemenade 13082903678 22849 4160

1722678349.9676914 19995515
cloud0_tkemenade 29461496475 19116 3007

1722678350.9701917 19995576
cloud_controller_tkemenade 13082903678 22876 4166

1722678350.970715 19995576
cloud0_tkemenade 29461496475 19152 3011

1722678351.9731863 19995639
cloud_controller_tkemenade 13082903678 22915 4175

1722678351.9735827 19995639
cloud0_tkemenade 29461496475 19182 3015

1722678352.9760916 19995673
cloud_controller_tkemenade 13082903678 22939 4185

1722678352.9764977 19995673
cloud0_tkemenade 29461496475 19197 3017

1722678353.978969 19995704
cloud_controller_tkemenade 13082903678 22961 4192

1722678353.9793735 19995704
cloud0_tkemenade 29461496475 19213 3020

1722678354.9818456 19995741
cloud_controller_tkemenade 13082903678 22988 4201

1722678354.9822607 19995741
cloud0_tkemenade 29461496475 19229 3022

1722678355.984731 19995810
cloud_controller_tkemenade 13082903678 23020 4208

1722678355.985145 19995810
cloud0_tkemenade 29461496475 19268 3028

1722678356.2862217 19995825
cloud_controller_tkemenade 13083722332 23028 4210

1722678356.2866652 19995825
cloud0_tkemenade 29462174788 19274 3028

1722678357.2891226 19995928
cloud_controller_tkemenade 13083722332 23067 4216

1722678357.2895205 19995928
cloud0_tkemenade 29462174788 19339 3033

1722678358.2920048 19995972
cloud_controller_tkemenade 13083722332 23092 4222

1722678358.2924252 19995972
cloud0_tkemenade 29462174788 19360 3040

1722678359.2949202 19996034
cloud_controller_tkemenade 13083722332 23119 4227

1722678359.2953253 19996034
cloud0_tkemenade 29462174788 19394 3043

1722678360.2978737 19996130
cloud_controller_tkemenade 13083722332 23170 4237

1722678360.2984512 19996130
cloud0_tkemenade 29462174788 19426 3049

1722678361.3006997 19996183
cloud_controller_tkemenade 13083722332 23196 4244

1722678361.3011825 19996183
cloud0_tkemenade 29462174788 19447 3052

1722678362.303443 19996249
cloud_controller_tkemenade 13083722332 23231 4249

1722678362.303845 19996249
cloud0_tkemenade 29462174788 19480 3055

1722678363.306102 19996291
cloud_controller_tkemenade 13084538646 23251 4255

1722678363.3065856 19996291
cloud0_tkemenade 29462945919 19499 3056

1722678364.309106 19996414
cloud_controller_tkemenade 13084538646 23282 4260

1722678364.3095267 19996414
cloud0_tkemenade 29462945919 19595 3060

1722678365.3117115 19996448
cloud_controller_tkemenade 13084538646 23305 4269

1722678365.3121188 19996448
cloud0_tkemenade 29462945919 19610 3063

1722678366.3144872 19996568
cloud_controller_tkemenade 13084538646 23392 4273

1722678366.3149412 19996568
cloud0_tkemenade 29462945919 19645 3067

1722678367.3174012 19996617
cloud_controller_tkemenade 13084538646 23425 4280

1722678367.3178222 19996618
cloud0_tkemenade 29462945919 19667 3071

1722678368.3201993 19996658
cloud_controller_tkemenade 13084538646 23447 4285

1722678368.3206217 19996658
cloud0_tkemenade 29462945919 19690 3074

1722678369.3231163 19996716
cloud_controller_tkemenade 13084538646 23478 4291

1722678369.3235142 19996716
cloud0_tkemenade 29462945919 19719 3078

1722678370.3259528 19996772
cloud_controller_tkemenade 13084538646 23506 4299

1722678370.3265283 19996772
cloud0_tkemenade 29462945919 19737 3082

1722678370.5272274 19996795
cloud_controller_tkemenade 13085475697 23518 4302

1722678370.5277224 19996795
cloud0_tkemenade 29463742710 19742 3083

1722678371.53008 19996839
cloud_controller_tkemenade 13085475697 23539 4310

1722678371.5305068 19996839
cloud0_tkemenade 29463742710 19770 3087

1722678372.532904 19996893
cloud_controller_tkemenade 13085475697 23573 4319

1722678372.5333009 19996893
cloud0_tkemenade 29463742710 19791 3091

1722678373.535704 19996924
cloud_controller_tkemenade 13085475697 23594 4325

1722678373.5361073 19996924
cloud0_tkemenade 29463742710 19802 3095

1722678374.538514 19996982
cloud_controller_tkemenade 13085475697 23619 4332

1722678374.5389104 19996982
cloud0_tkemenade 29463742710 19838 3098

1722678375.541364 19997030
cloud_controller_tkemenade 13085475697 23642 4343

1722678375.5417624 19997030
cloud0_tkemenade 29463742710 19867 3106

1722678376.5441196 19997075
cloud_controller_tkemenade 13085475697 23664 4348

1722678376.544517 19997075
cloud0_tkemenade 29463742710 19896 3108

1722678377.5468223 19997132
cloud_controller_tkemenade 13085475697 23694 4356

1722678377.5472581 19997132
cloud0_tkemenade 29463742710 19928 3111

1722678377.8481808 19997150
cloud_controller_tkemenade 13086156314 23700 4358

1722678377.8486574 19997150
cloud0_tkemenade 29464388572 19935 3113

1722678378.851086 19997215
cloud_controller_tkemenade 13086156314 23737 4366

1722678378.851551 19997215
cloud0_tkemenade 29464388572 19963 3116

1722678379.8539598 19997271
cloud_controller_tkemenade 13086156314 23770 4374

1722678379.8543644 19997271
cloud0_tkemenade 29464388572 19992 3124

1722678380.8568118 19997339
cloud_controller_tkemenade 13086156314 23796 4379

1722678380.8573818 19997339
cloud0_tkemenade 29464388572 20022 3127

1722678381.8598511 19997399
cloud_controller_tkemenade 13086156314 23832 4386

1722678381.8602643 19997399
cloud0_tkemenade 29464388572 20054 3130

1722678382.8626804 19997437
cloud_controller_tkemenade 13086156314 23858 4393

1722678382.86308 19997437
cloud0_tkemenade 29464388572 20069 3132

1722678383.8655376 19997482
cloud_controller_tkemenade 13086156314 23886 4404

1722678383.8659663 19997483
cloud0_tkemenade 29464388572 20090 3137

1722678384.868395 19997516
cloud_controller_tkemenade 13086156314 23909 4410

1722678384.8687994 19997516
cloud0_tkemenade 29464388572 20102 3141

1722678385.0694833 19997528
cloud_controller_tkemenade 13086961334 23919 4412

1722678385.0699832 19997528
cloud0_tkemenade 29464980498 20104 3142

1722678386.07241 19997610
cloud_controller_tkemenade 13086961334 23957 4419

1722678386.0728207 19997610
cloud0_tkemenade 29464980498 20147 3146

1722678387.075131 19997710
cloud_controller_tkemenade 13086961334 23995 4426

1722678387.0755265 19997710
cloud0_tkemenade 29464980498 20212 3152

1722678388.0777836 19997762
cloud_controller_tkemenade 13086961334 24026 4431

1722678388.0783055 19997762
cloud0_tkemenade 29464980498 20239 3154

1722678389.080812 19997806
cloud_controller_tkemenade 13086961334 24053 4440

1722678389.0812767 19997806
cloud0_tkemenade 29464980498 20255 3158

1722678390.083593 19997890
cloud_controller_tkemenade 13086961334 24095 4451

1722678390.0841148 19997890
cloud0_tkemenade 29464980498 20298 3164

1722678391.0865579 19998026
cloud_controller_tkemenade 13086961334 24185 4455

1722678391.0871255 19998026
cloud0_tkemenade 29464980498 20331 3167

1722678392.0895913 19998085
cloud_controller_tkemenade 13086961334 24210 4461

1722678392.0900607 19998086
cloud0_tkemenade 29464980498 20367 3172

1722678392.290703 19998104
cloud_controller_tkemenade 13088015000 24221 4462

1722678392.291195 19998104
cloud0_tkemenade 29465864983 20370 3172

1722678393.2933362 19998138
cloud_controller_tkemenade 13088015000 24243 4471

1722678393.2935781 19998138
cloud0_tkemenade 29465864983 20383 3175

1722678394.2953935 19998179
cloud_controller_tkemenade 13088015000 24267 4477

1722678394.2957883 19998179
cloud0_tkemenade 29465864983 20398 3178

1722678395.2979956 19998215
cloud_controller_tkemenade 13088015000 24287 4486

1722678395.298405 19998215
cloud0_tkemenade 29465864983 20413 3182

1722678396.300431 19998271
cloud_controller_tkemenade 13088015000 24314 4492

1722678396.3008366 19998271
cloud0_tkemenade 29465864983 20445 3186

1722678397.3030837 19998316
cloud_controller_tkemenade 13088015000 24337 4500

1722678397.3034635 19998316
cloud0_tkemenade 29465864983 20467 3188

1722678398.3058593 19998354
cloud_controller_tkemenade 13088015000 24358 4511

1722678398.3062756 19998354
cloud0_tkemenade 29465864983 20488 3190

1722678399.3081717 19998402
cloud_controller_tkemenade 13088015000 24389 4517

1722678399.3086054 19998402
cloud0_tkemenade 29465864983 20508 3192

1722678399.4090655 19998412
cloud_controller_tkemenade 13088688039 24390 4518

1722678399.4095247 19998412
cloud0_tkemenade 29466342336 20511 3192

1722678400.4118443 19998464
cloud_controller_tkemenade 13088688039 24418 4527

1722678400.4122813 19998464
cloud0_tkemenade 29466342336 20538 3201

1722678401.414697 19998537
cloud_controller_tkemenade 13088688039 24451 4534

1722678401.4152646 19998537
cloud0_tkemenade 29466342336 20567 3205

1722678402.4177527 19998599
cloud_controller_tkemenade 13088688039 24481 4547

1722678402.4182136 19998599
cloud0_tkemenade 29466342336 20598 3209

1722678403.4205785 19998726
cloud_controller_tkemenade 13088688039 24504 4558

1722678403.4209895 19998726
cloud0_tkemenade 29466342336 20703 3211

1722678404.423475 19998785
cloud_controller_tkemenade 13088688039 24529 4562

1722678404.423884 19998785
cloud0_tkemenade 29466342336 20741 3218

1722678405.426255 19998841
cloud_controller_tkemenade 13088688039 24553 4567

1722678405.4266791 19998841
cloud0_tkemenade 29466342336 20780 3222

1722678406.429037 19998892
cloud_controller_tkemenade 13088688039 24578 4574

1722678406.4294417 19998892
cloud0_tkemenade 29466342336 20809 3227

1722678406.5299063 19998906
cloud_controller_tkemenade 13089432148 24579 4575

1722678406.530366 19998906
cloud0_tkemenade 29467368902 20818 3227

1722678407.5327518 19998967
cloud_controller_tkemenade 13089432148 24609 4583

1722678407.5332117 19998967
cloud0_tkemenade 29467368902 20854 3233

1722678408.5356543 19999025
cloud_controller_tkemenade 13089432148 24648 4591

1722678408.5360787 19999025
cloud0_tkemenade 29467368902 20875 3236

1722678409.5385365 19999095
cloud_controller_tkemenade 13089432148 24680 4602

1722678409.539058 19999095
cloud0_tkemenade 29467368902 20904 3243

1722678410.5415258 19999147
cloud_controller_tkemenade 13089432148 24699 4610

1722678410.5444438 19999148
cloud0_tkemenade 29467368902 20938 3245

1722678411.5471148 19999225
cloud_controller_tkemenade 13089432148 24731 4619

1722678411.547624 19999225
cloud0_tkemenade 29467368902 20971 3249

1722678412.5500903 19999287
cloud_controller_tkemenade 13089432148 24770 4623

1722678412.5505426 19999287
cloud0_tkemenade 29467368902 20995 3253

1722678413.5527363 19999320
cloud_controller_tkemenade 13089432148 24791 4632

1722678413.5531614 19999320
cloud0_tkemenade 29467368902 21006 3257

1722678413.7538517 19999332
cloud_controller_tkemenade 13090246566 24796 4633

1722678413.7543128 19999332
cloud0_tkemenade 29468029321 21009 3258

1722678414.7566712 19999382
cloud_controller_tkemenade 13090246566 24822 4639

1722678414.7570844 19999382
cloud0_tkemenade 29468029321 21036 3261

1722678415.7594903 19999452
cloud_controller_tkemenade 13090246566 24856 4649

1722678415.7598925 19999452
cloud0_tkemenade 29468029321 21069 3266

1722678416.7622876 19999555
cloud_controller_tkemenade 13090246566 24894 4657

1722678416.762722 19999555
cloud0_tkemenade 29468029321 21119 3270

1722678417.7649727 19999620
cloud_controller_tkemenade 13090246566 24919 4664

1722678417.7653663 19999620
cloud0_tkemenade 29468029321 21161 3275

1722678418.767679 19999659
cloud_controller_tkemenade 13090246566 24943 4672

1722678418.768123 19999659
cloud0_tkemenade 29468029321 21178 3277

1722678419.770397 19999716
cloud_controller_tkemenade 13090246566 24975 4680

1722678419.7707875 19999716
cloud0_tkemenade 29468029321 21202 3280

1722678420.7730694 19999803
cloud_controller_tkemenade 13090246566 25019 4689

1722678420.7735648 19999803
cloud0_tkemenade 29468029321 21239 3282

1722678420.8740458 19999814
cloud_controller_tkemenade 13091081260 25030 4691

1722678420.8744626 19999814
cloud0_tkemenade 29468800735 21239 3283

1722678421.876954 19999891
cloud_controller_tkemenade 13091081260 25047 4698

1722678421.8774586 19999891
cloud0_tkemenade 29468800735 21289 3286

1722678422.8798726 19999932
cloud_controller_tkemenade 13091081260 25080 4705

1722678422.88026 19999932
cloud0_tkemenade 29468800735 21303 3289

1722678423.8827047 20000004
cloud_controller_tkemenade 13091081260 25103 4711

1722678423.8831155 20000004
cloud0_tkemenade 29468800735 21358 3291

1722678424.8855402 20000084
cloud_controller_tkemenade 13091081260 25127 4719

1722678424.885962 20000085
cloud0_tkemenade 29468800735 21414 3295

1722678425.8884354 20000167
cloud_controller_tkemenade 13091081260 25192 4726

1722678425.8888967 20000167
cloud0_tkemenade 29468800735 21433 3298

1722678426.8913157 20000247
cloud_controller_tkemenade 13091081260 25237 4731

1722678426.8917696 20000247
cloud0_tkemenade 29468800735 21472 3303

1722678427.7939775 20000285
cloud_controller_tkemenade 13092000664 25261 4739

1722678427.7944543 20000285
cloud0_tkemenade 29469635704 21481 3306

1722678428.7968857 20000330
cloud_controller_tkemenade 13092000664 25284 4746

1722678428.7973359 20000330
cloud0_tkemenade 29469635704 21505 3309

1722678429.7997568 20000374
cloud_controller_tkemenade 13092000664 25313 4752

1722678429.8001492 20000374
cloud0_tkemenade 29469635704 21521 3310

1722678430.802596 20000426
cloud_controller_tkemenade 13092000664 25338 4758

1722678430.8030014 20000426
cloud0_tkemenade 29469635704 21553 3315

1722678431.805377 20000501
cloud_controller_tkemenade 13092000664 25373 4767

1722678431.8059433 20000501
cloud0_tkemenade 29469635704 21586 3319

1722678432.808306 20000541
cloud_controller_tkemenade 13092000664 25399 4776

1722678432.8087282 20000541
cloud0_tkemenade 29469635704 21602 3322

1722678433.8109448 20000595
cloud_controller_tkemenade 13092000664 25422 4784

1722678433.8113327 20000595
cloud0_tkemenade 29469635704 21635 3326

1722678434.813517 20000630
cloud_controller_tkemenade 13092000664 25441 4792

1722678434.8139253 20000630
cloud0_tkemenade 29469635704 21654 3331

1722678435.014503 20000656
cloud_controller_tkemenade 13092779945 25446 4796

1722678435.014946 20000656
cloud0_tkemenade 29470346513 21673 3332

1722678436.0173724 20000698
cloud_controller_tkemenade 13092779945 25474 4803

1722678436.0178018 20000699
cloud0_tkemenade 29470346513 21689 3336

1722678437.0201197 20000772
cloud_controller_tkemenade 13092779945 25498 4808

1722678437.0205169 20000772
cloud0_tkemenade 29470346513 21739 3344

1722678438.0229566 20000821
cloud_controller_tkemenade 13092779945 25543 4814

1722678438.023382 20000821
cloud0_tkemenade 29470346513 21753 3346

1722678439.0260162 20000867
cloud_controller_tkemenade 13092779945 25569 4823

1722678439.0264885 20000867
cloud0_tkemenade 29470346513 21775 3352

1722678440.0289953 20000919
cloud_controller_tkemenade 13092779945 25600 4832

1722678440.029498 20000919
cloud0_tkemenade 29470346513 21794 3357

1722678441.0318189 20000991
cloud_controller_tkemenade 13092779945 25630 4840

1722678441.0322783 20000991
cloud0_tkemenade 29470346513 21841 3362

1722678442.0347009 20001059
cloud_controller_tkemenade 13092779945 25656 4850

1722678442.0352094 20001059
cloud0_tkemenade 29470346513 21875 3365

1722678442.1356814 20001068
cloud_controller_tkemenade 13093589501 25657 4851

1722678442.1361537 20001068
cloud0_tkemenade 29471056755 21878 3366

1722678443.1385098 20001111
cloud_controller_tkemenade 13093589501 25683 4859

1722678443.13893 20001111
cloud0_tkemenade 29471056755 21895 3369

1722678444.1413527 20001184
cloud_controller_tkemenade 13093589501 25739 4867

1722678444.1417522 20001184
cloud0_tkemenade 29471056755 21915 3373

1722678445.1441941 20001222
cloud_controller_tkemenade 13093589501 25762 4877

1722678445.144577 20001222
cloud0_tkemenade 29471056755 21929 3375

1722678446.146993 20001296
cloud_controller_tkemenade 13093589501 25797 4888

1722678446.147461 20001296
cloud0_tkemenade 29471056755 21969 3379

1722678447.1497967 20001408
cloud_controller_tkemenade 13093589501 25834 4893

1722678447.1502695 20001408
cloud0_tkemenade 29471056755 22047 3385

1722678448.1526623 20001451
cloud_controller_tkemenade 13093589501 25858 4905

1722678448.153171 20001451
cloud0_tkemenade 29471056755 22070 3389

1722678449.1553297 20001504
cloud_controller_tkemenade 13093589501 25893 4913

1722678449.1557832 20001504
cloud0_tkemenade 29471056755 22081 3397

1722678449.2561548 20001510
cloud_controller_tkemenade 13094653045 25895 4914

1722678449.256568 20001510
cloud0_tkemenade 29471899765 22082 3397

1722678450.2588875 20001607
cloud_controller_tkemenade 13094653045 25943 4927

1722678450.259314 20001607
cloud0_tkemenade 29471899765 22123 3402

1722678451.261791 20001737
cloud_controller_tkemenade 13094653045 26046 4933

1722678451.2622356 20001737
cloud0_tkemenade 29471899765 22146 3403

1722678452.264703 20001834
cloud_controller_tkemenade 13094653045 26078 4939

1722678452.2650824 20001834
cloud0_tkemenade 29471899765 22188 3410

1722678453.2674754 20001871
cloud_controller_tkemenade 13094653045 26101 4946

1722678453.267907 20001871
cloud0_tkemenade 29471899765 22198 3415

1722678454.2702415 20001918
cloud_controller_tkemenade 13094653045 26130 4952

1722678454.2706509 20001918
cloud0_tkemenade 29471899765 22198 3435

1722678455.2731066 20001959
cloud_controller_tkemenade 13094653045 26151 4959

1722678455.2736073 20001959
cloud0_tkemenade 29471899765 22198 3451

1722678456.27564 20002042
cloud_controller_tkemenade 13094653045 26175 4969

1722678456.276101 20002042
cloud0_tkemenade 29471899765 22203 3476

1722678456.3765533 20002053
cloud_controller_tkemenade 13095680589 26176 4970

1722678456.376957 20002053
cloud0_tkemenade 29472510819 22207 3476

1722678457.379219 20002121
cloud_controller_tkemenade 13095680589 26193 4976

1722678457.3796186 20002121
cloud0_tkemenade 29472510819 22232 3482

1722678458.3819928 20002191
cloud_controller_tkemenade 13095680589 26220 4984

1722678458.3824117 20002191
cloud0_tkemenade 29472510819 22251 3490

1722678459.3848646 20002274
cloud_controller_tkemenade 13095680589 26251 4988

1722678459.3852603 20002274
cloud0_tkemenade 29472510819 22275 3493

1722678460.3875825 20002369
cloud_controller_tkemenade 13095680589 26280 4994

1722678460.387996 20002369
cloud0_tkemenade 29472510819 22307 3494

1722678461.3903086 20002440
cloud_controller_tkemenade 13095680589 26315 5004

1722678461.3907242 20002440
cloud0_tkemenade 29472510819 22329 3497

1722678462.3930264 20002535
cloud_controller_tkemenade 13095680589 26345 5013

1722678462.3934608 20002535
cloud0_tkemenade 29472510819 22366 3500

1722678463.3954217 20002665
cloud_controller_tkemenade 13095680589 26372 5019

1722678463.3959057 20002665
cloud0_tkemenade 29472510819 22453 3501

1722678463.4963686 20002670
cloud_controller_tkemenade 13096425120 26374 5019

1722678463.496802 20002670
cloud0_tkemenade 29473339410 22454 3501

1722678464.4991372 20002737
cloud_controller_tkemenade 13096425120 26397 5027

1722678464.4995267 20002737
cloud0_tkemenade 29473339410 22491 3508

1722678465.5018685 20002804
cloud_controller_tkemenade 13096425120 26419 5034

1722678465.502253 20002804
cloud0_tkemenade 29473339410 22527 3513

1722678466.504448 20002874
cloud_controller_tkemenade 13096425120 26444 5038

1722678466.5048225 20002874
cloud0_tkemenade 29473339410 22553 3516

1722678467.5070758 20002952
cloud_controller_tkemenade 13096425120 26459 5054

1722678467.507491 20002952
cloud0_tkemenade 29473339410 22590 3519

1722678468.5098653 20003039
cloud_controller_tkemenade 13096425120 26494 5073

1722678468.5102432 20003039
cloud0_tkemenade 29473339410 22610 3522

1722678469.5126565 20003132
cloud_controller_tkemenade 13096425120 26524 5084

1722678469.5130827 20003132
cloud0_tkemenade 29473339410 22641 3529

1722678470.5151317 20003225
cloud_controller_tkemenade 13096425120 26556 5086

1722678470.5155363 20003225
cloud0_tkemenade 29473339410 22677 3533

1722678470.6159997 20003242
cloud_controller_tkemenade 13097335801 26558 5086

1722678470.6164603 20003242
cloud0_tkemenade 29474290001 22686 3535

1722678471.6187558 20003328
cloud_controller_tkemenade 13097335801 26599 5097

1722678471.6191611 20003328
cloud0_tkemenade 29474290001 22720 3539

1722678472.6216228 20003385
cloud_controller_tkemenade 13097335801 26620 5108

1722678472.622182 20003385
cloud0_tkemenade 29474290001 22741 3543

1722678473.6246688 20003431
cloud_controller_tkemenade 13097335801 26645 5116

1722678473.6251605 20003431
cloud0_tkemenade 29474290001 22755 3546

1722678474.6275818 20003471
cloud_controller_tkemenade 13097335801 26670 5126

1722678474.6279905 20003471
cloud0_tkemenade 29474290001 22771 3551

1722678475.6303635 20003517
cloud_controller_tkemenade 13097335801 26696 5131

1722678475.6307645 20003517
cloud0_tkemenade 29474290001 22791 3556

1722678476.6332052 20003630
cloud_controller_tkemenade 13097335801 26748 5139

1722678476.6336076 20003630
cloud0_tkemenade 29474290001 22849 3560

1722678477.636064 20003702
cloud_controller_tkemenade 13097335801 26768 5147

1722678477.6364996 20003702
cloud0_tkemenade 29474290001 22896 3567

1722678477.7368665 20003714
cloud_controller_tkemenade 13098183270 26771 5148

1722678477.7372682 20003714
cloud0_tkemenade 29475057053 22900 3567

1722678478.739232 20003757
cloud_controller_tkemenade 13098183270 26797 5160

1722678478.7396622 20003757
cloud0_tkemenade 29475057053 22915 3569

1722678479.7420528 20003804
cloud_controller_tkemenade 13098183270 26825 5168

1722678479.7424521 20003804
cloud0_tkemenade 29475057053 22935 3574

1722678480.7448783 20003893
cloud_controller_tkemenade 13098183270 26870 5176

1722678480.7452781 20003893
cloud0_tkemenade 29475057053 22977 3578

1722678481.7475078 20003984
cloud_controller_tkemenade 13098183270 26906 5184

1722678481.7479086 20003984
cloud0_tkemenade 29475057053 23030 3586

1722678482.7502012 20004030
cloud_controller_tkemenade 13098183270 26931 5189

1722678482.7505982 20004030
cloud0_tkemenade 29475057053 23055 3590

1722678483.752888 20004096
cloud_controller_tkemenade 13098183270 26952 5200

1722678483.7534192 20004096
cloud0_tkemenade 29475057053 23083 3595

1722678484.7558212 20004207
cloud_controller_tkemenade 13099036177 26977 5206

1722678484.7563374 20004207
cloud0_tkemenade 29476009734 23166 3597

1722678485.7587495 20004267
cloud_controller_tkemenade 13099036177 27017 5215

1722678485.7592635 20004267
cloud0_tkemenade 29476009734 23187 3603

1722678486.7617915 20004376
cloud_controller_tkemenade 13099036177 27089 5220

1722678486.7623506 20004376
cloud0_tkemenade 29476009734 23219 3609

1722678487.7648773 20004426
cloud_controller_tkemenade 13099036177 27111 5229

1722678487.7653832 20004426
cloud0_tkemenade 29476009734 23244 3614

1722678488.7678971 20004490
cloud_controller_tkemenade 13099036177 27142 5238

1722678488.7685583 20004490
cloud0_tkemenade 29476009734 23275 3615

1722678489.7710881 20004533
cloud_controller_tkemenade 13099036177 27170 5243

1722678489.7715943 20004533
cloud0_tkemenade 29476009734 23292 3621

1722678490.774154 20004590
cloud_controller_tkemenade 13099036177 27190 5250

1722678490.774716 20004590
cloud0_tkemenade 29476009734 23322 3627

1722678491.7772918 20004674
cloud_controller_tkemenade 13099036177 27226 5260

1722678491.7778485 20004675
cloud0_tkemenade 29476009734 23364 3630

1722678491.9785254 20004698
cloud_controller_tkemenade 13099941219 27233 5260

1722678491.979038 20004698
cloud0_tkemenade 29476710028 23373 3631

1722678492.9815462 20004768
cloud_controller_tkemenade 13099941219 27260 5263

1722678492.9821382 20004769
cloud0_tkemenade 29476710028 23392 3636

1722678493.984599 20004858
cloud_controller_tkemenade 13099941219 27279 5279

1722678493.985103 20004858
cloud0_tkemenade 29476710028 23420 3641

1722678494.9876103 20004930
cloud_controller_tkemenade 13099941219 27301 5287

1722678494.987993 20004930
cloud0_tkemenade 29476710028 23460 3646

1722678495.9903662 20004971
cloud_controller_tkemenade 13099941219 27325 5297

1722678495.990762 20004971
cloud0_tkemenade 29476710028 23477 3649

1722678496.9931436 20005038
cloud_controller_tkemenade 13099941219 27346 5304

1722678496.9935176 20005038
cloud0_tkemenade 29476710028 23521 3655

1722678497.9959106 20005080
cloud_controller_tkemenade 13099941219 27379 5311

1722678497.996309 20005080
cloud0_tkemenade 29476710028 23532 3658

1722678498.898499 20005134
cloud_controller_tkemenade 13100732416 27402 5315

1722678498.8990197 20005134
cloud0_tkemenade 29477463220 23556 3661

1722678499.9014003 20005184
cloud_controller_tkemenade 13100732416 27434 5325

1722678499.9018521 20005185
cloud0_tkemenade 29477463220 23577 3663

1722678500.9043117 20005256
cloud_controller_tkemenade 13100732416 27457 5332

1722678500.9048278 20005256
cloud0_tkemenade 29477463220 23616 3670

1722678501.9072456 20005323
cloud_controller_tkemenade 13100732416 27495 5339

1722678501.907674 20005323
cloud0_tkemenade 29477463220 23645 3675

1722678502.9101388 20005365
cloud_controller_tkemenade 13100732416 27515 5346

1722678502.9105947 20005365
cloud0_tkemenade 29477463220 23665 3678

1722678503.913114 20005416
cloud_controller_tkemenade 13100732416 27544 5353

1722678503.9136217 20005416
cloud0_tkemenade 29477463220 23680 3682

1722678504.9160788 20005454
cloud_controller_tkemenade 13100732416 27563 5362

1722678504.9165065 20005454
cloud0_tkemenade 29477463220 23701 3686

1722678505.9188037 20005535
cloud_controller_tkemenade 13100732416 27606 5372

1722678505.9192932 20005535
cloud0_tkemenade 29477463220 23738 3692

1722678506.119982 20005546
cloud_controller_tkemenade 13101545541 27612 5373

1722678506.1204367 20005546
cloud0_tkemenade 29478121608 23739 3693

1722678507.1227226 20005666
cloud_controller_tkemenade 13101545541 27652 5382

1722678507.1231387 20005666
cloud0_tkemenade 29478121608 23815 3700

1722678508.125523 20005716
cloud_controller_tkemenade 13101545541 27673 5389

1722678508.1257436 20005716
cloud0_tkemenade 29478121608 23841 3703

1722678509.1280565 20005777
cloud_controller_tkemenade 13101545541 27710 5395

1722678509.1284883 20005777
cloud0_tkemenade 29478121608 23862 3706

1722678510.130927 20005846
cloud_controller_tkemenade 13101545541 27750 5401

1722678510.1313236 20005846
cloud0_tkemenade 29478121608 23893 3712

1722678511.133783 20005967
cloud_controller_tkemenade 13101545541 27843 5411

1722678511.134187 20005967
cloud0_tkemenade 29478121608 23918 3719

1722678512.136644 20006047
cloud_controller_tkemenade 13101545541 27884 5418

1722678512.137035 20006047
cloud0_tkemenade 29478121608 23958 3725

1722678513.139438 20006084
cloud_controller_tkemenade 13101545541 27904 5427

1722678513.1398458 20006084
cloud0_tkemenade 29478121608 23970 3727

1722678513.3405225 20006090
cloud_controller_tkemenade 13102584830 27906 5428

1722678513.3409715 20006090
cloud0_tkemenade 29478910753 23971 3728

1722678514.3426223 20006153
cloud_controller_tkemenade 13102584830 27938 5436

1722678514.3431587 20006153
cloud0_tkemenade 29478910753 23983 3732

1722678515.3456275 20006192
cloud_controller_tkemenade 13102584830 27960 5446

1722678515.3460667 20006192
cloud0_tkemenade 29478910753 23997 3735

1722678516.3485174 20006250
cloud_controller_tkemenade 13102584830 27986 5451

1722678516.3489175 20006250
cloud0_tkemenade 29478910753 24025 3738

1722678517.3513253 20006305
cloud_controller_tkemenade 13102584830 28005 5457

1722678517.3517194 20006305
cloud0_tkemenade 29478910753 24055 3742

1722678518.3541484 20006362
cloud_controller_tkemenade 13102584830 28030 5462

1722678518.3545892 20006362
cloud0_tkemenade 29478910753 24077 3743

1722678519.3570256 20006431
cloud_controller_tkemenade 13102584830 28064 5472

1722678519.357462 20006431
cloud0_tkemenade 29478910753 24097 3746

1722678520.3594427 20006477
cloud_controller_tkemenade 13102584830 28084 5480

1722678520.3598762 20006477
cloud0_tkemenade 29478910753 24110 3751

1722678520.4603283 20006490
cloud_controller_tkemenade 13103269677 28087 5481

1722678520.4607813 20006490
cloud0_tkemenade 29479396965 24111 3752

1722678521.463102 20006565
cloud_controller_tkemenade 13103269677 28108 5488

1722678521.4635186 20006565
cloud0_tkemenade 29479396965 24151 3759

1722678522.4658933 20006654
cloud_controller_tkemenade 13103269677 28148 5497

1722678522.4662974 20006654
cloud0_tkemenade 29479396965 24176 3765

1722678523.4687629 20006767
cloud_controller_tkemenade 13103269677 28169 5502

1722678523.4691646 20006767
cloud0_tkemenade 29479396965 24259 3768

1722678524.471473 20006860
cloud_controller_tkemenade 13103269677 28194 5509

1722678524.471994 20006860
cloud0_tkemenade 29479396965 24299 3772

1722678525.474335 20006952
cloud_controller_tkemenade 13103269677 28219 5516

1722678525.4747531 20006952
cloud0_tkemenade 29479396965 24338 3779

1722678526.4772046 20007028
cloud_controller_tkemenade 13103269677 28247 5523

1722678526.4776232 20007028
cloud0_tkemenade 29479396965 24367 3780

1722678527.4799933 20007140
cloud_controller_tkemenade 13103269677 28275 5529

1722678527.4804363 20007140
cloud0_tkemenade 29479396965 24415 3780

1722678527.6811116 20007159
cloud_controller_tkemenade 13103987367 28281 5530

1722678527.6815655 20007159
cloud0_tkemenade 29480385260 24417 3781

1722678528.68403 20007244
cloud_controller_tkemenade 13103987367 28320 5539

1722678528.6844676 20007244
cloud0_tkemenade 29480385260 24441 3783

1722678529.6867838 20007336
cloud_controller_tkemenade 13103987367 28359 5547

1722678529.687177 20007336
cloud0_tkemenade 29480385260 24468 3787

1722678530.6895866 20007407
cloud_controller_tkemenade 13103987367 28380 5556

1722678530.6900349 20007407
cloud0_tkemenade 29480385260 24499 3796

1722678531.692486 20007524
cloud_controller_tkemenade 13103987367 28418 5564

1722678531.6928782 20007524
cloud0_tkemenade 29480385260 24546 3802

1722678532.6953146 20007592
cloud_controller_tkemenade 13103987367 28442 5570

1722678532.6957085 20007592
cloud0_tkemenade 29480385260 24567 3809

1722678533.6981473 20007661
cloud_controller_tkemenade 13103987367 28468 5579

1722678533.6985326 20007661
cloud0_tkemenade 29480385260 24573 3819

1722678534.701043 20007743
cloud_controller_tkemenade 13104790102 28495 5586

1722678534.7015471 20007743
cloud0_tkemenade 29481028628 24586 3830

1722678535.7036374 20007827
cloud_controller_tkemenade 13104790102 28528 5595

1722678535.7040539 20007827
cloud0_tkemenade 29481028628 24612 3840

1722678536.7064254 20007961
cloud_controller_tkemenade 13104790102 28574 5603

1722678536.7068608 20007961
cloud0_tkemenade 29481028628 24659 3848

1722678537.709313 20008078
cloud_controller_tkemenade 13104790102 28596 5611

1722678537.709705 20008078
cloud0_tkemenade 29481028628 24721 3852

1722678538.7121408 20008144
cloud_controller_tkemenade 13104790102 28622 5618

1722678538.7125819 20008144
cloud0_tkemenade 29481028628 24735 3853

1722678539.715042 20008235
cloud_controller_tkemenade 13104790102 28663 5626

1722678539.7154477 20008235
cloud0_tkemenade 29481028628 24752 3855

1722678540.7179728 20008329
cloud_controller_tkemenade 13104790102 28710 5634

1722678540.718382 20008329
cloud0_tkemenade 29481028628 24781 3859

1722678541.7208436 20008435
cloud_controller_tkemenade 13104790102 28744 5641

1722678541.721328 20008435
cloud0_tkemenade 29481028628 24821 3867

1722678541.821823 20008447
cloud_controller_tkemenade 13105695570 28745 5641

1722678541.8223047 20008447
cloud0_tkemenade 29481842065 24824 3867

1722678542.8247843 20008522
cloud_controller_tkemenade 13105695570 28774 5647

1722678542.8253112 20008522
cloud0_tkemenade 29481842065 24840 3879

1722678543.827799 20008605
cloud_controller_tkemenade 13105695570 28798 5652

1722678543.8282971 20008605
cloud0_tkemenade 29481842065 24869 3896

1722678544.8305588 20008714
cloud_controller_tkemenade 13105695570 28826 5660

1722678544.8310943 20008714
cloud0_tkemenade 29481842065 24916 3917

1722678545.8334606 20008792
cloud_controller_tkemenade 13105695570 28883 5667

1722678545.834014 20008793
cloud0_tkemenade 29481842065 24916 3941

1722678546.8363147 20008882
cloud_controller_tkemenade 13105695570 28939 5670

1722678546.8368428 20008882
cloud0_tkemenade 29481842065 24916 3979

1722678547.8393052 20008922
cloud_controller_tkemenade 13105695570 28958 5677

1722678547.839789 20008922
cloud0_tkemenade 29481842065 24916 3996

1722678548.8417492 20008983
cloud_controller_tkemenade 13105695570 28980 5686

1722678548.8422832 20008983
cloud0_tkemenade 29481842065 24924 4021

1722678549.1431825 20009010
cloud_controller_tkemenade 13106583945 29001 5688

1722678549.1436408 20009010
cloud0_tkemenade 29482601435 24924 4025

1722678550.1458778 20009054
cloud_controller_tkemenade 13106583945 29028 5694

1722678550.146267 20009054
cloud0_tkemenade 29482601435 24924 4043

1722678551.148409 20009095
cloud_controller_tkemenade 13106583945 29050 5699

1722678551.148802 20009095
cloud0_tkemenade 29482601435 24924 4065

1722678552.1512306 20009174
cloud_controller_tkemenade 13106583945 29088 5705

1722678552.1516554 20009174
cloud0_tkemenade 29482601435 24954 4085

1722678553.1540856 20009230
cloud_controller_tkemenade 13106583945 29111 5713

1722678553.1544635 20009230
cloud0_tkemenade 29482601435 24974 4092

1722678554.156822 20009292
cloud_controller_tkemenade 13106583945 29139 5719

1722678554.1572106 20009292
cloud0_tkemenade 29482601435 24995 4107

1722678555.1596396 20009365
cloud_controller_tkemenade 13106583945 29163 5725

1722678555.1601622 20009365
cloud0_tkemenade 29482601435 25030 4116

1722678556.1626365 20009409
cloud_controller_tkemenade 13106583945 29195 5733

1722678556.1630516 20009409
cloud0_tkemenade 29482601435 25042 4120

1722678556.3637028 20009424
cloud_controller_tkemenade 13107405430 29198 5735

1722678556.3641608 20009424
cloud0_tkemenade 29483341450 25051 4121

1722678557.3666337 20009497
cloud_controller_tkemenade 13107405430 29224 5740

1722678557.3670316 20009497
cloud0_tkemenade 29483341450 25094 4124

1722678558.3694904 20009560
cloud_controller_tkemenade 13107405430 29261 5746

1722678558.3699303 20009561
cloud0_tkemenade 29483341450 25116 4126

1722678559.37237 20009623
cloud_controller_tkemenade 13107405430 29298 5755

1722678559.372785 20009623
cloud0_tkemenade 29483341450 25142 4133

1722678560.3752806 20009666
cloud_controller_tkemenade 13107405430 29320 5763

1722678560.3756933 20009666
cloud0_tkemenade 29483341450 25160 4137

1722678561.3781931 20009724
cloud_controller_tkemenade 13107405430 29349 5769

1722678561.3786705 20009724
cloud0_tkemenade 29483341450 25184 4142

1722678562.3811214 20009801
cloud_controller_tkemenade 13107405430 29383 5776

1722678562.3815017 20009801
cloud0_tkemenade 29483341450 25225 4146

1722678563.3839633 20009852
cloud_controller_tkemenade 13107405430 29405 5784

1722678563.384409 20009852
cloud0_tkemenade 29483341450 25245 4149

1722678563.5850902 20009870
cloud_controller_tkemenade 13108176729 29418 5787

1722678563.5856318 20009870
cloud0_tkemenade 29484015970 25249 4149

1722678564.5879834 20009950
cloud_controller_tkemenade 13108176729 29473 5794

1722678564.5885322 20009950
cloud0_tkemenade 29484015970 25269 4151

1722678565.5911465 20009998
cloud_controller_tkemenade 13108176729 29497 5802

1722678565.5916955 20009998
cloud0_tkemenade 29484015970 25283 4153

1722678566.594299 20010108
cloud_controller_tkemenade 13108176729 29546 5808

1722678566.5948634 20010108
cloud0_tkemenade 29484015970 25339 4158

1722678567.5973887 20010187
cloud_controller_tkemenade 13108176729 29571 5814

1722678567.5979621 20010188
cloud0_tkemenade 29484015970 25394 4160

1722678568.60048 20010258
cloud_controller_tkemenade 13108176729 29603 5821

1722678568.6010144 20010258
cloud0_tkemenade 29484015970 25421 4160

1722678569.603408 20010311
cloud_controller_tkemenade 13108176729 29637 5827

1722678569.6038864 20010311
cloud0_tkemenade 29484015970 25439 4162

1722678570.6063058 20010421
cloud_controller_tkemenade 13109228203 29710 5835

1722678570.606747 20010421
cloud0_tkemenade 29484753846 25467 4169

1722678571.6091542 20010517
cloud_controller_tkemenade 13109228203 29778 5839

1722678571.6095307 20010517
cloud0_tkemenade 29484753846 25496 4170

1722678572.6119292 20010602
cloud_controller_tkemenade 13109228203 29812 5843

1722678572.6123075 20010602
cloud0_tkemenade 29484753846 25544 4172

1722678573.6146853 20010644
cloud_controller_tkemenade 13109228203 29832 5846

1722678573.615058 20010644
cloud0_tkemenade 29484753846 25562 4175

1722678574.6174154 20010693
cloud_controller_tkemenade 13109228203 29863 5854

1722678574.6178243 20010694
cloud0_tkemenade 29484753846 25580 4175

1722678575.620201 20010750
cloud_controller_tkemenade 13109228203 29884 5862

1722678575.6207318 20010750
cloud0_tkemenade 29484753846 25598 4180

1722678576.623126 20010807
cloud_controller_tkemenade 13109228203 29908 5869

1722678576.6235523 20010807
cloud0_tkemenade 29484753846 25630 4183

1722678577.6259992 20010858
cloud_controller_tkemenade 13110197279 29929 5875

1722678577.6264737 20010858
cloud0_tkemenade 29485477037 25653 4185

1722678578.628924 20010920
cloud_controller_tkemenade 13110197279 29950 5884

1722678578.6293626 20010920
cloud0_tkemenade 29485477037 25685 4185

1722678579.6318197 20010993
cloud_controller_tkemenade 13110197279 29994 5895

1722678579.6322615 20010993
cloud0_tkemenade 29485477037 25708 4188

1722678580.634705 20011030
cloud_controller_tkemenade 13110197279 30015 5899

1722678580.6351135 20011030
cloud0_tkemenade 29485477037 25721 4188

1722678581.6374834 20011104
cloud_controller_tkemenade 13110197279 30044 5907

1722678581.63792 20011105
cloud0_tkemenade 29485477037 25769 4191

1722678582.640298 20011198
cloud_controller_tkemenade 13110197279 30073 5915

1722678582.6407006 20011198
cloud0_tkemenade 29485477037 25826 4197

1722678583.6431227 20011299
cloud_controller_tkemenade 13110197279 30097 5918

1722678583.643521 20011299
cloud0_tkemenade 29485477037 25904 4199

1722678584.6459472 20011380
cloud_controller_tkemenade 13110197279 30129 5927

1722678584.646352 20011380
cloud0_tkemenade 29485477037 25948 4200

1722678584.7468143 20011392
cloud_controller_tkemenade 13110957697 30131 5927

1722678584.747259 20011392
cloud0_tkemenade 29486414786 25951 4200

1722678585.7497566 20011479
cloud_controller_tkemenade 13110957697 30159 5932

1722678585.750271 20011479
cloud0_tkemenade 29486414786 25991 4202

1722678586.7527518 20011557
cloud_controller_tkemenade 13110957697 30184 5942

1722678586.7532053 20011557
cloud0_tkemenade 29486414786 26041 4205

1722678587.7556713 20011620
cloud_controller_tkemenade 13110957697 30212 5946

1722678587.7560704 20011620
cloud0_tkemenade 29486414786 26067 4209

1722678588.758451 20011694
cloud_controller_tkemenade 13110957697 30248 5959

1722678588.7588718 20011694
cloud0_tkemenade 29486414786 26096 4212

1722678589.7613301 20011771
cloud_controller_tkemenade 13110957697 30297 5965

1722678589.7617297 20011772
cloud0_tkemenade 29486414786 26126 4213

1722678590.7642689 20011828
cloud_controller_tkemenade 13110957697 30317 5970

1722678590.7646904 20011828
cloud0_tkemenade 29486414786 26152 4216

1722678591.7671556 20011893
cloud_controller_tkemenade 13110957697 30350 5978

1722678591.7676456 20011893
cloud0_tkemenade 29486414786 26180 4219

1722678591.9681933 20011919
cloud_controller_tkemenade 13111775472 30357 5980

1722678591.9686456 20011919
cloud0_tkemenade 29487170339 26196 4221

1722678592.9710128 20011974
cloud_controller_tkemenade 13111775472 30383 5986

1722678592.9715264 20011974
cloud0_tkemenade 29487170339 26213 4228

1722678593.974007 20012030
cloud_controller_tkemenade 13111775472 30406 5991

1722678593.9744515 20012030
cloud0_tkemenade 29487170339 26240 4233

1722678594.976901 20012081
cloud_controller_tkemenade 13111775472 30435 6001

1722678594.9773037 20012081
cloud0_tkemenade 29487170339 26261 4237

1722678595.979817 20012172
cloud_controller_tkemenade 13111775472 30463 6007

1722678595.9803383 20012172
cloud0_tkemenade 29487170339 26291 4242

1722678596.9828022 20012280
cloud_controller_tkemenade 13111775472 30501 6013

1722678596.9832957 20012280
cloud0_tkemenade 29487170339 26357 4246

1722678597.9857008 20012334
cloud_controller_tkemenade 13111775472 30526 6022

1722678597.98613 20012334
cloud0_tkemenade 29487170339 26381 4250

1722678598.988589 20012381
cloud_controller_tkemenade 13111775472 30547 6028

1722678598.9890256 20012381
cloud0_tkemenade 29487170339 26398 4257

1722678599.0894341 20012396
cloud_controller_tkemenade 13112512901 30552 6029

1722678599.0898905 20012396
cloud0_tkemenade 29487922575 26399 4259

1722678600.092314 20012474
cloud_controller_tkemenade 13112512901 30596 6037

1722678600.0927298 20012474
cloud0_tkemenade 29487922575 26417 4279

1722678601.0951667 20012521
cloud_controller_tkemenade 13112512901 30631 6042

1722678601.0955443 20012521
cloud0_tkemenade 29487922575 26417 4295

1722678602.0978894 20012601
cloud_controller_tkemenade 13112512901 30658 6048

1722678602.0982668 20012601
cloud0_tkemenade 29487922575 26442 4327

1722678603.1006339 20012647
cloud_controller_tkemenade 13112512901 30683 6055

1722678603.1010075 20012647
cloud0_tkemenade 29487922575 26442 4348

1722678604.1033726 20012766
cloud_controller_tkemenade 13112512901 30711 6062

1722678604.103771 20012766
cloud0_tkemenade 29487922575 26517 4368

1722678605.1062346 20012813
cloud_controller_tkemenade 13112512901 30740 6069

1722678605.106629 20012813
cloud0_tkemenade 29487922575 26517 4392

1722678606.1091182 20012942
cloud_controller_tkemenade 13112512901 30823 6075

1722678606.1096473 20012942
cloud0_tkemenade 29487922575 26517 4417

1722678606.310343 20012960
cloud_controller_tkemenade 13113559161 30826 6075

1722678606.3108075 20012960
cloud0_tkemenade 29488847861 26517 4425

1722678607.3132362 20013010
cloud_controller_tkemenade 13113559161 30848 6083

1722678607.3136413 20013010
cloud0_tkemenade 29488847861 26517 4458

1722678608.3161027 20013065
cloud_controller_tkemenade 13113559161 30871 6090

1722678608.316535 20013065
cloud0_tkemenade 29488847861 26522 4486

1722678609.318955 20013121
cloud_controller_tkemenade 13113559161 30900 6097

1722678609.3193705 20013121
cloud0_tkemenade 29488847861 26522 4504

1722678610.3217416 20013188
cloud_controller_tkemenade 13113559161 30928 6104

1722678610.322142 20013188
cloud0_tkemenade 29488847861 26529 4518

1722678611.3244665 20013243
cloud_controller_tkemenade 13113559161 30952 6110

1722678611.3248434 20013243
cloud0_tkemenade 29488847861 26537 4525

1722678612.327214 20013342
cloud_controller_tkemenade 13113559161 30985 6116

1722678612.327612 20013342
cloud0_tkemenade 29488847861 26579 4533

1722678613.329934 20013410
cloud_controller_tkemenade 13113559161 31010 6122

1722678613.330345 20013410
cloud0_tkemenade 29488847861 26597 4539

1722678613.530985 20013425
cloud_controller_tkemenade 13114350775 31016 6123

1722678613.5314343 20013425
cloud0_tkemenade 29489515366 26599 4541

1722678614.5338206 20013501
cloud_controller_tkemenade 13114350775 31037 6132

1722678614.5342171 20013501
cloud0_tkemenade 29489515366 26630 4550

1722678615.536412 20013592
cloud_controller_tkemenade 13114350775 31063 6141

1722678615.5368164 20013592
cloud0_tkemenade 29489515366 26664 4558

1722678616.539189 20013685
cloud_controller_tkemenade 13114350775 31091 6149

1722678616.5397203 20013685
cloud0_tkemenade 29489515366 26686 4561

1722678617.5421183 20013782
cloud_controller_tkemenade 13114350775 31113 6158

1722678617.542531 20013782
cloud0_tkemenade 29489515366 26727 4563

1722678618.5447776 20013879
cloud_controller_tkemenade 13114350775 31147 6163

1722678618.5452316 20013879
cloud0_tkemenade 29489515366 26756 4569

1722678619.5476115 20013960
cloud_controller_tkemenade 13114350775 31179 6174

1722678619.5480404 20013960
cloud0_tkemenade 29489515366 26772 4576

1722678620.550421 20014030
cloud_controller_tkemenade 13114350775 31204 6184

1722678620.5508263 20014030
cloud0_tkemenade 29489515366 26783 4586

1722678620.6512847 20014048
cloud_controller_tkemenade 13115167208 31205 6184

1722678620.651721 20014048
cloud0_tkemenade 29490263492 26787 4587

1722678621.6541305 20014162
cloud_controller_tkemenade 13115167208 31248 6194

1722678621.6546335 20014162
cloud0_tkemenade 29490263492 26818 4595

1722678622.6571069 20014246
cloud_controller_tkemenade 13115167208 31273 6201

1722678622.657522 20014246
cloud0_tkemenade 29490263492 26851 4605

1722678623.6599631 20014362
cloud_controller_tkemenade 13115167208 31330 6208

1722678623.6603463 20014362
cloud0_tkemenade 29490263492 26874 4610

1722678624.6627986 20014448
cloud_controller_tkemenade 13115167208 31379 6216

1722678624.6631904 20014448
cloud0_tkemenade 29490263492 26892 4614

1722678625.6656566 20014526
cloud_controller_tkemenade 13115167208 31408 6228

1722678625.6661043 20014526
cloud0_tkemenade 29490263492 26920 4616

1722678626.6686356 20014648
cloud_controller_tkemenade 13115167208 31447 6237

1722678626.6691768 20014648
cloud0_tkemenade 29490263492 26967 4620

1722678627.6714387 20014759
cloud_controller_tkemenade 13115167208 31470 6249

1722678627.6719532 20014759
cloud0_tkemenade 29490263492 27022 4626

1722678627.7724094 20014766
cloud_controller_tkemenade 13116179386 31470 6250

1722678627.772818 20014766
cloud0_tkemenade 29491116657 27024 4626

1722678628.7751768 20014864
cloud_controller_tkemenade 13116179386 31505 6257

1722678628.7757177 20014864
cloud0_tkemenade 29491116657 27054 4626

1722678629.7780983 20014940
cloud_controller_tkemenade 13116179386 31539 6268

1722678629.7786314 20014940
cloud0_tkemenade 29491116657 27075 4626

1722678630.7811954 20015091
cloud_controller_tkemenade 13116179386 31633 6277

1722678630.7817445 20015092
cloud0_tkemenade 29491116657 27106 4628

1722678631.7839494 20015179
cloud_controller_tkemenade 13116179386 31662 6284

1722678631.7844398 20015179
cloud0_tkemenade 29491116657 27143 4632

1722678632.786604 20015262
cloud_controller_tkemenade 13116179386 31698 6289

1722678632.7871115 20015262
cloud0_tkemenade 29491116657 27175 4637

1722678633.7895012 20015299
cloud_controller_tkemenade 13116179386 31714 6296

1722678633.7899911 20015300
cloud0_tkemenade 29491116657 27188 4640

1722678634.7921972 20015358
cloud_controller_tkemenade 13117293865 31738 6303

1722678634.7926905 20015358
cloud0_tkemenade 29491801957 27205 4643

1722678635.7950485 20015426
cloud_controller_tkemenade 13117293865 31766 6311

1722678635.7954748 20015426
cloud0_tkemenade 29491801957 27227 4647

1722678636.7978952 20015494
cloud_controller_tkemenade 13117293865 31788 6316

1722678636.7984226 20015494
cloud0_tkemenade 29491801957 27251 4651

1722678637.8008263 20015549
cloud_controller_tkemenade 13117293865 31813 6324

1722678637.8012412 20015549
cloud0_tkemenade 29491801957 27265 4655

1722678638.8036058 20015625
cloud_controller_tkemenade 13117293865 31833 6330

1722678638.8040926 20015625
cloud0_tkemenade 29491801957 27301 4658

1722678639.8065403 20015707
cloud_controller_tkemenade 13117293865 31888 6336

1722678639.8069456 20015707
cloud0_tkemenade 29491801957 27318 4661

1722678640.8093617 20015761
cloud_controller_tkemenade 13117293865 31916 6345

1722678640.8098023 20015762
cloud0_tkemenade 29491801957 27329 4666

1722678641.8122394 20015821
cloud_controller_tkemenade 13117293865 31943 6354

1722678641.8127453 20015821
cloud0_tkemenade 29491801957 27356 4669

1722678642.013445 20015840
cloud_controller_tkemenade 13118084146 31950 6357

1722678642.0139403 20015840
cloud0_tkemenade 29492350006 27358 4669

1722678643.0163145 20015967
cloud_controller_tkemenade 13118084146 31979 6362

1722678643.0168297 20015967
cloud0_tkemenade 29492350006 27453 4673

1722678644.0192769 20016031
cloud_controller_tkemenade 13118084146 32000 6369

1722678644.0197206 20016031
cloud0_tkemenade 29492350006 27495 4679

1722678645.0219905 20016101
cloud_controller_tkemenade 13118084146 32024 6376

1722678645.0224173 20016101
cloud0_tkemenade 29492350006 27542 4686

1722678646.024907 20016150
cloud_controller_tkemenade 13118084146 32057 6386

1722678646.02535 20016150
cloud0_tkemenade 29492350006 27555 4687

1722678647.0278637 20016245
cloud_controller_tkemenade 13118084146 32077 6393

1722678647.028416 20016245
cloud0_tkemenade 29492350006 27600 4691

1722678648.0309336 20016318
cloud_controller_tkemenade 13118084146 32121 6401

1722678648.031385 20016318
cloud0_tkemenade 29492350006 27621 4698

1722678649.0337985 20016376
cloud_controller_tkemenade 13118084146 32142 6406

1722678649.0342298 20016376
cloud0_tkemenade 29492350006 27648 4703

1722678649.1346931 20016393
cloud_controller_tkemenade 13118842388 32150 6406

1722678649.1351695 20016393
cloud0_tkemenade 29493334814 27653 4705

1722678650.1376483 20016447
cloud_controller_tkemenade 13118842388 32180 6414

1722678650.1380854 20016447
cloud0_tkemenade 29493334814 27675 4710

1722678651.1405673 20016517
cloud_controller_tkemenade 13118842388 32216 6424

1722678651.141065 20016517
cloud0_tkemenade 29493334814 27704 4713

1722678652.143227 20016576
cloud_controller_tkemenade 13118842388 32250 6435

1722678652.1436331 20016576
cloud0_tkemenade 29493334814 27728 4716

1722678653.1460447 20016627
cloud_controller_tkemenade 13118842388 32271 6443

1722678653.1464405 20016627
cloud0_tkemenade 29493334814 27755 4723

1722678654.1487648 20016672
cloud_controller_tkemenade 13118842388 32296 6449

1722678654.1491666 20016672
cloud0_tkemenade 29493334814 27777 4728

1722678655.1513612 20016704
cloud_controller_tkemenade 13118842388 32316 6457

1722678655.1517653 20016704
cloud0_tkemenade 29493334814 27791 4732

1722678656.154135 20016789
cloud_controller_tkemenade 13118842388 32357 6467

1722678656.1545877 20016789
cloud0_tkemenade 29493334814 27821 4737

1722678656.2550604 20016802
cloud_controller_tkemenade 13119647975 32357 6468

1722678656.2555118 20016802
cloud0_tkemenade 29493944206 27824 4737

1722678657.2579088 20016922
cloud_controller_tkemenade 13119647975 32393 6475

1722678657.2584574 20016922
cloud0_tkemenade 29493944206 27890 4744

1722678658.2609897 20016977
cloud_controller_tkemenade 13119647975 32413 6483

1722678658.261437 20016977
cloud0_tkemenade 29493944206 27922 4747

1722678659.2639186 20017028
cloud_controller_tkemenade 13119647975 32439 6489

1722678659.2643206 20017028
cloud0_tkemenade 29493944206 27942 4749

1722678660.2667916 20017114
cloud_controller_tkemenade 13119647975 32492 6499

1722678660.2671926 20017114
cloud0_tkemenade 29493944206 27977 4754

1722678661.2695923 20017168
cloud_controller_tkemenade 13119647975 32527 6509

1722678661.270004 20017168
cloud0_tkemenade 29493944206 27994 4760

1722678662.2724922 20017237
cloud_controller_tkemenade 13119647975 32554 6517

1722678662.2729144 20017237
cloud0_tkemenade 29493944206 28033 4763

1722678663.2753558 20017288
cloud_controller_tkemenade 13119647975 32580 6526

1722678663.275767 20017288
cloud0_tkemenade 29493944206 28065 4768

1722678663.4764555 20017295
cloud_controller_tkemenade 13120487150 32584 6527

1722678663.476924 20017295
cloud0_tkemenade 29494765589 28068 4770

1722678664.4792147 20017413
cloud_controller_tkemenade 13120487150 32609 6537

1722678664.479623 20017413
cloud0_tkemenade 29494765589 28158 4774

1722678665.4820464 20017447
cloud_controller_tkemenade 13120487150 32634 6546

1722678665.4824297 20017447
cloud0_tkemenade 29494765589 28172 4777

1722678666.484819 20017568
cloud_controller_tkemenade 13120487150 32725 6553

1722678666.4852066 20017568
cloud0_tkemenade 29494765589 28198 4782

1722678667.4876537 20017626
cloud_controller_tkemenade 13120487150 32745 6559

1722678667.4881785 20017626
cloud0_tkemenade 29494765589 28222 4786

1722678668.4906335 20017667
cloud_controller_tkemenade 13120487150 32767 6566

1722678668.4910648 20017667
cloud0_tkemenade 29494765589 28245 4788

1722678669.4935403 20017721
cloud_controller_tkemenade 13120487150 32795 6572

1722678669.494008 20017722
cloud0_tkemenade 29494765589 28271 4793

1722678670.4959455 20017764
cloud_controller_tkemenade 13121459017 32823 6578

1722678670.4964352 20017764
cloud0_tkemenade 29495590507 28286 4797

1722678671.498854 20017819
cloud_controller_tkemenade 13121459017 32851 6588

1722678671.4994051 20017819
cloud0_tkemenade 29495590507 28311 4803

1722678672.5019298 20017869
cloud_controller_tkemenade 13121459017 32879 6595

1722678672.5024843 20017869
cloud0_tkemenade 29495590507 28332 4808

1722678673.5049844 20017931
cloud_controller_tkemenade 13121459017 32911 6602

1722678673.5055375 20017931
cloud0_tkemenade 29495590507 28357 4814

1722678674.5080597 20017996
cloud_controller_tkemenade 13121459017 32931 6609

1722678674.5085962 20017996
cloud0_tkemenade 29495590507 28397 4820

1722678675.5110714 20018061
cloud_controller_tkemenade 13121459017 32961 6618

1722678675.5115879 20018061
cloud0_tkemenade 29495590507 28432 4823

1722678676.5141065 20018121
cloud_controller_tkemenade 13121459017 32996 6630

1722678676.5146534 20018121
cloud0_tkemenade 29495590507 28452 4826

1722678677.5171273 20018181
cloud_controller_tkemenade 13121459017 33020 6641

1722678677.5176628 20018181
cloud0_tkemenade 29495590507 28486 4836

1722678677.718469 20018195
cloud_controller_tkemenade 13122244166 33024 6643

1722678677.7190158 20018195
cloud0_tkemenade 29496296259 28486 4837

1722678678.7215126 20018273
cloud_controller_tkemenade 13122244166 33058 6652

1722678678.7219884 20018274
cloud0_tkemenade 29496296259 28525 4844

1722678679.724488 20018348
cloud_controller_tkemenade 13122244166 33096 6660

1722678679.7248979 20018348
cloud0_tkemenade 29496296259 28560 4849

1722678680.727388 20018402
cloud_controller_tkemenade 13122244166 33122 6666

1722678680.7278526 20018402
cloud0_tkemenade 29496296259 28582 4853

1722678681.7303348 20018479
cloud_controller_tkemenade 13122244166 33164 6676

1722678681.7307756 20018479
cloud0_tkemenade 29496296259 28616 4856

1722678682.7332857 20018527
cloud_controller_tkemenade 13122244166 33192 6684

1722678682.7337065 20018527
cloud0_tkemenade 29496296259 28633 4861

1722678683.7362106 20018575
cloud_controller_tkemenade 13122244166 33212 6691

1722678683.7366216 20018575
cloud0_tkemenade 29496296259 28659 4868

1722678684.73908 20018620
cloud_controller_tkemenade 13122244166 33234 6698

1722678684.7395005 20018620
cloud0_tkemenade 29496296259 28680 4872

1722678684.8399825 20018629
cloud_controller_tkemenade 13123039528 33236 6699

1722678684.8404627 20018629
cloud0_tkemenade 29496984781 28685 4872

1722678685.8428786 20018694
cloud_controller_tkemenade 13123039528 33268 6712

1722678685.8432927 20018694
cloud0_tkemenade 29496984781 28721 4876

1722678686.8457592 20018797
cloud_controller_tkemenade 13123039528 33309 6719

1722678686.8461854 20018797
cloud0_tkemenade 29496984781 28781 4883

1722678687.848544 20018846
cloud_controller_tkemenade 13123039528 33330 6725

1722678687.8489835 20018846
cloud0_tkemenade 29496984781 28810 4888

1722678688.8514264 20018912
cloud_controller_tkemenade 13123039528 33360 6733

1722678688.8519557 20018912
cloud0_tkemenade 29496984781 28827 4889

1722678689.854276 20018977
cloud_controller_tkemenade 13123039528 33398 6742

1722678689.8546913 20018977
cloud0_tkemenade 29496984781 28856 4895

1722678690.8570755 20019101
cloud_controller_tkemenade 13123039528 33493 6746

1722678690.8574922 20019101
cloud0_tkemenade 29496984781 28883 4901

1722678691.8595402 20019160
cloud_controller_tkemenade 13123039528 33516 6755

1722678691.859947 20019160
cloud0_tkemenade 29496984781 28919 4905

1722678691.9605148 20019170
cloud_controller_tkemenade 13124060318 33519 6756

1722678691.9609475 20019170
cloud0_tkemenade 29497800205 28923 4905

1722678692.9633117 20019220
cloud_controller_tkemenade 13124060318 33562 6763

1722678692.9637294 20019220
cloud0_tkemenade 29497800205 28933 4908

1722678693.9662519 20019273
cloud_controller_tkemenade 13124060318 33580 6774

1722678693.966729 20019273
cloud0_tkemenade 29497800205 28965 4911

1722678694.9691377 20019313
cloud_controller_tkemenade 13124060318 33605 6781

1722678694.9695413 20019313
cloud0_tkemenade 29497800205 28982 4917

1722678695.9720552 20019371
cloud_controller_tkemenade 13124060318 33640 6791

1722678695.9724693 20019371
cloud0_tkemenade 29497800205 29005 4922

1722678696.9749527 20019429
cloud_controller_tkemenade 13124060318 33661 6800

1722678696.9753652 20019429
cloud0_tkemenade 29497800205 29037 4926

1722678697.9778128 20019468
cloud_controller_tkemenade 13124060318 33684 6808

1722678697.9782045 20019468
cloud0_tkemenade 29497800205 29054 4930

1722678698.9806137 20019529
cloud_controller_tkemenade 13124060318 33705 6816

1722678698.981162 20019529
cloud0_tkemenade 29497800205 29081 4934

1722678699.1818802 20019539
cloud_controller_tkemenade 13124818676 33711 6818

1722678699.1823483 20019539
cloud0_tkemenade 29498373452 29082 4934

1722678700.1847024 20019589
cloud_controller_tkemenade 13124818676 33741 6826

1722678700.1851215 20019589
cloud0_tkemenade 29498373452 29106 4937

1722678701.1875975 20019634
cloud_controller_tkemenade 13124818676 33767 6834

1722678701.188013 20019634
cloud0_tkemenade 29498373452 29123 4941

1722678702.1904318 20019690
cloud_controller_tkemenade 13124818676 33793 6844

1722678702.190853 20019690
cloud0_tkemenade 29498373452 29152 4945

1722678703.1933208 20019812
cloud_controller_tkemenade 13124818676 33823 6852

1722678703.1937196 20019812
cloud0_tkemenade 29498373452 29242 4948

1722678704.1962144 20019888
cloud_controller_tkemenade 13124818676 33846 6858

1722678704.1966262 20019888
cloud0_tkemenade 29498373452 29294 4957

1722678705.1991503 20019956
cloud_controller_tkemenade 13124818676 33870 6862

1722678705.1995504 20019956
cloud0_tkemenade 29498373452 29340 4964

1722678706.2020054 20020004
cloud_controller_tkemenade 13125559340 33904 6870

1722678706.2024627 20020004
cloud0_tkemenade 29499274742 29354 4966

1722678707.2047768 20020078
cloud_controller_tkemenade 13125559340 33931 6875

1722678707.2052405 20020078
cloud0_tkemenade 29499274742 29394 4971

1722678708.2074666 20020126
cloud_controller_tkemenade 13125559340 33963 6882

1722678708.207894 20020126
cloud0_tkemenade 29499274742 29411 4975

1722678709.2102828 20020202
cloud_controller_tkemenade 13125559340 33991 6894

1722678709.210814 20020202
cloud0_tkemenade 29499274742 29439 4982

1722678710.213305 20020267
cloud_controller_tkemenade 13125559340 34019 6900

1722678710.213721 20020267
cloud0_tkemenade 29499274742 29479 4986

1722678711.2159889 20020329
cloud_controller_tkemenade 13125559340 34048 6906

1722678711.2164633 20020329
cloud0_tkemenade 29499274742 29507 4993

1722678712.2188923 20020390
cloud_controller_tkemenade 13125559340 34086 6912

1722678712.2192907 20020390
cloud0_tkemenade 29499274742 29529 5000

1722678713.2217453 20020428
cloud_controller_tkemenade 13125559340 34110 6920

1722678713.2221818 20020428
cloud0_tkemenade 29499274742 29541 5004

1722678713.3226547 20020432
cloud_controller_tkemenade 13126317553 34111 6920

1722678713.323088 20020432
cloud0_tkemenade 29499947064 29542 5005

1722678714.3255439 20020492
cloud_controller_tkemenade 13126317553 34136 6928

1722678714.32597 20020493
cloud0_tkemenade 29499947064 29579 5012

1722678715.3284307 20020534
cloud_controller_tkemenade 13126317553 34156 6935

1722678715.3288305 20020534
cloud0_tkemenade 29499947064 29600 5015

1722678716.331257 20020613
cloud_controller_tkemenade 13126317553 34193 6951

1722678716.331658 20020613
cloud0_tkemenade 29499947064 29634 5020

1722678717.33409 20020703
cloud_controller_tkemenade 13126317553 34228 6957

1722678717.3344853 20020703
cloud0_tkemenade 29499947064 29692 5029

1722678718.336932 20020765
cloud_controller_tkemenade 13126317553 34249 6965

1722678718.337351 20020765
cloud0_tkemenade 29499947064 29728 5034

1722678719.3395844 20020835
cloud_controller_tkemenade 13126317553 34278 6975

1722678719.3401194 20020835
cloud0_tkemenade 29499947064 29749 5037

1722678720.3422227 20020918
cloud_controller_tkemenade 13126317553 34326 6985

1722678720.3426428 20020918
cloud0_tkemenade 29499947064 29784 5042

1722678720.543367 20020941
cloud_controller_tkemenade 13127156661 34331 6986

1722678720.5438106 20020941
cloud0_tkemenade 29500783228 29787 5044

1722678721.5462618 20020981
cloud_controller_tkemenade 13127156661 34357 6995

1722678721.5466766 20020981
cloud0_tkemenade 29500783228 29803 5047

1722678722.5491152 20021044
cloud_controller_tkemenade 13127156661 34385 7002

1722678722.549508 20021044
cloud0_tkemenade 29500783228 29840 5052

1722678723.551965 20021089
cloud_controller_tkemenade 13127156661 34417 7009

1722678723.552375 20021089
cloud0_tkemenade 29500783228 29854 5056

1722678724.5547829 20021214
cloud_controller_tkemenade 13127156661 34445 7018

1722678724.5551772 20021214
cloud0_tkemenade 29500783228 29949 5062

1722678725.5575852 20021252
cloud_controller_tkemenade 13127156661 34463 7026

1722678725.558005 20021252
cloud0_tkemenade 29500783228 29971 5065

1722678726.560483 20021374
cloud_controller_tkemenade 13127156661 34552 7034

1722678726.560934 20021374
cloud0_tkemenade 29500783228 30004 5069

1722678727.5632944 20021426
cloud_controller_tkemenade 13127156661 34568 7040

1722678727.563707 20021426
cloud0_tkemenade 29500783228 30037 5071

1722678727.6641161 20021431
cloud_controller_tkemenade 13128035440 34569 7042

1722678727.664525 20021431
cloud0_tkemenade 29501617018 30038 5072

1722678728.6668916 20021489
cloud_controller_tkemenade 13128035440 34597 7048

1722678728.667381 20021489
cloud0_tkemenade 29501617018 30063 5075

1722678729.6699204 20021550
cloud_controller_tkemenade 13128035440 34628 7057

1722678729.6704488 20021550
cloud0_tkemenade 29501617018 30083 5078

1722678730.672904 20021586
cloud_controller_tkemenade 13128035440 34649 7063

1722678730.6733162 20021586
cloud0_tkemenade 29501617018 30097 5082

1722678731.6755526 20021638
cloud_controller_tkemenade 13128035440 34677 7073

1722678731.6759953 20021638
cloud0_tkemenade 29501617018 30124 5086

1722678732.678442 20021674
cloud_controller_tkemenade 13128035440 34699 7078

1722678732.6788378 20021674
cloud0_tkemenade 29501617018 30139 5088

1722678733.68126 20021717
cloud_controller_tkemenade 13128035440 34732 7086

1722678733.6816688 20021717
cloud0_tkemenade 29501617018 30152 5089

1722678734.684069 20021782
cloud_controller_tkemenade 13128035440 34754 7094

1722678734.6844738 20021782
cloud0_tkemenade 29501617018 30199 5096

1722678734.885147 20021802
cloud_controller_tkemenade 13128747076 34757 7096

1722678734.8855937 20021802
cloud0_tkemenade 29502181622 30212 5098

1722678735.8880274 20021846
cloud_controller_tkemenade 13128747076 34779 7107

1722678735.888432 20021846
cloud0_tkemenade 29502181622 30235 5105

1722678736.8909132 20021923
cloud_controller_tkemenade 13128747076 34815 7115

1722678736.8913074 20021923
cloud0_tkemenade 29502181622 30274 5109

1722678737.8937836 20021972
cloud_controller_tkemenade 13128747076 34845 7121

1722678737.8941915 20021972
cloud0_tkemenade 29502181622 30292 5114

1722678738.8965957 20022025
cloud_controller_tkemenade 13128747076 34874 7130

1722678738.8970153 20022025
cloud0_tkemenade 29502181622 30315 5118

1722678739.8993595 20022094
cloud_controller_tkemenade 13128747076 34907 7139

1722678739.8998415 20022094
cloud0_tkemenade 29502181622 30343 5123

1722678740.9022982 20022149
cloud_controller_tkemenade 13128747076 34926 7148

1722678740.902783 20022149
cloud0_tkemenade 29502181622 30371 5128

1722678741.9051702 20022226
cloud_controller_tkemenade 13129566935 34966 7158

1722678741.9056606 20022226
cloud0_tkemenade 29502880913 30403 5131

1722678742.9080563 20022270
cloud_controller_tkemenade 13129566935 34993 7163

1722678742.908613 20022270
cloud0_tkemenade 29502880913 30420 5133

1722678743.9107947 20022332
cloud_controller_tkemenade 13129566935 35043 7172

1722678743.911238 20022332
cloud0_tkemenade 29502880913 30434 5138

1722678744.9137049 20022413
cloud_controller_tkemenade 13129566935 35083 7179

1722678744.9142828 20022413
cloud0_tkemenade 29502880913 30471 5145

1722678745.9167578 20022470
cloud_controller_tkemenade 13129566935 35115 7188

1722678745.9171996 20022470
cloud0_tkemenade 29502880913 30503 5149

1722678746.919451 20022578
cloud_controller_tkemenade 13129566935 35159 7197

1722678746.9198592 20022578
cloud0_tkemenade 29502880913 30566 5153

1722678747.9221978 20022632
cloud_controller_tkemenade 13129566935 35180 7204

1722678747.9225934 20022632
cloud0_tkemenade 29502880913 30593 5156

1722678748.9249363 20022675
cloud_controller_tkemenade 13129566935 35211 7213

1722678748.9253867 20022675
cloud0_tkemenade 29502880913 30606 5159

1722678749.0257804 20022686
cloud_controller_tkemenade 13130479733 35216 7213

1722678749.0260696 20022686
cloud0_tkemenade 29503582834 30607 5159

1722678750.0279036 20022780
cloud_controller_tkemenade 13130479733 35258 7221

1722678750.0284054 20022780
cloud0_tkemenade 29503582834 30645 5163

1722678751.0306785 20022891
cloud_controller_tkemenade 13130479733 35352 7228

1722678751.0311003 20022891
cloud0_tkemenade 29503582834 30663 5166

1722678752.0334728 20022965
cloud_controller_tkemenade 13130479733 35383 7237

1722678752.0338933 20022965
cloud0_tkemenade 29503582834 30702 5170

1722678753.0363064 20022999
cloud_controller_tkemenade 13130479733 35409 7243

1722678753.036692 20022999
cloud0_tkemenade 29503582834 30713 5173

1722678754.0391808 20023042
cloud_controller_tkemenade 13130479733 35443 7253

1722678754.0395892 20023042
cloud0_tkemenade 29503582834 30724 5175

1722678755.0420165 20023109
cloud_controller_tkemenade 13130479733 35470 7259

1722678755.0424109 20023109
cloud0_tkemenade 29503582834 30763 5180

1722678756.0447507 20023158
cloud_controller_tkemenade 13130479733 35499 7264

1722678756.0451653 20023158
cloud0_tkemenade 29503582834 30782 5182

1722678756.2458453 20023173
cloud_controller_tkemenade 13131498252 35501 7267

1722678756.2462754 20023173
cloud0_tkemenade 29504178459 30786 5183

1722678757.24871 20023236
cloud_controller_tkemenade 13131498252 35532 7278

1722678757.249106 20023236
cloud0_tkemenade 29504178459 30819 5185

1722678758.2513483 20023291
cloud_controller_tkemenade 13131498252 35557 7287

1722678758.2517836 20023291
cloud0_tkemenade 29504178459 30848 5189

1722678759.2542424 20023330
cloud_controller_tkemenade 13131498252 35580 7295

1722678759.2546408 20023330
cloud0_tkemenade 29504178459 30862 5191

1722678760.2571032 20023380
cloud_controller_tkemenade 13131498252 35602 7306

1722678760.257611 20023380
cloud0_tkemenade 29504178459 30882 5197

1722678761.2599764 20023419
cloud_controller_tkemenade 13131498252 35625 7311

1722678761.2604053 20023419
cloud0_tkemenade 29504178459 30899 5199

1722678762.2628505 20023482
cloud_controller_tkemenade 13131498252 35657 7320

1722678762.2632668 20023482
cloud0_tkemenade 29504178459 30928 5202

1722678763.2656298 20023618
cloud_controller_tkemenade 13131498252 35688 7326

1722678763.2662897 20023619
cloud0_tkemenade 29504178459 31035 5208

1722678763.3669188 20023627
cloud_controller_tkemenade 13132247168 35694 7327

1722678763.3674738 20023627
cloud0_tkemenade 29505021368 31037 5208

1722678764.370214 20023697
cloud_controller_tkemenade 13132247168 35717 7333

1722678764.370761 20023697
cloud0_tkemenade 29505021368 31082 5217

1722678765.3735857 20023770
cloud_controller_tkemenade 13132247168 35740 7336

1722678765.374174 20023770
cloud0_tkemenade 29505021368 31134 5222

1722678766.3768132 20023808
cloud_controller_tkemenade 13132247168 35766 7342

1722678766.3773875 20023808
cloud0_tkemenade 29505021368 31148 5225

1722678767.3802342 20023873
cloud_controller_tkemenade 13132247168 35798 7349

1722678767.380798 20023873
cloud0_tkemenade 29505021368 31185 5231

1722678768.3835332 20023945
cloud_controller_tkemenade 13132247168 35829 7357

1722678768.3841026 20023945
cloud0_tkemenade 29505021368 31229 5236

1722678769.38692 20024008
cloud_controller_tkemenade 13132247168 35863 7365

1722678769.3874655 20024008
cloud0_tkemenade 29505021368 31260 5241

1722678770.3902588 20024074
cloud_controller_tkemenade 13132991922 35892 7370

1722678770.3907986 20024074
cloud0_tkemenade 29505898791 31288 5246

1722678771.393527 20024134
cloud_controller_tkemenade 13132991922 35914 7380

1722678771.3941252 20024134
cloud0_tkemenade 29505898791 31318 5248

1722678772.396909 20024194
cloud_controller_tkemenade 13132991922 35954 7391

1722678772.3974648 20024194
cloud0_tkemenade 29505898791 31341 5254

1722678773.400165 20024228
cloud_controller_tkemenade 13132991922 35982 7396

1722678773.4007306 20024228
cloud0_tkemenade 29505898791 31353 5258

1722678774.403372 20024276
cloud_controller_tkemenade 13132991922 36008 7403

1722678774.4039335 20024276
cloud0_tkemenade 29505898791 31381 5265

1722678775.4066439 20024318
cloud_controller_tkemenade 13132991922 36029 7412

1722678775.4072022 20024318
cloud0_tkemenade 29505898791 31404 5269

1722678776.4099271 20024404
cloud_controller_tkemenade 13132991922 36067 7421

1722678776.4104936 20024404
cloud0_tkemenade 29505898791 31441 5274

1722678777.413339 20024502
cloud_controller_tkemenade 13132991922 36107 7431

1722678777.4139426 20024502
cloud0_tkemenade 29505898791 31500 5280

1722678777.6147058 20024513
cloud_controller_tkemenade 13133833939 36113 7434

1722678777.6152523 20024513
cloud0_tkemenade 29506642968 31504 5282

1722678778.6178446 20024548
cloud_controller_tkemenade 13133833939 36133 7442

1722678778.6184106 20024548
cloud0_tkemenade 29506642968 31522 5284

1722678779.6211772 20024589
cloud_controller_tkemenade 13133833939 36160 7451

1722678779.6217425 20024589
cloud0_tkemenade 29506642968 31538 5289

1722678780.6246696 20024674
cloud_controller_tkemenade 13133833939 36204 7458

1722678780.625249 20024674
cloud0_tkemenade 29506642968 31574 5296

1722678781.6280098 20024710
cloud_controller_tkemenade 13133833939 36227 7465

1722678781.628604 20024710
cloud0_tkemenade 29506642968 31595 5299

1722678782.6314123 20024769
cloud_controller_tkemenade 13133833939 36258 7474

1722678782.6319802 20024769
cloud0_tkemenade 29506642968 31625 5302

1722678783.6347015 20024812
cloud_controller_tkemenade 13133833939 36288 7484

1722678783.6352823 20024812
cloud0_tkemenade 29506642968 31641 5305

