1722679875.8954496 20135509
cloud_controller_tkemenade 13229215361 17384 2943
cloud0_tkemenade 29590957661 14289 2182

1722679875.9959962 20135516
cloud_controller_tkemenade 13230118994 17388 2944

1722679875.9963439 20135516
cloud0_tkemenade 29593704562 14290 2182

1722679876.9987671 20135570
cloud_controller_tkemenade 13230118994 17411 2953

1722679876.9993196 20135570
cloud0_tkemenade 29593704562 14308 2187

1722679878.0018725 20135632
cloud_controller_tkemenade 13230118994 17460 2961

1722679878.0024722 20135632
cloud0_tkemenade 29593704562 14321 2191

1722679879.0051029 20135689
cloud_controller_tkemenade 13230118994 17487 2966

1722679879.0056906 20135689
cloud0_tkemenade 29593704562 14345 2196

1722679880.0080953 20135735
cloud_controller_tkemenade 13230118994 17503 2975

1722679880.0086844 20135735
cloud0_tkemenade 29593704562 14364 2200

1722679881.0114725 20135836
cloud_controller_tkemenade 13230118994 17528 2984

1722679881.0120635 20135836
cloud0_tkemenade 29593704562 14398 2203

1722679882.0147605 20135902
cloud_controller_tkemenade 13230118994 17565 2993

1722679882.015299 20135902
cloud0_tkemenade 29593704562 14421 2207

1722679883.0179272 20135955
cloud_controller_tkemenade 13230956149 17597 3001

1722679883.018457 20135955
cloud0_tkemenade 29594276355 14443 2209

1722679884.021126 20136003
cloud_controller_tkemenade 13230956149 17619 3005

1722679884.0216982 20136003
cloud0_tkemenade 29594276355 14472 2214

1722679885.0242882 20136057
cloud_controller_tkemenade 13230956149 17642 3010

1722679885.0248551 20136057
cloud0_tkemenade 29594276355 14504 2214

1722679886.0275018 20136151
cloud_controller_tkemenade 13230956149 17672 3019

1722679886.0280683 20136151
cloud0_tkemenade 29594276355 14569 2218

1722679887.030762 20136247
cloud_controller_tkemenade 13230956149 17717 3027

1722679887.031328 20136247
cloud0_tkemenade 29594276355 14627 2224

1722679888.033959 20136298
cloud_controller_tkemenade 13230956149 17746 3035

1722679888.0344982 20136298
cloud0_tkemenade 29594276355 14642 2229

1722679889.0371563 20136412
cloud_controller_tkemenade 13230956149 17774 3042

1722679889.037719 20136412
cloud0_tkemenade 29594276355 14673 2232

1722679890.0404408 20136523
cloud_controller_tkemenade 13230956149 17818 3049

1722679890.041012 20136523
cloud0_tkemenade 29594276355 14709 2236

1722679890.241758 20136556
cloud_controller_tkemenade 13231788855 17830 3050

1722679890.2423491 20136556
cloud0_tkemenade 29595203272 14728 2238

1722679891.2449183 20136610
cloud_controller_tkemenade 13231788855 17858 3063

1722679891.245485 20136610
cloud0_tkemenade 29595203272 14755 2243

1722679892.2479906 20136694
cloud_controller_tkemenade 13231788855 17900 3078

1722679892.2485614 20136694
cloud0_tkemenade 29595203272 14800 2254

1722679893.2512684 20136776
cloud_controller_tkemenade 13231788855 17947 3088

1722679893.251844 20136776
cloud0_tkemenade 29595203272 14838 2258

1722679894.2544312 20136823
cloud_controller_tkemenade 13231788855 17965 3095

1722679894.2549882 20136823
cloud0_tkemenade 29595203272 14869 2262

1722679895.2576206 20136853
cloud_controller_tkemenade 13231788855 17988 3100

1722679895.2581809 20136853
cloud0_tkemenade 29595203272 14879 2266

1722679896.2607017 20136879
cloud_controller_tkemenade 13231788855 18008 3105

1722679896.261253 20136879
cloud0_tkemenade 29595203272 14893 2268

1722679897.2640188 20136952
cloud_controller_tkemenade 13231788855 18045 3116

1722679897.2645326 20136952
cloud0_tkemenade 29595203272 14932 2276

1722679897.3650389 20136963
cloud_controller_tkemenade 13232673795 18048 3118

1722679897.3655405 20136963
cloud0_tkemenade 29595969612 14934 2277

1722679898.3679924 20137029
cloud_controller_tkemenade 13232673795 18075 3126

1722679898.368529 20137029
cloud0_tkemenade 29595969612 14960 2280

1722679899.3710413 20137083
cloud_controller_tkemenade 13232673795 18097 3136

1722679899.3715832 20137083
cloud0_tkemenade 29595969612 14987 2283

1722679900.3737621 20137132
cloud_controller_tkemenade 13232673795 18117 3140

1722679900.374334 20137132
cloud0_tkemenade 29595969612 15019 2290

1722679901.3768446 20137183
cloud_controller_tkemenade 13232673795 18151 3149

1722679901.3774116 20137183
cloud0_tkemenade 29595969612 15041 2293

1722679902.379968 20137238
cloud_controller_tkemenade 13232673795 18181 3158

1722679902.38051 20137238
cloud0_tkemenade 29595969612 15067 2299

1722679903.3832269 20137297
cloud_controller_tkemenade 13232673795 18226 3167

1722679903.3837876 20137297
cloud0_tkemenade 29595969612 15088 2301

1722679904.3862386 20137353
cloud_controller_tkemenade 13232673795 18250 3172

1722679904.3867404 20137353
cloud0_tkemenade 29595969612 15121 2304

1722679904.48716 20137364
cloud_controller_tkemenade 13233471687 18252 3173

1722679904.487583 20137364
cloud0_tkemenade 29596634017 15123 2305

1722679905.4900134 20137407
cloud_controller_tkemenade 13233471687 18272 3181

1722679905.4905345 20137407
cloud0_tkemenade 29596634017 15151 2308

1722679906.4930513 20137445
cloud_controller_tkemenade 13233471687 18296 3188

1722679906.4935918 20137445
cloud0_tkemenade 29596634017 15169 2311

1722679907.4960768 20137503
cloud_controller_tkemenade 13233471687 18328 3192

1722679907.4966133 20137503
cloud0_tkemenade 29596634017 15192 2318

1722679908.4991891 20137580
cloud_controller_tkemenade 13233471687 18366 3197

1722679908.4997497 20137580
cloud0_tkemenade 29596634017 15211 2323

1722679909.5022933 20137632
cloud_controller_tkemenade 13233471687 18391 3207

1722679909.5028281 20137632
cloud0_tkemenade 29596634017 15233 2324

1722679910.505318 20137688
cloud_controller_tkemenade 13233471687 18410 3214

1722679910.5058844 20137688
cloud0_tkemenade 29596634017 15260 2333

1722679911.508355 20137740
cloud_controller_tkemenade 13233471687 18437 3227

1722679911.508899 20137740
cloud0_tkemenade 29596634017 15260 2356

1722679911.6093843 20137762
cloud_controller_tkemenade 13234199442 18446 3229

1722679911.6098933 20137763
cloud0_tkemenade 29597202387 15260 2358

1722679912.6123507 20137860
cloud_controller_tkemenade 13234199442 18478 3235

1722679912.6128895 20137860
cloud0_tkemenade 29597202387 15275 2377

1722679913.615361 20137947
cloud_controller_tkemenade 13234199442 18509 3240

1722679913.615898 20137947
cloud0_tkemenade 29597202387 15300 2383

1722679914.6183403 20138012
cloud_controller_tkemenade 13234199442 18537 3249

1722679914.6188612 20138012
cloud0_tkemenade 29597202387 15318 2389

1722679915.621353 20138084
cloud_controller_tkemenade 13234199442 18559 3261

1722679915.6219175 20138085
cloud0_tkemenade 29597202387 15341 2390

1722679916.6244533 20138206
cloud_controller_tkemenade 13234199442 18608 3269

1722679916.6250093 20138206
cloud0_tkemenade 29597202387 15398 2395

1722679917.6273847 20138290
cloud_controller_tkemenade 13234199442 18636 3277

1722679917.6279364 20138290
cloud0_tkemenade 29597202387 15438 2400

1722679918.6305153 20138350
cloud_controller_tkemenade 13234199442 18658 3281

1722679918.631067 20138350
cloud0_tkemenade 29597202387 15460 2403

1722679918.8318033 20138372
cloud_controller_tkemenade 13235014534 18664 3282

1722679918.832293 20138372
cloud0_tkemenade 29597952975 15473 2404

1722679919.8345888 20138435
cloud_controller_tkemenade 13235014534 18703 3293

1722679919.8351412 20138435
cloud0_tkemenade 29597952975 15495 2411

1722679920.8378074 20138517
cloud_controller_tkemenade 13235014534 18735 3299

1722679920.838353 20138517
cloud0_tkemenade 29597952975 15542 2419

1722679921.8408039 20138576
cloud_controller_tkemenade 13235014534 18762 3310

1722679921.8413212 20138576
cloud0_tkemenade 29597952975 15573 2424

1722679922.8438997 20138631
cloud_controller_tkemenade 13235014534 18798 3316

1722679922.8444293 20138631
cloud0_tkemenade 29597952975 15595 2426

1722679923.8470554 20138728
cloud_controller_tkemenade 13235014534 18829 3321

1722679923.847575 20138728
cloud0_tkemenade 29597952975 15654 2429

1722679924.8501146 20138770
cloud_controller_tkemenade 13235014534 18851 3327

1722679924.8506565 20138770
cloud0_tkemenade 29597952975 15675 2432

1722679925.8531685 20138803
cloud_controller_tkemenade 13235014534 18871 3333

1722679925.8537397 20138803
cloud0_tkemenade 29597952975 15688 2432

1722679926.0545454 20138817
cloud_controller_tkemenade 13235851623 18880 3335

1722679926.0550773 20138817
cloud0_tkemenade 29598739713 15691 2433

1722679927.0575025 20138892
cloud_controller_tkemenade 13235851623 18913 3345

1722679927.0580919 20138892
cloud0_tkemenade 29598739713 15734 2441

1722679928.0607522 20138946
cloud_controller_tkemenade 13235851623 18939 3353

1722679928.0613308 20138946
cloud0_tkemenade 29598739713 15764 2447

1722679929.0640233 20139020
cloud_controller_tkemenade 13235851623 18962 3358

1722679929.064576 20139020
cloud0_tkemenade 29598739713 15789 2451

1722679930.0673144 20139070
cloud_controller_tkemenade 13235851623 18982 3366

1722679930.0678794 20139070
cloud0_tkemenade 29598739713 15821 2456

1722679931.0705366 20139133
cloud_controller_tkemenade 13235851623 19009 3375

1722679931.0710864 20139133
cloud0_tkemenade 29598739713 15860 2459

1722679932.0737062 20139254
cloud_controller_tkemenade 13235851623 19096 3379

1722679932.0742629 20139254
cloud0_tkemenade 29598739713 15891 2462

1722679933.07676 20139314
cloud_controller_tkemenade 13235851623 19132 3385

1722679933.077307 20139314
cloud0_tkemenade 29598739713 15914 2463

1722679933.1777966 20139319
cloud_controller_tkemenade 13236781003 19134 3386

1722679933.1782174 20139319
cloud0_tkemenade 29599508122 15916 2463

1722679934.1807382 20139398
cloud_controller_tkemenade 13236781003 19163 3395

1722679934.1813064 20139398
cloud0_tkemenade 29599508122 15964 2471

1722679935.183762 20139457
cloud_controller_tkemenade 13236781003 19182 3404

1722679935.184322 20139457
cloud0_tkemenade 29599508122 16002 2477

1722679936.1869867 20139498
cloud_controller_tkemenade 13236781003 19212 3408

1722679936.1875536 20139498
cloud0_tkemenade 29599508122 16018 2481

1722679937.1900709 20139546
cloud_controller_tkemenade 13236781003 19239 3419

1722679937.1905131 20139546
cloud0_tkemenade 29599508122 16044 2488

1722679938.193111 20139595
cloud_controller_tkemenade 13236781003 19278 3429

1722679938.193668 20139595
cloud0_tkemenade 29599508122 16056 2491

1722679939.19627 20139644
cloud_controller_tkemenade 13236781003 19303 3435

1722679939.1968129 20139644
cloud0_tkemenade 29599508122 16079 2494

1722679940.1992161 20139694
cloud_controller_tkemenade 13237532064 19327 3440

1722679940.1997194 20139694
cloud0_tkemenade 29600157039 16096 2496

1722679941.2021668 20139750
cloud_controller_tkemenade 13237532064 19353 3444

1722679941.202724 20139750
cloud0_tkemenade 29600157039 16127 2500

1722679942.2052474 20139820
cloud_controller_tkemenade 13237532064 19393 3454

1722679942.2058337 20139820
cloud0_tkemenade 29600157039 16156 2505

1722679943.2083094 20139882
cloud_controller_tkemenade 13237532064 19428 3459

1722679943.2088718 20139882
cloud0_tkemenade 29600157039 16185 2508

1722679944.2112696 20139925
cloud_controller_tkemenade 13237532064 19447 3467

1722679944.2118094 20139925
cloud0_tkemenade 29600157039 16208 2511

1722679945.2142584 20139958
cloud_controller_tkemenade 13237532064 19472 3474

1722679945.2147684 20139958
cloud0_tkemenade 29600157039 16218 2514

1722679946.2172134 20140027
cloud_controller_tkemenade 13237532064 19504 3481

1722679946.217753 20140027
cloud0_tkemenade 29600157039 16258 2521

1722679947.22033 20140124
cloud_controller_tkemenade 13237532064 19543 3493

1722679947.2208745 20140124
cloud0_tkemenade 29600157039 16320 2529

1722679947.421588 20140136
cloud_controller_tkemenade 13238350206 19549 3495

1722679947.422129 20140136
cloud0_tkemenade 29600921824 16322 2529

1722679948.4245768 20140179
cloud_controller_tkemenade 13238350206 19575 3501

1722679948.4251325 20140179
cloud0_tkemenade 29600921824 16338 2533

1722679949.4277165 20140239
cloud_controller_tkemenade 13238350206 19602 3508

1722679949.4282775 20140239
cloud0_tkemenade 29600921824 16360 2537

1722679950.4309847 20140320
cloud_controller_tkemenade 13238350206 19645 3516

1722679950.4315453 20140320
cloud0_tkemenade 29600921824 16403 2544

1722679951.4342082 20140388
cloud_controller_tkemenade 13238350206 19678 3524

1722679951.4347653 20140388
cloud0_tkemenade 29600921824 16436 2549

1722679952.4375305 20140445
cloud_controller_tkemenade 13238350206 19713 3531

1722679952.4380746 20140445
cloud0_tkemenade 29600921824 16460 2554

1722679953.4407828 20140518
cloud_controller_tkemenade 13238350206 19749 3539

1722679953.4413261 20140518
cloud0_tkemenade 29600921824 16497 2560

1722679954.4438655 20140563
cloud_controller_tkemenade 13238350206 19770 3545

1722679954.4443843 20140563
cloud0_tkemenade 29600921824 16524 2563

1722679954.5448906 20140574
cloud_controller_tkemenade 13239173599 19771 3545

1722679954.5454032 20140574
cloud0_tkemenade 29601642670 16526 2564

1722679955.5477872 20140601
cloud_controller_tkemenade 13239173599 19791 3552

1722679955.5483358 20140601
cloud0_tkemenade 29601642670 16538 2567

1722679956.5508623 20140645
cloud_controller_tkemenade 13239173599 19813 3558

1722679956.551417 20140645
cloud0_tkemenade 29601642670 16556 2569

1722679957.5539618 20140706
cloud_controller_tkemenade 13239173599 19840 3567

1722679957.5545194 20140706
cloud0_tkemenade 29601642670 16589 2574

1722679958.5570543 20140770
cloud_controller_tkemenade 13239173599 19870 3572

1722679958.5576084 20140770
cloud0_tkemenade 29601642670 16622 2577

1722679959.560175 20140833
cloud_controller_tkemenade 13239173599 19888 3579

1722679959.5607011 20140833
cloud0_tkemenade 29601642670 16651 2580

1722679960.5631354 20140868
cloud_controller_tkemenade 13239173599 19908 3585

1722679960.5635934 20140868
cloud0_tkemenade 29601642670 16667 2584

1722679961.5660145 20140954
cloud_controller_tkemenade 13239173599 19945 3594

1722679961.566476 20140954
cloud0_tkemenade 29601642670 16701 2591

1722679961.6669466 20140956
cloud_controller_tkemenade 13239845410 19946 3595

1722679961.6674082 20140956
cloud0_tkemenade 29602251499 16702 2592

1722679962.669715 20141002
cloud_controller_tkemenade 13239845410 19973 3602

1722679962.670183 20141002
cloud0_tkemenade 29602251499 16722 2595

1722679963.6726422 20141060
cloud_controller_tkemenade 13239845410 20012 3608

1722679963.6730585 20141060
cloud0_tkemenade 29602251499 16742 2597

1722679964.6755157 20141119
cloud_controller_tkemenade 13239845410 20038 3614

1722679964.675939 20141119
cloud0_tkemenade 29602251499 16780 2601

1722679965.6783574 20141178
cloud_controller_tkemenade 13239845410 20059 3621

1722679965.678792 20141178
cloud0_tkemenade 29602251499 16815 2606

1722679966.6812763 20141210
cloud_controller_tkemenade 13239845410 20080 3628

1722679966.6816854 20141210
cloud0_tkemenade 29602251499 16831 2609

1722679967.6841161 20141274
cloud_controller_tkemenade 13239845410 20120 3636

1722679967.6845765 20141274
cloud0_tkemenade 29602251499 16854 2611

1722679968.686666 20141329
cloud_controller_tkemenade 13239845410 20157 3642

1722679968.6871293 20141329
cloud0_tkemenade 29602251499 16874 2614

1722679968.8877409 20141346
cloud_controller_tkemenade 13240617641 20160 3643

1722679968.8882523 20141346
cloud0_tkemenade 29602855082 16886 2616

1722679969.890318 20141395
cloud_controller_tkemenade 13240617641 20183 3648

1722679969.8908558 20141395
cloud0_tkemenade 29602855082 16900 2619

1722679970.893333 20141491
cloud_controller_tkemenade 13240617641 20203 3653

1722679970.8938055 20141492
cloud0_tkemenade 29602855082 16980 2623

1722679971.8961935 20141572
cloud_controller_tkemenade 13240617641 20242 3663

1722679971.896701 20141572
cloud0_tkemenade 29602855082 17022 2633

1722679972.8992 20141622
cloud_controller_tkemenade 13240617641 20271 3668

1722679972.8996322 20141622
cloud0_tkemenade 29602855082 17049 2637

1722679973.902057 20141690
cloud_controller_tkemenade 13240617641 20309 3677

1722679973.9024687 20141690
cloud0_tkemenade 29602855082 17079 2641

1722679974.904863 20141728
cloud_controller_tkemenade 13240617641 20336 3687

1722679974.9052727 20141728
cloud0_tkemenade 29602855082 17094 2644

1722679975.9074094 20141805
cloud_controller_tkemenade 13241478428 20364 3698

1722679975.907857 20141805
cloud0_tkemenade 29603815191 17137 2649

1722679976.9102852 20141968
cloud_controller_tkemenade 13241478428 20435 3705

1722679976.91079 20141968
cloud0_tkemenade 29603815191 17219 2655

1722679977.9131365 20142018
cloud_controller_tkemenade 13241478428 20462 3711

1722679977.91355 20142018
cloud0_tkemenade 29603815191 17243 2658

1722679978.9158492 20142071
cloud_controller_tkemenade 13241478428 20487 3719

1722679978.916284 20142071
cloud0_tkemenade 29603815191 17271 2663

1722679979.9187264 20142169
cloud_controller_tkemenade 13241478428 20537 3727

1722679979.9192712 20142169
cloud0_tkemenade 29603815191 17305 2670

1722679980.9217284 20142234
cloud_controller_tkemenade 13241478428 20573 3734

1722679980.9222171 20142234
cloud0_tkemenade 29603815191 17334 2674

1722679981.9246404 20142300
cloud_controller_tkemenade 13241478428 20599 3742

1722679981.9250903 20142300
cloud0_tkemenade 29603815191 17372 2678

1722679982.9275365 20142434
cloud_controller_tkemenade 13241478428 20629 3749

1722679982.927968 20142434
cloud0_tkemenade 29603815191 17474 2682

1722679983.1286585 20142463
cloud_controller_tkemenade 13242609036 20637 3749

1722679983.129145 20142463
cloud0_tkemenade 29605126696 17492 2682

1722679984.131581 20142527
cloud_controller_tkemenade 13242609036 20672 3759

1722679984.1320078 20142527
cloud0_tkemenade 29605126696 17525 2684

1722679985.1344469 20142561
cloud_controller_tkemenade 13242609036 20693 3765

1722679985.1348622 20142561
cloud0_tkemenade 29605126696 17535 2690

1722679986.1372993 20142592
cloud_controller_tkemenade 13242609036 20713 3771

1722679986.1377068 20142592
cloud0_tkemenade 29605126696 17549 2693

1722679987.1400752 20142628
cloud_controller_tkemenade 13242609036 20736 3779

1722679987.1405385 20142628
cloud0_tkemenade 29605126696 17567 2697

1722679988.1427472 20142706
cloud_controller_tkemenade 13242609036 20767 3791

1722679988.1431508 20142706
cloud0_tkemenade 29605126696 17612 2705

1722679989.1454828 20142760
cloud_controller_tkemenade 13242609036 20790 3796

1722679989.1459663 20142761
cloud0_tkemenade 29605126696 17637 2708

1722679990.1483586 20142819
cloud_controller_tkemenade 13242609036 20813 3800

1722679990.1488984 20142819
cloud0_tkemenade 29605126696 17658 2710

1722679990.4497776 20142836
cloud_controller_tkemenade 13243341014 20820 3801

1722679990.4502692 20142836
cloud0_tkemenade 29605786419 17663 2710

1722679991.4526951 20142916
cloud_controller_tkemenade 13243341014 20865 3810

1722679991.4531891 20142916
cloud0_tkemenade 29605786419 17698 2716

1722679992.455511 20142997
cloud_controller_tkemenade 13243341014 20931 3817

1722679992.4559329 20142997
cloud0_tkemenade 29605786419 17716 2720

1722679993.4583757 20143058
cloud_controller_tkemenade 13243341014 20962 3825

1722679993.45878 20143058
cloud0_tkemenade 29605786419 17747 2724

1722679994.4611545 20143135
cloud_controller_tkemenade 13243341014 20998 3833

1722679994.4616609 20143135
cloud0_tkemenade 29605786419 17786 2729

1722679995.4641638 20143176
cloud_controller_tkemenade 13243341014 21014 3838

1722679995.464602 20143176
cloud0_tkemenade 29605786419 17815 2737

1722679996.4670043 20143281
cloud_controller_tkemenade 13243341014 21100 3848

1722679996.4674218 20143281
cloud0_tkemenade 29605786419 17836 2741

1722679997.4698179 20143318
cloud_controller_tkemenade 13243341014 21127 3852

1722679997.4702342 20143318
cloud0_tkemenade 29605786419 17852 2744

1722679997.7711089 20143336
cloud_controller_tkemenade 13244431186 21135 3855

1722679997.7715876 20143336
cloud0_tkemenade 29606467040 17863 2745

1722679998.7740438 20143396
cloud_controller_tkemenade 13244431186 21174 3862

1722679998.7744865 20143396
cloud0_tkemenade 29606467040 17886 2748

1722679999.776946 20143432
cloud_controller_tkemenade 13244431186 21199 3869

1722679999.7773702 20143432
cloud0_tkemenade 29606467040 17902 2750

1722680000.7797346 20143498
cloud_controller_tkemenade 13244431186 21219 3874

1722680000.78024 20143498
cloud0_tkemenade 29606467040 17928 2752

1722680001.7827077 20143573
cloud_controller_tkemenade 13244431186 21251 3880

1722680001.783221 20143573
cloud0_tkemenade 29606467040 17962 2757

1722680002.7856753 20143625
cloud_controller_tkemenade 13244431186 21281 3888

1722680002.7861607 20143625
cloud0_tkemenade 29606467040 17986 2760

1722680003.7886338 20143698
cloud_controller_tkemenade 13244431186 21319 3898

1722680003.7890983 20143698
cloud0_tkemenade 29606467040 18025 2763

1722680004.7915268 20143735
cloud_controller_tkemenade 13244431186 21343 3905

1722680004.7919512 20143735
cloud0_tkemenade 29606467040 18038 2766

1722680004.892421 20143742
cloud_controller_tkemenade 13245203810 21346 3905

1722680004.8928938 20143742
cloud0_tkemenade 29607062727 18039 2767

1722680005.8953485 20143804
cloud_controller_tkemenade 13245203810 21377 3911

1722680005.8957872 20143804
cloud0_tkemenade 29607062727 18073 2771

1722680006.898231 20143892
cloud_controller_tkemenade 13245203810 21412 3919

1722680006.89863 20143892
cloud0_tkemenade 29607062727 18126 2776

1722680007.9011028 20143948
cloud_controller_tkemenade 13245203810 21438 3927

1722680007.9015095 20143948
cloud0_tkemenade 29607062727 18161 2782

1722680008.9039764 20143999
cloud_controller_tkemenade 13245203810 21466 3935

1722680008.9044013 20143999
cloud0_tkemenade 29607062727 18184 2785

1722680009.9068053 20144067
cloud_controller_tkemenade 13245203810 21510 3944

1722680009.9071968 20144067
cloud0_tkemenade 29607062727 18208 2793

1722680010.909516 20144138
cloud_controller_tkemenade 13245203810 21543 3950

1722680010.9098463 20144138
cloud0_tkemenade 29607062727 18239 2794

1722680011.9118125 20144197
cloud_controller_tkemenade 13245203810 21567 3957

1722680011.9122574 20144197
cloud0_tkemenade 29607062727 18275 2800

1722680012.0127268 20144205
cloud_controller_tkemenade 13246041817 21570 3959

1722680012.0132084 20144205
cloud0_tkemenade 29607888632 18278 2801

1722680013.0156488 20144270
cloud_controller_tkemenade 13246041817 21604 3967

1722680013.0160866 20144270
cloud0_tkemenade 29607888632 18309 2804

1722680014.0184848 20144360
cloud_controller_tkemenade 13246041817 21640 3977

1722680014.0189333 20144360
cloud0_tkemenade 29607888632 18359 2808

1722680015.021364 20144388
cloud_controller_tkemenade 13246041817 21659 3984

1722680015.0222821 20144389
cloud0_tkemenade 29607888632 18373 2811

1722680016.0248196 20144414
cloud_controller_tkemenade 13246041817 21678 3988

1722680016.025274 20144414
cloud0_tkemenade 29607888632 18386 2813

1722680017.0276937 20144468
cloud_controller_tkemenade 13246041817 21711 3996

1722680017.0280924 20144468
cloud0_tkemenade 29607888632 18404 2816

1722680018.0302374 20144577
cloud_controller_tkemenade 13246041817 21785 4001

1722680018.0306823 20144577
cloud0_tkemenade 29607888632 18440 2825

1722680019.0330973 20144630
cloud_controller_tkemenade 13246041817 21813 4012

1722680019.0335624 20144630
cloud0_tkemenade 29607888632 18467 2827

1722680019.2341664 20144639
cloud_controller_tkemenade 13246973535 21816 4013

1722680019.2346394 20144639
cloud0_tkemenade 29608559469 18469 2827

1722680020.2370977 20144684
cloud_controller_tkemenade 13246973535 21839 4018

1722680020.2376368 20144684
cloud0_tkemenade 29608559469 18486 2831

1722680021.2401109 20144739
cloud_controller_tkemenade 13246973535 21861 4027

1722680021.2406201 20144739
cloud0_tkemenade 29608559469 18500 2834

1722680022.2432039 20144805
cloud_controller_tkemenade 13246973535 21900 4032

1722680022.2437828 20144805
cloud0_tkemenade 29608559469 18529 2841

1722680023.2462022 20144860
cloud_controller_tkemenade 13246973535 21926 4041

1722680023.2467225 20144860
cloud0_tkemenade 29608559469 18556 2845

1722680024.2492228 20144940
cloud_controller_tkemenade 13246973535 21971 4051

1722680024.2497962 20144940
cloud0_tkemenade 29608559469 18597 2852

1722680025.2522683 20144985
cloud_controller_tkemenade 13246973535 21988 4056

1722680025.2528 20144985
cloud0_tkemenade 29608559469 18628 2855

1722680026.2552068 20145019
cloud_controller_tkemenade 13246973535 22011 4064

1722680026.25575 20145019
cloud0_tkemenade 29608559469 18644 2858

1722680026.4564712 20145027
cloud_controller_tkemenade 13247722484 22016 4066

1722680026.457006 20145027
cloud0_tkemenade 29609185097 18646 2859

1722680027.4593828 20145072
cloud_controller_tkemenade 13247722484 22044 4073

1722680027.4599123 20145072
cloud0_tkemenade 29609185097 18660 2862

1722680028.4622803 20145136
cloud_controller_tkemenade 13247722484 22084 4083

1722680028.4627445 20145136
cloud0_tkemenade 29609185097 18688 2866

1722680029.4652147 20145182
cloud_controller_tkemenade 13247722484 22113 4091

1722680029.465693 20145182
cloud0_tkemenade 29609185097 18705 2868

1722680030.4681756 20145211
cloud_controller_tkemenade 13247722484 22131 4098

1722680030.468668 20145211
cloud0_tkemenade 29609185097 18715 2872

1722680031.4709973 20145341
cloud_controller_tkemenade 13247722484 22155 4103

1722680031.4715025 20145341
cloud0_tkemenade 29609185097 18808 2874

1722680032.473825 20145414
cloud_controller_tkemenade 13247722484 22194 4108

1722680032.4742644 20145414
cloud0_tkemenade 29609185097 18838 2882

1722680033.4767098 20145485
cloud_controller_tkemenade 13248504179 22216 4118

1722680033.4771922 20145485
cloud0_tkemenade 29609975989 18882 2886

1722680034.4795532 20145544
cloud_controller_tkemenade 13248504179 22256 4128

1722680034.479973 20145544
cloud0_tkemenade 29609975989 18904 2888

1722680035.4824111 20145576
cloud_controller_tkemenade 13248504179 22280 4134

1722680035.4828277 20145576
cloud0_tkemenade 29609975989 18915 2889

1722680036.4853003 20145666
cloud_controller_tkemenade 13248504179 22322 4141

1722680036.4857583 20145668
cloud0_tkemenade 29609975989 18962 2894

1722680037.4882522 20145754
cloud_controller_tkemenade 13248504179 22352 4148

1722680037.4886575 20145754
cloud0_tkemenade 29609975989 19024 2901

1722680038.491122 20145800
cloud_controller_tkemenade 13248504179 22376 4158

1722680038.4915397 20145800
cloud0_tkemenade 29609975989 19046 2906

1722680039.494111 20145859
cloud_controller_tkemenade 13248504179 22409 4166

1722680039.4946342 20145859
cloud0_tkemenade 29609975989 19071 2911

1722680040.4973526 20145951
cloud_controller_tkemenade 13248504179 22457 4174

1722680040.4979563 20145951
cloud0_tkemenade 29609975989 19114 2916

1722680040.5983932 20145959
cloud_controller_tkemenade 13249408034 22461 4175

1722680040.5989256 20145959
cloud0_tkemenade 29610781729 19116 2916

1722680041.600995 20146015
cloud_controller_tkemenade 13249408034 22483 4182

1722680041.6015525 20146015
cloud0_tkemenade 29610781729 19141 2923

1722680042.604107 20146160
cloud_controller_tkemenade 13249408034 22514 4189

1722680042.6046429 20146160
cloud0_tkemenade 29610781729 19258 2930

1722680043.6072223 20146257
cloud_controller_tkemenade 13249408034 22545 4195

1722680043.60777 20146257
cloud0_tkemenade 29610781729 19325 2933

1722680044.6102843 20146318
cloud_controller_tkemenade 13249408034 22584 4204

1722680044.610833 20146318
cloud0_tkemenade 29610781729 19353 2938

1722680045.6133237 20146347
cloud_controller_tkemenade 13249408034 22604 4211

1722680045.6138608 20146347
cloud0_tkemenade 29610781729 19365 2940

1722680046.6163716 20146393
cloud_controller_tkemenade 13249408034 22631 4218

1722680046.6169152 20146393
cloud0_tkemenade 29610781729 19383 2943

1722680047.6194 20146440
cloud_controller_tkemenade 13249408034 22656 4225

1722680047.619944 20146440
cloud0_tkemenade 29610781729 19404 2947

1722680047.7203946 20146448
cloud_controller_tkemenade 13250159930 22657 4226

1722680047.7208467 20146448
cloud0_tkemenade 29611759806 19405 2947

1722680048.7231576 20146510
cloud_controller_tkemenade 13250159930 22682 4237

1722680048.723673 20146510
cloud0_tkemenade 29611759806 19446 2952

1722680049.7261667 20146562
cloud_controller_tkemenade 13250159930 22714 4246

1722680049.7267115 20146562
cloud0_tkemenade 29611759806 19468 2954

1722680050.7291603 20146597
cloud_controller_tkemenade 13250159930 22737 4250

1722680050.7295692 20146597
cloud0_tkemenade 29611759806 19483 2957

1722680051.732103 20146725
cloud_controller_tkemenade 13250159930 22821 4253

1722680051.7326567 20146725
cloud0_tkemenade 29611759806 19508 2960

1722680052.7351353 20146784
cloud_controller_tkemenade 13250159930 22851 4260

1722680052.7356648 20146784
cloud0_tkemenade 29611759806 19536 2964

1722680053.7380927 20146852
cloud_controller_tkemenade 13250159930 22873 4271

1722680053.7386246 20146852
cloud0_tkemenade 29611759806 19583 2970

1722680054.7410562 20146918
cloud_controller_tkemenade 13250159930 22918 4284

1722680054.7415621 20146918
cloud0_tkemenade 29611759806 19613 2976

1722680054.842057 20146928
cloud_controller_tkemenade 13251140389 22920 4284

1722680054.8425503 20146928
cloud0_tkemenade 29612481448 19615 2977

1722680055.8449879 20147008
cloud_controller_tkemenade 13251140389 22973 4289

1722680055.8455157 20147008
cloud0_tkemenade 29612481448 19641 2980

1722680056.8480537 20147082
cloud_controller_tkemenade 13251140389 23032 4293

1722680056.8485763 20147082
cloud0_tkemenade 29612481448 19655 2983

1722680057.8510568 20147124
cloud_controller_tkemenade 13251140389 23059 4301

1722680057.8515923 20147124
cloud0_tkemenade 29612481448 19676 2988

1722680058.8541057 20147195
cloud_controller_tkemenade 13251140389 23094 4310

1722680058.8546412 20147195
cloud0_tkemenade 29612481448 19713 2989

1722680059.85712 20147234
cloud_controller_tkemenade 13251140389 23126 4318

1722680059.8576307 20147234
cloud0_tkemenade 29612481448 19726 2993

1722680060.860131 20147266
cloud_controller_tkemenade 13251140389 23149 4328

1722680060.8606517 20147266
cloud0_tkemenade 29612481448 19735 2996

1722680061.8630931 20147332
cloud_controller_tkemenade 13251140389 23178 4334

1722680061.863652 20147332
cloud0_tkemenade 29612481448 19753 2998

1722680062.164532 20147358
cloud_controller_tkemenade 13252073172 23186 4335

1722680062.1650934 20147358
cloud0_tkemenade 29612966966 19769 3001

1722680063.167273 20147413
cloud_controller_tkemenade 13252073172 23213 4341

1722680063.1678197 20147413
cloud0_tkemenade 29612966966 19799 3004

1722680064.1700277 20147478
cloud_controller_tkemenade 13252073172 23242 4348

1722680064.170534 20147478
cloud0_tkemenade 29612966966 19835 3007

1722680065.1730106 20147524
cloud_controller_tkemenade 13252073172 23275 4359

1722680065.173418 20147524
cloud0_tkemenade 29612966966 19847 3009

1722680066.1757493 20147591
cloud_controller_tkemenade 13252073172 23307 4368

1722680066.1762853 20147591
cloud0_tkemenade 29612966966 19883 3015

1722680067.1788604 20147676
cloud_controller_tkemenade 13252073172 23341 4376

1722680067.1793735 20147676
cloud0_tkemenade 29612966966 19935 3022

1722680068.1818433 20147721
cloud_controller_tkemenade 13252073172 23366 4381

1722680068.18239 20147721
cloud0_tkemenade 29612966966 19958 3026

1722680069.1849756 20147791
cloud_controller_tkemenade 13252073172 23396 4393

1722680069.1855185 20147791
cloud0_tkemenade 29612966966 19990 3033

1722680069.2860527 20147795
cloud_controller_tkemenade 13252877826 23397 4396

1722680069.2865298 20147795
cloud0_tkemenade 29613777648 19991 3033

1722680070.2888813 20147890
cloud_controller_tkemenade 13252877826 23454 4405

1722680070.2893143 20147890
cloud0_tkemenade 29613777648 20030 3039

1722680071.2916412 20147922
cloud_controller_tkemenade 13252877826 23476 4410

1722680071.2920558 20147922
cloud0_tkemenade 29613777648 20044 3042

1722680072.2945268 20148003
cloud_controller_tkemenade 13252877826 23504 4417

1722680072.2951016 20148003
cloud0_tkemenade 29613777648 20082 3049

1722680073.2975645 20148085
cloud_controller_tkemenade 13252877826 23542 4422

1722680073.2981005 20148085
cloud0_tkemenade 29613777648 20132 3052

1722680074.300566 20148144
cloud_controller_tkemenade 13252877826 23577 4430

1722680074.301005 20148144
cloud0_tkemenade 29613777648 20163 3056

1722680075.3033671 20148185
cloud_controller_tkemenade 13252877826 23605 4438

1722680075.303779 20148185
cloud0_tkemenade 29613777648 20175 3060

1722680076.3059707 20148212
cloud_controller_tkemenade 13252877826 23622 4447

1722680076.3063698 20148212
cloud0_tkemenade 29613777648 20184 3061

1722680076.4067893 20148227
cloud_controller_tkemenade 13253725481 23624 4449

1722680076.4072874 20148227
cloud0_tkemenade 29614443875 20191 3062

1722680077.4097502 20148280
cloud_controller_tkemenade 13253725481 23653 4457

1722680077.410305 20148280
cloud0_tkemenade 29614443875 20210 3069

1722680078.412797 20148330
cloud_controller_tkemenade 13253725481 23673 4465

1722680078.4132495 20148330
cloud0_tkemenade 29614443875 20237 3076

1722680079.4156964 20148389
cloud_controller_tkemenade 13253725481 23699 4474

1722680079.4161308 20148389
cloud0_tkemenade 29614443875 20273 3078

1722680080.4185889 20148438
cloud_controller_tkemenade 13253725481 23730 4478

1722680080.4189973 20148438
cloud0_tkemenade 29614443875 20290 3080

1722680081.4214652 20148496
cloud_controller_tkemenade 13253725481 23760 4484

1722680081.4219697 20148497
cloud0_tkemenade 29614443875 20308 3084

1722680082.4245315 20148568
cloud_controller_tkemenade 13253725481 23789 4494

1722680082.4250638 20148568
cloud0_tkemenade 29614443875 20337 3090

1722680083.427542 20148609
cloud_controller_tkemenade 13253725481 23809 4503

1722680083.427988 20148609
cloud0_tkemenade 29614443875 20362 3093

1722680083.6286676 20148628
cloud_controller_tkemenade 13254440029 23813 4504

1722680083.62912 20148628
cloud0_tkemenade 29615066889 20371 3095

1722680084.631545 20148704
cloud_controller_tkemenade 13254440029 23856 4512

1722680084.631965 20148704
cloud0_tkemenade 29615066889 20407 3099

1722680085.6343606 20148762
cloud_controller_tkemenade 13254440029 23883 4516

1722680085.6347594 20148762
cloud0_tkemenade 29615066889 20438 3105

1722680086.6371384 20148799
cloud_controller_tkemenade 13254440029 23906 4523

1722680086.6375158 20148799
cloud0_tkemenade 29615066889 20450 3109

1722680087.6398733 20148847
cloud_controller_tkemenade 13254440029 23940 4528

1722680087.6403131 20148847
cloud0_tkemenade 29615066889 20468 3112

1722680088.6427948 20148895
cloud_controller_tkemenade 13254440029 23969 4533

1722680088.643239 20148895
cloud0_tkemenade 29615066889 20487 3117

1722680089.645692 20148944
cloud_controller_tkemenade 13254440029 23995 4543

1722680089.6461198 20148944
cloud0_tkemenade 29615066889 20509 3121

1722680090.6485376 20148990
cloud_controller_tkemenade 13254440029 24019 4549

1722680090.6489503 20148990
cloud0_tkemenade 29615066889 20537 3127

1722680090.7494073 20149017
cloud_controller_tkemenade 13255252975 24022 4549

1722680090.7498546 20149018
cloud0_tkemenade 29615739009 20558 3127

1722680091.752391 20149117
cloud_controller_tkemenade 13255252975 24059 4559

1722680091.7529356 20149117
cloud0_tkemenade 29615739009 20622 3131

1722680092.7553391 20149178
cloud_controller_tkemenade 13255252975 24082 4566

1722680092.7558382 20149178
cloud0_tkemenade 29615739009 20651 3136

1722680093.7582629 20149236
cloud_controller_tkemenade 13255252975 24106 4572

1722680093.7587886 20149236
cloud0_tkemenade 29615739009 20691 3139

1722680094.761277 20149294
cloud_controller_tkemenade 13255252975 24146 4582

1722680094.7617984 20149295
cloud0_tkemenade 29615739009 20708 3143

1722680095.7643216 20149377
cloud_controller_tkemenade 13255252975 24184 4589

1722680095.7648883 20149377
cloud0_tkemenade 29615739009 20750 3149

1722680096.7673917 20149473
cloud_controller_tkemenade 13255252975 24219 4594

1722680096.767943 20149473
cloud0_tkemenade 29615739009 20798 3151

1722680097.7702599 20149530
cloud_controller_tkemenade 13255252975 24247 4602

1722680097.770798 20149530
cloud0_tkemenade 29615739009 20832 3155

1722680097.9714909 20149545
cloud_controller_tkemenade 13256113180 24254 4603

1722680097.9720101 20149545
cloud0_tkemenade 29616711679 20836 3155

1722680098.97438 20149604
cloud_controller_tkemenade 13256113180 24280 4613

1722680098.9749322 20149604
cloud0_tkemenade 29616711679 20865 3160

1722680099.9774253 20149686
cloud_controller_tkemenade 13256113180 24325 4624

1722680099.9779963 20149686
cloud0_tkemenade 29616711679 20899 3169

1722680100.9805572 20149742
cloud_controller_tkemenade 13256113180 24361 4632

1722680100.9810855 20149742
cloud0_tkemenade 29616711679 20924 3177

1722680101.9834886 20149800
cloud_controller_tkemenade 13256113180 24388 4639

1722680101.9840484 20149800
cloud0_tkemenade 29616711679 20954 3181

1722680102.9862392 20149953
cloud_controller_tkemenade 13256113180 24418 4648

1722680102.9867756 20149953
cloud0_tkemenade 29616711679 21067 3185

1722680103.9890163 20150024
cloud_controller_tkemenade 13256113180 24443 4656

1722680103.9895527 20150024
cloud0_tkemenade 29616711679 21115 3189

1722680104.9920151 20150072
cloud_controller_tkemenade 13256996899 24474 4666

1722680104.9925516 20150072
cloud0_tkemenade 29617727343 21130 3191

1722680105.994604 20150121
cloud_controller_tkemenade 13256996899 24504 4671

1722680105.9951499 20150121
cloud0_tkemenade 29617727343 21142 3193

1722680106.9974756 20150169
cloud_controller_tkemenade 13256996899 24524 4683

1722680106.9980452 20150169
cloud0_tkemenade 29617727343 21168 3198

1722680108.0004559 20150224
cloud_controller_tkemenade 13256996899 24552 4688

1722680108.0009334 20150224
cloud0_tkemenade 29617727343 21199 3205

1722680109.0032623 20150285
cloud_controller_tkemenade 13256996899 24577 4695

1722680109.003745 20150285
cloud0_tkemenade 29617727343 21236 3208

1722680110.0061681 20150331
cloud_controller_tkemenade 13256996899 24607 4701

1722680110.006587 20150331
cloud0_tkemenade 29617727343 21252 3212

1722680111.0090497 20150365
cloud_controller_tkemenade 13256996899 24628 4707

1722680111.0094666 20150365
cloud0_tkemenade 29617727343 21268 3214

1722680112.0118546 20150478
cloud_controller_tkemenade 13256996899 24716 4712

1722680112.0123618 20150478
cloud0_tkemenade 29617727343 21290 3217

1722680112.1128433 20150488
cloud_controller_tkemenade 13257863462 24719 4713

1722680112.1133156 20150488
cloud0_tkemenade 29618300054 21292 3218

1722680113.115542 20150552
cloud_controller_tkemenade 13257863462 24746 4722

1722680113.1160488 20150552
cloud0_tkemenade 29618300054 21328 3225

1722680114.1184719 20150617
cloud_controller_tkemenade 13257863462 24774 4730

1722680114.118912 20150617
cloud0_tkemenade 29618300054 21367 3230

1722680115.1213033 20150689
cloud_controller_tkemenade 13257863462 24812 4738

1722680115.121711 20150689
cloud0_tkemenade 29618300054 21401 3236

1722680116.1241364 20150788
cloud_controller_tkemenade 13257863462 24898 4742

1722680116.1245868 20150788
cloud0_tkemenade 29618300054 21417 3241

1722680117.1270053 20150827
cloud_controller_tkemenade 13257863462 24922 4749

1722680117.1274216 20150827
cloud0_tkemenade 29618300054 21429 3245

1722680118.1298785 20150881
cloud_controller_tkemenade 13257863462 24959 4758

1722680118.1303248 20150881
cloud0_tkemenade 29618300054 21443 3252

1722680119.1326694 20150928
cloud_controller_tkemenade 13257863462 24984 4765

1722680119.1331165 20150928
cloud0_tkemenade 29618300054 21472 3256

1722680119.333711 20150942
cloud_controller_tkemenade 13258850189 24992 4767

1722680119.3342056 20150942
cloud0_tkemenade 29618962871 21474 3257

1722680120.3366575 20150980
cloud_controller_tkemenade 13258850189 25013 4774

1722680120.3371322 20150980
cloud0_tkemenade 29618962871 21490 3260

1722680121.3395782 20151024
cloud_controller_tkemenade 13258850189 25040 4780

1722680121.3400404 20151024
cloud0_tkemenade 29618962871 21501 3262

1722680122.3424292 20151076
cloud_controller_tkemenade 13258850189 25071 4789

1722680122.3428142 20151076
cloud0_tkemenade 29618962871 21523 3267

1722680123.345173 20151138
cloud_controller_tkemenade 13258850189 25092 4799

1722680123.345697 20151138
cloud0_tkemenade 29618962871 21561 3274

1722680124.3481095 20151192
cloud_controller_tkemenade 13258850189 25119 4807

1722680124.3485894 20151192
cloud0_tkemenade 29618962871 21586 3278

1722680125.3511155 20151244
cloud_controller_tkemenade 13258850189 25153 4817

1722680125.3516507 20151244
cloud0_tkemenade 29618962871 21597 3280

1722680126.354099 20151320
cloud_controller_tkemenade 13258850189 25189 4822

1722680126.3546169 20151320
cloud0_tkemenade 29618962871 21637 3285

1722680126.4550989 20151341
cloud_controller_tkemenade 13259684512 25197 4824

1722680126.455603 20151341
cloud0_tkemenade 29619593540 21640 3287

1722680127.457901 20151417
cloud_controller_tkemenade 13259684512 25227 4834

1722680127.4583614 20151417
cloud0_tkemenade 29619593540 21687 3292

1722680128.4609017 20151466
cloud_controller_tkemenade 13259684512 25248 4840

1722680128.4614112 20151466
cloud0_tkemenade 29619593540 21712 3294

1722680129.4638767 20151529
cloud_controller_tkemenade 13259684512 25280 4848

1722680129.4643571 20151529
cloud0_tkemenade 29619593540 21742 3299

1722680130.4668097 20151620
cloud_controller_tkemenade 13259684512 25331 4861

1722680130.467249 20151620
cloud0_tkemenade 29619593540 21782 3305

1722680131.4696991 20151662
cloud_controller_tkemenade 13259684512 25358 4867

1722680131.4701242 20151662
cloud0_tkemenade 29619593540 21804 3307

1722680132.4726002 20151709
cloud_controller_tkemenade 13259684512 25384 4870

1722680132.4730244 20151709
cloud0_tkemenade 29619593540 21825 3311

1722680133.4751828 20151835
cloud_controller_tkemenade 13259684512 25414 4878

1722680133.475724 20151835
cloud0_tkemenade 29619593540 21903 3319

1722680133.676448 20151850
cloud_controller_tkemenade 13260533550 25418 4879

1722680133.6769872 20151850
cloud0_tkemenade 29620499782 21904 3321

1722680134.679459 20151914
cloud_controller_tkemenade 13260533550 25450 4886

1722680134.6799932 20151914
cloud0_tkemenade 29620499782 21931 3325

1722680135.6824477 20151962
cloud_controller_tkemenade 13260533550 25480 4894

1722680135.6829696 20151962
cloud0_tkemenade 29620499782 21942 3327

1722680136.685476 20152006
cloud_controller_tkemenade 13260533550 25502 4898

1722680136.686035 20152006
cloud0_tkemenade 29620499782 21959 3331

1722680137.688301 20152087
cloud_controller_tkemenade 13260533550 25563 4905

1722680137.6888046 20152087
cloud0_tkemenade 29620499782 21980 3337

1722680138.6911962 20152147
cloud_controller_tkemenade 13260533550 25582 4912

1722680138.6916919 20152147
cloud0_tkemenade 29620499782 22022 3338

1722680139.6940136 20152201
cloud_controller_tkemenade 13260533550 25610 4919

1722680139.6944902 20152201
cloud0_tkemenade 29620499782 22049 3343

1722680140.6969082 20152260
cloud_controller_tkemenade 13261386170 25648 4926

1722680140.697399 20152260
cloud0_tkemenade 29621061116 22063 3346

1722680141.6995306 20152330
cloud_controller_tkemenade 13261386170 25689 4934

1722680141.700073 20152330
cloud0_tkemenade 29621061116 22082 3353

1722680142.702532 20152366
cloud_controller_tkemenade 13261386170 25715 4940

1722680142.7030418 20152366
cloud0_tkemenade 29621061116 22097 3357

1722680143.7055562 20152445
cloud_controller_tkemenade 13261386170 25742 4950

1722680143.7061312 20152446
cloud0_tkemenade 29621061116 22133 3362

1722680144.7085903 20152526
cloud_controller_tkemenade 13261386170 25776 4958

1722680144.709113 20152526
cloud0_tkemenade 29621061116 22174 3364

1722680145.7115192 20152584
cloud_controller_tkemenade 13261386170 25804 4966

1722680145.7120013 20152584
cloud0_tkemenade 29621061116 22200 3368

1722680146.7144485 20152627
cloud_controller_tkemenade 13261386170 25827 4972

1722680146.714961 20152627
cloud0_tkemenade 29621061116 22218 3370

1722680147.7172694 20152680
cloud_controller_tkemenade 13261386170 25864 4980

1722680147.7178159 20152680
cloud0_tkemenade 29621061116 22235 3375

1722680147.8182602 20152686
cloud_controller_tkemenade 13262210481 25865 4982

1722680147.8187313 20152686
cloud0_tkemenade 29621671046 22236 3375

1722680148.8211694 20152744
cloud_controller_tkemenade 13262210481 25898 4988

1722680148.821655 20152744
cloud0_tkemenade 29621671046 22261 3379

1722680149.8241599 20152792
cloud_controller_tkemenade 13262210481 25925 4996

1722680149.8245769 20152792
cloud0_tkemenade 29621671046 22281 3380

1722680150.8270566 20152882
cloud_controller_tkemenade 13262210481 25951 5003

1722680150.8275244 20152882
cloud0_tkemenade 29621671046 22347 3384

1722680151.8299866 20152960
cloud_controller_tkemenade 13262210481 25991 5013

1722680151.8304696 20152960
cloud0_tkemenade 29621671046 22388 3389

1722680152.8329604 20153001
cloud_controller_tkemenade 13262210481 26014 5019

1722680152.8334537 20153001
cloud0_tkemenade 29621671046 22406 3390

1722680153.8359983 20153082
cloud_controller_tkemenade 13262210481 26040 5027

1722680153.8365622 20153082
cloud0_tkemenade 29621671046 22447 3396

1722680154.8388262 20153143
cloud_controller_tkemenade 13262210481 26072 5036

1722680154.8393774 20153143
cloud0_tkemenade 29621671046 22466 3400

1722680155.1403072 20153164
cloud_controller_tkemenade 13263031629 26086 5039

1722680155.1408215 20153164
cloud0_tkemenade 29622444591 22472 3400

1722680156.1431751 20153250
cloud_controller_tkemenade 13263031629 26127 5045

1722680156.1437395 20153250
cloud0_tkemenade 29622444591 22512 3405

1722680157.1462612 20153335
cloud_controller_tkemenade 13263031629 26168 5054

1722680157.1467755 20153335
cloud0_tkemenade 29622444591 22559 3415

1722680158.1493146 20153382
cloud_controller_tkemenade 13263031629 26196 5062

1722680158.149895 20153382
cloud0_tkemenade 29622444591 22579 3419

1722680159.1522903 20153437
cloud_controller_tkemenade 13263031629 26218 5070

1722680159.152806 20153437
cloud0_tkemenade 29622444591 22609 3426

1722680160.1553075 20153525
cloud_controller_tkemenade 13263031629 26263 5084

1722680160.155823 20153525
cloud0_tkemenade 29622444591 22655 3432

1722680161.1583495 20153582
cloud_controller_tkemenade 13263031629 26303 5094

1722680161.1588597 20153582
cloud0_tkemenade 29622444591 22677 3436

1722680162.1613088 20153634
cloud_controller_tkemenade 13263031629 26333 5100

1722680162.1618798 20153636
cloud0_tkemenade 29622444591 22706 3441

1722680162.3625362 20153685
cloud_controller_tkemenade 13263978527 26341 5102

1722680162.3630612 20153685
cloud0_tkemenade 29623322786 22744 3441

1722680163.3655798 20153790
cloud_controller_tkemenade 13263978527 26371 5109

1722680163.3661354 20153790
cloud0_tkemenade 29623322786 22822 3443

1722680164.368646 20153870
cloud_controller_tkemenade 13263978527 26396 5115

1722680164.3691912 20153870
cloud0_tkemenade 29623322786 22861 3449

1722680165.371553 20153914
cloud_controller_tkemenade 13263978527 26425 5121

1722680165.372051 20153914
cloud0_tkemenade 29623322786 22880 3453

1722680166.374373 20153954
cloud_controller_tkemenade 13263978527 26454 5128

1722680166.374801 20153954
cloud0_tkemenade 29623322786 22896 3456

1722680167.3771987 20153998
cloud_controller_tkemenade 13263978527 26479 5137

1722680167.3776574 20153998
cloud0_tkemenade 29623322786 22920 3460

1722680168.3799438 20154051
cloud_controller_tkemenade 13263978527 26505 5143

1722680168.3803656 20154051
cloud0_tkemenade 29623322786 22949 3463

1722680169.3827417 20154100
cloud_controller_tkemenade 13263978527 26526 5152

1722680169.3832207 20154100
cloud0_tkemenade 29623322786 22975 3467

1722680169.4836729 20154101
cloud_controller_tkemenade 13264694090 26528 5152

1722680169.4840763 20154101
cloud0_tkemenade 29624152599 22975 3467

1722680170.4864795 20154142
cloud_controller_tkemenade 13264694090 26548 5159

1722680170.4868786 20154142
cloud0_tkemenade 29624152599 22997 3469

1722680171.4893217 20154242
cloud_controller_tkemenade 13264694090 26623 5163

1722680171.4897938 20154244
cloud0_tkemenade 29624152599 23011 3480

1722680172.492272 20154321
cloud_controller_tkemenade 13264694090 26670 5168

1722680172.4926798 20154321
cloud0_tkemenade 29624152599 23014 3509

1722680173.4950445 20154394
cloud_controller_tkemenade 13264694090 26694 5175

1722680173.495456 20154394
cloud0_tkemenade 29624152599 23031 3515

1722680174.4978895 20154500
cloud_controller_tkemenade 13264694090 26718 5181

1722680174.4984398 20154500
cloud0_tkemenade 29624152599 23074 3524

1722680175.5007463 20154611
cloud_controller_tkemenade 13264694090 26753 5186

1722680175.501213 20154611
cloud0_tkemenade 29624152599 23123 3528

1722680176.503556 20154740
cloud_controller_tkemenade 13264694090 26839 5195

1722680176.5039852 20154740
cloud0_tkemenade 29624152599 23140 3530

1722680176.6044576 20154749
cloud_controller_tkemenade 13265745301 26840 5196

1722680176.6049082 20154749
cloud0_tkemenade 29624835738 23142 3531

1722680177.6073215 20154826
cloud_controller_tkemenade 13265745301 26871 5200

1722680177.6077416 20154826
cloud0_tkemenade 29624835738 23156 3535

1722680178.6102374 20154911
cloud_controller_tkemenade 13265745301 26912 5202

1722680178.6108117 20154911
cloud0_tkemenade 29624835738 23182 3541

1722680179.6131985 20154973
cloud_controller_tkemenade 13265745301 26937 5208

1722680179.613645 20154973
cloud0_tkemenade 29624835738 23202 3545

1722680180.615999 20155040
cloud_controller_tkemenade 13265745301 26952 5220

1722680180.6164064 20155040
cloud0_tkemenade 29624835738 23238 3548

1722680181.6189122 20155121
cloud_controller_tkemenade 13265745301 26977 5256

1722680181.6194007 20155121
cloud0_tkemenade 29624835738 23254 3551

1722680182.6218498 20155201
cloud_controller_tkemenade 13265745301 26994 5269

1722680182.6223056 20155201
cloud0_tkemenade 29624835738 23281 3555

1722680183.6247637 20155292
cloud_controller_tkemenade 13265745301 27018 5276

1722680183.6252358 20155292
cloud0_tkemenade 29624835738 23312 3558

1722680183.7257054 20155308
cloud_controller_tkemenade 13266506806 27022 5277

1722680183.7261853 20155308
cloud0_tkemenade 29625412724 23317 3559

1722680184.7286663 20155387
cloud_controller_tkemenade 13266506806 27038 5291

1722680184.7292151 20155387
cloud0_tkemenade 29625412724 23347 3561

1722680185.7316206 20155497
cloud_controller_tkemenade 13266506806 27080 5299

1722680185.7321534 20155497
cloud0_tkemenade 29625412724 23388 3565

1722680186.7347856 20155603
cloud_controller_tkemenade 13266506806 27129 5304

1722680186.7353375 20155603
cloud0_tkemenade 29625412724 23421 3574

1722680187.7379067 20155695
cloud_controller_tkemenade 13266506806 27157 5311

1722680187.738462 20155695
cloud0_tkemenade 29625412724 23458 3578

1722680188.7409563 20155773
cloud_controller_tkemenade 13266506806 27187 5316

1722680188.7415202 20155773
cloud0_tkemenade 29625412724 23479 3582

1722680189.7440178 20155862
cloud_controller_tkemenade 13266506806 27226 5319

1722680189.744575 20155862
cloud0_tkemenade 29625412724 23504 3586

1722680190.747106 20155966
cloud_controller_tkemenade 13266506806 27273 5323

1722680190.7476597 20155966
cloud0_tkemenade 29625412724 23541 3594

1722680190.9483564 20155991
cloud_controller_tkemenade 13267421242 27280 5331

1722680190.9488716 20155991
cloud0_tkemenade 29626194846 23543 3595

1722680191.9514163 20156076
cloud_controller_tkemenade 13267421242 27305 5342

1722680191.9519653 20156076
cloud0_tkemenade 29626194846 23572 3599

1722680192.9545739 20156167
cloud_controller_tkemenade 13267421242 27331 5356

1722680192.955147 20156167
cloud0_tkemenade 29626194846 23603 3602

1722680193.9578624 20156266
cloud_controller_tkemenade 13267421242 27343 5387

1722680193.9584396 20156266
cloud0_tkemenade 29626194846 23665 3606

1722680194.9611504 20156341
cloud_controller_tkemenade 13267421242 27370 5401

1722680194.9617255 20156341
cloud0_tkemenade 29626194846 23686 3610

1722680195.964279 20156395
cloud_controller_tkemenade 13267421242 27401 5407

1722680195.9648075 20156395
cloud0_tkemenade 29626194846 23697 3613

1722680196.9674313 20156457
cloud_controller_tkemenade 13267421242 27429 5412

1722680196.9679773 20156457
cloud0_tkemenade 29626194846 23717 3617

1722680197.9705458 20156527
cloud_controller_tkemenade 13267421242 27457 5423

1722680197.9711173 20156527
cloud0_tkemenade 29626194846 23747 3621

1722680198.171718 20156552
cloud_controller_tkemenade 13268233490 27460 5426

1722680198.1722496 20156552
cloud0_tkemenade 29626919125 23766 3622

1722680199.17467 20156605
cloud_controller_tkemenade 13268233490 27481 5434

1722680199.175182 20156605
cloud0_tkemenade 29626919125 23793 3624

1722680200.1776967 20156652
cloud_controller_tkemenade 13268233490 27506 5441

1722680200.1782317 20156652
cloud0_tkemenade 29626919125 23814 3629

1722680201.1806839 20156696
cloud_controller_tkemenade 13268233490 27533 5446

1722680201.1811793 20156696
cloud0_tkemenade 29626919125 23830 3632

1722680202.1835387 20156757
cloud_controller_tkemenade 13268233490 27570 5453

1722680202.1840382 20156757
cloud0_tkemenade 29626919125 23851 3634

1722680203.1864665 20156798
cloud_controller_tkemenade 13268233490 27590 5457

1722680203.1869454 20156798
cloud0_tkemenade 29626919125 23870 3638

1722680204.1895127 20156879
cloud_controller_tkemenade 13268233490 27621 5463

1722680204.1900902 20156879
cloud0_tkemenade 29626919125 23919 3646

1722680205.192623 20156951
cloud_controller_tkemenade 13268937810 27650 5469

1722680205.1931362 20156951
cloud0_tkemenade 29627581486 23950 3654

1722680206.1955123 20156993
cloud_controller_tkemenade 13268937810 27680 5476

1722680206.196055 20156993
cloud0_tkemenade 29627581486 23962 3657

1722680207.1984656 20157034
cloud_controller_tkemenade 13268937810 27708 5482

1722680207.1988854 20157034
cloud0_tkemenade 29627581486 23975 3660

1722680208.201326 20157080
cloud_controller_tkemenade 13268937810 27742 5490

1722680208.2019055 20157080
cloud0_tkemenade 29627581486 23992 3666

1722680209.2043548 20157126
cloud_controller_tkemenade 13268937810 27762 5496

1722680209.204866 20157126
cloud0_tkemenade 29627581486 24015 3669

1722680210.2073748 20157169
cloud_controller_tkemenade 13268937810 27786 5500

1722680210.2078903 20157169
cloud0_tkemenade 29627581486 24038 3671

1722680211.2104843 20157274
cloud_controller_tkemenade 13268937810 27814 5506

1722680211.2109861 20157274
cloud0_tkemenade 29627581486 24116 3673

1722680212.213266 20157330
cloud_controller_tkemenade 13268937810 27851 5515

1722680212.2137978 20157331
cloud0_tkemenade 29627581486 24135 3678

1722680212.4144354 20157346
cloud_controller_tkemenade 13269726167 27858 5516

1722680212.4149175 20157346
cloud0_tkemenade 29628254550 24141 3679

1722680213.4175174 20157392
cloud_controller_tkemenade 13269726167 27882 5521

1722680213.418109 20157392
cloud0_tkemenade 29628254550 24168 3682

1722680214.4208584 20157467
cloud_controller_tkemenade 13269726167 27910 5530

1722680214.4214282 20157467
cloud0_tkemenade 29628254550 24212 3690

1722680215.424116 20157526
cloud_controller_tkemenade 13269726167 27946 5538

1722680215.4244928 20157526
cloud0_tkemenade 29628254550 24228 3693

1722680216.4265804 20157626
cloud_controller_tkemenade 13269726167 27992 5549

1722680216.4271393 20157626
cloud0_tkemenade 29628254550 24276 3698

1722680217.4295332 20157728
cloud_controller_tkemenade 13269726167 28023 5557

1722680217.4300838 20157728
cloud0_tkemenade 29628254550 24337 3704

1722680218.4326315 20157777
cloud_controller_tkemenade 13269726167 28050 5565

1722680218.433183 20157777
cloud0_tkemenade 29628254550 24359 3708

1722680219.4355402 20157840
cloud_controller_tkemenade 13269726167 28078 5574

1722680219.4360917 20157840
cloud0_tkemenade 29628254550 24390 3714

1722680219.6366947 20157854
cloud_controller_tkemenade 13270604537 28084 5577

1722680219.637192 20157854
cloud0_tkemenade 29629139020 24398 3715

1722680220.6395614 20157943
cloud_controller_tkemenade 13270604537 28132 5588

1722680220.6401153 20157943
cloud0_tkemenade 29629139020 24441 3722

1722680221.6424975 20158013
cloud_controller_tkemenade 13270604537 28172 5598

1722680221.6430488 20158013
cloud0_tkemenade 29629139020 24465 3725

1722680222.6452925 20158151
cloud_controller_tkemenade 13270604537 28211 5606

1722680222.6458728 20158151
cloud0_tkemenade 29629139020 24564 3730

1722680223.648009 20158230
cloud_controller_tkemenade 13270604537 28241 5611

1722680223.6485603 20158230
cloud0_tkemenade 29629139020 24608 3734

1722680224.6509135 20158295
cloud_controller_tkemenade 13270604537 28262 5617

1722680224.6514344 20158295
cloud0_tkemenade 29629139020 24649 3741

1722680225.6540644 20158350
cloud_controller_tkemenade 13270604537 28289 5627

1722680225.6546025 20158350
cloud0_tkemenade 29629139020 24667 3743

1722680226.657164 20158400
cloud_controller_tkemenade 13270604537 28320 5636

1722680226.6577122 20158400
cloud0_tkemenade 29629139020 24690 3744

1722680226.8583424 20158408
cloud_controller_tkemenade 13271509416 28324 5637

1722680226.8588595 20158408
cloud0_tkemenade 29630125610 24693 3745

1722680227.8613052 20158459
cloud_controller_tkemenade 13271509416 28348 5651

1722680227.8618698 20158460
cloud0_tkemenade 29630125610 24720 3751

1722680228.8643484 20158548
cloud_controller_tkemenade 13271509416 28372 5658

1722680228.8648586 20158548
cloud0_tkemenade 29630125610 24779 3752

1722680229.867336 20158592
cloud_controller_tkemenade 13271509416 28396 5666

1722680229.8678849 20158592
cloud0_tkemenade 29630125610 24797 3756

1722680230.8704946 20158630
cloud_controller_tkemenade 13271509416 28419 5674

1722680230.871014 20158630
cloud0_tkemenade 29630125610 24813 3760

1722680231.8736866 20158754
cloud_controller_tkemenade 13271509416 28514 5678

1722680231.8742564 20158754
cloud0_tkemenade 29630125610 24836 3763

1722680232.8765934 20158807
cloud_controller_tkemenade 13271509416 28543 5682

1722680232.877078 20158807
cloud0_tkemenade 29630125610 24855 3766

1722680233.8796418 20158876
cloud_controller_tkemenade 13271509416 28569 5689

1722680233.880164 20158876
cloud0_tkemenade 29630125610 24897 3770

1722680233.9805706 20158881
cloud_controller_tkemenade 13272421943 28572 5690

1722680233.9810584 20158881
cloud0_tkemenade 29630825214 24900 3770

1722680234.983622 20158950
cloud_controller_tkemenade 13272421943 28598 5695

1722680234.9841704 20158950
cloud0_tkemenade 29630825214 24942 3777

1722680235.986613 20159073
cloud_controller_tkemenade 13272421943 28685 5702

1722680235.9871347 20159073
cloud0_tkemenade 29630825214 24961 3780

1722680236.9897392 20159125
cloud_controller_tkemenade 13272421943 28729 5709

1722680236.9902873 20159125
cloud0_tkemenade 29630825214 24975 3783

1722680237.9928403 20159183
cloud_controller_tkemenade 13272421943 28772 5717

1722680237.9934046 20159183
cloud0_tkemenade 29630825214 24991 3788

1722680238.995958 20159236
cloud_controller_tkemenade 13272421943 28799 5722

1722680238.996487 20159236
cloud0_tkemenade 29630825214 25018 3791

1722680239.9988618 20159272
cloud_controller_tkemenade 13272421943 28824 5728

1722680239.9993646 20159272
cloud0_tkemenade 29630825214 25036 3795

1722680241.0018911 20159304
cloud_controller_tkemenade 13273403281 28844 5735

1722680241.0022116 20159304
cloud0_tkemenade 29631387725 25051 3799

1722680242.0045733 20159360
cloud_controller_tkemenade 13273403281 28883 5741

1722680242.0051262 20159360
cloud0_tkemenade 29631387725 25072 3804

1722680243.0075798 20159404
cloud_controller_tkemenade 13273403281 28906 5748

1722680243.0081062 20159404
cloud0_tkemenade 29631387725 25100 3808

1722680244.010557 20159452
cloud_controller_tkemenade 13273403281 28933 5756

1722680244.011102 20159452
cloud0_tkemenade 29631387725 25125 3810

1722680245.0135834 20159507
cloud_controller_tkemenade 13273403281 28956 5766

1722680245.0141406 20159507
cloud0_tkemenade 29631387725 25156 3816

1722680246.0165749 20159609
cloud_controller_tkemenade 13273403281 28999 5771

1722680246.0170813 20159609
cloud0_tkemenade 29631387725 25200 3821

1722680247.019435 20159693
cloud_controller_tkemenade 13273403281 29040 5780

1722680247.0199604 20159693
cloud0_tkemenade 29631387725 25246 3827

1722680248.022472 20159724
cloud_controller_tkemenade 13273403281 29061 5788

1722680248.0230162 20159724
cloud0_tkemenade 29631387725 25261 3830

1722680248.223744 20159743
cloud_controller_tkemenade 13274227403 29069 5790

1722680248.2242656 20159743
cloud0_tkemenade 29632130638 25268 3831

1722680249.2267325 20159791
cloud_controller_tkemenade 13274227403 29095 5802

1722680249.2272468 20159791
cloud0_tkemenade 29632130638 25291 3835

1722680250.2297397 20159873
cloud_controller_tkemenade 13274227403 29144 5808

1722680250.2303083 20159873
cloud0_tkemenade 29632130638 25326 3841

1722680251.2328367 20159923
cloud_controller_tkemenade 13274227403 29172 5813

1722680251.2333038 20159923
cloud0_tkemenade 29632130638 25352 3846

1722680252.2359047 20159988
cloud_controller_tkemenade 13274227403 29213 5819

1722680252.236468 20159988
cloud0_tkemenade 29632130638 25381 3850

1722680253.2390094 20160064
cloud_controller_tkemenade 13274227403 29241 5826

1722680253.23951 20160064
cloud0_tkemenade 29632130638 25430 3852

1722680254.2420278 20160111
cloud_controller_tkemenade 13274227403 29264 5835

1722680254.2425659 20160111
cloud0_tkemenade 29632130638 25455 3854

1722680255.2450578 20160157
cloud_controller_tkemenade 13274227403 29291 5841

1722680255.2455444 20160157
cloud0_tkemenade 29632130638 25480 3862

1722680255.3460386 20160167
cloud_controller_tkemenade 13275091893 29298 5841

1722680255.3465042 20160167
cloud0_tkemenade 29632884375 25480 3862

1722680256.3489454 20160224
cloud_controller_tkemenade 13275091893 29319 5846

1722680256.3494837 20160224
cloud0_tkemenade 29632884375 25497 3864

1722680257.3517857 20160284
cloud_controller_tkemenade 13275091893 29356 5853

1722680257.3522375 20160284
cloud0_tkemenade 29632884375 25524 3869

1722680258.3546546 20160381
cloud_controller_tkemenade 13275091893 29415 5862

1722680258.3552003 20160381
cloud0_tkemenade 29632884375 25553 3872

1722680259.3577192 20160432
cloud_controller_tkemenade 13275091893 29440 5868

1722680259.358244 20160432
cloud0_tkemenade 29632884375 25581 3875

1722680260.360735 20160478
cloud_controller_tkemenade 13275091893 29460 5878

1722680260.3612413 20160478
cloud0_tkemenade 29632884375 25595 3879

1722680261.363782 20160533
cloud_controller_tkemenade 13275091893 29485 5881

1722680261.364322 20160533
cloud0_tkemenade 29632884375 25624 3883

1722680262.368032 20160586
cloud_controller_tkemenade 13275091893 29522 5890

1722680262.3685033 20160586
cloud0_tkemenade 29632884375 25641 3887

1722680262.4691646 20160591
cloud_controller_tkemenade 13275932576 29526 5890

1722680262.4696171 20160591
cloud0_tkemenade 29633446846 25643 3887

1722680263.472092 20160630
cloud_controller_tkemenade 13275932576 29548 5895

1722680263.4725192 20160630
cloud0_tkemenade 29633446846 25662 3891

1722680264.4750044 20160694
cloud_controller_tkemenade 13275932576 29575 5905

1722680264.4755461 20160694
cloud0_tkemenade 29633446846 25696 3898

1722680265.47803 20160762
cloud_controller_tkemenade 13275932576 29605 5912

1722680265.4784777 20160762
cloud0_tkemenade 29633446846 25735 3901

1722680266.4809878 20160826
cloud_controller_tkemenade 13275932576 29635 5918

1722680266.4814796 20160826
cloud0_tkemenade 29633446846 25751 3908

1722680267.4838338 20160868
cloud_controller_tkemenade 13275932576 29669 5924

1722680267.4843116 20160868
cloud0_tkemenade 29633446846 25764 3913

1722680268.4867744 20160920
cloud_controller_tkemenade 13275932576 29703 5931

1722680268.4872146 20160920
cloud0_tkemenade 29633446846 25789 3918

1722680269.489612 20160968
cloud_controller_tkemenade 13275932576 29724 5938

1722680269.4900885 20160968
cloud0_tkemenade 29633446846 25808 3920

1722680269.5905101 20160981
cloud_controller_tkemenade 13276695026 29725 5939

1722680269.5909507 20160981
cloud0_tkemenade 29634061042 25812 3921

1722680270.5934293 20161024
cloud_controller_tkemenade 13276695026 29746 5949

1722680270.5939507 20161026
cloud0_tkemenade 29634061042 25836 3925

1722680271.596429 20161135
cloud_controller_tkemenade 13276695026 29774 5958

1722680271.5969026 20161135
cloud0_tkemenade 29634061042 25917 3927

1722680272.5993507 20161194
cloud_controller_tkemenade 13276695026 29808 5967

1722680272.5997794 20161194
cloud0_tkemenade 29634061042 25945 3932

1722680273.6022258 20161258
cloud_controller_tkemenade 13276695026 29834 5973

1722680273.6027353 20161258
cloud0_tkemenade 29634061042 25975 3935

1722680274.6051552 20161309
cloud_controller_tkemenade 13276695026 29865 5981

1722680274.6055784 20161309
cloud0_tkemenade 29634061042 25999 3938

1722680275.608079 20161371
cloud_controller_tkemenade 13276695026 29895 5990

1722680275.6085303 20161371
cloud0_tkemenade 29634061042 26035 3943

1722680276.6109135 20161478
cloud_controller_tkemenade 13276695026 29942 6002

1722680276.611252 20161478
cloud0_tkemenade 29634061042 26091 3949

1722680276.7116241 20161493
cloud_controller_tkemenade 13277566593 29943 6002

1722680276.7120109 20161493
cloud0_tkemenade 29635038443 26096 3949

1722680277.7142797 20161552
cloud_controller_tkemenade 13277566593 29970 6005

1722680277.7147212 20161552
cloud0_tkemenade 29635038443 26129 3953

1722680278.7172177 20161597
cloud_controller_tkemenade 13277566593 29997 6012

1722680278.7176757 20161597
cloud0_tkemenade 29635038443 26150 3957

1722680279.7201638 20161658
cloud_controller_tkemenade 13277566593 30027 6018

1722680279.720695 20161658
cloud0_tkemenade 29635038443 26183 3961

1722680280.7231593 20161758
cloud_controller_tkemenade 13277566593 30086 6024

1722680280.7236261 20161758
cloud0_tkemenade 29635038443 26225 3965

1722680281.7261164 20161820
cloud_controller_tkemenade 13277566593 30109 6030

1722680281.7266138 20161820
cloud0_tkemenade 29635038443 26255 3969

1722680282.729043 20161945
cloud_controller_tkemenade 13277566593 30143 6037

1722680282.729493 20161945
cloud0_tkemenade 29635038443 26349 3973

1722680283.731837 20162011
cloud_controller_tkemenade 13277566593 30168 6043

1722680283.7322586 20162011
cloud0_tkemenade 29635038443 26390 3976

1722680283.8327339 20162022
cloud_controller_tkemenade 13278389768 30171 6044

1722680283.8331938 20162022
cloud0_tkemenade 29636046601 26395 3977

1722680284.835644 20162062
cloud_controller_tkemenade 13278389768 30194 6051

1722680284.836097 20162062
cloud0_tkemenade 29636046601 26411 3981

1722680285.838485 20162114
cloud_controller_tkemenade 13278389768 30219 6058

1722680285.8388991 20162114
cloud0_tkemenade 29636046601 26440 3985

1722680286.8412929 20162157
cloud_controller_tkemenade 13278389768 30246 6067

1722680286.841798 20162158
cloud0_tkemenade 29636046601 26461 3991

1722680287.8442957 20162212
cloud_controller_tkemenade 13278389768 30272 6070

1722680287.8448193 20162212
cloud0_tkemenade 29636046601 26484 3996

1722680288.8472626 20162317
cloud_controller_tkemenade 13278389768 30304 6078

1722680288.8477397 20162317
cloud0_tkemenade 29636046601 26547 4002

1722680289.850188 20162357
cloud_controller_tkemenade 13278389768 30327 6086

1722680289.8506033 20162357
cloud0_tkemenade 29636046601 26567 4006

1722680290.8530533 20162385
cloud_controller_tkemenade 13278389768 30348 6093

1722680290.8534715 20162385
cloud0_tkemenade 29636046601 26581 4009

1722680290.953932 20162397
cloud_controller_tkemenade 13279084302 30352 6094

1722680290.954382 20162397
cloud0_tkemenade 29636704898 26589 4009

1722680291.9568582 20162500
cloud_controller_tkemenade 13279084302 30436 6098

1722680291.9572885 20162500
cloud0_tkemenade 29636704898 26613 4014

1722680292.959625 20162552
cloud_controller_tkemenade 13279084302 30467 6107

1722680292.960049 20162552
cloud0_tkemenade 29636704898 26638 4016

1722680293.9625094 20162610
cloud_controller_tkemenade 13279084302 30491 6113

1722680293.962914 20162610
cloud0_tkemenade 29636704898 26678 4019

1722680294.965346 20162662
cloud_controller_tkemenade 13279084302 30516 6119

1722680294.9657524 20162662
cloud0_tkemenade 29636704898 26706 4024

1722680295.9683073 20162764
cloud_controller_tkemenade 13279084302 30596 6126

1722680295.9687123 20162764
cloud0_tkemenade 29636704898 26731 4028

1722680296.9710796 20162808
cloud_controller_tkemenade 13279084302 30628 6135

1722680296.9715083 20162808
cloud0_tkemenade 29636704898 26744 4032

1722680297.973984 20162876
cloud_controller_tkemenade 13279084302 30671 6142

1722680297.9744802 20162876
cloud0_tkemenade 29636704898 26758 4034

1722680298.0749412 20162882
cloud_controller_tkemenade 13280276735 30674 6143

1722680298.0753832 20162882
cloud0_tkemenade 29637354147 26762 4035

1722680299.0776777 20162946
cloud_controller_tkemenade 13280276735 30702 6152

1722680299.0781205 20162946
cloud0_tkemenade 29637354147 26796 4039

1722680300.0805235 20162979
cloud_controller_tkemenade 13280276735 30725 6155

1722680300.0809407 20162979
cloud0_tkemenade 29637354147 26810 4041

1722680301.0833707 20163022
cloud_controller_tkemenade 13280276735 30751 6161

1722680301.0837703 20163022
cloud0_tkemenade 29637354147 26826 4046

1722680302.0862412 20163088
cloud_controller_tkemenade 13280276735 30787 6165

1722680302.0867538 20163088
cloud0_tkemenade 29637354147 26848 4048

1722680303.089119 20163144
cloud_controller_tkemenade 13280276735 30817 6173

1722680303.0895567 20163144
cloud0_tkemenade 29637354147 26877 4051

1722680304.0920362 20163201
cloud_controller_tkemenade 13280276735 30844 6178

1722680304.0924628 20163201
cloud0_tkemenade 29637354147 26905 4054

1722680305.0947495 20163246
cloud_controller_tkemenade 13280276735 30875 6184

1722680305.0951707 20163246
cloud0_tkemenade 29637354147 26921 4055

1722680305.195575 20163265
cloud_controller_tkemenade 13281015341 30876 6185

1722680305.1960235 20163265
cloud0_tkemenade 29637934905 26935 4058

1722680306.1981957 20163373
cloud_controller_tkemenade 13281015341 30915 6191

1722680306.1987517 20163373
cloud0_tkemenade 29637934905 27004 4063

1722680307.2013037 20163455
cloud_controller_tkemenade 13281015341 30950 6200

1722680307.2018347 20163455
cloud0_tkemenade 29637934905 27054 4068

1722680308.204233 20163498
cloud_controller_tkemenade 13281015341 30974 6208

1722680308.2047787 20163498
cloud0_tkemenade 29637934905 27075 4071

1722680309.207234 20163560
cloud_controller_tkemenade 13281015341 31009 6218

1722680309.2076626 20163560
cloud0_tkemenade 29637934905 27103 4077

1722680310.2100997 20163630
cloud_controller_tkemenade 13281015341 31047 6227

1722680310.210509 20163630
cloud0_tkemenade 29637934905 27136 4083

1722680311.2129252 20163684
cloud_controller_tkemenade 13281015341 31077 6235

1722680311.2133465 20163684
cloud0_tkemenade 29637934905 27160 4088

1722680312.2155743 20163730
cloud_controller_tkemenade 13281015341 31100 6242

1722680312.216004 20163730
cloud0_tkemenade 29637934905 27182 4092

1722680312.3164594 20163742
cloud_controller_tkemenade 13281921491 31109 6244

1722680312.316892 20163742
cloud0_tkemenade 29638841055 27183 4093

1722680313.319321 20163821
cloud_controller_tkemenade 13281921491 31140 6255

1722680313.3197372 20163821
cloud0_tkemenade 29638841055 27228 4097

1722680314.3221872 20163865
cloud_controller_tkemenade 13281921491 31161 6263

1722680314.3225982 20163865
cloud0_tkemenade 29638841055 27254 4101

1722680315.325051 20163915
cloud_controller_tkemenade 13281921491 31187 6274

1722680315.3254635 20163915
cloud0_tkemenade 29638841055 27285 4106

1722680316.327852 20163958
cloud_controller_tkemenade 13281921491 31218 6279

1722680316.3282564 20163958
cloud0_tkemenade 29638841055 27297 4112

1722680317.330704 20164071
cloud_controller_tkemenade 13281921491 31311 6285

1722680317.331102 20164071
cloud0_tkemenade 29638841055 27322 4119

1722680318.3333986 20164140
cloud_controller_tkemenade 13281921491 31331 6293

1722680318.3337488 20164140
cloud0_tkemenade 29638841055 27353 4123

1722680319.3358438 20164211
cloud_controller_tkemenade 13281921491 31362 6299

1722680319.3363378 20164211
cloud0_tkemenade 29638841055 27384 4126

1722680319.436978 20164216
cloud_controller_tkemenade 13282882386 31363 6300

1722680319.4374552 20164216
cloud0_tkemenade 29639564806 27385 4126

1722680320.439862 20164254
cloud_controller_tkemenade 13282882386 31385 6306

1722680320.4403014 20164254
cloud0_tkemenade 29639564806 27402 4128

1722680321.442744 20164309
cloud_controller_tkemenade 13282882386 31414 6312

1722680321.4431865 20164309
cloud0_tkemenade 29639564806 27434 4131

1722680322.4456656 20164363
cloud_controller_tkemenade 13282882386 31450 6320

1722680322.4461796 20164363
cloud0_tkemenade 29639564806 27449 4136

1722680323.4486458 20164408
cloud_controller_tkemenade 13282882386 31475 6327

1722680323.4490566 20164408
cloud0_tkemenade 29639564806 27471 4138

1722680324.451474 20164473
cloud_controller_tkemenade 13282882386 31503 6335

1722680324.4518886 20164473
cloud0_tkemenade 29639564806 27510 4142

1722680325.4543862 20164536
cloud_controller_tkemenade 13282882386 31525 6340

1722680325.4549005 20164536
cloud0_tkemenade 29639564806 27551 4147

1722680326.4573684 20164583
cloud_controller_tkemenade 13282882386 31556 6347

1722680326.4579127 20164583
cloud0_tkemenade 29639564806 27571 4151

1722680326.5583827 20164593
cloud_controller_tkemenade 13283621265 31559 6348

1722680326.558907 20164593
cloud0_tkemenade 29640206384 27573 4152

1722680327.5613787 20164637
cloud_controller_tkemenade 13283621265 31596 6356

1722680327.5619252 20164637
cloud0_tkemenade 29640206384 27586 4154

1722680328.5642679 20164697
cloud_controller_tkemenade 13283621265 31628 6362

1722680328.5648146 20164697
cloud0_tkemenade 29640206384 27605 4157

1722680329.5674677 20164757
cloud_controller_tkemenade 13283621265 31656 6367

1722680329.5680115 20164757
cloud0_tkemenade 29640206384 27630 4162

1722680330.5702586 20164812
cloud_controller_tkemenade 13283621265 31682 6374

1722680330.5708058 20164812
cloud0_tkemenade 29640206384 27654 4164

1722680331.5732899 20164924
cloud_controller_tkemenade 13283621265 31709 6381

1722680331.5738416 20164925
cloud0_tkemenade 29640206384 27742 4166

1722680332.576294 20164980
cloud_controller_tkemenade 13283621265 31743 6389

1722680332.5768502 20164980
cloud0_tkemenade 29640206384 27763 4170

1722680333.5793972 20165042
cloud_controller_tkemenade 13283621265 31773 6396

1722680333.5799115 20165042
cloud0_tkemenade 29640206384 27790 4171

1722680333.6803446 20165045
cloud_controller_tkemenade 13284425189 31775 6398

1722680333.680818 20165045
cloud0_tkemenade 29640931433 27791 4172

1722680334.6833138 20165094
cloud_controller_tkemenade 13284425189 31801 6408

1722680334.6838682 20165094
cloud0_tkemenade 29640931433 27813 4177

1722680335.6864498 20165159
cloud_controller_tkemenade 13284425189 31824 6414

1722680335.6870265 20165159
cloud0_tkemenade 29640931433 27856 4185

1722680336.689734 20165264
cloud_controller_tkemenade 13284425189 31867 6425

1722680336.6903458 20165264
cloud0_tkemenade 29640931433 27906 4193

1722680337.692959 20165333
cloud_controller_tkemenade 13284425189 31898 6432

1722680337.6935196 20165333
cloud0_tkemenade 29640931433 27943 4200

1722680338.6960783 20165385
cloud_controller_tkemenade 13284425189 31923 6441

1722680338.6966102 20165385
cloud0_tkemenade 29640931433 27963 4203

1722680339.6991687 20165448
cloud_controller_tkemenade 13284425189 31958 6451

1722680339.6996925 20165448
cloud0_tkemenade 29640931433 27996 4208

1722680340.7021813 20165541
cloud_controller_tkemenade 13284425189 32012 6459

1722680340.7027342 20165541
cloud0_tkemenade 29640931433 28034 4219

1722680340.8032212 20165550
cloud_controller_tkemenade 13285343190 32013 6461

1722680340.8036942 20165550
cloud0_tkemenade 29641819335 28036 4220

1722680341.8061495 20165602
cloud_controller_tkemenade 13285343190 32037 6468

1722680341.8066852 20165602
cloud0_tkemenade 29641819335 28065 4223

1722680342.8092794 20165738
cloud_controller_tkemenade 13285343190 32077 6474

1722680342.8098574 20165738
cloud0_tkemenade 29641819335 28165 4225

1722680343.81238 20165806
cloud_controller_tkemenade 13285343190 32105 6481

1722680343.8129144 20165806
cloud0_tkemenade 29641819335 28203 4229

1722680344.8154263 20165845
cloud_controller_tkemenade 13285343190 32128 6489

1722680344.8159695 20165845
cloud0_tkemenade 29641819335 28223 4232

1722680345.8184216 20165895
cloud_controller_tkemenade 13285343190 32150 6495

1722680345.818927 20165895
cloud0_tkemenade 29641819335 28250 4238

1722680346.8214617 20165947
cloud_controller_tkemenade 13285343190 32184 6502

1722680346.8220332 20165948
cloud0_tkemenade 29641819335 28272 4243

1722680347.8244953 20166006
cloud_controller_tkemenade 13285343190 32217 6510

1722680347.8250465 20166006
cloud0_tkemenade 29641819335 28298 4246

1722680347.9255338 20166015
cloud_controller_tkemenade 13286112728 32221 6512

1722680347.9260695 20166015
cloud0_tkemenade 29642691882 28301 4246

1722680348.928431 20166098
cloud_controller_tkemenade 13286112728 32245 6521

1722680348.9289632 20166098
cloud0_tkemenade 29642691882 28344 4250

1722680349.9314702 20166148
cloud_controller_tkemenade 13286112728 32274 6526

1722680349.9320066 20166148
cloud0_tkemenade 29642691882 28364 4254

1722680350.9345694 20166185
cloud_controller_tkemenade 13286112728 32297 6533

1722680350.9350827 20166185
cloud0_tkemenade 29642691882 28378 4256

1722680351.9375784 20166290
cloud_controller_tkemenade 13286112728 32377 6540

1722680351.9381342 20166290
cloud0_tkemenade 29642691882 28403 4260

1722680352.9406111 20166352
cloud_controller_tkemenade 13286112728 32427 6544

1722680352.941112 20166352
cloud0_tkemenade 29642691882 28421 4264

1722680353.9435084 20166426
cloud_controller_tkemenade 13286112728 32451 6553

1722680353.9440377 20166426
cloud0_tkemenade 29642691882 28471 4270

1722680354.946084 20166487
cloud_controller_tkemenade 13287076251 32476 6560

1722680354.9466052 20166487
cloud0_tkemenade 29643391469 28497 4277

1722680355.9491181 20166586
cloud_controller_tkemenade 13287076251 32549 6564

1722680355.9496443 20166586
cloud0_tkemenade 29643391469 28524 4282

1722680356.9521568 20166650
cloud_controller_tkemenade 13287076251 32594 6567

1722680356.9526606 20166650
cloud0_tkemenade 29643391469 28548 4285

1722680357.9551818 20166706
cloud_controller_tkemenade 13287076251 32639 6573

1722680357.955711 20166706
cloud0_tkemenade 29643391469 28564 4288

1722680358.9581594 20166765
cloud_controller_tkemenade 13287076251 32666 6580

1722680358.9586902 20166765
cloud0_tkemenade 29643391469 28590 4294

1722680359.961253 20166814
cloud_controller_tkemenade 13287076251 32686 6591

1722680359.9618053 20166815
cloud0_tkemenade 29643391469 28622 4297

1722680360.9643204 20166844
cloud_controller_tkemenade 13287076251 32710 6596

1722680360.9648182 20166844
cloud0_tkemenade 29643391469 28633 4300

1722680361.9673498 20166907
cloud_controller_tkemenade 13287076251 32742 6603

1722680361.9678977 20166907
cloud0_tkemenade 29643391469 28663 4302

1722680362.1685607 20166918
cloud_controller_tkemenade 13288028154 32747 6603

1722680362.1690578 20166918
cloud0_tkemenade 29643996137 28665 4303

1722680363.1716309 20166978
cloud_controller_tkemenade 13288028154 32780 6609

1722680363.1721768 20166978
cloud0_tkemenade 29643996137 28697 4309

1722680364.1747053 20167023
cloud_controller_tkemenade 13288028154 32800 6615

1722680364.175253 20167023
cloud0_tkemenade 29643996137 28723 4312

1722680365.177726 20167066
cloud_controller_tkemenade 13288028154 32832 6624

1722680365.1782594 20167066
cloud0_tkemenade 29643996137 28734 4314

1722680366.1808472 20167152
cloud_controller_tkemenade 13288028154 32866 6635

1722680366.1813962 20167152
cloud0_tkemenade 29643996137 28783 4319

1722680367.1839943 20167242
cloud_controller_tkemenade 13288028154 32907 6642

1722680367.1845136 20167242
cloud0_tkemenade 29643996137 28836 4326

1722680368.1870294 20167282
cloud_controller_tkemenade 13288028154 32935 6649

1722680368.1875544 20167282
cloud0_tkemenade 29643996137 28853 4328

1722680369.190085 20167345
cloud_controller_tkemenade 13288028154 32965 6656

1722680369.1906347 20167345
cloud0_tkemenade 29643996137 28882 4334

1722680369.2911077 20167358
cloud_controller_tkemenade 13288848429 32968 6656

1722680369.2915852 20167358
cloud0_tkemenade 29644747807 28884 4334

1722680370.2940326 20167443
cloud_controller_tkemenade 13288848429 33013 6668

1722680370.2945988 20167443
cloud0_tkemenade 29644747807 28928 4340

1722680371.297109 20167478
cloud_controller_tkemenade 13288848429 33035 6676

1722680371.2976325 20167478
cloud0_tkemenade 29644747807 28943 4344

1722680372.300068 20167543
cloud_controller_tkemenade 13288848429 33068 6682

1722680372.3006234 20167543
cloud0_tkemenade 29644747807 28974 4349

1722680373.303079 20167610
cloud_controller_tkemenade 13288848429 33102 6689

1722680373.3036275 20167610
cloud0_tkemenade 29644747807 29015 4353

1722680374.3060503 20167654
cloud_controller_tkemenade 13288848429 33126 6695

1722680374.3066063 20167654
cloud0_tkemenade 29644747807 29039 4359

1722680375.3091214 20167688
cloud_controller_tkemenade 13288848429 33148 6706

1722680375.3096344 20167688
cloud0_tkemenade 29644747807 29051 4364

1722680376.3121061 20167735
cloud_controller_tkemenade 13288848429 33174 6713

1722680376.3125687 20167735
cloud0_tkemenade 29644747807 29075 4368

1722680376.513263 20167745
cloud_controller_tkemenade 13289638608 33180 6714

1722680376.513731 20167746
cloud0_tkemenade 29645428486 29079 4371

1722680377.5161912 20167800
cloud_controller_tkemenade 13289638608 33206 6722

1722680377.5166016 20167800
cloud0_tkemenade 29645428486 29104 4376

1722680378.5190728 20167872
cloud_controller_tkemenade 13289638608 33231 6729

1722680378.5194962 20167872
cloud0_tkemenade 29645428486 29149 4379

1722680379.522031 20167938
cloud_controller_tkemenade 13289638608 33259 6738

1722680379.5226648 20167938
cloud0_tkemenade 29645428486 29178 4381

1722680380.5249538 20167976
cloud_controller_tkemenade 13289638608 33277 6745

1722680380.5254512 20167976
cloud0_tkemenade 29645428486 29196 4383

1722680381.5279207 20168037
cloud_controller_tkemenade 13289638608 33316 6752

1722680381.5283558 20168037
cloud0_tkemenade 29645428486 29215 4387

1722680382.5307245 20168077
cloud_controller_tkemenade 13289638608 33337 6759

1722680382.5311387 20168077
cloud0_tkemenade 29645428486 29236 4391

1722680383.5335143 20168139
cloud_controller_tkemenade 13289638608 33374 6765

1722680383.534065 20168140
cloud0_tkemenade 29645428486 29265 4394

1722680383.7347498 20168164
cloud_controller_tkemenade 13290386150 33379 6766

1722680383.7352326 20168164
cloud0_tkemenade 29646069236 29277 4398

1722680384.7376177 20168218
cloud_controller_tkemenade 13290386150 33405 6774

1722680384.7381346 20168218
cloud0_tkemenade 29646069236 29308 4400

1722680385.740655 20168272
cloud_controller_tkemenade 13290386150 33432 6782

1722680385.7410705 20168272
cloud0_tkemenade 29646069236 29335 4409

1722680386.743516 20168328
cloud_controller_tkemenade 13290386150 33461 6789

1722680386.74391 20168328
cloud0_tkemenade 29646069236 29359 4413

1722680387.7463794 20168386
cloud_controller_tkemenade 13290386150 33497 6796

1722680387.7467866 20168386
cloud0_tkemenade 29646069236 29379 4417

1722680388.7492576 20168444
cloud_controller_tkemenade 13290386150 33529 6805

1722680388.749687 20168444
cloud0_tkemenade 29646069236 29404 4421

1722680389.7520292 20168505
cloud_controller_tkemenade 13290386150 33554 6817

1722680389.752548 20168505
cloud0_tkemenade 29646069236 29424 4422

1722680390.75497 20168576
cloud_controller_tkemenade 13290386150 33579 6821

1722680390.755397 20168576
cloud0_tkemenade 29646069236 29477 4425

1722680390.8558576 20168604
cloud_controller_tkemenade 13291162621 33580 6821

1722680390.8563225 20168604
cloud0_tkemenade 29646791324 29497 4425

1722680391.8587258 20168692
cloud_controller_tkemenade 13291162621 33621 6830

1722680391.8592007 20168692
cloud0_tkemenade 29646791324 29546 4430

1722680392.8616836 20168735
cloud_controller_tkemenade 13291162621 33638 6835

1722680392.8621023 20168735
cloud0_tkemenade 29646791324 29572 4433

1722680393.8645797 20168797
cloud_controller_tkemenade 13291162621 33670 6842

1722680393.8649979 20168797
cloud0_tkemenade 29646791324 29602 4436

1722680394.86748 20168837
cloud_controller_tkemenade 13291162621 33693 6849

1722680394.8678784 20168837
cloud0_tkemenade 29646791324 29618 4438

1722680395.8703203 20168921
cloud_controller_tkemenade 13291162621 33731 6858

1722680395.8707182 20168921
cloud0_tkemenade 29646791324 29662 4443

1722680396.8731894 20169027
cloud_controller_tkemenade 13291162621 33772 6865

1722680396.8735979 20169027
cloud0_tkemenade 29646791324 29728 4452

1722680397.8759568 20169072
cloud_controller_tkemenade 13291162621 33794 6874

1722680397.87637 20169072
cloud0_tkemenade 29646791324 29752 4457

1722680398.0770538 20169083
cloud_controller_tkemenade 13291974989 33801 6874

1722680398.0775201 20169083
cloud0_tkemenade 29647705238 29754 4457

1722680399.0799923 20169149
cloud_controller_tkemenade 13291974989 33832 6879

1722680399.0804644 20169149
cloud0_tkemenade 29647705238 29785 4460

1722680400.0828915 20169233
cloud_controller_tkemenade 13291974989 33870 6888

1722680400.0834372 20169233
cloud0_tkemenade 29647705238 29815 4470

1722680401.085874 20169282
cloud_controller_tkemenade 13291974989 33905 6897

1722680401.0862796 20169282
cloud0_tkemenade 29647705238 29833 4474

1722680402.0887773 20169330
cloud_controller_tkemenade 13291974989 33926 6906

1722680402.0892258 20169330
cloud0_tkemenade 29647705238 29857 4478

1722680403.0916436 20169467
cloud_controller_tkemenade 13291974989 33956 6914

1722680403.0920515 20169467
cloud0_tkemenade 29647705238 29963 4482

1722680404.0944374 20169524
cloud_controller_tkemenade 13291974989 33985 6921

1722680404.094876 20169524
cloud0_tkemenade 29647705238 29994 4487

1722680405.0973618 20169560
cloud_controller_tkemenade 13292767119 34003 6930

1722680405.0980833 20169560
cloud0_tkemenade 29648582348 30009 4491

1722680406.1005292 20169588
cloud_controller_tkemenade 13292767119 34027 6938

1722680406.1009645 20169588
cloud0_tkemenade 29648582348 30017 4495

1722680407.1033616 20169646
cloud_controller_tkemenade 13292767119 34060 6946

1722680407.1037576 20169646
cloud0_tkemenade 29648582348 30050 4502

1722680408.1062407 20169710
cloud_controller_tkemenade 13292767119 34086 6954

1722680408.1066604 20169710
cloud0_tkemenade 29648582348 30091 4509

1722680409.109152 20169768
cloud_controller_tkemenade 13292767119 34116 6963

1722680409.1095772 20169768
cloud0_tkemenade 29648582348 30120 4513

1722680410.112054 20169834
cloud_controller_tkemenade 13292767119 34137 6969

1722680410.112533 20169834
cloud0_tkemenade 29648582348 30139 4517

1722680411.1149297 20169883
cloud_controller_tkemenade 13292767119 34163 6973

1722680411.1153436 20169883
cloud0_tkemenade 29648582348 30166 4520

1722680412.1177588 20169982
cloud_controller_tkemenade 13292767119 34242 6977

1722680412.1182323 20169982
cloud0_tkemenade 29648582348 30187 4524

1722680412.2186573 20169988
cloud_controller_tkemenade 13293631261 34244 6977

1722680412.219132 20169988
cloud0_tkemenade 29649228944 30189 4524

1722680413.2216203 20170043
cloud_controller_tkemenade 13293631261 34271 6984

1722680413.22206 20170043
cloud0_tkemenade 29649228944 30220 4528

1722680414.2245362 20170116
cloud_controller_tkemenade 13293631261 34308 6992

1722680414.224946 20170116
cloud0_tkemenade 29649228944 30260 4534

1722680415.2272584 20170169
cloud_controller_tkemenade 13293631261 34328 6999

1722680415.227661 20170169
cloud0_tkemenade 29649228944 30289 4538

1722680416.2300866 20170266
cloud_controller_tkemenade 13293631261 34412 7006

1722680416.230479 20170266
cloud0_tkemenade 29649228944 30301 4543

1722680417.232884 20170326
cloud_controller_tkemenade 13293631261 34448 7016

1722680417.2332788 20170326
cloud0_tkemenade 29649228944 30326 4548

1722680418.235511 20170381
cloud_controller_tkemenade 13293631261 34483 7025

1722680418.2359257 20170381
cloud0_tkemenade 29649228944 30347 4552

1722680419.238392 20170443
cloud_controller_tkemenade 13293631261 34510 7033

1722680419.2388792 20170443
cloud0_tkemenade 29649228944 30378 4558

1722680419.5398123 20170461
cloud_controller_tkemenade 13294599243 34517 7034

1722680419.540286 20170461
cloud0_tkemenade 29649897731 30382 4559

1722680420.5427814 20170517
cloud_controller_tkemenade 13294599243 34542 7039

1722680420.5433168 20170517
cloud0_tkemenade 29649897731 30402 4562

1722680421.5458004 20170567
cloud_controller_tkemenade 13294599243 34568 7044

1722680421.546351 20170567
cloud0_tkemenade 29649897731 30416 4565

1722680422.5488944 20170632
cloud_controller_tkemenade 13294599243 34599 7051

1722680422.5494456 20170632
cloud0_tkemenade 29649897731 30444 4569

1722680423.5519488 20170688
cloud_controller_tkemenade 13294599243 34628 7058

1722680423.5524082 20170688
cloud0_tkemenade 29649897731 30473 4572

1722680424.5549319 20170738
cloud_controller_tkemenade 13294599243 34652 7064

1722680424.5553434 20170738
cloud0_tkemenade 29649897731 30500 4574

1722680425.557817 20170776
cloud_controller_tkemenade 13294599243 34681 7074

1722680425.55823 20170776
cloud0_tkemenade 29649897731 30512 4577

1722680426.5608032 20170882
cloud_controller_tkemenade 13294599243 34731 7083

1722680426.5612564 20170882
cloud0_tkemenade 29649897731 30569 4584

1722680426.6617415 20170892
cloud_controller_tkemenade 13295397846 34732 7084

1722680426.6622093 20170892
cloud0_tkemenade 29650539627 30577 4584

1722680427.664728 20170964
cloud_controller_tkemenade 13295397846 34760 7090

1722680427.6652105 20170964
cloud0_tkemenade 29650539627 30623 4587

1722680428.6677089 20171007
cloud_controller_tkemenade 13295397846 34784 7098

1722680428.6681433 20171007
cloud0_tkemenade 29650539627 30638 4591

1722680429.6705716 20171070
cloud_controller_tkemenade 13295397846 34817 7107

1722680429.6709857 20171070
cloud0_tkemenade 29650539627 30668 4597

1722680430.6736102 20171163
cloud_controller_tkemenade 13295397846 34860 7118

1722680430.674168 20171163
cloud0_tkemenade 29650539627 30706 4605

1722680431.6766691 20171213
cloud_controller_tkemenade 13295397846 34892 7126

1722680431.6771636 20171213
cloud0_tkemenade 29650539627 30729 4610

1722680432.6796908 20171270
cloud_controller_tkemenade 13295397846 34917 7133

1722680432.6802022 20171270
cloud0_tkemenade 29650539627 30755 4618

1722680433.6827412 20171351
cloud_controller_tkemenade 13295397846 34951 7141

1722680433.6832654 20171351
cloud0_tkemenade 29650539627 30800 4620

1722680433.9842074 20171378
cloud_controller_tkemenade 13296244396 34961 7143

1722680433.9846954 20171378
cloud0_tkemenade 29651362497 30814 4622

1722680434.987212 20171412
cloud_controller_tkemenade 13296244396 34979 7148

1722680434.9876945 20171412
cloud0_tkemenade 29651362497 30828 4625

1722680435.9901385 20171452
cloud_controller_tkemenade 13296244396 35004 7154

1722680435.9906294 20171452
cloud0_tkemenade 29651362497 30839 4627

1722680436.9931567 20171517
cloud_controller_tkemenade 13296244396 35034 7162

1722680436.9936469 20171517
cloud0_tkemenade 29651362497 30871 4631

1722680437.996198 20171613
cloud_controller_tkemenade 13296244396 35095 7172

1722680437.9967175 20171613
cloud0_tkemenade 29651362497 30904 4635

1722680438.9992402 20171683
cloud_controller_tkemenade 13296244396 35120 7182

1722680438.9997354 20171683
cloud0_tkemenade 29651362497 30944 4638

1722680440.0021627 20171722
cloud_controller_tkemenade 13296244396 35144 7190

1722680440.0026445 20171722
cloud0_tkemenade 29651362497 30958 4640

1722680441.0051796 20171773
cloud_controller_tkemenade 13296244396 35164 7195

1722680441.005683 20171773
cloud0_tkemenade 29651362497 30974 4642

1722680441.1061535 20171787
cloud_controller_tkemenade 13297025450 35165 7196

1722680441.1066506 20171787
cloud0_tkemenade 29651919110 30977 4642

1722680442.1090887 20171844
cloud_controller_tkemenade 13297025450 35203 7204

1722680442.1096156 20171844
cloud0_tkemenade 29651919110 30997 4647

1722680443.1121328 20171892
cloud_controller_tkemenade 13297025450 35224 7214

1722680443.1125998 20171892
cloud0_tkemenade 29651919110 31023 4654

1722680444.1150107 20171961
cloud_controller_tkemenade 13297025450 35254 7225

1722680444.1155124 20171961
cloud0_tkemenade 29651919110 31057 4659

1722680445.1179006 20172021
cloud_controller_tkemenade 13297025450 35278 7231

1722680445.1182199 20172021
cloud0_tkemenade 29651919110 31088 4666

1722680446.1205137 20172054
cloud_controller_tkemenade 13297025450 35300 7241

1722680446.120971 20172054
cloud0_tkemenade 29651919110 31099 4668

1722680447.123458 20172114
cloud_controller_tkemenade 13297025450 35335 7250

1722680447.1239522 20172114
cloud0_tkemenade 29651919110 31122 4675

1722680448.126473 20172187
cloud_controller_tkemenade 13297025450 35378 7257

1722680448.126994 20172187
cloud0_tkemenade 29651919110 31143 4679

1722680448.2274873 20172201
cloud_controller_tkemenade 13297846496 35380 7257

1722680448.2279682 20172201
cloud0_tkemenade 29652536392 31144 4679

1722680449.2303224 20172256
cloud_controller_tkemenade 13297846496 35409 7263

1722680449.2307763 20172256
cloud0_tkemenade 29652536392 31168 4688

1722680450.233227 20172298
cloud_controller_tkemenade 13297846496 35441 7270

1722680450.233716 20172298
cloud0_tkemenade 29652536392 31182 4689

1722680451.2360878 20172412
cloud_controller_tkemenade 13297846496 35460 7277

1722680451.2366188 20172412
cloud0_tkemenade 29652536392 31267 4695

1722680452.2389135 20172468
cloud_controller_tkemenade 13297846496 35492 7288

1722680452.239428 20172468
cloud0_tkemenade 29652536392 31287 4698

1722680453.241913 20172534
cloud_controller_tkemenade 13297846496 35517 7295

1722680453.2423987 20172534
cloud0_tkemenade 29652536392 31327 4701

1722680454.2449098 20172591
cloud_controller_tkemenade 13297846496 35553 7300

1722680454.245406 20172591
cloud0_tkemenade 29652536392 31348 4706

1722680455.247721 20172629
cloud_controller_tkemenade 13297846496 35573 7306

1722680455.2482257 20172629
cloud0_tkemenade 29652536392 31360 4708

1722680455.4489377 20172643
cloud_controller_tkemenade 13298582873 35578 7307

1722680455.4494274 20172643
cloud0_tkemenade 29653266831 31362 4709

1722680456.4518723 20172732
cloud_controller_tkemenade 13298582873 35615 7318

1722680456.4524398 20172732
cloud0_tkemenade 29653266831 31408 4715

1722680457.4548926 20172837
cloud_controller_tkemenade 13298582873 35652 7324

1722680457.4554396 20172837
cloud0_tkemenade 29653266831 31468 4723

1722680458.457888 20172882
cloud_controller_tkemenade 13298582873 35676 7330

1722680458.4584355 20172882
cloud0_tkemenade 29653266831 31490 4729

1722680459.461099 20172945
cloud_controller_tkemenade 13298582873 35706 7338

1722680459.4616287 20172945
cloud0_tkemenade 29653266831 31519 4735

1722680460.4641995 20173040
cloud_controller_tkemenade 13298582873 35760 7346

1722680460.464716 20173040
cloud0_tkemenade 29653266831 31555 4745

1722680461.4672282 20173108
cloud_controller_tkemenade 13298582873 35782 7356

1722680461.4677584 20173108
cloud0_tkemenade 29653266831 31578 4751

1722680462.4701147 20173216
cloud_controller_tkemenade 13298582873 35810 7364

1722680462.4706073 20173216
cloud0_tkemenade 29653266831 31656 4754

1722680462.5710666 20173239
cloud_controller_tkemenade 13299470272 35812 7364

1722680462.5715075 20173239
cloud0_tkemenade 29654300605 31676 4754

1722680463.5738575 20173319
cloud_controller_tkemenade 13299470272 35841 7372

1722680463.5742943 20173319
cloud0_tkemenade 29654300605 31734 4758

1722680464.5766983 20173372
cloud_controller_tkemenade 13299470272 35871 7381

1722680464.5771148 20173372
cloud0_tkemenade 29654300605 31757 4761

1722680465.5793858 20173399
cloud_controller_tkemenade 13299470272 35889 7390

1722680465.579797 20173399
cloud0_tkemenade 29654300605 31767 4765

1722680466.5820024 20173445
cloud_controller_tkemenade 13299470272 35917 7396

1722680466.5824327 20173445
cloud0_tkemenade 29654300605 31788 4771

1722680467.5849018 20173511
cloud_controller_tkemenade 13299470272 35951 7401

1722680467.5853477 20173511
cloud0_tkemenade 29654300605 31823 4774

1722680468.5876284 20173574
cloud_controller_tkemenade 13299470272 35980 7407

1722680468.588133 20173574
cloud0_tkemenade 29654300605 31859 4779

1722680469.5905643 20173676
cloud_controller_tkemenade 13300215282 36009 7412

1722680469.5910594 20173676
cloud0_tkemenade 29655199443 31924 4783

1722680470.5935469 20173714
cloud_controller_tkemenade 13300215282 36038 7416

1722680470.5940645 20173714
cloud0_tkemenade 29655199443 31934 4786

1722680471.5964546 20173846
cloud_controller_tkemenade 13300215282 36117 7422

1722680471.5969923 20173846
cloud0_tkemenade 29655199443 31968 4788

1722680472.5993793 20173886
cloud_controller_tkemenade 13300215282 36136 7433

1722680472.5999024 20173886
cloud0_tkemenade 29655199443 31982 4792

1722680473.6023564 20173948
cloud_controller_tkemenade 13300215282 36160 7440

1722680473.6028204 20173948
cloud0_tkemenade 29655199443 32009 4798

1722680474.6053221 20174059
cloud_controller_tkemenade 13300215282 36202 7444

1722680474.6058393 20174060
cloud0_tkemenade 29655199443 32048 4805

1722680475.6081946 20174131
cloud_controller_tkemenade 13300215282 36228 7445

1722680475.608682 20174131
cloud0_tkemenade 29655199443 32081 4812

