1722680722.4790852 20210768
cloud_controller_tkemenade 13310781280 17376 2934
cloud0_tkemenade 29664770470 13934 2237

1722680723.4818482 20210842
cloud_controller_tkemenade 13310781280 17405 2945

1722680723.4822538 20210842
cloud0_tkemenade 29664770470 13949 2240

1722680724.4844618 20210896
cloud_controller_tkemenade 13310781280 17441 2950

1722680724.4850237 20210896
cloud0_tkemenade 29664770470 13963 2242

1722680724.7859979 20210913
cloud_controller_tkemenade 13311787828 17449 2951

1722680724.7865355 20210913
cloud0_tkemenade 29666668232 13967 2242

1722680725.7891977 20210994
cloud_controller_tkemenade 13311787828 17482 2961

1722680725.78981 20210994
cloud0_tkemenade 29666668232 14012 2248

1722680726.7925813 20211100
cloud_controller_tkemenade 13311787828 17520 2969

1722680726.7931678 20211100
cloud0_tkemenade 29666668232 14085 2254

1722680727.7958899 20211173
cloud_controller_tkemenade 13311787828 17546 2978

1722680727.7964456 20211173
cloud0_tkemenade 29666668232 14123 2259

1722680728.7990003 20211226
cloud_controller_tkemenade 13311787828 17570 2983

1722680728.7995763 20211226
cloud0_tkemenade 29666668232 14149 2263

1722680729.8021307 20211301
cloud_controller_tkemenade 13311787828 17611 2992

1722680729.8027294 20211301
cloud0_tkemenade 29666668232 14183 2270

1722680730.805513 20211402
cloud_controller_tkemenade 13311787828 17688 2999

1722680730.8061268 20211402
cloud0_tkemenade 29666668232 14209 2276

1722680731.8088017 20211466
cloud_controller_tkemenade 13311787828 17710 3007

1722680731.8093855 20211466
cloud0_tkemenade 29666668232 14255 2282

1722680731.9098952 20211480
cloud_controller_tkemenade 13312766886 17713 3007

1722680731.9104111 20211480
cloud0_tkemenade 29667683890 14264 2282

1722680732.9129822 20211526
cloud_controller_tkemenade 13312766886 17747 3012

1722680732.9135392 20211526
cloud0_tkemenade 29667683890 14280 2284

1722680733.9161532 20211582
cloud_controller_tkemenade 13312766886 17776 3021

1722680733.9167337 20211582
cloud0_tkemenade 29667683890 14303 2290

1722680734.919304 20211622
cloud_controller_tkemenade 13312766886 17799 3029

1722680734.9198692 20211622
cloud0_tkemenade 29667683890 14319 2293

1722680735.922428 20211664
cloud_controller_tkemenade 13312766886 17828 3036

1722680735.9229982 20211664
cloud0_tkemenade 29667683890 14332 2297

1722680736.9255934 20211718
cloud_controller_tkemenade 13312766886 17849 3043

1722680736.9261706 20211718
cloud0_tkemenade 29667683890 14364 2305

1722680737.9287865 20211799
cloud_controller_tkemenade 13312766886 17899 3056

1722680737.9293387 20211799
cloud0_tkemenade 29667683890 14390 2308

1722680738.931778 20211852
cloud_controller_tkemenade 13312766886 17922 3063

1722680738.932339 20211852
cloud0_tkemenade 29667683890 14415 2312

1722680739.1330934 20211872
cloud_controller_tkemenade 13313595398 17929 3064

1722680739.1336284 20211872
cloud0_tkemenade 29668272649 14421 2317

1722680740.1362078 20211929
cloud_controller_tkemenade 13313595398 17954 3068

1722680740.1367798 20211929
cloud0_tkemenade 29668272649 14454 2324

1722680741.1393025 20211988
cloud_controller_tkemenade 13313595398 17990 3078

1722680741.1398673 20211988
cloud0_tkemenade 29668272649 14479 2328

1722680742.1425016 20212052
cloud_controller_tkemenade 13313595398 18014 3087

1722680742.1430738 20212052
cloud0_tkemenade 29668272649 14517 2334

1722680743.145734 20212111
cloud_controller_tkemenade 13313595398 18051 3098

1722680743.146367 20212111
cloud0_tkemenade 29668272649 14538 2337

1722680744.1490982 20212170
cloud_controller_tkemenade 13313595398 18080 3104

1722680744.149629 20212170
cloud0_tkemenade 29668272649 14571 2341

1722680745.1522043 20212240
cloud_controller_tkemenade 13313595398 18112 3111

1722680745.152761 20212240
cloud0_tkemenade 29668272649 14620 2347

1722680746.155203 20212279
cloud_controller_tkemenade 13313595398 18130 3117

1722680746.1557486 20212279
cloud0_tkemenade 29668272649 14636 2350

1722680746.3564677 20212298
cloud_controller_tkemenade 13314365076 18133 3118

1722680746.3569791 20212298
cloud0_tkemenade 29669024497 14644 2350

1722680747.3594964 20212347
cloud_controller_tkemenade 13314365076 18158 3124

1722680747.360063 20212347
cloud0_tkemenade 29669024497 14670 2355

1722680748.3627105 20212440
cloud_controller_tkemenade 13314365076 18200 3128

1722680748.3632584 20212440
cloud0_tkemenade 29669024497 14719 2363

1722680749.3657992 20212481
cloud_controller_tkemenade 13314365076 18231 3136

1722680749.3663037 20212481
cloud0_tkemenade 29669024497 14732 2365

1722680750.3688977 20212539
cloud_controller_tkemenade 13314365076 18264 3148

1722680750.3694692 20212539
cloud0_tkemenade 29669024497 14762 2371

1722680751.372086 20212587
cloud_controller_tkemenade 13314365076 18294 3157

1722680751.3725839 20212587
cloud0_tkemenade 29669024497 14781 2374

1722680752.3751516 20212648
cloud_controller_tkemenade 13314365076 18327 3163

1722680752.3756738 20212648
cloud0_tkemenade 29669024497 14810 2378

1722680753.3782322 20212686
cloud_controller_tkemenade 13314365076 18353 3169

1722680753.3787353 20212686
cloud0_tkemenade 29669024497 14821 2380

1722680753.679602 20212701
cloud_controller_tkemenade 13315283336 18364 3173

1722680753.680137 20212701
cloud0_tkemenade 29669736884 14826 2381

1722680754.6825259 20212730
cloud_controller_tkemenade 13315283336 18384 3179

1722680754.6830907 20212730
cloud0_tkemenade 29669736884 14837 2384

1722680755.6858132 20212807
cloud_controller_tkemenade 13315283336 18417 3188

1722680755.6863923 20212807
cloud0_tkemenade 29669736884 14881 2387

1722680756.6890807 20212906
cloud_controller_tkemenade 13315283336 18456 3198

1722680756.6896708 20212906
cloud0_tkemenade 29669736884 14927 2398

1722680757.6918921 20213002
cloud_controller_tkemenade 13315283336 18486 3209

1722680757.6924613 20213002
cloud0_tkemenade 29669736884 14978 2402

1722680758.6948693 20213062
cloud_controller_tkemenade 13315283336 18507 3216

1722680758.6954348 20213062
cloud0_tkemenade 29669736884 15006 2406

1722680759.6980555 20213130
cloud_controller_tkemenade 13315283336 18544 3225

1722680759.6986225 20213130
cloud0_tkemenade 29669736884 15038 2411

1722680760.7012103 20213214
cloud_controller_tkemenade 13316162916 18594 3234

1722680760.7019002 20213216
cloud0_tkemenade 29670577170 15069 2416

1722680761.7044964 20213313
cloud_controller_tkemenade 13316162916 18633 3243

1722680761.7051249 20213313
cloud0_tkemenade 29670577170 15127 2421

1722680762.7076569 20213364
cloud_controller_tkemenade 13316162916 18657 3248

1722680762.7082727 20213364
cloud0_tkemenade 29670577170 15157 2424

1722680763.7109408 20213422
cloud_controller_tkemenade 13316162916 18687 3259

1722680763.7115297 20213422
cloud0_tkemenade 29670577170 15185 2429

1722680764.7141142 20213531
cloud_controller_tkemenade 13316162916 18713 3266

1722680764.7147138 20213531
cloud0_tkemenade 29670577170 15267 2434

1722680765.7173593 20213567
cloud_controller_tkemenade 13316162916 18737 3275

1722680765.717972 20213567
cloud0_tkemenade 29670577170 15277 2439

1722680766.720675 20213621
cloud_controller_tkemenade 13316162916 18760 3283

1722680766.721275 20213621
cloud0_tkemenade 29670577170 15311 2446

1722680767.7240438 20213685
cloud_controller_tkemenade 13316162916 18791 3291

1722680767.7246761 20213685
cloud0_tkemenade 29670577170 15348 2450

1722680767.9253936 20213705
cloud_controller_tkemenade 13316966425 18797 3294

1722680767.9259534 20213705
cloud0_tkemenade 29671530588 15354 2451

1722680768.9284408 20213765
cloud_controller_tkemenade 13316966425 18813 3299

1722680768.9290001 20213765
cloud0_tkemenade 29671530588 15386 2454

1722680769.9316936 20213831
cloud_controller_tkemenade 13316966425 18841 3308

1722680769.9322915 20213831
cloud0_tkemenade 29671530588 15424 2456

1722680770.9345934 20213884
cloud_controller_tkemenade 13316966425 18874 3318

1722680770.9349914 20213884
cloud0_tkemenade 29671530588 15446 2461

1722680771.9373455 20213952
cloud_controller_tkemenade 13316966425 18898 3326

1722680771.9379702 20213954
cloud0_tkemenade 29671530588 15488 2467

1722680772.9405262 20213994
cloud_controller_tkemenade 13316966425 18920 3334

1722680772.9410424 20213994
cloud0_tkemenade 29671530588 15504 2469

1722680773.943631 20214058
cloud_controller_tkemenade 13316966425 18946 3343

1722680773.9442058 20214058
cloud0_tkemenade 29671530588 15544 2476

1722680774.94649 20214110
cloud_controller_tkemenade 13316966425 18970 3350

1722680774.9470594 20214110
cloud0_tkemenade 29671530588 15574 2483

1722680775.247883 20214126
cloud_controller_tkemenade 13317670213 18980 3355

1722680775.248398 20214126
cloud0_tkemenade 29672287160 15578 2484

1722680776.2505603 20214169
cloud_controller_tkemenade 13317670213 19001 3363

1722680776.251136 20214169
cloud0_tkemenade 29672287160 15598 2488

1722680777.2536488 20214235
cloud_controller_tkemenade 13317670213 19028 3371

1722680777.254237 20214235
cloud0_tkemenade 29672287160 15636 2493

1722680778.2568927 20214326
cloud_controller_tkemenade 13317670213 19064 3377

1722680778.2574782 20214326
cloud0_tkemenade 29672287160 15688 2498

1722680779.2600384 20214377
cloud_controller_tkemenade 13317670213 19087 3382

1722680779.2606025 20214377
cloud0_tkemenade 29672287160 15700 2500

1722680780.2632082 20214461
cloud_controller_tkemenade 13317670213 19118 3389

1722680780.2637346 20214461
cloud0_tkemenade 29672287160 15728 2509

1722680781.2663445 20214539
cloud_controller_tkemenade 13317670213 19155 3396

1722680781.2668982 20214539
cloud0_tkemenade 29672287160 15769 2514

1722680782.2693815 20214628
cloud_controller_tkemenade 13317670213 19194 3407

1722680782.269908 20214630
cloud0_tkemenade 29672287160 15811 2519

1722680782.3703556 20214638
cloud_controller_tkemenade 13318486986 19198 3407

1722680782.3708658 20214638
cloud0_tkemenade 29673100919 15813 2519

1722680783.3734186 20214675
cloud_controller_tkemenade 13318486986 19222 3413

1722680783.3740103 20214676
cloud0_tkemenade 29673100919 15830 2520

1722680784.3765059 20214708
cloud_controller_tkemenade 13318486986 19249 3417

1722680784.3770795 20214708
cloud0_tkemenade 29673100919 15841 2522

1722680785.3796318 20214738
cloud_controller_tkemenade 13318486986 19272 3422

1722680785.380178 20214738
cloud0_tkemenade 29673100919 15852 2525

1722680786.382778 20214810
cloud_controller_tkemenade 13318486986 19302 3429

1722680786.3833408 20214810
cloud0_tkemenade 29673100919 15900 2531

1722680787.3860846 20214975
cloud_controller_tkemenade 13318486986 19404 3438

1722680787.3866718 20214975
cloud0_tkemenade 29673100919 15961 2537

1722680788.389273 20215079
cloud_controller_tkemenade 13318486986 19484 3445

1722680788.389844 20215080
cloud0_tkemenade 29673100919 15983 2542

1722680789.39175 20215144
cloud_controller_tkemenade 13318486986 19512 3449

1722680789.3922884 20215144
cloud0_tkemenade 29673100919 16002 2544

1722680789.492722 20215152
cloud_controller_tkemenade 13319600278 19515 3450

1722680789.4932134 20215152
cloud0_tkemenade 29673767671 16004 2544

1722680790.4954515 20215237
cloud_controller_tkemenade 13319600278 19567 3459

1722680790.496034 20215237
cloud0_tkemenade 29673767671 16042 2550

1722680791.4984827 20215294
cloud_controller_tkemenade 13319600278 19605 3467

1722680791.4990466 20215294
cloud0_tkemenade 29673767671 16064 2554

1722680792.5015082 20215343
cloud_controller_tkemenade 13319600278 19631 3472

1722680792.5020928 20215343
cloud0_tkemenade 29673767671 16093 2556

1722680793.5044785 20215398
cloud_controller_tkemenade 13319600278 19660 3479

1722680793.5050552 20215398
cloud0_tkemenade 29673767671 16111 2560

1722680794.5075297 20215441
cloud_controller_tkemenade 13319600278 19686 3488

1722680794.5080388 20215441
cloud0_tkemenade 29673767671 16126 2563

1722680795.5105562 20215483
cloud_controller_tkemenade 13319600278 19715 3494

1722680795.5111027 20215483
cloud0_tkemenade 29673767671 16142 2566

1722680796.5135777 20215513
cloud_controller_tkemenade 13319600278 19738 3500

1722680796.5141284 20215514
cloud0_tkemenade 29673767671 16157 2572

1722680796.6145728 20215526
cloud_controller_tkemenade 13320418012 19739 3500

1722680796.6150403 20215526
cloud0_tkemenade 29674312827 16159 2573

1722680797.6175396 20215595
cloud_controller_tkemenade 13320418012 19767 3509

1722680797.618117 20215595
cloud0_tkemenade 29674312827 16201 2577

1722680798.6206026 20215640
cloud_controller_tkemenade 13320418012 19791 3516

1722680798.621154 20215640
cloud0_tkemenade 29674312827 16228 2580

1722680799.6236637 20215692
cloud_controller_tkemenade 13320418012 19812 3523

1722680799.6241858 20215692
cloud0_tkemenade 29674312827 16248 2582

1722680800.6266625 20215758
cloud_controller_tkemenade 13320418012 19848 3530

1722680800.6270316 20215758
cloud0_tkemenade 29674312827 16281 2590

1722680801.629399 20215831
cloud_controller_tkemenade 13320418012 19880 3538

1722680801.6299062 20215831
cloud0_tkemenade 29674312827 16312 2594

1722680802.6321914 20215878
cloud_controller_tkemenade 13320418012 19901 3546

1722680802.632703 20215878
cloud0_tkemenade 29674312827 16339 2599

1722680803.635081 20215926
cloud_controller_tkemenade 13320418012 19931 3556

1722680803.6355867 20215926
cloud0_tkemenade 29674312827 16354 2604

1722680803.7360306 20215944
cloud_controller_tkemenade 13321245338 19932 3556

1722680803.736534 20215944
cloud0_tkemenade 29675077024 16367 2605

1722680804.7389002 20215994
cloud_controller_tkemenade 13321245338 19963 3563

1722680804.739484 20215994
cloud0_tkemenade 29675077024 16390 2609

1722680805.7421892 20216047
cloud_controller_tkemenade 13321245338 19986 3571

1722680805.7427642 20216047
cloud0_tkemenade 29675077024 16423 2616

1722680806.7453578 20216076
cloud_controller_tkemenade 13321245338 20010 3578

1722680806.7463841 20216077
cloud0_tkemenade 29675077024 16432 2621

1722680807.749068 20216148
cloud_controller_tkemenade 13321245338 20033 3585

1722680807.7496388 20216148
cloud0_tkemenade 29675077024 16485 2624

1722680808.7523322 20216224
cloud_controller_tkemenade 13321245338 20078 3593

1722680808.752867 20216224
cloud0_tkemenade 29675077024 16515 2628

1722680809.7552903 20216282
cloud_controller_tkemenade 13321245338 20110 3601

1722680809.7557433 20216282
cloud0_tkemenade 29675077024 16526 2630

1722680810.7578511 20216330
cloud_controller_tkemenade 13321245338 20131 3612

1722680810.7584097 20216330
cloud0_tkemenade 29675077024 16554 2636

1722680810.9591167 20216339
cloud_controller_tkemenade 13322015177 20135 3613

1722680810.9596438 20216339
cloud0_tkemenade 29675763637 16557 2636

1722680811.961906 20216398
cloud_controller_tkemenade 13322015177 20174 3622

1722680811.9624896 20216398
cloud0_tkemenade 29675763637 16582 2639

1722680812.9651365 20216442
cloud_controller_tkemenade 13322015177 20197 3628

1722680812.9657087 20216442
cloud0_tkemenade 29675763637 16603 2644

1722680813.9681442 20216479
cloud_controller_tkemenade 13322015177 20229 3636

1722680813.9687111 20216479
cloud0_tkemenade 29675763637 16610 2648

1722680814.9711897 20216514
cloud_controller_tkemenade 13322015177 20253 3642

1722680814.9717562 20216514
cloud0_tkemenade 29675763637 16620 2652

1722680815.9744902 20216616
cloud_controller_tkemenade 13322015177 20287 3651

1722680815.975012 20216616
cloud0_tkemenade 29675763637 16693 2660

1722680816.9775374 20216740
cloud_controller_tkemenade 13322015177 20329 3660

1722680816.9781396 20216740
cloud0_tkemenade 29675763637 16769 2667

1722680817.9806411 20216787
cloud_controller_tkemenade 13322015177 20346 3665

1722680817.9812024 20216787
cloud0_tkemenade 29675763637 16802 2672

1722680818.181866 20216807
cloud_controller_tkemenade 13322812967 20352 3666

1722680818.1824436 20216807
cloud0_tkemenade 29676621186 16814 2672

1722680819.1850958 20216858
cloud_controller_tkemenade 13322812967 20383 3674

1722680819.185676 20216858
cloud0_tkemenade 29676621186 16834 2675

1722680820.1883948 20216954
cloud_controller_tkemenade 13322812967 20434 3681

1722680820.1889596 20216954
cloud0_tkemenade 29676621186 16863 2679

1722680821.1916354 20217016
cloud_controller_tkemenade 13322812967 20469 3691

1722680821.1922174 20217016
cloud0_tkemenade 29676621186 16891 2684

1722680822.1949658 20217069
cloud_controller_tkemenade 13322812967 20494 3699

1722680822.1955245 20217069
cloud0_tkemenade 29676621186 16924 2687

1722680823.1980994 20217102
cloud_controller_tkemenade 13322812967 20515 3705

1722680823.1987543 20217102
cloud0_tkemenade 29676621186 16941 2690

1722680824.201393 20217225
cloud_controller_tkemenade 13322812967 20549 3715

1722680824.2019687 20217226
cloud0_tkemenade 29676621186 17031 2694

1722680825.2045093 20217268
cloud_controller_tkemenade 13322812967 20574 3726

1722680825.2050645 20217268
cloud0_tkemenade 29676621186 17048 2701

1722680825.3055618 20217276
cloud_controller_tkemenade 13323679930 20575 3727

1722680825.306086 20217276
cloud0_tkemenade 29677437151 17049 2701

1722680826.308795 20217328
cloud_controller_tkemenade 13323679930 20602 3733

1722680826.3093529 20217328
cloud0_tkemenade 29677437151 17073 2704

1722680827.3119926 20217393
cloud_controller_tkemenade 13323679930 20628 3741

1722680827.3125756 20217393
cloud0_tkemenade 29677437151 17117 2708

1722680828.3154297 20217449
cloud_controller_tkemenade 13323679930 20657 3749

1722680828.3160021 20217449
cloud0_tkemenade 29677437151 17148 2713

1722680829.318659 20217496
cloud_controller_tkemenade 13323679930 20686 3756

1722680829.3190453 20217496
cloud0_tkemenade 29677437151 17165 2716

1722680830.3215296 20217548
cloud_controller_tkemenade 13323679930 20708 3765

1722680830.3221014 20217548
cloud0_tkemenade 29677437151 17181 2719

1722680831.3248847 20217611
cloud_controller_tkemenade 13323679930 20737 3776

1722680831.32545 20217611
cloud0_tkemenade 29677437151 17217 2727

1722680832.3280003 20217681
cloud_controller_tkemenade 13323679930 20761 3783

1722680832.3285809 20217681
cloud0_tkemenade 29677437151 17261 2732

1722680832.4290283 20217691
cloud_controller_tkemenade 13324421909 20766 3784

1722680832.429494 20217691
cloud0_tkemenade 29678179130 17264 2734

1722680833.432133 20217744
cloud_controller_tkemenade 13324421909 20791 3790

1722680833.4326982 20217744
cloud0_tkemenade 29678179130 17294 2739

1722680834.4351897 20217804
cloud_controller_tkemenade 13324421909 20819 3794

1722680834.435762 20217804
cloud0_tkemenade 29678179130 17324 2744

1722680835.4383037 20217872
cloud_controller_tkemenade 13324421909 20847 3801

1722680835.438849 20217872
cloud0_tkemenade 29678179130 17364 2748

1722680836.4413598 20217910
cloud_controller_tkemenade 13324421909 20874 3809

1722680836.4419265 20217910
cloud0_tkemenade 29678179130 17379 2751

1722680837.444444 20217967
cloud_controller_tkemenade 13324421909 20898 3816

1722680837.4450014 20217967
cloud0_tkemenade 29678179130 17412 2757

1722680838.447408 20218055
cloud_controller_tkemenade 13324421909 20937 3822

1722680838.4479597 20218055
cloud0_tkemenade 29678179130 17467 2762

1722680839.450352 20218098
cloud_controller_tkemenade 13324421909 20965 3827

1722680839.450862 20218098
cloud0_tkemenade 29678179130 17479 2764

1722680839.5513656 20218104
cloud_controller_tkemenade 13325156809 20966 3828

1722680839.5518897 20218104
cloud0_tkemenade 29678926078 17481 2764

1722680840.5544906 20218162
cloud_controller_tkemenade 13325156809 20990 3839

1722680840.5550547 20218162
cloud0_tkemenade 29678926078 17497 2768

1722680841.5577624 20218284
cloud_controller_tkemenade 13325156809 21021 3847

1722680841.5583372 20218284
cloud0_tkemenade 29678926078 17590 2771

1722680842.5610921 20218363
cloud_controller_tkemenade 13325156809 21069 3853

1722680842.561656 20218363
cloud0_tkemenade 29678926078 17625 2777

1722680843.56419 20218390
cloud_controller_tkemenade 13325156809 21088 3858

1722680843.5647593 20218390
cloud0_tkemenade 29678926078 17637 2780

1722680844.567376 20218432
cloud_controller_tkemenade 13325156809 21119 3864

1722680844.567914 20218432
cloud0_tkemenade 29678926078 17647 2782

1722680845.5705705 20218480
cloud_controller_tkemenade 13325156809 21138 3870

1722680845.571141 20218480
cloud0_tkemenade 29678926078 17674 2786

1722680846.5739963 20218577
cloud_controller_tkemenade 13325156809 21184 3883

1722680846.5745714 20218577
cloud0_tkemenade 29678926078 17726 2795

1722680846.7753448 20218601
cloud_controller_tkemenade 13325981144 21187 3885

1722680846.775912 20218601
cloud0_tkemenade 29679768269 17743 2796

1722680847.7782853 20218724
cloud_controller_tkemenade 13325981144 21271 3890

1722680847.7788346 20218724
cloud0_tkemenade 29679768269 17785 2802

1722680848.7815812 20218831
cloud_controller_tkemenade 13325981144 21356 3895

1722680848.782173 20218832
cloud0_tkemenade 29679768269 17805 2806

1722680849.7849793 20218896
cloud_controller_tkemenade 13325981144 21395 3901

1722680849.7855587 20218896
cloud0_tkemenade 29679768269 17830 2808

1722680850.7884088 20219013
cloud_controller_tkemenade 13325981144 21462 3913

1722680850.7889807 20219013
cloud0_tkemenade 29679768269 17864 2813

1722680851.7913613 20219062
cloud_controller_tkemenade 13325981144 21497 3920

1722680851.791918 20219062
cloud0_tkemenade 29679768269 17882 2817

1722680852.7945168 20219113
cloud_controller_tkemenade 13325981144 21521 3927

1722680852.7950547 20219113
cloud0_tkemenade 29679768269 17909 2823

1722680853.7972908 20219155
cloud_controller_tkemenade 13325981144 21549 3933

1722680853.797883 20219155
cloud0_tkemenade 29679768269 17924 2827

1722680853.8983376 20219161
cloud_controller_tkemenade 13327235856 21551 3934

1722680853.898883 20219161
cloud0_tkemenade 29680445511 17924 2827

1722680854.9015737 20219202
cloud_controller_tkemenade 13327235856 21576 3940

1722680854.902162 20219202
cloud0_tkemenade 29680445511 17941 2829

1722680855.9048746 20219241
cloud_controller_tkemenade 13327235856 21599 3951

1722680855.9054434 20219241
cloud0_tkemenade 29680445511 17952 2832

1722680856.9081213 20219287
cloud_controller_tkemenade 13327235856 21625 3960

1722680856.9086902 20219287
cloud0_tkemenade 29680445511 17983 2836

1722680857.9112446 20219347
cloud_controller_tkemenade 13327235856 21647 3967

1722680857.9117906 20219347
cloud0_tkemenade 29680445511 18021 2841

1722680858.914525 20219401
cloud_controller_tkemenade 13327235856 21675 3974

1722680858.915113 20219401
cloud0_tkemenade 29680445511 18045 2845

1722680859.9176807 20219443
cloud_controller_tkemenade 13327235856 21697 3982

1722680859.9182749 20219443
cloud0_tkemenade 29680445511 18065 2849

1722680860.9208558 20219523
cloud_controller_tkemenade 13327235856 21722 3992

1722680860.9213703 20219523
cloud0_tkemenade 29680445511 18096 2856

1722680861.122115 20219541
cloud_controller_tkemenade 13327923271 21725 3992

1722680861.1227 20219541
cloud0_tkemenade 29681044036 18100 2856

1722680862.1253872 20219621
cloud_controller_tkemenade 13327923271 21759 4000

1722680862.126001 20219621
cloud0_tkemenade 29681044036 18137 2859

1722680863.1287255 20219660
cloud_controller_tkemenade 13327923271 21783 4007

1722680863.1292996 20219660
cloud0_tkemenade 29681044036 18162 2863

1722680864.1320977 20219717
cloud_controller_tkemenade 13327923271 21812 4016

1722680864.1324708 20219717
cloud0_tkemenade 29681044036 18191 2870

1722680865.1349823 20219824
cloud_controller_tkemenade 13327923271 21891 4023

1722680865.135326 20219824
cloud0_tkemenade 29681044036 18222 2876

1722680866.1378894 20219859
cloud_controller_tkemenade 13327923271 21912 4031

1722680866.1382637 20219859
cloud0_tkemenade 29681044036 18238 2880

1722680867.1409345 20219911
cloud_controller_tkemenade 13327923271 21943 4039

1722680867.1414306 20219911
cloud0_tkemenade 29681044036 18261 2882

1722680868.1440375 20219997
cloud_controller_tkemenade 13327923271 21977 4044

1722680868.14455 20219997
cloud0_tkemenade 29681044036 18313 2886

1722680868.345248 20220015
cloud_controller_tkemenade 13328845999 21982 4046

1722680868.3458421 20220015
cloud0_tkemenade 29681813974 18324 2887

1722680869.3483691 20220062
cloud_controller_tkemenade 13328845999 22018 4053

1722680869.3489728 20220062
cloud0_tkemenade 29681813974 18333 2889

1722680870.351525 20220102
cloud_controller_tkemenade 13328845999 22053 4059

1722680870.3520875 20220102
cloud0_tkemenade 29681813974 18344 2892

1722680871.3547108 20220171
cloud_controller_tkemenade 13328845999 22074 4066

1722680871.3552692 20220171
cloud0_tkemenade 29681813974 18374 2897

1722680872.3579197 20220238
cloud_controller_tkemenade 13328845999 22120 4074

1722680872.3584917 20220238
cloud0_tkemenade 29681813974 18396 2901

1722680873.3612719 20220282
cloud_controller_tkemenade 13328845999 22143 4079

1722680873.3618646 20220282
cloud0_tkemenade 29681813974 18415 2906

1722680874.3644073 20220317
cloud_controller_tkemenade 13328845999 22167 4087

1722680874.3649466 20220317
cloud0_tkemenade 29681813974 18426 2909

1722680875.3676598 20220348
cloud_controller_tkemenade 13328845999 22186 4094

1722680875.3681853 20220348
cloud0_tkemenade 29681813974 18437 2913

1722680875.468677 20220353
cloud_controller_tkemenade 13329613722 22187 4094

1722680875.469168 20220353
cloud0_tkemenade 29682233822 18438 2913

1722680876.4717672 20220440
cloud_controller_tkemenade 13329613722 22222 4106

1722680876.472341 20220440
cloud0_tkemenade 29682233822 18488 2920

1722680877.4750667 20220523
cloud_controller_tkemenade 13329613722 22256 4116

1722680877.4756315 20220523
cloud0_tkemenade 29682233822 18542 2927

1722680878.4781225 20220565
cloud_controller_tkemenade 13329613722 22274 4122

1722680878.4786901 20220565
cloud0_tkemenade 29682233822 18569 2929

1722680879.4812841 20220611
cloud_controller_tkemenade 13329613722 22303 4129

1722680879.4818578 20220611
cloud0_tkemenade 29682233822 18581 2932

1722680880.4845135 20220700
cloud_controller_tkemenade 13329613722 22350 4140

1722680880.4850714 20220700
cloud0_tkemenade 29682233822 18622 2936

1722680881.4878113 20220752
cloud_controller_tkemenade 13329613722 22368 4146

1722680881.4882648 20220752
cloud0_tkemenade 29682233822 18654 2941

1722680882.4906645 20220810
cloud_controller_tkemenade 13329613722 22403 4156

1722680882.4912198 20220810
cloud0_tkemenade 29682233822 18680 2943

1722680882.6919575 20220824
cloud_controller_tkemenade 13330453334 22406 4158

1722680882.6925058 20220824
cloud0_tkemenade 29683055442 18683 2944

1722680883.6950285 20220880
cloud_controller_tkemenade 13330453334 22437 4166

1722680883.6955953 20220880
cloud0_tkemenade 29683055442 18715 2948

1722680884.698301 20220987
cloud_controller_tkemenade 13330453334 22465 4175

1722680884.6988626 20220987
cloud0_tkemenade 29683055442 18798 2953

1722680885.7015367 20221020
cloud_controller_tkemenade 13330453334 22489 4185

1722680885.7021554 20221021
cloud0_tkemenade 29683055442 18808 2955

1722680886.7049193 20221072
cloud_controller_tkemenade 13330453334 22513 4193

1722680886.7054741 20221072
cloud0_tkemenade 29683055442 18836 2961

1722680887.708252 20221136
cloud_controller_tkemenade 13330453334 22546 4201

1722680887.7088182 20221136
cloud0_tkemenade 29683055442 18871 2966

1722680888.711584 20221184
cloud_controller_tkemenade 13330453334 22568 4204

1722680888.7121413 20221184
cloud0_tkemenade 29683055442 18902 2971

1722680889.7147293 20221227
cloud_controller_tkemenade 13330453334 22597 4209

1722680889.7152424 20221227
cloud0_tkemenade 29683055442 18917 2975

1722680889.8157668 20221234
cloud_controller_tkemenade 13331218675 22598 4210

1722680889.8162668 20221234
cloud0_tkemenade 29683888951 18919 2975

1722680890.8189533 20221273
cloud_controller_tkemenade 13331218675 22622 4217

1722680890.8195107 20221273
cloud0_tkemenade 29683888951 18937 2979

1722680891.8222187 20221378
cloud_controller_tkemenade 13331218675 22656 4223

1722680891.822767 20221378
cloud0_tkemenade 29683888951 18981 2988

1722680892.8250258 20221414
cloud_controller_tkemenade 13331218675 22678 4232

1722680892.8255913 20221414
cloud0_tkemenade 29683888951 18999 2991

1722680893.828287 20221477
cloud_controller_tkemenade 13331218675 22703 4238

1722680893.8288589 20221477
cloud0_tkemenade 29683888951 19038 3000

1722680894.8313222 20221528
cloud_controller_tkemenade 13331218675 22733 4243

1722680894.8318703 20221528
cloud0_tkemenade 29683888951 19061 3003

1722680895.8343391 20221581
cloud_controller_tkemenade 13331218675 22756 4250

1722680895.8348894 20221581
cloud0_tkemenade 29683888951 19092 3007

1722680896.837421 20221615
cloud_controller_tkemenade 13331218675 22777 4259

1722680896.8380144 20221616
cloud0_tkemenade 29683888951 19111 3011

1722680896.9384792 20221630
cloud_controller_tkemenade 13331912552 22780 4262

1722680896.939036 20221630
cloud0_tkemenade 29684582828 19117 3012

1722680897.9416263 20221704
cloud_controller_tkemenade 13331912552 22812 4272

1722680897.9422233 20221704
cloud0_tkemenade 29684582828 19159 3015

1722680898.9449606 20221760
cloud_controller_tkemenade 13331912552 22836 4276

1722680898.9455295 20221760
cloud0_tkemenade 29684582828 19193 3019

1722680899.9480808 20221806
cloud_controller_tkemenade 13331912552 22868 4284

1722680899.9486542 20221806
cloud0_tkemenade 29684582828 19208 3023

1722680900.951252 20221845
cloud_controller_tkemenade 13331912552 22887 4292

1722680900.9517982 20221845
cloud0_tkemenade 29684582828 19223 3027

1722680901.9545684 20222007
cloud_controller_tkemenade 13331912552 22925 4304

1722680901.9550562 20222007
cloud0_tkemenade 29684582828 19319 3027

1722680902.957643 20222066
cloud_controller_tkemenade 13331912552 22952 4310

1722680902.9582322 20222066
cloud0_tkemenade 29684582828 19334 3031

1722680903.9607317 20222107
cloud_controller_tkemenade 13331912552 22976 4314

1722680903.9612873 20222107
cloud0_tkemenade 29684582828 19350 3032

1722680904.262131 20222125
cloud_controller_tkemenade 13332689615 22985 4317

1722680904.262683 20222125
cloud0_tkemenade 29685365823 19354 3033

1722680905.265387 20222164
cloud_controller_tkemenade 13332689615 23015 4324

1722680905.265981 20222165
cloud0_tkemenade 29685365823 19365 3036

1722680906.2687407 20222242
cloud_controller_tkemenade 13332689615 23043 4329

1722680906.2693093 20222242
cloud0_tkemenade 29685365823 19416 3042

1722680907.2720525 20222385
cloud_controller_tkemenade 13332689615 23137 4336

1722680907.2726095 20222385
cloud0_tkemenade 29685365823 19466 3049

1722680908.2752259 20222494
cloud_controller_tkemenade 13332689615 23207 4342

1722680908.275788 20222494
cloud0_tkemenade 29685365823 19502 3054

1722680909.2785187 20222570
cloud_controller_tkemenade 13332689615 23257 4348

1722680909.279095 20222570
cloud0_tkemenade 29685365823 19521 3058

1722680910.2819254 20222659
cloud_controller_tkemenade 13332689615 23315 4360

1722680910.282469 20222659
cloud0_tkemenade 29685365823 19550 3063

1722680911.2851596 20222696
cloud_controller_tkemenade 13332689615 23336 4366

1722680911.2856882 20222696
cloud0_tkemenade 29685365823 19565 3066

1722680911.386134 20222699
cloud_controller_tkemenade 13333925314 23338 4366

1722680911.3865788 20222699
cloud0_tkemenade 29686115195 19566 3066

1722680912.3891983 20222794
cloud_controller_tkemenade 13333925314 23372 4371

1722680912.3897638 20222795
cloud0_tkemenade 29686115195 19612 3072

1722680913.3925722 20222842
cloud_controller_tkemenade 13333925314 23399 4378

1722680913.3931396 20222842
cloud0_tkemenade 29686115195 19634 3075

1722680914.3957572 20222882
cloud_controller_tkemenade 13333925314 23424 4386

1722680914.3963273 20222882
cloud0_tkemenade 29686115195 19647 3079

1722680915.398925 20222937
cloud_controller_tkemenade 13333925314 23463 4390

1722680915.3994923 20222937
cloud0_tkemenade 29686115195 19664 3082

1722680916.4020984 20222962
cloud_controller_tkemenade 13333925314 23481 4395

1722680916.4026442 20222962
cloud0_tkemenade 29686115195 19678 3087

1722680917.405357 20223020
cloud_controller_tkemenade 13333925314 23513 4401

1722680917.4059045 20223021
cloud0_tkemenade 29686115195 19704 3092

1722680918.4085286 20223081
cloud_controller_tkemenade 13333925314 23538 4406

1722680918.4091146 20223081
cloud0_tkemenade 29686115195 19739 3097

1722680918.5095646 20223089
cloud_controller_tkemenade 13334644326 23542 4407

1722680918.5101044 20223089
cloud0_tkemenade 29686721769 19742 3098

1722680919.5126073 20223133
cloud_controller_tkemenade 13334644326 23567 4415

1722680919.5131721 20223133
cloud0_tkemenade 29686721769 19759 3099

1722680920.5158303 20223186
cloud_controller_tkemenade 13334644326 23596 4423

1722680920.5164018 20223186
cloud0_tkemenade 29686721769 19780 3103

1722680921.518994 20223240
cloud_controller_tkemenade 13334644326 23622 4428

1722680921.5195575 20223240
cloud0_tkemenade 29686721769 19812 3106

1722680922.5221245 20223326
cloud_controller_tkemenade 13334644326 23654 4434

1722680922.5227952 20223326
cloud0_tkemenade 29686721769 19849 3112

1722680923.5253851 20223375
cloud_controller_tkemenade 13334644326 23685 4446

1722680923.5259676 20223376
cloud0_tkemenade 29686721769 19871 3117

1722680924.5286188 20223432
cloud_controller_tkemenade 13334644326 23707 4453

1722680924.5291915 20223432
cloud0_tkemenade 29686721769 19906 3122

1722680925.531766 20223502
cloud_controller_tkemenade 13334644326 23748 4462

1722680925.5323272 20223502
cloud0_tkemenade 29686721769 19944 3127

1722680925.632821 20223510
cloud_controller_tkemenade 13335444377 23750 4464

1722680925.6333332 20223510
cloud0_tkemenade 29687428581 19945 3127

1722680926.6358793 20223550
cloud_controller_tkemenade 13335444377 23771 4469

1722680926.6364505 20223550
cloud0_tkemenade 29687428581 19960 3129

1722680927.6388478 20223617
cloud_controller_tkemenade 13335444377 23803 4474

1722680927.639408 20223617
cloud0_tkemenade 29687428581 19999 3135

1722680928.6418297 20223685
cloud_controller_tkemenade 13335444377 23841 4483

1722680928.6423976 20223685
cloud0_tkemenade 29687428581 20027 3138

1722680929.6450381 20223739
cloud_controller_tkemenade 13335444377 23885 4488

1722680929.6456208 20223739
cloud0_tkemenade 29687428581 20038 3140

1722680930.6482348 20223780
cloud_controller_tkemenade 13335444377 23908 4496

1722680930.648815 20223780
cloud0_tkemenade 29687428581 20053 3144

1722680931.651485 20223831
cloud_controller_tkemenade 13335444377 23940 4506

1722680931.6520681 20223831
cloud0_tkemenade 29687428581 20076 3148

1722680932.6546202 20223901
cloud_controller_tkemenade 13335444377 23974 4514

1722680932.6551685 20223901
cloud0_tkemenade 29687428581 20106 3152

1722680932.7556646 20223909
cloud_controller_tkemenade 13336275920 23976 4515

1722680932.7561777 20223909
cloud0_tkemenade 29687989947 20107 3152

1722680933.758689 20223956
cloud_controller_tkemenade 13336275920 24001 4521

1722680933.7592585 20223956
cloud0_tkemenade 29687989947 20127 3155

1722680934.7618546 20223996
cloud_controller_tkemenade 13336275920 24034 4527

1722680934.762426 20223996
cloud0_tkemenade 29687989947 20136 3159

1722680935.7651408 20224057
cloud_controller_tkemenade 13336275920 24064 4534

1722680935.7657232 20224057
cloud0_tkemenade 29687989947 20177 3163

1722680936.7683873 20224133
cloud_controller_tkemenade 13336275920 24099 4543

1722680936.7689657 20224133
cloud0_tkemenade 29687989947 20221 3168

1722680937.771561 20224218
cloud_controller_tkemenade 13336275920 24127 4550

1722680937.7720892 20224218
cloud0_tkemenade 29687989947 20266 3172

1722680938.7744958 20224278
cloud_controller_tkemenade 13336275920 24149 4558

1722680938.7750485 20224278
cloud0_tkemenade 29687989947 20301 3176

1722680939.7775953 20224347
cloud_controller_tkemenade 13336275920 24198 4567

1722680939.7781465 20224349
cloud0_tkemenade 29687989947 20318 3180

1722680939.878602 20224364
cloud_controller_tkemenade 13337098901 24205 4569

1722680939.8791745 20224364
cloud0_tkemenade 29688707803 20327 3181

1722680940.8816495 20224410
cloud_controller_tkemenade 13337098901 24238 4576

1722680940.8822486 20224410
cloud0_tkemenade 29688707803 20342 3183

1722680941.8849478 20224466
cloud_controller_tkemenade 13337098901 24262 4580

1722680941.8855264 20224466
cloud0_tkemenade 29688707803 20380 3189

1722680942.888191 20224519
cloud_controller_tkemenade 13337098901 24297 4587

1722680942.888598 20224519
cloud0_tkemenade 29688707803 20392 3192

1722680943.8911147 20224614
cloud_controller_tkemenade 13337098901 24322 4597

1722680943.8916767 20224614
cloud0_tkemenade 29688707803 20463 3196

1722680944.8944447 20224691
cloud_controller_tkemenade 13337098901 24357 4603

1722680944.8950064 20224691
cloud0_tkemenade 29688707803 20508 3199

1722680945.897508 20224720
cloud_controller_tkemenade 13337098901 24385 4607

1722680945.8980398 20224721
cloud0_tkemenade 29688707803 20516 3203

1722680946.900668 20224775
cloud_controller_tkemenade 13337098901 24408 4615

1722680946.9011996 20224775
cloud0_tkemenade 29688707803 20548 3208

1722680947.0016801 20224784
cloud_controller_tkemenade 13337950203 24410 4616

1722680947.0022871 20224784
cloud0_tkemenade 29689559105 20552 3209

1722680948.0047395 20224841
cloud_controller_tkemenade 13337950203 24438 4619

1722680948.0053103 20224841
cloud0_tkemenade 29689559105 20585 3214

1722680949.0079322 20224900
cloud_controller_tkemenade 13337950203 24464 4627

1722680949.0085082 20224900
cloud0_tkemenade 29689559105 20617 3217

1722680950.011241 20224956
cloud_controller_tkemenade 13337950203 24502 4631

1722680950.011825 20224956
cloud0_tkemenade 29689559105 20637 3221

1722680951.014449 20224996
cloud_controller_tkemenade 13337950203 24525 4635

1722680951.014975 20224996
cloud0_tkemenade 29689559105 20657 3225

1722680952.017584 20225076
cloud_controller_tkemenade 13337950203 24548 4641

1722680952.0181086 20225076
cloud0_tkemenade 29689559105 20707 3232

1722680953.0206192 20225122
cloud_controller_tkemenade 13337950203 24581 4646

1722680953.021146 20225122
cloud0_tkemenade 29689559105 20724 3235

1722680954.0237353 20225196
cloud_controller_tkemenade 13337950203 24605 4655

1722680954.02431 20225196
cloud0_tkemenade 29689559105 20762 3243

1722680954.124745 20225208
cloud_controller_tkemenade 13338745181 24608 4657

1722680954.125284 20225208
cloud0_tkemenade 29690384400 20763 3244

1722680955.127736 20225272
cloud_controller_tkemenade 13338745181 24641 4666

1722680955.1281147 20225272
cloud0_tkemenade 29690384400 20791 3252

1722680956.130742 20225319
cloud_controller_tkemenade 13338745181 24665 4674

1722680956.131312 20225319
cloud0_tkemenade 29690384400 20808 3259

1722680957.1339357 20225397
cloud_controller_tkemenade 13338745181 24688 4683

1722680957.1344976 20225397
cloud0_tkemenade 29690384400 20826 3266

1722680958.1371553 20225476
cloud_controller_tkemenade 13338745181 24727 4689

1722680958.137734 20225477
cloud0_tkemenade 29690384400 20868 3269

1722680959.1401205 20225534
cloud_controller_tkemenade 13338745181 24754 4696

1722680959.1406481 20225534
cloud0_tkemenade 29690384400 20897 3274

1722680960.142929 20225582
cloud_controller_tkemenade 13338745181 24786 4703

1722680960.1435008 20225582
cloud0_tkemenade 29690384400 20912 3274

1722680961.1456776 20225612
cloud_controller_tkemenade 13338745181 24806 4709

1722680961.1462579 20225612
cloud0_tkemenade 29690384400 20920 3278

1722680961.3469212 20225653
cloud_controller_tkemenade 13339552065 24810 4711

1722680961.3474402 20225653
cloud0_tkemenade 29691053676 20953 3281

1722680962.3500733 20225774
cloud_controller_tkemenade 13339552065 24847 4720

1722680962.3506398 20225774
cloud0_tkemenade 29691053676 21037 3286

1722680963.3531911 20225812
cloud_controller_tkemenade 13339552065 24870 4725

1722680963.3535225 20225812
cloud0_tkemenade 29691053676 21051 3290

1722680964.3559659 20225856
cloud_controller_tkemenade 13339552065 24897 4733

1722680964.3565288 20225856
cloud0_tkemenade 29691053676 21070 3293

1722680965.358871 20225890
cloud_controller_tkemenade 13339552065 24923 4739

1722680965.3593812 20225890
cloud0_tkemenade 29691053676 21083 3295

1722680966.3616166 20225966
cloud_controller_tkemenade 13339552065 24948 4748

1722680966.3621738 20225966
cloud0_tkemenade 29691053676 21134 3303

1722680967.3648782 20226118
cloud_controller_tkemenade 13339552065 25045 4756

1722680967.3653874 20226118
cloud0_tkemenade 29691053676 21182 3310

1722680968.3678963 20226233
cloud_controller_tkemenade 13339552065 25121 4760

1722680968.368404 20226233
cloud0_tkemenade 29691053676 21220 3313

1722680968.4688292 20226241
cloud_controller_tkemenade 13340658532 25122 4761

1722680968.4691684 20226241
cloud0_tkemenade 29692013429 21224 3313

1722680969.4713376 20226289
cloud_controller_tkemenade 13340658532 25149 4768

1722680969.4718966 20226289
cloud0_tkemenade 29692013429 21242 3316

1722680970.474507 20226367
cloud_controller_tkemenade 13340658532 25206 4775

1722680970.4750795 20226367
cloud0_tkemenade 29692013429 21264 3322

1722680971.477852 20226405
cloud_controller_tkemenade 13340658532 25227 4781

1722680971.478408 20226405
cloud0_tkemenade 29692013429 21282 3324

1722680972.4813406 20226490
cloud_controller_tkemenade 13340658532 25262 4788

1722680972.4819207 20226490
cloud0_tkemenade 29692013429 21332 3331

1722680973.4846601 20226530
cloud_controller_tkemenade 13340658532 25287 4792

1722680973.4852138 20226530
cloud0_tkemenade 29692013429 21353 3336

1722680974.4880016 20226591
cloud_controller_tkemenade 13340658532 25314 4801

1722680974.4885707 20226591
cloud0_tkemenade 29692013429 21378 3341

1722680975.4909253 20226637
cloud_controller_tkemenade 13340658532 25342 4808

1722680975.4914954 20226637
cloud0_tkemenade 29692013429 21398 3345

1722680975.591973 20226644
cloud_controller_tkemenade 13341465030 25344 4808

1722680975.5925002 20226644
cloud0_tkemenade 29692643692 21399 3345

1722680976.595054 20226676
cloud_controller_tkemenade 13341465030 25365 4814

1722680976.5956175 20226676
cloud0_tkemenade 29692643692 21416 3351

1722680977.5985954 20226734
cloud_controller_tkemenade 13341465030 25398 4821

1722680977.5991714 20226734
cloud0_tkemenade 29692643692 21446 3354

1722680978.6018722 20226780
cloud_controller_tkemenade 13341465030 25421 4826

1722680978.602447 20226780
cloud0_tkemenade 29692643692 21472 3357

1722680979.6052291 20226832
cloud_controller_tkemenade 13341465030 25448 4834

1722680979.6058354 20226833
cloud0_tkemenade 29692643692 21499 3358

1722680980.6085353 20226884
cloud_controller_tkemenade 13341465030 25482 4843

1722680980.6091094 20226884
cloud0_tkemenade 29692643692 21519 3361

1722680981.611861 20226934
cloud_controller_tkemenade 13341465030 25501 4849

1722680981.6124372 20226934
cloud0_tkemenade 29692643692 21550 3366

1722680982.6151755 20226995
cloud_controller_tkemenade 13341465030 25530 4859

1722680982.6157386 20226995
cloud0_tkemenade 29692643692 21584 3371

1722680982.816397 20227002
cloud_controller_tkemenade 13342175945 25533 4859

1722680982.8169093 20227002
cloud0_tkemenade 29693274629 21585 3372

1722680983.8194156 20227062
cloud_controller_tkemenade 13342175945 25565 4867

1722680983.8199897 20227062
cloud0_tkemenade 29693274629 21619 3376

1722680984.822602 20227103
cloud_controller_tkemenade 13342175945 25586 4877

1722680984.8231661 20227103
cloud0_tkemenade 29693274629 21640 3381

1722680985.8259273 20227188
cloud_controller_tkemenade 13342175945 25642 4883

1722680985.8264914 20227188
cloud0_tkemenade 29693274629 21672 3385

1722680986.829121 20227219
cloud_controller_tkemenade 13342175945 25661 4889

1722680986.8296857 20227219
cloud0_tkemenade 29693274629 21685 3390

1722680987.832374 20227284
cloud_controller_tkemenade 13342175945 25689 4897

1722680987.8329084 20227284
cloud0_tkemenade 29693274629 21725 3393

1722680988.8356526 20227350
cloud_controller_tkemenade 13342175945 25733 4905

1722680988.8362293 20227350
cloud0_tkemenade 29693274629 21753 3398

1722680989.8387377 20227400
cloud_controller_tkemenade 13342175945 25772 4912

1722680989.8393207 20227400
cloud0_tkemenade 29693274629 21769 3401

1722680990.0400198 20227414
cloud_controller_tkemenade 13343068808 25779 4914

1722680990.0405762 20227414
cloud0_tkemenade 29693920977 21772 3402

1722680991.043251 20227446
cloud_controller_tkemenade 13343068808 25802 4920

1722680991.0438223 20227446
cloud0_tkemenade 29693920977 21785 3405

1722680992.046616 20227512
cloud_controller_tkemenade 13343068808 25840 4927

1722680992.0471835 20227512
cloud0_tkemenade 29693920977 21807 3410

1722680993.0499153 20227568
cloud_controller_tkemenade 13343068808 25871 4932

1722680993.0504704 20227568
cloud0_tkemenade 29693920977 21838 3413

1722680994.0530996 20227594
cloud_controller_tkemenade 13343068808 25893 4942

1722680994.0536547 20227594
cloud0_tkemenade 29693920977 21846 3416

1722680995.0562382 20227635
cloud_controller_tkemenade 13343068808 25912 4953

1722680995.0568047 20227635
cloud0_tkemenade 29693920977 21859 3420

1722680996.0596514 20227715
cloud_controller_tkemenade 13343068808 25955 4962

1722680996.0602171 20227715
cloud0_tkemenade 29693920977 21900 3425

1722680997.0630536 20227809
cloud_controller_tkemenade 13343068808 25993 4970

1722680997.063617 20227809
cloud0_tkemenade 29693920977 21963 3431

1722680997.3645933 20227831
cloud_controller_tkemenade 13343919355 26005 4974

1722680997.3651454 20227831
cloud0_tkemenade 29694589053 21969 3433

1722680998.3678207 20227886
cloud_controller_tkemenade 13343919355 26028 4981

1722680998.3683898 20227886
cloud0_tkemenade 29694589053 22004 3437

1722680999.3710368 20227941
cloud_controller_tkemenade 13343919355 26054 4989

1722680999.371613 20227941
cloud0_tkemenade 29694589053 22026 3439

1722681000.374393 20228024
cloud_controller_tkemenade 13343919355 26115 4999

1722681000.3749774 20228024
cloud0_tkemenade 29694589053 22056 3444

1722681001.3776155 20228062
cloud_controller_tkemenade 13343919355 26141 5009

1722681001.3781645 20228062
cloud0_tkemenade 29694589053 22068 3448

1722681002.3808339 20228122
cloud_controller_tkemenade 13343919355 26163 5017

1722681002.3813877 20228122
cloud0_tkemenade 29694589053 22101 3451

1722681003.3838613 20228200
cloud_controller_tkemenade 13343919355 26198 5026

1722681003.3844001 20228200
cloud0_tkemenade 29694589053 22131 3459

1722681004.3867648 20228346
cloud_controller_tkemenade 13343919355 26227 5034

1722681004.3871074 20228346
cloud0_tkemenade 29694589053 22225 3463

1722681004.487473 20228355
cloud_controller_tkemenade 13344800309 26228 5035

1722681004.488036 20228355
cloud0_tkemenade 29695482415 22225 3463

1722681005.4907858 20228400
cloud_controller_tkemenade 13344800309 26259 5043

1722681005.4913528 20228400
cloud0_tkemenade 29695482415 22238 3466

1722681006.494112 20228453
cloud_controller_tkemenade 13344800309 26282 5049

1722681006.4946826 20228453
cloud0_tkemenade 29695482415 22262 3471

1722681007.4974585 20228510
cloud_controller_tkemenade 13344800309 26313 5059

1722681007.4980423 20228511
cloud0_tkemenade 29695482415 22289 3474

1722681008.5007696 20228573
cloud_controller_tkemenade 13344800309 26337 5070

1722681008.501351 20228573
cloud0_tkemenade 29695482415 22326 3479

1722681009.5040474 20228619
cloud_controller_tkemenade 13344800309 26359 5078

1722681009.5046172 20228619
cloud0_tkemenade 29695482415 22348 3483

1722681010.5073762 20228667
cloud_controller_tkemenade 13344800309 26384 5088

1722681010.507952 20228667
cloud0_tkemenade 29695482415 22370 3490

1722681011.5105503 20228739
cloud_controller_tkemenade 13344800309 26412 5095

1722681011.5111296 20228739
cloud0_tkemenade 29695482415 22415 3493

1722681011.6116269 20228750
cloud_controller_tkemenade 13345533956 26414 5096

1722681011.612149 20228750
cloud0_tkemenade 29696139148 22415 3494

1722681012.614753 20228802
cloud_controller_tkemenade 13345533956 26445 5109

1722681012.6153023 20228802
cloud0_tkemenade 29696139148 22438 3498

1722681013.6178105 20228868
cloud_controller_tkemenade 13345533956 26467 5117

1722681013.6183617 20228868
cloud0_tkemenade 29696139148 22481 3504

1722681014.6208327 20228934
cloud_controller_tkemenade 13345533956 26491 5126

1722681014.6214032 20228934
cloud0_tkemenade 29696139148 22517 3510

1722681015.624219 20229017
cloud_controller_tkemenade 13345533956 26524 5134

1722681015.624783 20229017
cloud0_tkemenade 29696139148 22556 3517

1722681016.6274736 20229050
cloud_controller_tkemenade 13345533956 26542 5141

1722681016.62804 20229050
cloud0_tkemenade 29696139148 22572 3521

1722681017.6308558 20229118
cloud_controller_tkemenade 13345533956 26571 5148

1722681017.6314268 20229118
cloud0_tkemenade 29696139148 22611 3525

1722681018.6340702 20229180
cloud_controller_tkemenade 13345533956 26605 5155

1722681018.6346343 20229180
cloud0_tkemenade 29696139148 22641 3529

1722681018.8353548 20229188
cloud_controller_tkemenade 13346295784 26607 5157

1722681018.8358724 20229188
cloud0_tkemenade 29696928077 22643 3529

1722681019.8383143 20229239
cloud_controller_tkemenade 13346295784 26635 5163

1722681019.8388717 20229239
cloud0_tkemenade 29696928077 22671 3534

1722681020.8414867 20229276
cloud_controller_tkemenade 13346295784 26662 5172

1722681020.8420715 20229276
cloud0_tkemenade 29696928077 22681 3536

1722681021.844841 20229402
cloud_controller_tkemenade 13346295784 26693 5180

1722681021.8455193 20229402
cloud0_tkemenade 29696928077 22773 3543

1722681022.8482738 20229471
cloud_controller_tkemenade 13346295784 26722 5188

1722681022.8488436 20229471
cloud0_tkemenade 29696928077 22815 3549

1722681023.851454 20229508
cloud_controller_tkemenade 13346295784 26748 5195

1722681023.8520224 20229508
cloud0_tkemenade 29696928077 22827 3553

1722681024.8547401 20229550
cloud_controller_tkemenade 13346295784 26767 5202

1722681024.8552864 20229550
cloud0_tkemenade 29696928077 22848 3556

1722681025.85809 20229630
cloud_controller_tkemenade 13346295784 26801 5213

1722681025.8586228 20229630
cloud0_tkemenade 29696928077 22890 3561

1722681025.9590547 20229634
cloud_controller_tkemenade 13347059025 26802 5213

1722681025.9595575 20229634
cloud0_tkemenade 29697776123 22891 3561

1722681026.9623308 20229729
cloud_controller_tkemenade 13347059025 26844 5219

1722681026.9628882 20229729
cloud0_tkemenade 29697776123 22951 3568

1722681027.9657357 20229835
cloud_controller_tkemenade 13347059025 26926 5224

1722681027.9663134 20229835
cloud0_tkemenade 29697776123 22982 3571

1722681028.9690094 20229938
cloud_controller_tkemenade 13347059025 27002 5229

1722681028.969583 20229938
cloud0_tkemenade 29697776123 23003 3573

1722681029.9723284 20230017
cloud_controller_tkemenade 13347059025 27052 5239

1722681029.9729047 20230017
cloud0_tkemenade 29697776123 23034 3577

1722681030.9756162 20230062
cloud_controller_tkemenade 13347059025 27091 5244

1722681030.9761837 20230062
cloud0_tkemenade 29697776123 23045 3580

1722681031.978802 20230109
cloud_controller_tkemenade 13347059025 27112 5250

1722681031.979336 20230109
cloud0_tkemenade 29697776123 23075 3585

1722681032.9814782 20230168
cloud_controller_tkemenade 13347059025 27145 5257

1722681032.9820583 20230168
cloud0_tkemenade 29697776123 23103 3588

1722681033.1827264 20230184
cloud_controller_tkemenade 13348241438 27150 5259

1722681033.183276 20230184
cloud0_tkemenade 29698512857 23109 3589

1722681034.185785 20230222
cloud_controller_tkemenade 13348241438 27174 5265

1722681034.1863482 20230222
cloud0_tkemenade 29698512857 23124 3592

1722681035.1890733 20230290
cloud_controller_tkemenade 13348241438 27204 5272

1722681035.1896477 20230290
cloud0_tkemenade 29698512857 23148 3595

1722681036.191989 20230336
cloud_controller_tkemenade 13348241438 27237 5279

1722681036.192552 20230336
cloud0_tkemenade 29698512857 23160 3598

1722681037.1951647 20230391
cloud_controller_tkemenade 13348241438 27263 5288

1722681037.1957414 20230391
cloud0_tkemenade 29698512857 23189 3602

1722681038.1983144 20230455
cloud_controller_tkemenade 13348241438 27284 5294

1722681038.1988456 20230455
cloud0_tkemenade 29698512857 23217 3604

1722681039.2014377 20230502
cloud_controller_tkemenade 13348241438 27309 5299

1722681039.2019906 20230502
cloud0_tkemenade 29698512857 23232 3609

1722681040.204588 20230548
cloud_controller_tkemenade 13348241438 27341 5307

1722681040.2051594 20230548
cloud0_tkemenade 29698512857 23252 3613

1722681040.3056564 20230556
cloud_controller_tkemenade 13349045238 27345 5308

1722681040.306221 20230556
cloud0_tkemenade 29699073572 23254 3613

1722681041.3086596 20230608
cloud_controller_tkemenade 13349045238 27374 5316

1722681041.3092403 20230608
cloud0_tkemenade 29699073572 23278 3618

1722681042.3117678 20230660
cloud_controller_tkemenade 13349045238 27394 5322

1722681042.31234 20230660
cloud0_tkemenade 29699073572 23315 3622

1722681043.315025 20230721
cloud_controller_tkemenade 13349045238 27427 5331

1722681043.3155975 20230721
cloud0_tkemenade 29699073572 23347 3628

1722681044.318322 20230778
cloud_controller_tkemenade 13349045238 27453 5340

1722681044.318887 20230778
cloud0_tkemenade 29699073572 23378 3632

1722681045.3216798 20230851
cloud_controller_tkemenade 13349045238 27482 5348

1722681045.3222625 20230851
cloud0_tkemenade 29699073572 23425 3637

1722681046.3249192 20230902
cloud_controller_tkemenade 13349045238 27507 5356

1722681046.3255002 20230902
cloud0_tkemenade 29699073572 23437 3639

1722681047.3280852 20230948
cloud_controller_tkemenade 13349045238 27532 5363

1722681047.3286622 20230948
cloud0_tkemenade 29699073572 23461 3642

1722681047.429169 20230956
cloud_controller_tkemenade 13349783210 27534 5363

1722681047.4297187 20230956
cloud0_tkemenade 29699787349 23464 3642

1722681048.4326184 20231046
cloud_controller_tkemenade 13349783210 27579 5369

1722681048.433157 20231046
cloud0_tkemenade 29699787349 23509 3647

1722681049.4357553 20231089
cloud_controller_tkemenade 13349783210 27612 5376

1722681049.4363463 20231089
cloud0_tkemenade 29699787349 23519 3651

1722681050.4390645 20231134
cloud_controller_tkemenade 13349783210 27638 5384

1722681050.4396338 20231134
cloud0_tkemenade 29699787349 23539 3653

1722681051.4423082 20231172
cloud_controller_tkemenade 13349783210 27664 5390

1722681051.4428825 20231172
cloud0_tkemenade 29699787349 23550 3657

1722681052.4456277 20231243
cloud_controller_tkemenade 13349783210 27702 5396

1722681052.4462256 20231243
cloud0_tkemenade 29699787349 23582 3661

1722681053.4489381 20231306
cloud_controller_tkemenade 13349783210 27736 5401

1722681053.4495199 20231306
cloud0_tkemenade 29699787349 23609 3666

1722681054.4521687 20231338
cloud_controller_tkemenade 13349783210 27757 5409

1722681054.452747 20231338
cloud0_tkemenade 29699787349 23620 3669

1722681054.6534812 20231346
cloud_controller_tkemenade 13350588719 27761 5411

1722681054.6540296 20231346
cloud0_tkemenade 29700337094 23622 3669

1722681055.656522 20231425
cloud_controller_tkemenade 13350588719 27788 5416

1722681055.656903 20231425
cloud0_tkemenade 29700337094 23660 3675

1722681056.6596823 20231517
cloud_controller_tkemenade 13350588719 27834 5426

1722681056.6602664 20231517
cloud0_tkemenade 29700337094 23705 3683

1722681057.6628654 20231600
cloud_controller_tkemenade 13350588719 27860 5433

1722681057.6634457 20231600
cloud0_tkemenade 29700337094 23752 3687

1722681058.6661901 20231664
cloud_controller_tkemenade 13350588719 27884 5443

1722681058.666768 20231664
cloud0_tkemenade 29700337094 23790 3690

1722681059.669496 20231699
cloud_controller_tkemenade 13350588719 27910 5451

1722681059.6700642 20231700
cloud0_tkemenade 29700337094 23803 3694

1722681060.6729352 20231782
cloud_controller_tkemenade 13350588719 27963 5463

1722681060.6734915 20231782
cloud0_tkemenade 29700337094 23832 3701

1722681061.6759436 20231819
cloud_controller_tkemenade 13350588719 27984 5470

1722681061.6764927 20231819
cloud0_tkemenade 29700337094 23845 3704

1722681061.7769933 20231825
cloud_controller_tkemenade 13351451099 27987 5471

1722681061.777563 20231825
cloud0_tkemenade 29701123560 23848 3706

1722681062.78028 20231875
cloud_controller_tkemenade 13351451099 28011 5481

1722681062.780846 20231875
cloud0_tkemenade 29701123560 23874 3712

1722681063.783606 20231961
cloud_controller_tkemenade 13351451099 28048 5487

1722681063.7841144 20231961
cloud0_tkemenade 29701123560 23926 3719

1722681064.7868083 20232060
cloud_controller_tkemenade 13351451099 28073 5498

1722681064.7873209 20232060
cloud0_tkemenade 29701123560 23999 3722

1722681065.7898483 20232092
cloud_controller_tkemenade 13351451099 28090 5507

1722681065.790369 20232092
cloud0_tkemenade 29701123560 24012 3723

1722681066.792956 20232162
cloud_controller_tkemenade 13351451099 28118 5516

1722681066.7935386 20232162
cloud0_tkemenade 29701123560 24045 3729

1722681067.7961533 20232220
cloud_controller_tkemenade 13351451099 28145 5524

1722681067.796724 20232220
cloud0_tkemenade 29701123560 24074 3733

1722681068.7994592 20232279
cloud_controller_tkemenade 13352307335 28172 5534

1722681068.8000321 20232279
cloud0_tkemenade 29702109426 24099 3739

1722681069.802802 20232334
cloud_controller_tkemenade 13352307335 28193 5540

1722681069.8033822 20232334
cloud0_tkemenade 29702109426 24133 3741

1722681070.806164 20232394
cloud_controller_tkemenade 13352307335 28226 5549

1722681070.806728 20232394
cloud0_tkemenade 29702109426 24161 3744

1722681071.8094978 20232455
cloud_controller_tkemenade 13352307335 28255 5554

1722681071.810085 20232455
cloud0_tkemenade 29702109426 24193 3752

1722681072.8129964 20232510
cloud_controller_tkemenade 13352307335 28276 5565

1722681072.8135557 20232510
cloud0_tkemenade 29702109426 24226 3755

1722681073.816145 20232582
cloud_controller_tkemenade 13352307335 28307 5571

1722681073.816716 20232582
cloud0_tkemenade 29702109426 24274 3765

1722681074.8194542 20232642
cloud_controller_tkemenade 13352307335 28335 5579

1722681074.8199832 20232642
cloud0_tkemenade 29702109426 24288 3772

1722681075.8226516 20232704
cloud_controller_tkemenade 13352307335 28357 5587

1722681075.823178 20232704
cloud0_tkemenade 29702109426 24318 3783

1722681076.1241734 20232723
cloud_controller_tkemenade 13353042395 28364 5590

1722681076.124742 20232723
cloud0_tkemenade 29702904247 24320 3784

1722681077.1272857 20232779
cloud_controller_tkemenade 13353042395 28390 5600

1722681077.1278517 20232779
cloud0_tkemenade 29702904247 24341 3788

1722681078.130552 20232861
cloud_controller_tkemenade 13353042395 28430 5605

1722681078.131129 20232861
cloud0_tkemenade 29702904247 24392 3790

1722681079.1338797 20232905
cloud_controller_tkemenade 13353042395 28454 5611

1722681079.1344552 20232905
cloud0_tkemenade 29702904247 24410 3794

1722681080.1371672 20232950
cloud_controller_tkemenade 13353042395 28479 5620

1722681080.1377487 20232951
cloud0_tkemenade 29702904247 24429 3797

1722681081.140471 20232979
cloud_controller_tkemenade 13353042395 28503 5626

1722681081.1410027 20232979
cloud0_tkemenade 29702904247 24437 3801

1722681082.1435943 20233121
cloud_controller_tkemenade 13353042395 28546 5635

1722681082.1441536 20233121
cloud0_tkemenade 29702904247 24537 3803

1722681083.1467361 20233171
cloud_controller_tkemenade 13353042395 28581 5640

1722681083.1473086 20233171
cloud0_tkemenade 29702904247 24550 3809

1722681083.348031 20233176
cloud_controller_tkemenade 13353863477 28584 5642

1722681083.3485696 20233176
cloud0_tkemenade 29703671192 24550 3810

1722681084.3512833 20233221
cloud_controller_tkemenade 13353863477 28607 5646

1722681084.351857 20233221
cloud0_tkemenade 29703671192 24577 3816

1722681085.354548 20233265
cloud_controller_tkemenade 13353863477 28634 5650

1722681085.3551052 20233265
cloud0_tkemenade 29703671192 24599 3819

1722681086.3579364 20233354
cloud_controller_tkemenade 13353863477 28672 5656

1722681086.3584943 20233354
cloud0_tkemenade 29703671192 24652 3824

1722681087.361285 20233505
cloud_controller_tkemenade 13353863477 28771 5663

1722681087.3619053 20233506
cloud0_tkemenade 29703671192 24708 3832

1722681088.3646405 20233612
cloud_controller_tkemenade 13353863477 28845 5668

1722681088.3651655 20233612
cloud0_tkemenade 29703671192 24742 3834

1722681089.3678107 20233666
cloud_controller_tkemenade 13353863477 28874 5674

1722681089.3683822 20233666
cloud0_tkemenade 29703671192 24757 3838

1722681090.3711138 20233754
cloud_controller_tkemenade 13353863477 28929 5684

1722681090.3716953 20233754
cloud0_tkemenade 29703671192 24789 3842

1722681090.6726284 20233770
cloud_controller_tkemenade 13355071409 28934 5686

1722681090.673177 20233770
cloud0_tkemenade 29704518273 24794 3843

1722681091.6757522 20233816
cloud_controller_tkemenade 13355071409 28965 5694

1722681091.676318 20233816
cloud0_tkemenade 29704518273 24812 3847

1722681092.6789916 20233865
cloud_controller_tkemenade 13355071409 28986 5703

1722681092.6795468 20233865
cloud0_tkemenade 29704518273 24839 3850

1722681093.6823714 20233929
cloud_controller_tkemenade 13355071409 29021 5712

1722681093.6829429 20233929
cloud0_tkemenade 29704518273 24871 3856

1722681094.68567 20233967
cloud_controller_tkemenade 13355071409 29043 5720

1722681094.6862576 20233967
cloud0_tkemenade 29704518273 24892 3861

1722681095.6889718 20234001
cloud_controller_tkemenade 13355071409 29065 5727

1722681095.6895306 20234001
cloud0_tkemenade 29704518273 24906 3864

1722681096.6922514 20234060
cloud_controller_tkemenade 13355071409 29098 5736

1722681096.6928132 20234060
cloud0_tkemenade 29704518273 24925 3867

1722681097.6952407 20234125
cloud_controller_tkemenade 13355842395 29126 5744

1722681097.695759 20234125
cloud0_tkemenade 29705138145 24967 3871

1722681098.6984134 20234187
cloud_controller_tkemenade 13355842395 29153 5752

1722681098.6989896 20234187
cloud0_tkemenade 29705138145 25002 3876

1722681099.7016785 20234230
cloud_controller_tkemenade 13355842395 29178 5758

1722681099.702217 20234230
cloud0_tkemenade 29705138145 25019 3879

1722681100.7048137 20234275
cloud_controller_tkemenade 13355842395 29202 5766

1722681100.7053337 20234275
cloud0_tkemenade 29705138145 25046 3885

1722681101.7080693 20234332
cloud_controller_tkemenade 13355842395 29227 5775

1722681101.7086267 20234332
cloud0_tkemenade 29705138145 25077 3890

1722681102.7114027 20234377
cloud_controller_tkemenade 13355842395 29249 5784

1722681102.7119634 20234377
cloud0_tkemenade 29705138145 25103 3893

1722681103.7146761 20234436
cloud_controller_tkemenade 13355842395 29285 5789

1722681103.71519 20234436
cloud0_tkemenade 29705138145 25131 3899

1722681104.7178757 20234494
cloud_controller_tkemenade 13355842395 29314 5798

1722681104.7184548 20234494
cloud0_tkemenade 29705138145 25160 3904

1722681104.8189125 20234504
cloud_controller_tkemenade 13356627385 29316 5798

1722681104.8194528 20234504
cloud0_tkemenade 29705871660 25163 3904

1722681105.8220704 20234596
cloud_controller_tkemenade 13356627385 29373 5804

1722681105.8226004 20234596
cloud0_tkemenade 29705871660 25199 3907

1722681106.8251812 20234632
cloud_controller_tkemenade 13356627385 29400 5813

1722681106.825731 20234633
cloud0_tkemenade 29705871660 25210 3910

1722681107.828407 20234706
cloud_controller_tkemenade 13356627385 29423 5819

1722681107.8289614 20234706
cloud0_tkemenade 29705871660 25246 3914

1722681108.8316755 20234770
cloud_controller_tkemenade 13356627385 29459 5826

1722681108.8321939 20234770
cloud0_tkemenade 29705871660 25275 3918

1722681109.8347604 20234815
cloud_controller_tkemenade 13356627385 29492 5834

1722681109.8352718 20234815
cloud0_tkemenade 29705871660 25288 3920

1722681110.8378358 20234851
cloud_controller_tkemenade 13356627385 29513 5838

1722681110.838353 20234851
cloud0_tkemenade 29705871660 25304 3922

1722681111.8410268 20234898
cloud_controller_tkemenade 13356627385 29546 5848

1722681111.8415763 20234898
cloud0_tkemenade 29705871660 25318 3927

1722681112.0423105 20234916
cloud_controller_tkemenade 13357569309 29549 5850

1722681112.0428603 20234916
cloud0_tkemenade 29706498504 25328 3927

1722681113.0455346 20234967
cloud_controller_tkemenade 13357569309 29583 5857

1722681113.0461047 20234967
cloud0_tkemenade 29706498504 25346 3932

1722681114.0486166 20235018
cloud_controller_tkemenade 13357569309 29608 5867

1722681114.049167 20235018
cloud0_tkemenade 29706498504 25370 3938

1722681115.051802 20235060
cloud_controller_tkemenade 13357569309 29634 5875

1722681115.0523567 20235060
cloud0_tkemenade 29706498504 25388 3940

1722681116.0550113 20235140
cloud_controller_tkemenade 13357569309 29663 5879

1722681116.0555625 20235140
cloud0_tkemenade 29706498504 25435 3948

1722681117.0583847 20235250
cloud_controller_tkemenade 13357569309 29714 5891

1722681117.0589411 20235250
cloud0_tkemenade 29706498504 25496 3953

1722681118.0614374 20235312
cloud_controller_tkemenade 13357569309 29733 5895

1722681118.06201 20235313
cloud0_tkemenade 29706498504 25532 3955

1722681119.06436 20235371
cloud_controller_tkemenade 13357569309 29757 5901

1722681119.064917 20235371
cloud0_tkemenade 29706498504 25555 3959

1722681119.1653621 20235378
cloud_controller_tkemenade 13358382929 29761 5902

1722681119.1657085 20235378
cloud0_tkemenade 29707309007 25556 3959

1722681120.168133 20235440
cloud_controller_tkemenade 13358382929 29799 5910

1722681120.1687152 20235440
cloud0_tkemenade 29707309007 25582 3962

1722681121.171338 20235500
cloud_controller_tkemenade 13358382929 29839 5917

1722681121.1719077 20235500
cloud0_tkemenade 29707309007 25602 3965

1722681122.1743062 20235548
cloud_controller_tkemenade 13358382929 29864 5923

1722681122.1747022 20235548
cloud0_tkemenade 29707309007 25628 3967

1722681123.1772733 20235582
cloud_controller_tkemenade 13358382929 29889 5930

1722681123.1780052 20235582
cloud0_tkemenade 29707309007 25644 3970

1722681124.180688 20235712
cloud_controller_tkemenade 13358382929 29924 5938

1722681124.1811905 20235712
cloud0_tkemenade 29707309007 25744 3973

1722681125.1838505 20235756
cloud_controller_tkemenade 13358382929 29954 5949

1722681125.184417 20235756
cloud0_tkemenade 29707309007 25762 3976

1722681126.1869547 20235800
cloud_controller_tkemenade 13358382929 29973 5956

1722681126.1874099 20235800
cloud0_tkemenade 29707309007 25788 3980

1722681126.3880894 20235820
cloud_controller_tkemenade 13359207861 29977 5957

1722681126.388646 20235820
cloud0_tkemenade 29708085591 25798 3982

1722681127.3911552 20235889
cloud_controller_tkemenade 13359207861 30017 5966

1722681127.3916335 20235889
cloud0_tkemenade 29708085591 25823 3988

1722681128.3942337 20235973
cloud_controller_tkemenade 13359207861 30041 5971

1722681128.3948185 20235973
cloud0_tkemenade 29708085591 25878 3990

1722681129.3975303 20236020
cloud_controller_tkemenade 13359207861 30069 5979

1722681129.3981328 20236021
cloud0_tkemenade 29708085591 25898 3995

1722681130.4008346 20236064
cloud_controller_tkemenade 13359207861 30090 5985

1722681130.401417 20236064
cloud0_tkemenade 29708085591 25924 4000

1722681131.4041252 20236132
cloud_controller_tkemenade 13359207861 30118 5998

1722681131.4047165 20236132
cloud0_tkemenade 29708085591 25962 4005

1722681132.4071555 20236181
cloud_controller_tkemenade 13359207861 30143 6005

1722681132.4075472 20236181
cloud0_tkemenade 29708085591 25986 4008

1722681133.4100418 20236252
cloud_controller_tkemenade 13359994008 30184 6014

1722681133.4105787 20236252
cloud0_tkemenade 29708829407 26007 4013

1722681134.4131422 20236315
cloud_controller_tkemenade 13359994008 30203 6022

1722681134.4137273 20236315
cloud0_tkemenade 29708829407 26049 4022

1722681135.4162898 20236377
cloud_controller_tkemenade 13359994008 30234 6033

1722681135.416826 20236377
cloud0_tkemenade 29708829407 26086 4030

1722681136.419202 20236407
cloud_controller_tkemenade 13359994008 30249 6037

1722681136.4197106 20236407
cloud0_tkemenade 29708829407 26099 4035

1722681137.4221742 20236469
cloud_controller_tkemenade 13359994008 30279 6048

1722681137.4227004 20236469
cloud0_tkemenade 29708829407 26130 4040

1722681138.4252505 20236548
cloud_controller_tkemenade 13359994008 30313 6055

1722681138.4258463 20236550
cloud0_tkemenade 29708829407 26170 4046

1722681139.4284036 20236591
cloud_controller_tkemenade 13359994008 30341 6063

1722681139.4289756 20236591
cloud0_tkemenade 29708829407 26183 4050

1722681140.4314306 20236627
cloud_controller_tkemenade 13359994008 30365 6068

1722681140.4319594 20236627
cloud0_tkemenade 29708829407 26196 4055

1722681140.5323834 20236631
cloud_controller_tkemenade 13360803361 30367 6069

1722681140.532864 20236631
cloud0_tkemenade 29709608784 26196 4055

1722681141.5351377 20236744
cloud_controller_tkemenade 13360803361 30396 6077

1722681141.53571 20236744
cloud0_tkemenade 29709608784 26280 4059

1722681142.538167 20236824
cloud_controller_tkemenade 13360803361 30432 6085

1722681142.5387256 20236824
cloud0_tkemenade 29709608784 26317 4061

1722681143.5411785 20236868
cloud_controller_tkemenade 13360803361 30466 6094

1722681143.5417502 20236868
cloud0_tkemenade 29709608784 26328 4065

1722681144.544328 20236914
cloud_controller_tkemenade 13360803361 30485 6098

1722681144.544909 20236914
cloud0_tkemenade 29709608784 26358 4070

1722681145.5473368 20236967
cloud_controller_tkemenade 13360803361 30515 6107

1722681145.5478997 20236967
cloud0_tkemenade 29709608784 26382 4074

1722681146.5504582 20237070
cloud_controller_tkemenade 13360803361 30561 6113

1722681146.5510418 20237070
cloud0_tkemenade 29709608784 26433 4083

1722681147.553885 20237233
cloud_controller_tkemenade 13360803361 30655 6127

1722681147.554453 20237233
cloud0_tkemenade 29709608784 26495 4090

1722681147.7551625 20237245
cloud_controller_tkemenade 13361857639 30659 6128

1722681147.755694 20237245
cloud0_tkemenade 29710618007 26501 4091

1722681148.7582395 20237366
cloud_controller_tkemenade 13361857639 30737 6137

1722681148.7588181 20237366
cloud0_tkemenade 29710618007 26529 4093

1722681149.7614 20237415
cloud_controller_tkemenade 13361857639 30773 6146

1722681149.7619667 20237416
cloud0_tkemenade 29710618007 26546 4096

1722681150.7643683 20237475
cloud_controller_tkemenade 13361857639 30809 6158

1722681150.7648873 20237475
cloud0_tkemenade 29710618007 26568 4102

1722681151.7671504 20237524
cloud_controller_tkemenade 13361857639 30832 6166

1722681151.767678 20237524
cloud0_tkemenade 29710618007 26591 4106

1722681152.7700648 20237568
cloud_controller_tkemenade 13361857639 30853 6178

1722681152.7705739 20237568
cloud0_tkemenade 29710618007 26613 4110

1722681153.7730021 20237620
cloud_controller_tkemenade 13361857639 30890 6187

1722681153.7735112 20237620
cloud0_tkemenade 29710618007 26634 4113

1722681154.775575 20237680
cloud_controller_tkemenade 13361857639 30916 6195

1722681154.7760892 20237680
cloud0_tkemenade 29710618007 26668 4120

1722681154.8764968 20237682
cloud_controller_tkemenade 13363077018 30918 6196

1722681154.876909 20237682
cloud0_tkemenade 29711369832 26669 4120

1722681155.8789449 20237709
cloud_controller_tkemenade 13363077018 30939 6202

1722681155.879506 20237709
cloud0_tkemenade 29711369832 26680 4122

1722681156.8820271 20237753
cloud_controller_tkemenade 13363077018 30961 6214

1722681156.8825896 20237753
cloud0_tkemenade 29711369832 26701 4127

1722681157.885268 20237815
cloud_controller_tkemenade 13363077018 30992 6225

1722681157.8858576 20237815
cloud0_tkemenade 29711369832 26732 4130

1722681158.8882697 20237901
cloud_controller_tkemenade 13363077018 31015 6233

1722681158.8888283 20237901
cloud0_tkemenade 29711369832 26770 4133

1722681159.891066 20237948
cloud_controller_tkemenade 13363077018 31042 6241

1722681159.8916252 20237948
cloud0_tkemenade 29711369832 26793 4140

1722681160.894053 20237994
cloud_controller_tkemenade 13363077018 31074 6248

1722681160.894608 20237994
cloud0_tkemenade 29711369832 26809 4144

1722681161.8971412 20238072
cloud_controller_tkemenade 13363077018 31102 6255

1722681161.8977246 20238072
cloud0_tkemenade 29711369832 26855 4147

1722681162.098404 20238083
cloud_controller_tkemenade 13363805845 31105 6258

1722681162.0989249 20238083
cloud0_tkemenade 29712011200 26860 4148

1722681163.101523 20238144
cloud_controller_tkemenade 13363805845 31137 6270

1722681163.1020782 20238145
cloud0_tkemenade 29712011200 26885 4152

1722681164.1044688 20238220
cloud_controller_tkemenade 13363805845 31168 6278

1722681164.1050487 20238220
cloud0_tkemenade 29712011200 26925 4156

1722681165.1075175 20238344
cloud_controller_tkemenade 13363805845 31243 6289

1722681165.1080542 20238344
cloud0_tkemenade 29712011200 26975 4162

1722681166.1104398 20238408
cloud_controller_tkemenade 13363805845 31282 6296

1722681166.111012 20238408
cloud0_tkemenade 29712011200 26998 4165

1722681167.1135297 20238450
cloud_controller_tkemenade 13363805845 31306 6304

1722681167.1141047 20238450
cloud0_tkemenade 29712011200 27018 4168

1722681168.1166475 20238531
cloud_controller_tkemenade 13363805845 31345 6311

1722681168.1171749 20238531
cloud0_tkemenade 29712011200 27058 4172

1722681169.1193416 20238590
cloud_controller_tkemenade 13363805845 31370 6319

1722681169.1198616 20238590
cloud0_tkemenade 29712011200 27075 4177

1722681169.2202728 20238601
cloud_controller_tkemenade 13364920108 31375 6321

1722681169.2205591 20238601
cloud0_tkemenade 29712831003 27076 4177

1722681170.2222729 20238636
cloud_controller_tkemenade 13364920108 31402 6330

1722681170.2226503 20238636
cloud0_tkemenade 29712831003 27089 4179

1722681171.2248445 20238679
cloud_controller_tkemenade 13364920108 31427 6338

1722681171.225413 20238679
cloud0_tkemenade 29712831003 27108 4182

1722681172.2280257 20238740
cloud_controller_tkemenade 13364920108 31461 6347

1722681172.228429 20238740
cloud0_tkemenade 29712831003 27130 4187

1722681173.2309794 20238783
cloud_controller_tkemenade 13364920108 31492 6350

1722681173.2315462 20238783
cloud0_tkemenade 29712831003 27144 4189

1722681174.234266 20238831
cloud_controller_tkemenade 13364920108 31528 6361

1722681174.2348392 20238831
cloud0_tkemenade 29712831003 27157 4192

1722681175.237407 20238888
cloud_controller_tkemenade 13364920108 31555 6371

1722681175.237984 20238889
cloud0_tkemenade 29712831003 27188 4197

1722681176.2404313 20238974
cloud_controller_tkemenade 13365741929 31582 6381

1722681176.2409031 20238974
cloud0_tkemenade 29713389105 27239 4202

1722681177.2428265 20239093
cloud_controller_tkemenade 13365741929 31622 6391

1722681177.2431834 20239093
cloud0_tkemenade 29713389105 27307 4205

1722681178.2452955 20239163
cloud_controller_tkemenade 13365741929 31651 6396

1722681178.2458873 20239164
cloud0_tkemenade 29713389105 27342 4209

1722681179.2483091 20239228
cloud_controller_tkemenade 13365741929 31680 6403

1722681179.24885 20239228
cloud0_tkemenade 29713389105 27362 4213

1722681180.251125 20239316
cloud_controller_tkemenade 13365741929 31742 6412

1722681180.2516463 20239316
cloud0_tkemenade 29713389105 27388 4218

1722681181.254055 20239358
cloud_controller_tkemenade 13365741929 31768 6418

1722681181.254477 20239358
cloud0_tkemenade 29713389105 27410 4221

1722681182.2568965 20239404
cloud_controller_tkemenade 13365741929 31787 6423

1722681182.2572136 20239404
cloud0_tkemenade 29713389105 27435 4226

1722681183.2596314 20239451
cloud_controller_tkemenade 13365741929 31814 6430

1722681183.2600434 20239451
cloud0_tkemenade 29713389105 27453 4229

1722681183.4607239 20239463
cloud_controller_tkemenade 13366611275 31819 6431

1722681183.4611773 20239463
cloud0_tkemenade 29714148638 27457 4230

1722681184.463681 20239590
cloud_controller_tkemenade 13366611275 31857 6438

1722681184.4642456 20239590
cloud0_tkemenade 29714148638 27548 4233

1722681185.466746 20239651
cloud_controller_tkemenade 13366611275 31886 6444

1722681185.4673023 20239651
cloud0_tkemenade 29714148638 27581 4237

1722681186.4698193 20239705
cloud_controller_tkemenade 13366611275 31908 6452

1722681186.4703593 20239705
cloud0_tkemenade 29714148638 27614 4243

1722681187.4729002 20239767
cloud_controller_tkemenade 13366611275 31937 6460

1722681187.4734592 20239767
cloud0_tkemenade 29714148638 27646 4250

1722681188.4760354 20239824
cloud_controller_tkemenade 13366611275 31971 6467

1722681188.476603 20239824
cloud0_tkemenade 29714148638 27668 4253

1722681189.4792 20239894
cloud_controller_tkemenade 13366611275 32001 6472

1722681189.4797525 20239894
cloud0_tkemenade 29714148638 27691 4258

1722681190.4819727 20239945
cloud_controller_tkemenade 13366611275 32028 6483

1722681190.4823203 20239945
cloud0_tkemenade 29714148638 27717 4262

1722681190.5826783 20239953
cloud_controller_tkemenade 13367404651 32032 6483

1722681190.5831559 20239953
cloud0_tkemenade 29715032859 27721 4262

1722681191.5856724 20240015
cloud_controller_tkemenade 13367404651 32057 6492

1722681191.5862556 20240015
cloud0_tkemenade 29715032859 27758 4267

1722681192.5887773 20240067
cloud_controller_tkemenade 13367404651 32078 6500

1722681192.5892704 20240067
cloud0_tkemenade 29715032859 27787 4271

1722681193.5917513 20240123
cloud_controller_tkemenade 13367404651 32110 6508

1722681193.59217 20240123
cloud0_tkemenade 29715032859 27819 4275

1722681194.5946352 20240185
cloud_controller_tkemenade 13367404651 32142 6520

1722681194.5950327 20240185
cloud0_tkemenade 29715032859 27845 4280

1722681195.5974998 20240260
cloud_controller_tkemenade 13367404651 32173 6531

1722681195.5979295 20240261
cloud0_tkemenade 29715032859 27888 4287

1722681196.6003323 20240290
cloud_controller_tkemenade 13367404651 32192 6540

1722681196.6008606 20240290
cloud0_tkemenade 29715032859 27903 4291

1722681197.60337 20240362
cloud_controller_tkemenade 13368175878 32216 6550

1722681197.6038527 20240362
cloud0_tkemenade 29715828093 27948 4295

1722681198.6062922 20240444
cloud_controller_tkemenade 13368175878 32260 6554

1722681198.6067207 20240444
cloud0_tkemenade 29715828093 27987 4299

1722681199.6092498 20240490
cloud_controller_tkemenade 13368175878 32282 6562

1722681199.6098177 20240490
cloud0_tkemenade 29715828093 27999 4301

1722681200.61232 20240536
cloud_controller_tkemenade 13368175878 32307 6569

1722681200.612729 20240536
cloud0_tkemenade 29715828093 28017 4306

1722681201.6151297 20240659
cloud_controller_tkemenade 13368175878 32336 6579

1722681201.6155314 20240659
cloud0_tkemenade 29715828093 28108 4308

1722681202.617828 20240709
cloud_controller_tkemenade 13368175878 32361 6586

1722681202.6182625 20240709
cloud0_tkemenade 29715828093 28133 4310

1722681203.6205528 20240756
cloud_controller_tkemenade 13368175878 32392 6593

1722681203.6209598 20240756
cloud0_tkemenade 29715828093 28150 4313

1722681204.62333 20240794
cloud_controller_tkemenade 13368175878 32417 6602

1722681204.623725 20240794
cloud0_tkemenade 29715828093 28161 4316

1722681204.8244078 20240805
cloud_controller_tkemenade 13368942241 32420 6604

1722681204.8248665 20240805
cloud0_tkemenade 29716537799 28163 4316

1722681205.8270857 20240898
cloud_controller_tkemenade 13368942241 32452 6615

1722681205.827488 20240898
cloud0_tkemenade 29716537799 28223 4325

1722681206.8298814 20240996
cloud_controller_tkemenade 13368942241 32492 6623

1722681206.8303115 20240996
cloud0_tkemenade 29716537799 28284 4332

1722681207.8327625 20241133
cloud_controller_tkemenade 13368942241 32594 6628

1722681207.833162 20241133
cloud0_tkemenade 29716537799 28323 4335

1722681208.8354182 20241256
cloud_controller_tkemenade 13368942241 32674 6632

1722681208.8358743 20241256
cloud0_tkemenade 29716537799 28354 4340

1722681209.8382719 20241340
cloud_controller_tkemenade 13368942241 32717 6646

1722681209.8388016 20241340
cloud0_tkemenade 29716537799 28380 4344

1722681210.8413398 20241428
cloud_controller_tkemenade 13368942241 32781 6653

1722681210.8419025 20241428
cloud0_tkemenade 29716537799 28405 4350

1722681211.8442976 20241480
cloud_controller_tkemenade 13368942241 32801 6660

1722681211.844854 20241480
cloud0_tkemenade 29716537799 28432 4355

1722681212.0455554 20241499
cloud_controller_tkemenade 13370315745 32806 6663

1722681212.0460732 20241499
cloud0_tkemenade 29717520645 28440 4356

1722681213.0485213 20241533
cloud_controller_tkemenade 13370315745 32832 6670

1722681213.0490508 20241533
cloud0_tkemenade 29717520645 28455 4359

1722681214.05146 20241582
cloud_controller_tkemenade 13370315745 32865 6677

1722681214.05197 20241582
cloud0_tkemenade 29717520645 28470 4362

1722681215.0543325 20241627
cloud_controller_tkemenade 13370315745 32895 6681

1722681215.0548482 20241627
cloud0_tkemenade 29717520645 28487 4363

1722681216.0572789 20241683
cloud_controller_tkemenade 13370315745 32920 6689

1722681216.0578134 20241684
cloud0_tkemenade 29717520645 28512 4369

1722681217.060083 20241729
cloud_controller_tkemenade 13370315745 32941 6697

1722681217.0605576 20241729
cloud0_tkemenade 29717520645 28542 4374

1722681218.0629272 20241791
cloud_controller_tkemenade 13370315745 32976 6705

1722681218.0634453 20241791
cloud0_tkemenade 29717520645 28564 4376

1722681219.0658767 20241840
cloud_controller_tkemenade 13370315745 33000 6707

1722681219.0663774 20241840
cloud0_tkemenade 29717520645 28590 4381

1722681219.2670422 20241856
cloud_controller_tkemenade 13371223840 33006 6709

1722681219.267554 20241856
cloud0_tkemenade 29718180404 28594 4381

1722681220.2699194 20241917
cloud_controller_tkemenade 13371223840 33033 6719

1722681220.27048 20241917
cloud0_tkemenade 29718180404 28612 4384

1722681221.2728455 20241964
cloud_controller_tkemenade 13371223840 33061 6727

1722681221.2733922 20241964
cloud0_tkemenade 29718180404 28631 4388

1722681222.2759488 20242042
cloud_controller_tkemenade 13371223840 33086 6733

1722681222.2765138 20242042
cloud0_tkemenade 29718180404 28678 4391

1722681223.2790742 20242096
cloud_controller_tkemenade 13371223840 33120 6737

1722681223.2796342 20242096
cloud0_tkemenade 29718180404 28703 4394

1722681224.28208 20242168
cloud_controller_tkemenade 13371223840 33159 6746

1722681224.2826042 20242168
cloud0_tkemenade 29718180404 28737 4400

1722681225.2850614 20242230
cloud_controller_tkemenade 13371223840 33181 6757

1722681225.285718 20242230
cloud0_tkemenade 29718180404 28778 4409

1722681226.288248 20242271
cloud_controller_tkemenade 13372010758 33207 6764

1722681226.288783 20242271
cloud0_tkemenade 29718878526 28793 4413

1722681227.2911544 20242315
cloud_controller_tkemenade 13372010758 33229 6773

1722681227.2916923 20242315
cloud0_tkemenade 29718878526 28820 4416

1722681228.2941694 20242398
cloud_controller_tkemenade 13372010758 33270 6782

1722681228.2947383 20242398
cloud0_tkemenade 29718878526 28859 4421

1722681229.2972865 20242447
cloud_controller_tkemenade 13372010758 33303 6788

1722681229.2978907 20242448
cloud0_tkemenade 29718878526 28878 4425

1722681230.300355 20242500
cloud_controller_tkemenade 13372010758 33331 6797

1722681230.300945 20242500
cloud0_tkemenade 29718878526 28890 4428

1722681231.3034306 20242534
cloud_controller_tkemenade 13372010758 33351 6804

1722681231.303863 20242534
cloud0_tkemenade 29718878526 28903 4431

1722681232.3062794 20242603
cloud_controller_tkemenade 13372010758 33387 6815

1722681232.3067276 20242603
cloud0_tkemenade 29718878526 28937 4435

1722681233.3091762 20242650
cloud_controller_tkemenade 13372801289 33413 6820

1722681233.309651 20242650
cloud0_tkemenade 29719429502 28949 4437

1722681234.3123386 20242693
cloud_controller_tkemenade 13372801289 33450 6829

1722681234.3127434 20242693
cloud0_tkemenade 29719429502 28963 4440

1722681235.3152082 20242736
cloud_controller_tkemenade 13372801289 33472 6837

1722681235.3156235 20242736
cloud0_tkemenade 29719429502 28988 4445

1722681236.3180768 20242825
cloud_controller_tkemenade 13372801289 33505 6846

1722681236.3186386 20242825
cloud0_tkemenade 29719429502 29040 4453

1722681237.3211648 20242920
cloud_controller_tkemenade 13372801289 33548 6853

1722681237.3217258 20242920
cloud0_tkemenade 29719429502 29096 4455

1722681238.3242946 20242989
cloud_controller_tkemenade 13372801289 33575 6864

1722681238.32487 20242989
cloud0_tkemenade 29719429502 29132 4459

1722681239.3274474 20243029
cloud_controller_tkemenade 13372801289 33601 6872

1722681239.3280172 20243029
cloud0_tkemenade 29719429502 29148 4463

1722681240.330674 20243125
cloud_controller_tkemenade 13372801289 33655 6887

1722681240.3312538 20243125
cloud0_tkemenade 29719429502 29179 4468

1722681240.5319254 20243135
cloud_controller_tkemenade 13373787328 33658 6888

1722681240.5324419 20243135
cloud0_tkemenade 29720258027 29182 4468

1722681241.5346985 20243168
cloud_controller_tkemenade 13373787328 33679 6897

1722681241.5352795 20243168
cloud0_tkemenade 29720258027 29197 4473

1722681242.5378563 20243229
cloud_controller_tkemenade 13373787328 33703 6904

1722681242.5384192 20243229
cloud0_tkemenade 29720258027 29232 4477

1722681243.5409403 20243279
cloud_controller_tkemenade 13373787328 33734 6912

1722681243.5415087 20243279
cloud0_tkemenade 29720258027 29249 4481

1722681244.5436962 20243395
cloud_controller_tkemenade 13373787328 33768 6921

1722681244.5441902 20243395
cloud0_tkemenade 29720258027 29335 4483

1722681245.5466032 20243442
cloud_controller_tkemenade 13373787328 33791 6932

1722681245.546995 20243442
cloud0_tkemenade 29720258027 29361 4487

1722681246.5494347 20243492
cloud_controller_tkemenade 13373787328 33820 6938

1722681246.5499983 20243492
cloud0_tkemenade 29720258027 29386 4489

1722681247.5525749 20243564
cloud_controller_tkemenade 13373787328 33850 6944

1722681247.553093 20243564
cloud0_tkemenade 29720258027 29428 4493

1722681247.653569 20243572
cloud_controller_tkemenade 13374558702 33853 6944

1722681247.6540718 20243573
cloud0_tkemenade 29721100652 29430 4494

1722681248.656612 20243628
cloud_controller_tkemenade 13374558702 33886 6948

1722681248.6571825 20243628
cloud0_tkemenade 29721100652 29452 4495

1722681249.6597185 20243671
cloud_controller_tkemenade 13374558702 33908 6957

1722681249.6602776 20243671
cloud0_tkemenade 29721100652 29474 4497

1722681250.6627264 20243742
cloud_controller_tkemenade 13374558702 33937 6965

1722681250.6632192 20243742
cloud0_tkemenade 29721100652 29498 4500

1722681251.6655648 20243809
cloud_controller_tkemenade 13374558702 33959 6977

1722681251.6661391 20243809
cloud0_tkemenade 29721100652 29538 4505

1722681252.6686122 20243866
cloud_controller_tkemenade 13374558702 33979 6981

1722681252.669167 20243866
cloud0_tkemenade 29721100652 29566 4511

1722681253.6716712 20243920
cloud_controller_tkemenade 13374558702 34010 6988

1722681253.6722133 20243920
cloud0_tkemenade 29721100652 29587 4516

1722681254.674578 20243992
cloud_controller_tkemenade 13374558702 34051 6997

1722681254.6751432 20243992
cloud0_tkemenade 29721100652 29620 4519

1722681254.8758602 20244010
cloud_controller_tkemenade 13375322461 34056 6999

1722681254.876345 20244010
cloud0_tkemenade 29721751920 29630 4521

1722681255.878807 20244075
cloud_controller_tkemenade 13375322461 34079 7008

1722681255.8793142 20244075
cloud0_tkemenade 29721751920 29674 4527

1722681256.8818166 20244123
cloud_controller_tkemenade 13375322461 34110 7014

1722681256.8823557 20244123
cloud0_tkemenade 29721751920 29692 4531

1722681257.8848808 20244194
cloud_controller_tkemenade 13375322461 34137 7024

1722681257.885421 20244194
cloud0_tkemenade 29721751920 29737 4533

1722681258.8880029 20244262
cloud_controller_tkemenade 13375322461 34172 7033

1722681258.8885732 20244262
cloud0_tkemenade 29721751920 29766 4540

1722681259.8910682 20244296
cloud_controller_tkemenade 13375322461 34197 7041

1722681259.8915908 20244296
cloud0_tkemenade 29721751920 29779 4544

1722681260.8940308 20244334
cloud_controller_tkemenade 13375322461 34221 7048

1722681260.894585 20244334
cloud0_tkemenade 29721751920 29789 4548

1722681261.897062 20244465
cloud_controller_tkemenade 13375322461 34254 7056

1722681261.8976023 20244465
cloud0_tkemenade 29721751920 29883 4551

1722681261.9980624 20244474
cloud_controller_tkemenade 13376097129 34255 7057

1722681261.9985223 20244474
cloud0_tkemenade 29722636829 29886 4552

1722681263.0010266 20244540
cloud_controller_tkemenade 13376097129 34283 7064

1722681263.0014446 20244540
cloud0_tkemenade 29722636829 29924 4556

1722681264.003811 20244582
cloud_controller_tkemenade 13376097129 34313 7073

1722681264.0042193 20244582
cloud0_tkemenade 29722636829 29937 4557

1722681265.006705 20244628
cloud_controller_tkemenade 13376097129 34343 7079

1722681265.0071034 20244628
cloud0_tkemenade 29722636829 29954 4561

1722681266.009562 20244700
cloud_controller_tkemenade 13376097129 34373 7089

1722681266.0099878 20244701
cloud0_tkemenade 29722636829 30002 4565

1722681267.012465 20244808
cloud_controller_tkemenade 13376097129 34420 7103

1722681267.0128896 20244808
cloud0_tkemenade 29722636829 30059 4572

1722681268.0152338 20244918
cloud_controller_tkemenade 13376097129 34493 7107

1722681268.0156505 20244918
cloud0_tkemenade 29722636829 30097 4575

1722681269.0177584 20245027
cloud_controller_tkemenade 13376097129 34576 7113

1722681269.0179968 20245027
cloud0_tkemenade 29722636829 30125 4579

1722681269.118319 20245036
cloud_controller_tkemenade 13377246377 34579 7113

1722681269.1187723 20245036
cloud0_tkemenade 29723449490 30127 4579

1722681270.1211941 20245111
cloud_controller_tkemenade 13377246377 34632 7121

1722681270.1215737 20245111
cloud0_tkemenade 29723449490 30151 4585

1722681271.1240487 20245178
cloud_controller_tkemenade 13377246377 34665 7128

1722681271.1244528 20245178
cloud0_tkemenade 29723449490 30164 4590

1722681272.12684 20245229
cloud_controller_tkemenade 13377246377 34688 7135

1722681272.127247 20245229
cloud0_tkemenade 29723449490 30194 4593

1722681273.1296751 20245271
cloud_controller_tkemenade 13377246377 34706 7141

1722681273.1300976 20245271
cloud0_tkemenade 29723449490 30218 4598

1722681274.1325712 20245318
cloud_controller_tkemenade 13377246377 34739 7148

1722681274.1329772 20245318
cloud0_tkemenade 29723449490 30234 4602

1722681275.1353931 20245372
cloud_controller_tkemenade 13377246377 34777 7158

1722681275.1357822 20245372
cloud0_tkemenade 29723449490 30252 4608

1722681276.1378295 20245415
cloud_controller_tkemenade 13377246377 34799 7167

1722681276.1382394 20245415
cloud0_tkemenade 29723449490 30280 4615

1722681276.3389628 20245426
cloud_controller_tkemenade 13378082199 34805 7170

1722681276.3394213 20245426
cloud0_tkemenade 29724022625 30282 4616

1722681277.3418593 20245486
cloud_controller_tkemenade 13378082199 34834 7177

1722681277.3423371 20245486
cloud0_tkemenade 29724022625 30310 4623

1722681278.3448203 20245548
cloud_controller_tkemenade 13378082199 34863 7180

1722681278.3452466 20245548
cloud0_tkemenade 29724022625 30346 4627

1722681279.3474095 20245597
cloud_controller_tkemenade 13378082199 34896 7191

1722681279.3477962 20245597
cloud0_tkemenade 29724022625 30363 4634

1722681280.3501072 20245637
cloud_controller_tkemenade 13378082199 34921 7198

1722681280.3504806 20245637
cloud0_tkemenade 29724022625 30379 4639

1722681281.3529034 20245696
cloud_controller_tkemenade 13378082199 34949 7206

1722681281.3534033 20245696
cloud0_tkemenade 29724022625 30401 4642

1722681282.355643 20245754
cloud_controller_tkemenade 13378082199 34969 7215

1722681282.3561332 20245754
cloud0_tkemenade 29724022625 30439 4646

1722681283.3583767 20245802
cloud_controller_tkemenade 13378082199 34994 7221

1722681283.3587935 20245802
cloud0_tkemenade 29724022625 30466 4650

1722681283.459202 20245812
cloud_controller_tkemenade 13378918897 34997 7221

1722681283.4596562 20245812
cloud0_tkemenade 29724773596 30469 4651

1722681284.4621181 20245875
cloud_controller_tkemenade 13378918897 35026 7229

1722681284.4625278 20245875
cloud0_tkemenade 29724773596 30501 4654

1722681285.4649863 20245990
cloud_controller_tkemenade 13378918897 35102 7235

1722681285.4653618 20245990
cloud0_tkemenade 29724773596 30539 4661

1722681286.4678404 20246033
cloud_controller_tkemenade 13378918897 35125 7245

1722681286.4682395 20246033
cloud0_tkemenade 29724773596 30557 4667

1722681287.4707315 20246111
cloud_controller_tkemenade 13378918897 35161 7253

1722681287.4711306 20246111
cloud0_tkemenade 29724773596 30596 4670

1722681288.4735992 20246179
cloud_controller_tkemenade 13378918897 35194 7262

1722681288.4740503 20246179
cloud0_tkemenade 29724773596 30632 4677

1722681289.476546 20246233
cloud_controller_tkemenade 13378918897 35238 7267

1722681289.476964 20246233
cloud0_tkemenade 29724773596 30647 4680

1722681290.4793365 20246270
cloud_controller_tkemenade 13378918897 35262 7275

1722681290.479771 20246270
cloud0_tkemenade 29724773596 30659 4683

1722681290.5802321 20246274
cloud_controller_tkemenade 13379884894 35266 7277

1722681290.5806608 20246274
cloud0_tkemenade 29725450696 30661 4684

1722681291.5831087 20246324
cloud_controller_tkemenade 13379884894 35291 7285

1722681291.5836453 20246324
cloud0_tkemenade 29725450696 30673 4688

1722681292.5860124 20246385
cloud_controller_tkemenade 13379884894 35323 7292

1722681292.586395 20246385
cloud0_tkemenade 29725450696 30705 4693

1722681293.5886843 20246424
cloud_controller_tkemenade 13379884894 35344 7300

1722681293.5890696 20246424
cloud0_tkemenade 29725450696 30719 4696

1722681294.5912511 20246456
cloud_controller_tkemenade 13379884894 35368 7308

1722681294.591632 20246456
cloud0_tkemenade 29725450696 30729 4698

1722681295.5938764 20246505
cloud_controller_tkemenade 13379884894 35397 7315

1722681295.594276 20246505
cloud0_tkemenade 29725450696 30752 4704

1722681296.5966043 20246614
cloud_controller_tkemenade 13379884894 35444 7323

1722681296.5971143 20246614
cloud0_tkemenade 29725450696 30813 4713

1722681297.599534 20246703
cloud_controller_tkemenade 13379884894 35470 7334

1722681297.6000881 20246703
cloud0_tkemenade 29725450696 30867 4717

1722681297.7005317 20246718
cloud_controller_tkemenade 13380837459 35471 7334

1722681297.7010627 20246718
cloud0_tkemenade 29726317957 30871 4718

1722681298.7036216 20246772
cloud_controller_tkemenade 13380837459 35499 7344

1722681298.704182 20246772
cloud0_tkemenade 29726317957 30897 4723

1722681299.706569 20246820
cloud_controller_tkemenade 13380837459 35532 7356

1722681299.7071137 20246820
cloud0_tkemenade 29726317957 30916 4726

1722681300.7095745 20246895
cloud_controller_tkemenade 13380837459 35585 7365

1722681300.7100847 20246896
cloud0_tkemenade 29726317957 30943 4731

1722681301.7125177 20246940
cloud_controller_tkemenade 13380837459 35608 7375

1722681301.7130723 20246940
cloud0_tkemenade 29726317957 30961 4734

1722681302.715525 20246999
cloud_controller_tkemenade 13380837459 35631 7384

1722681302.7159894 20246999
cloud0_tkemenade 29726317957 30994 4739

1722681303.7183888 20247062
cloud_controller_tkemenade 13380837459 35655 7392

1722681303.7188065 20247062
cloud0_tkemenade 29726317957 31027 4742

1722681304.721027 20247178
cloud_controller_tkemenade 13380837459 35694 7399

1722681304.7214437 20247178
cloud0_tkemenade 29726317957 31108 4744

1722681304.821901 20247192
cloud_controller_tkemenade 13381787151 35702 7401

1722681304.8223538 20247192
cloud0_tkemenade 29727171721 31109 4745

1722681305.8247228 20247230
cloud_controller_tkemenade 13381787151 35725 7408

1722681305.8251486 20247230
cloud0_tkemenade 29727171721 31120 4747

1722681306.8274379 20247295
cloud_controller_tkemenade 13381787151 35749 7417

1722681306.827844 20247295
cloud0_tkemenade 29727171721 31165 4755

1722681307.8302305 20247357
cloud_controller_tkemenade 13381787151 35779 7424

1722681307.830668 20247357
cloud0_tkemenade 29727171721 31202 4761

1722681308.8331585 20247400
cloud_controller_tkemenade 13381787151 35803 7431

1722681308.833573 20247400
cloud0_tkemenade 29727171721 31223 4766

1722681309.8359184 20247473
cloud_controller_tkemenade 13381787151 35833 7438

1722681309.8363123 20247473
cloud0_tkemenade 29727171721 31269 4770

1722681310.8387346 20247528
cloud_controller_tkemenade 13381787151 35869 7444

1722681310.839129 20247528
cloud0_tkemenade 29727171721 31289 4772

1722681311.8414083 20247587
cloud_controller_tkemenade 13381787151 35897 7450

1722681311.8418596 20247587
cloud0_tkemenade 29727171721 31324 4777

1722681311.942173 20247602
cloud_controller_tkemenade 13382526013 35899 7450

1722681311.9425452 20247602
cloud0_tkemenade 29727916590 31330 4777

1722681312.9448702 20247656
cloud_controller_tkemenade 13382526013 35925 7453

1722681312.9452834 20247656
cloud0_tkemenade 29727916590 31357 4781

1722681313.947552 20247723
cloud_controller_tkemenade 13382526013 35953 7460

1722681313.9479592 20247723
cloud0_tkemenade 29727916590 31400 4788

1722681314.950329 20247798
cloud_controller_tkemenade 13382526013 35995 7475

1722681314.9507215 20247798
cloud0_tkemenade 29727916590 31430 4792

1722681315.9531958 20247831
cloud_controller_tkemenade 13382526013 36016 7482

1722681315.9535966 20247831
cloud0_tkemenade 29727916590 31449 4795

1722681316.9560566 20247889
cloud_controller_tkemenade 13382526013 36048 7489

1722681316.9564638 20247889
cloud0_tkemenade 29727916590 31475 4801

1722681317.9589486 20247968
cloud_controller_tkemenade 13382526013 36079 7495

1722681317.9593647 20247968
cloud0_tkemenade 29727916590 31523 4805

1722681318.9617553 20248024
cloud_controller_tkemenade 13382526013 36106 7505

1722681318.962194 20248024
cloud0_tkemenade 29727916590 31555 4809

1722681319.0626564 20248038
cloud_controller_tkemenade 13383327995 36113 7505

1722681319.063087 20248038
cloud0_tkemenade 29728715534 31557 4809

1722681320.0655272 20248076
cloud_controller_tkemenade 13383327995 36137 7513

1722681320.06596 20248077
cloud0_tkemenade 29728715534 31573 4811

1722681321.0682542 20248112
cloud_controller_tkemenade 13383327995 36161 7521

1722681321.0686264 20248112
cloud0_tkemenade 29728715534 31583 4814

1722681322.0709991 20248233
cloud_controller_tkemenade 13383327995 36194 7529

1722681322.0713766 20248233
cloud0_tkemenade 29728715534 31677 4817

